>>> gr_fir_ccf: using E
>>> gr_fir_fff: using E
gr_buffer::allocate_buffer: warning: tried to allocate
   47 items of size 1392. Due to alignment requirements
   256 were allocated.  If this isn't OK, consider padding
   your structure to a power-of-two bytes.
   On this platform, our allocation granularity is 4096 bytes.
0	 13	 13	 1	 0.084499	 -1	 0.000000	 9.124426
1	 13	 13	 1	 0.259704	 -1	 0.000000	 4.668470
2	 13	 13	 1	 0.043907	 -1	 0.000000	 3.890430
3	 13	 13	 1	 0.260267	 -1	 0.000000	 1.946905
4	 13	 13	 1	 6.039352	 -1	 0.000000	 2.717784
5	 13	 13	 1	 0.866338	 -1	 0.000000	 4.703645
6	 13	 13	 1	 0.021881	 -1	 0.000000	 4.232183
7	 13	 13	 1	 0.806460	 -1	 0.000000	 4.105804
8	 13	 13	 1	 0.402736	 -1	 0.000000	 2.735218
9	 13	 13	 1	 0.070422	 -1	 0.000000	 4.749137
10	 13	 13	 1	 0.000659	 -1	 0.000000	 11.605368
11	 13	 13	 1	 0.143322	 -1	 0.000000	 1.381933
12	 13	 13	 1	 0.235868	 -1	 0.000000	 4.078352
13	 13	 13	 1	 0.012818	 -1	 0.000000	 7.439475
14	 13	 13	 1	 0.149906	 -1	 0.000000	 4.651436
15	 13	 13	 1	 0.016943	 -1	 0.000000	 4.123446
16	 13	 13	 1	 0.009288	 -1	 0.000000	 4.378197
17	 13	 13	 1	 0.007232	 -1	 0.000000	 3.981447
18	 13	 13	 1	 0.072725	 -1	 0.000000	 3.390378
19	 13	 13	 1	 1.261320	 -1	 0.000000	 2.167444
20	 13	 13	 1	 0.850856	 -1	 0.000000	 7.599232
21	 13	 13	 1	 0.002534	 -1	 0.000000	 11.110283
22	 13	 13	 1	 1.681505	 -1	 0.000000	 2.777769
23	 13	 13	 1	 0.122355	 -1	 0.000000	 4.149990
24	 13	 13	 1	 1.447054	 -1	 0.000000	 3.964968
25	 13	 13	 1	 0.156284	 -1	 0.000000	 4.655360
26	 13	 13	 1	 0.685419	 -1	 0.000000	 7.520652
27	 13	 13	 1	 0.154222	 -1	 0.000000	 2.541172
28	 13	 13	 1	 0.188807	 -1	 0.000000	 7.354842
29	 13	 13	 1	 1.375684	 -1	 0.000000	 6.756191
30	 13	 13	 1	 0.146593	 -1	 0.000000	 6.100446
31	 13	 13	 1	 0.043251	 -1	 0.000000	 7.618562
32	 13	 13	 1	 0.029284	 -1	 0.000000	 1.740453
33	 13	 13	 1	 0.198137	 -1	 0.000000	 4.860981
34	 13	 13	 1	 0.566861	 -1	 0.000000	 3.312952
35	 13	 13	 1	 1.882259	 -1	 0.000000	 0.951442
36	 13	 13	 1	 0.219705	 -1	 0.000000	 3.002712
37	 13	 13	 1	 3.487280	 -1	 0.000000	 0.770929
38	 13	 13	 1	 1.179279	 -1	 0.000000	 5.898603
39	 13	 13	 1	 2.693308	 -1	 0.000000	 4.010559
40	 13	 13	 1	 0.073039	 -1	 0.000000	 6.527552
41	 13	 13	 1	 0.318263	 -1	 0.000000	 10.360341
42	 13	 13	 1	 0.758811	 -1	 0.000000	 3.903175
43	 13	 13	 1	 0.002507	 -1	 0.000000	 4.994823
44	 13	 13	 1	 0.106633	 -1	 0.000000	 3.225966
45	 13	 13	 1	 0.585238	 -1	 0.000000	 4.481071
46	 13	 13	 1	 0.088709	 -1	 0.000000	 2.804884
47	 13	 13	 1	 0.665674	 -1	 0.000000	 8.249254
48	 13	 13	 1	 0.006818	 -1	 0.000000	 2.904016
49	 13	 13	 1	 1.595667	 -1	 0.000000	 2.795994
50	 13	 13	 1	 0.014980	 -1	 0.000000	 2.104599
51	 13	 13	 1	 0.055216	 -1	 0.000000	 1.581923
52	 13	 13	 1	 0.301190	 -1	 0.000000	 4.596779
53	 13	 13	 1	 0.016395	 -1	 0.000000	 4.762950
54	 13	 13	 1	 0.756989	 -1	 0.000000	 1.027586
55	 13	 13	 1	 0.112733	 -1	 0.000000	 4.034033
56	 13	 13	 1	 1.328700	 -1	 0.000000	 3.288364
57	 13	 13	 1	 0.078099	 -1	 0.000000	 5.361653
58	 13	 13	 1	 0.019619	 -1	 0.000000	 2.930888
59	 13	 13	 1	 0.102337	 -1	 0.000000	 0.369090
60	 13	 13	 1	 0.074501	 -1	 0.000000	 10.062749
61	 13	 13	 1	 0.070873	 -1	 0.000000	 6.579245
62	 13	 13	 1	 0.107487	 -1	 0.000000	 4.814285
63	 13	 13	 1	 0.013292	 -1	 0.000000	 3.454952
64	 13	 13	 1	 0.157065	 -1	 0.000000	 5.489911
65	 13	 13	 1	 1.426555	 -1	 0.000000	 3.274347
66	 13	 13	 1	 0.842001	 -1	 0.000000	 0.809795
67	 13	 13	 1	 0.110175	 -1	 0.000000	 2.238003
68	 13	 13	 1	 2.776767	 -1	 0.000000	 4.758220
69	 13	 13	 1	 0.019241	 -1	 0.000000	 2.609863
70	 13	 13	 1	 0.024062	 -1	 0.000000	 3.254197
71	 13	 13	 1	 0.034635	 -1	 0.000000	 5.182347
72	 13	 13	 1	 5.959444	 -1	 0.000000	 2.675079
73	 13	 13	 1	 0.899088	 -1	 0.000000	 5.959681
74	 13	 13	 1	 0.022537	 -1	 0.000000	 8.966395
75	 13	 13	 1	 0.015046	 -1	 0.000000	 7.489644
76	 13	 13	 1	 0.083409	 -1	 0.000000	 10.253308
77	 13	 13	 1	 0.541058	 -1	 0.000000	 5.704505
78	 13	 13	 1	 0.102218	 -1	 0.000000	 4.831594
79	 13	 13	 1	 0.133121	 -1	 0.000000	 4.570808
80	 13	 13	 1	 0.275672	 -1	 0.000000	 6.116058
81	 13	 13	 1	 3.778566	 -1	 0.000000	 1.868853
82	 13	 13	 1	 0.623994	 -1	 0.000000	 4.355907
83	 13	 13	 1	 0.066648	 -1	 0.000000	 3.381444
84	 13	 13	 1	 1.413248	 -1	 0.000000	 6.596580
>>> gr_fir_ccf: using E
>>> gr_fir_fff: using E
gr_buffer::allocate_buffer: warning: tried to allocate
   47 items of size 1392. Due to alignment requirements
   256 were allocated.  If this isn't OK, consider padding
   your structure to a power-of-two bytes.
   On this platform, our allocation granularity is 4096 bytes.
0	 15	 15	 1	 10.571719	 -1	 0.000000	 7.010437
1	 15	 15	 1	 10.879367	 -1	 0.000000	 5.729869
>>> gr_fir_ccf: using E
>>> gr_fir_fff: using E
gr_buffer::allocate_buffer: warning: tried to allocate
   47 items of size 1392. Due to alignment requirements
   256 were allocated.  If this isn't OK, consider padding
   your structure to a power-of-two bytes.
   On this platform, our allocation granularity is 4096 bytes.
0	 15	 15	 1	 6.407428	 -1	 0.000000	 4.013334
1	 15	 15	 1	 0.316945	 -1	 0.000000	 3.357796
>>> gr_fir_ccf: using E
>>> gr_fir_fff: using E
gr_buffer::allocate_buffer: warning: tried to allocate
   47 items of size 1392. Due to alignment requirements
   256 were allocated.  If this isn't OK, consider padding
   your structure to a power-of-two bytes.
   On this platform, our allocation granularity is 4096 bytes.
0	 5	 5	 1	 27.367806	 -1	 0.000000	 5.532243
1	 5	 5	 1	 22.547975	 -1	 0.000000	 2.607905
2	 5	 5	 1	 24.160075	 -1	 0.000000	 2.854847
3	 5	 5	 1	 145.890115	 -1	 0.000000	 2.064393
4	 5	 5	 1	 36.729063	 -1	 0.000000	 1.970909
5	 5	 5	 1	 20.854385	 -1	 0.000000	 3.801766
6	 5	 5	 1	 47.819793	 -1	 0.000000	 2.525084
7	 5	 5	 1	 14.563688	 -1	 0.000000	 2.705412
9	 5	 5	 1	 44.342157	 -1	 0.000000	 5.721691
10	 5	 5	 1	 26.449552	 -1	 0.000000	 6.367177
11	 5	 5	 1	 26.586746	 -1	 0.000000	 5.612891
12	 5	 5	 1	 43.685246	 -1	 0.000000	 2.704739
13	 5	 5	 1	 31.929233	 -1	 0.000000	 7.952792
15	 5	 5	 1	 23.351561	 -1	 0.000000	 4.253757
16	 5	 5	 1	 50.489869	 -1	 0.000000	 6.932849
18	 5	 5	 1	 56.360248	 -1	 0.000000	 3.182400
19	 5	 5	 1	 56.780437	 -1	 0.000000	 8.077612
20	 5	 5	 1	 54.935942	 -1	 0.000000	 2.302075
21	 5	 5	 1	 29.877629	 -1	 0.000000	 1.766082
22	 5	 5	 0	 121.819164	 -1	 0.000000	 3.911287
23	 5	 5	 1	 49.500050	 -1	 0.000000	 3.227455
24	 5	 5	 1	 87.547854	 -1	 0.000000	 3.032159
25	 5	 5	 1	 62.539821	 -1	 0.000000	 1.893046
26	 5	 5	 1	 63.064091	 -1	 0.000000	 3.411824
27	 5	 5	 1	 18.607637	 -1	 0.000000	 5.595158
28	 5	 5	 1	 21.330168	 -1	 0.000000	 7.327585
29	 5	 5	 1	 21.596930	 -1	 0.000000	 2.813846
30	 5	 5	 1	 8.864599	 -1	 0.000000	 7.503994
31	 5	 5	 1	 72.968205	 -1	 0.000000	 2.330591
32	 5	 5	 1	 77.145749	 -1	 0.000000	 2.076020
33	 5	 5	 1	 42.828252	 -1	 0.000000	 5.316944
34	 5	 5	 1	 29.458070	 -1	 0.000000	 4.448426
35	 5	 5	 1	 178.445907	 -1	 0.000000	 4.196926
36	 5	 5	 1	 44.972756	 -1	 0.000000	 5.635377
37	 5	 5	 1	 14.438503	 -1	 0.000000	 4.948541
38	 5	 5	 1	 19.781488	 -1	 0.000000	 3.719668
39	 5	 5	 1	 94.832954	 -1	 0.000000	 1.976310
40	 5	 5	 0	 335.819710	 -1	 0.000000	 6.148154
41	 5	 5	 1	 65.234773	 -1	 0.000000	 3.160016
42	 5	 5	 1	 73.948997	 -1	 0.000000	 4.897703
43	 5	 5	 1	 73.799485	 -1	 0.000000	 3.210637
44	 5	 5	 0	 340.923733	 -1	 0.000000	 6.850946
45	 5	 5	 1	 43.285709	 -1	 0.000000	 4.830636
46	 5	 5	 1	 45.040461	 -1	 0.000000	 3.069624
47	 5	 5	 1	 36.033535	 -1	 0.000000	 2.567630
48	 5	 5	 1	 90.184742	 -1	 0.000000	 2.316147
49	 5	 5	 1	 81.420728	 -1	 0.000000	 1.899745
50	 5	 5	 1	 49.025949	 -1	 0.000000	 3.515501
51	 5	 5	 1	 80.171435	 -1	 0.000000	 4.673593
52	 5	 5	 1	 35.684156	 -1	 0.000000	 9.485113
53	 5	 5	 0	 95.525455	 -1	 0.000000	 5.573883
54	 5	 5	 1	 44.590666	 -1	 0.000000	 9.186305
55	 5	 5	 1	 89.070213	 -1	 0.000000	 9.532814
56	 5	 5	 1	 11.389438	 -1	 0.000000	 3.189914
57	 5	 5	 1	 39.292026	 -1	 0.000000	 2.253346
58	 5	 5	 1	 40.354600	 -1	 0.000000	 9.509062
59	 5	 5	 1	 16.012907	 -1	 0.000000	 6.129078
60	 5	 5	 1	 104.749923	 -1	 0.000000	 4.688419
61	 5	 5	 1	 32.249753	 -1	 0.000000	 3.928653
62	 5	 5	 1	 40.507201	 -1	 0.000000	 1.843352
63	 5	 5	 1	 58.299798	 -1	 0.000000	 4.884490
64	 5	 5	 1	 2.937654	 -1	 0.000000	 6.895254
65	 5	 5	 1	 25.945825	 -1	 0.000000	 4.806651
66	 5	 5	 1	 38.452041	 -1	 0.000000	 5.210824
67	 5	 5	 1	 97.282717	 -1	 0.000000	 4.780621
68	 5	 5	 1	 64.532793	 -1	 0.000000	 2.843189
69	 5	 5	 1	 90.607052	 -1	 0.000000	 4.159479
70	 5	 5	 1	 27.386333	 -1	 0.000000	 3.279409
71	 5	 5	 1	 36.256448	 -1	 0.000000	 3.742692
72	 5	 5	 1	 69.494848	 -1	 0.000000	 3.496872
73	 5	 5	 1	 14.466521	 -1	 0.000000	 4.240057
74	 5	 5	 0	 268.551571	 -1	 0.000000	 1.694990
75	 5	 5	 1	 40.532574	 -1	 0.000000	 2.946537
76	 5	 5	 1	 40.414341	 -1	 0.000000	 3.705240
77	 5	 5	 1	 46.627697	 -1	 0.000000	 5.988378
78	 5	 5	 1	 38.257040	 -1	 0.000000	 2.248818
79	 5	 5	 1	 29.487994	 -1	 0.000000	 8.231709
80	 5	 5	 1	 57.051355	 -1	 0.000000	 4.122335
81	 5	 5	 1	 76.973665	 -1	 0.000000	 2.803410
82	 5	 5	 1	 23.753574	 -1	 0.000000	 2.649092
83	 5	 5	 1	 20.371430	 -1	 0.000000	 6.217066
84	 5	 5	 1	 27.079012	 -1	 0.000000	 3.904342
85	 5	 5	 1	 32.119293	 -1	 0.000000	 2.784129
86	 5	 5	 1	 57.494634	 -1	 0.000000	 6.079772
87	 5	 5	 1	 62.390648	 -1	 0.000000	 2.899930
88	 5	 5	 0	 113.268558	 -1	 0.000000	 4.174596
89	 5	 5	 1	 72.114995	 -1	 0.000000	 4.387301
90	 5	 5	 1	 45.124129	 -1	 0.000000	 4.583984
91	 5	 5	 1	 66.477623	 -1	 0.000000	 4.216468
92	 5	 5	 0	 114.752948	 -1	 0.000000	 4.955596
93	 5	 5	 1	 70.926970	 -1	 0.000000	 2.164735
94	 5	 5	 0	 383.406663	 -1	 0.000000	 3.108656
95	 5	 5	 1	 43.695398	 -1	 0.000000	 4.255510
96	 5	 5	 0	 91.185617	 -1	 0.000000	 2.836855
97	 5	 5	 1	 49.583782	 -1	 0.000000	 3.705580
98	 5	 5	 1	 66.371066	 -1	 0.000000	 6.772258
99	 5	 5	 1	 40.320638	 -1	 0.000000	 2.088679
100	 5	 5	 1	 76.669375	 -1	 0.000000	 3.193805
101	 5	 5	 0	 155.408270	 -1	 0.000000	 5.103867
102	 5	 5	 0	 116.912032	 -1	 0.000000	 7.419309
103	 5	 5	 0	 153.278958	 -1	 0.000000	 8.262189
104	 5	 5	 1	 64.727985	 -1	 0.000000	 6.079595
105	 5	 5	 0	 65.262046	 -1	 0.000000	 3.219734
106	 5	 5	 1	 54.625625	 -1	 0.000000	 2.999883
107	 5	 5	 1	 73.867897	 -1	 0.000000	 4.334517
108	 5	 5	 1	 59.827014	 -1	 0.000000	 3.836174
109	 5	 5	 1	 48.841707	 -1	 0.000000	 2.839222
110	 5	 5	 1	 37.234859	 -1	 0.000000	 3.286301
111	 5	 5	 1	 44.796159	 -1	 0.000000	 5.110874
112	 5	 5	 1	 110.492914	 -1	 0.000000	 4.083178
113	 5	 5	 1	 64.726158	 -1	 0.000000	 3.684981
114	 5	 5	 1	 33.671730	 -1	 0.000000	 5.592040
115	 5	 5	 1	 76.826364	 -1	 0.000000	 1.205152
116	 5	 5	 1	 66.509465	 -1	 0.000000	 3.629809
117	 5	 5	 0	 85.441464	 -1	 0.000000	 7.009789
118	 5	 5	 1	 145.608695	 -1	 0.000000	 3.452182
119	 5	 5	 0	 140.333088	 -1	 0.000000	 1.853226
120	 5	 5	 0	 334.800853	 -1	 0.000000	 1.807427
121	 5	 5	 1	 65.312935	 -1	 0.000000	 1.524486
122	 5	 5	 1	 42.763947	 -1	 0.000000	 3.926413
123	 5	 5	 1	 44.778129	 -1	 0.000000	 4.154299
124	 5	 5	 1	 20.514401	 -1	 0.000000	 4.223130
125	 5	 5	 1	 48.201967	 -1	 0.000000	 3.587253
126	 5	 5	 1	 83.371005	 -1	 0.000000	 4.579316
127	 5	 5	 1	 54.430450	 -1	 0.000000	 10.392196
128	 5	 5	 1	 53.803266	 -1	 0.000000	 4.070313
129	 5	 5	 1	 42.716278	 -1	 0.000000	 5.814037
130	 5	 5	 1	 108.780358	 -1	 0.000000	 4.321808
131	 5	 5	 1	 53.388240	 -1	 0.000000	 3.873786
132	 5	 5	 1	 38.137526	 -1	 0.000000	 6.312754
133	 5	 5	 1	 51.783592	 -1	 0.000000	 2.543296
134	 5	 5	 1	 82.148588	 -1	 0.000000	 3.801955
135	 5	 5	 1	 25.764363	 -1	 0.000000	 3.650313
136	 5	 5	 1	 34.405284	 -1	 0.000000	 4.684900
137	 5	 5	 1	 65.952402	 -1	 0.000000	 4.606198
138	 5	 5	 1	 42.522779	 -1	 0.000000	 2.857574
139	 5	 5	 1	 87.739189	 -1	 0.000000	 4.044538
140	 5	 5	 1	 54.026174	 -1	 0.000000	 6.786376
141	 5	 5	 1	 33.776519	 -1	 0.000000	 1.558248
142	 5	 5	 1	 42.788347	 -1	 0.000000	 11.991909
143	 5	 5	 1	 57.138836	 -1	 0.000000	 3.268529
144	 5	 5	 1	 57.024501	 -1	 0.000000	 2.004708
145	 5	 5	 1	 133.086815	 -1	 0.000000	 1.841034
146	 5	 5	 1	 44.660249	 -1	 0.000000	 3.028020
147	 5	 5	 1	 81.458115	 -1	 0.000000	 5.125747
148	 5	 5	 1	 76.532567	 -1	 0.000000	 1.647629
>>> gr_fir_ccf: using E
>>> gr_fir_fff: using E
gr_buffer::allocate_buffer: warning: tried to allocate
   47 items of size 1392. Due to alignment requirements
   256 were allocated.  If this isn't OK, consider padding
   your structure to a power-of-two bytes.
   On this platform, our allocation granularity is 4096 bytes.
0	 5	 5	 1	 39.116596	 -1	 0.000000	 3.301775
1	 5	 5	 1	 55.521786	 -1	 0.000000	 2.343171
2	 5	 5	 1	 36.942998	 -1	 0.000000	 4.842774
3	 5	 5	 1	 24.442709	 -1	 0.000000	 8.389135
4	 5	 5	 1	 73.508198	 -1	 0.000000	 6.187955
5	 5	 5	 1	 63.673114	 -1	 0.000000	 10.538983
6	 5	 5	 1	 63.630179	 -1	 0.000000	 3.318156
7	 5	 5	 1	 91.326017	 -1	 0.000000	 4.636264
8	 5	 5	 1	 84.007183	 -1	 0.000000	 2.265981
9	 5	 5	 1	 40.031616	 -1	 0.000000	 7.355800
10	 5	 5	 1	 11.329951	 -1	 0.000000	 11.301274
11	 5	 5	 1	 45.274813	 -1	 0.000000	 3.707538
12	 5	 5	 1	 43.545429	 -1	 0.000000	 4.004757
13	 5	 5	 1	 29.580129	 -1	 0.000000	 11.305979
14	 5	 5	 1	 41.775906	 -1	 0.000000	 1.839669
15	 5	 5	 1	 16.286566	 -1	 0.000000	 8.828476
16	 5	 5	 1	 87.027455	 -1	 0.000000	 1.608182
17	 5	 5	 1	 43.690751	 -1	 0.000000	 2.978689
18	 5	 5	 1	 68.027338	 -1	 0.000000	 3.076326
19	 5	 5	 0	 115.995374	 -1	 0.000000	 3.222929
20	 5	 5	 1	 69.596115	 -1	 0.000000	 1.310367
21	 5	 5	 1	 34.021189	 -1	 0.000000	 4.369641
22	 5	 5	 1	 34.167417	 -1	 0.000000	 4.631900
23	 5	 5	 1	 46.938639	 -1	 0.000000	 1.202451
24	 5	 5	 0	 387.303420	 -1	 0.000000	 3.784184
25	 5	 5	 1	 22.986320	 -1	 0.000000	 5.444310
26	 5	 5	 1	 111.294284	 -1	 0.000000	 1.307545
27	 5	 5	 1	 36.795801	 -1	 0.000000	 2.692818
28	 5	 5	 1	 5.842847	 -1	 0.000000	 2.593257
29	 5	 5	 1	 41.326054	 -1	 0.000000	 1.849676
30	 5	 5	 1	 49.683331	 -1	 0.000000	 3.111769
31	 5	 5	 1	 68.689078	 -1	 0.000000	 1.761703
32	 5	 5	 1	 54.408013	 -1	 0.000000	 4.183518
33	 5	 5	 0	 223.552828	 -1	 0.000000	 2.257307
34	 5	 5	 1	 79.922894	 -1	 0.000000	 4.024275
35	 5	 5	 1	 43.464461	 -1	 0.000000	 4.418646
36	 5	 5	 1	 23.980066	 -1	 0.000000	 2.949874
37	 5	 5	 0	 225.502508	 -1	 0.000000	 6.059922
38	 5	 5	 1	 40.152924	 -1	 0.000000	 6.043304
39	 5	 5	 1	 29.471325	 -1	 0.000000	 6.763878
40	 5	 5	 1	 74.951877	 -1	 0.000000	 5.410066
41	 5	 5	 1	 74.270208	 -1	 0.000000	 4.294726
42	 5	 5	 1	 84.277138	 -1	 0.000000	 6.239722
43	 5	 5	 1	 34.509674	 -1	 0.000000	 1.242859
44	 5	 5	 0	 207.516777	 -1	 0.000000	 6.523910
45	 5	 5	 1	 43.555503	 -1	 0.000000	 8.478481
46	 5	 5	 0	 312.012333	 -1	 0.000000	 6.130582
47	 5	 5	 1	 32.899398	 -1	 0.000000	 4.315431
48	 5	 5	 1	 41.495845	 -1	 0.000000	 5.528777
49	 5	 5	 1	 58.749339	 -1	 0.000000	 2.914910
50	 5	 5	 1	 54.433910	 -1	 0.000000	 4.269557
51	 5	 5	 1	 58.418768	 -1	 0.000000	 2.303268
52	 5	 5	 1	 44.617976	 -1	 0.000000	 1.888770
53	 5	 5	 0	 99.319600	 -1	 0.000000	 7.705383
54	 5	 5	 1	 68.812517	 -1	 0.000000	 2.735362
55	 5	 5	 1	 30.883076	 -1	 0.000000	 5.577594
56	 5	 5	 0	 405.629689	 -1	 0.000000	 3.450506
57	 5	 5	 0	 371.243289	 -1	 0.000000	 1.296452
58	 5	 5	 0	 148.424827	 -1	 0.000000	 5.354226
59	 5	 5	 0	 260.893563	 -1	 0.000000	 2.630313
60	 5	 5	 1	 57.362992	 -1	 0.000000	 5.400459
61	 5	 5	 1	 41.956315	 -1	 0.000000	 3.663774
62	 5	 5	 0	 217.984109	 -1	 0.000000	 1.324029
63	 5	 5	 1	 25.358045	 -1	 0.000000	 12.693918
64	 5	 5	 1	 90.791721	 -1	 0.000000	 1.034540
65	 5	 5	 0	 154.026028	 -1	 0.000000	 6.417657
66	 5	 5	 1	 42.923797	 -1	 0.000000	 9.539812
67	 5	 5	 1	 46.791058	 -1	 0.000000	 2.257228
68	 5	 5	 1	 43.899753	 -1	 0.000000	 3.731352
69	 5	 5	 1	 114.700049	 -1	 0.000000	 4.914411
70	 5	 5	 0	 146.114262	 -1	 0.000000	 4.526823
71	 5	 5	 1	 31.541597	 -1	 0.000000	 10.818453
72	 5	 5	 1	 10.165343	 -1	 0.000000	 3.241718
73	 5	 5	 1	 50.674413	 -1	 0.000000	 9.130627
74	 5	 5	 1	 23.217429	 -1	 0.000000	 6.259488
75	 5	 5	 1	 69.668047	 -1	 0.000000	 3.468047
>>> gr_fir_ccf: using E
>>> gr_fir_fff: using E
gr_buffer::allocate_buffer: warning: tried to allocate
   47 items of size 1392. Due to alignment requirements
   256 were allocated.  If this isn't OK, consider padding
   your structure to a power-of-two bytes.
   On this platform, our allocation granularity is 4096 bytes.
1	 7	 7	 1	 83.917866	 -1	 0.000000	 4.840171
2	 7	 7	 0	 323.853969	 -1	 0.000000	 2.151395
3	 7	 7	 0	 264.700795	 -1	 0.000000	 2.605070
4	 7	 7	 0	 183.629100	 -1	 0.000000	 3.436686
5	 7	 7	 1	 88.789531	 -1	 0.000000	 7.516468
6	 7	 7	 0	 194.785809	 -1	 0.000000	 2.340524
7	 7	 7	 1	 88.524718	 -1	 0.000000	 2.886570
8	 7	 7	 1	 68.202555	 -1	 0.000000	 2.557604
9	 7	 7	 1	 95.131942	 -1	 0.000000	 4.777101
10	 7	 7	 1	 102.749799	 -1	 0.000000	 4.273439
11	 7	 7	 1	 79.586362	 -1	 0.000000	 14.959752
12	 7	 7	 1	 135.259955	 -1	 0.000000	 4.784872
>>> gr_fir_ccf: using E
>>> gr_fir_fff: using E
terminate called after throwing an instance of 'std::invalid_argument'
  what():  gr_ofdm_demod: Incorrect subcarriers allocated
>>> gr_fir_ccf: using E
>>> gr_fir_fff: using E
terminate called after throwing an instance of 'std::invalid_argument'
  what():  gr_ofdm_demod: Incorrect subcarriers allocated
>>> gr_fir_ccf: using E
>>> gr_fir_fff: using E
gr_buffer::allocate_buffer: warning: tried to allocate
   47 items of size 1392. Due to alignment requirements
   256 were allocated.  If this isn't OK, consider padding
   your structure to a power-of-two bytes.
   On this platform, our allocation granularity is 4096 bytes.
0	 9	 9	 0	 414.428222	 -1	 0.000000	 2.838642
1	 9	 9	 0	 423.477270	 -1	 0.000000	 4.398492
2	 9	 9	 0	 450.979184	 -1	 0.000000	 2.173805
3	 9	 9	 0	 407.136361	 -1	 0.000000	 5.467784
4	 9	 9	 0	 408.285503	 -1	 0.000000	 1.391414
5	 9	 9	 0	 431.031078	 -1	 0.000000	 2.961371
6	 9	 9	 0	 416.624080	 -1	 0.000000	 5.894320
7	 9	 9	 0	 429.478261	 -1	 0.000000	 8.788524
9	 9	 9	 0	 445.164767	 -1	 0.000000	 3.736902
10	 9	 9	 0	 426.859164	 -1	 0.000000	 6.020757
12	 9	 9	 0	 443.878991	 -1	 0.000000	 4.216288
13	 9	 9	 0	 439.032407	 -1	 0.000000	 3.672817
14	 9	 9	 0	 382.520932	 -1	 0.000000	 5.474748
15	 9	 9	 0	 425.444326	 -1	 0.000000	 2.430654
16	 9	 9	 0	 426.520671	 -1	 0.000000	 1.829961
17	 9	 9	 0	 413.243484	 -1	 0.000000	 7.964274
18	 9	 9	 0	 428.916198	 -1	 0.000000	 5.837744
19	 9	 9	 0	 433.370161	 -1	 0.000000	 3.588205
20	 9	 9	 0	 436.857560	 -1	 0.000000	 21.225273
21	 9	 9	 0	 377.089941	 -1	 0.000000	 2.366971
22	 9	 9	 0	 432.859351	 -1	 0.000000	 4.996414
23	 9	 9	 0	 416.734135	 -1	 0.000000	 9.423430
24	 9	 9	 0	 379.772189	 -1	 0.000000	 2.882210
25	 9	 9	 0	 422.800908	 -1	 0.000000	 4.124825
26	 9	 9	 0	 425.338417	 -1	 0.000000	 1.992595
27	 9	 9	 0	 442.789657	 -1	 0.000000	 10.730753
28	 9	 9	 0	 435.028260	 -1	 0.000000	 1.827101
29	 9	 9	 0	 450.246896	 -1	 0.000000	 2.048403
30	 9	 9	 0	 414.627694	 -1	 0.000000	 5.433090
31	 9	 9	 0	 435.762291	 -1	 0.000000	 5.568381
32	 9	 9	 0	 439.496506	 -1	 0.000000	 2.493992
33	 9	 9	 0	 362.759706	 -1	 0.000000	 5.023430
34	 9	 9	 0	 435.299150	 -1	 0.000000	 2.489522
35	 9	 9	 0	 441.005294	 -1	 0.000000	 3.820520
36	 9	 9	 0	 397.428920	 -1	 0.000000	 0.923100
37	 9	 9	 0	 432.772337	 -1	 0.000000	 3.501571
38	 9	 9	 0	 440.529573	 -1	 0.000000	 4.137516
39	 9	 9	 0	 362.775759	 -1	 0.000000	 6.829411
41	 9	 9	 0	 441.380764	 -1	 0.000000	 3.041285
42	 9	 9	 0	 420.945479	 -1	 0.000000	 2.899408
43	 9	 9	 0	 439.843931	 -1	 0.000000	 3.640631
44	 9	 9	 0	 404.913840	 -1	 0.000000	 4.386470
45	 9	 9	 0	 451.299431	 -1	 0.000000	 5.298470
46	 9	 9	 0	 397.013034	 -1	 0.000000	 5.977456
47	 9	 9	 0	 444.671269	 -1	 0.000000	 3.501637
48	 9	 9	 0	 411.008180	 -1	 0.000000	 6.738630
49	 9	 9	 0	 443.751209	 -1	 0.000000	 1.855854
50	 9	 9	 0	 429.717831	 -1	 0.000000	 3.400202
51	 9	 9	 0	 404.438995	 -1	 0.000000	 3.763313
52	 9	 9	 0	 449.517585	 -1	 0.000000	 3.860254
>>> gr_fir_ccf: using E
>>> gr_fir_fff: using E
gr_buffer::allocate_buffer: warning: tried to allocate
   47 items of size 1392. Due to alignment requirements
   256 were allocated.  If this isn't OK, consider padding
   your structure to a power-of-two bytes.
   On this platform, our allocation granularity is 4096 bytes.
0	 11	 11	 0	 446.578911	 -1	 0.000000	 2.210346
1	 11	 11	 0	 459.373408	 -1	 0.000000	 4.263896
>>> gr_fir_ccf: using E
>>> gr_fir_fff: using E
gr_buffer::allocate_buffer: warning: tried to allocate
   47 items of size 1392. Due to alignment requirements
   256 were allocated.  If this isn't OK, consider padding
   your structure to a power-of-two bytes.
   On this platform, our allocation granularity is 4096 bytes.
0	 11	 11	 0	 417.425821	 -1	 0.000000	 1.887252
1	 11	 11	 0	 447.824452	 -1	 0.000000	 1.516951
>>> gr_fir_ccf: using E
>>> gr_fir_fff: using E
gr_buffer::allocate_buffer: warning: tried to allocate
   47 items of size 1392. Due to alignment requirements
   256 were allocated.  If this isn't OK, consider padding
   your structure to a power-of-two bytes.
   On this platform, our allocation granularity is 4096 bytes.
0	 10	 10	 0	 480.540405	 -1	 0.000000	 4.993982
1	 10	 10	 0	 481.548657	 -1	 0.000000	 5.761458
>>> gr_fir_ccf: using E
>>> gr_fir_fff: using E
gr_buffer::allocate_buffer: warning: tried to allocate
   47 items of size 1392. Due to alignment requirements
   256 were allocated.  If this isn't OK, consider padding
   your structure to a power-of-two bytes.
   On this platform, our allocation granularity is 4096 bytes.
0	 10	 10	 0	 472.630509	 -1	 0.000000	 3.382437
1	 10	 10	 0	 469.543753	 -1	 0.000000	 9.410344
2	 10	 10	 0	 478.076841	 -1	 0.000000	 10.147965
>>> gr_fir_ccf: using E
>>> gr_fir_fff: using E
gr_buffer::allocate_buffer: warning: tried to allocate
   47 items of size 1392. Due to alignment requirements
   256 were allocated.  If this isn't OK, consider padding
   your structure to a power-of-two bytes.
   On this platform, our allocation granularity is 4096 bytes.
