>>> gr_fir_ccf: using E
>>> gr_fir_fff: using E
gr_buffer::allocate_buffer: warning: tried to allocate
   36 items of size 1776. Due to alignment requirements
   256 were allocated.  If this isn't OK, consider padding
   your structure to a power-of-two bytes.
   On this platform, our allocation granularity is 4096 bytes.
0	 13	 13	 1	 0.000847	 -1	 0.000000	 4.994822
1	 13	 13	 1	 0.000591	 -1	 0.000000	 7.960246
2	 13	 13	 1	 0.001480	 -1	 0.000000	 3.892317
3	 13	 13	 1	 0.001193	 -1	 0.000000	 11.217854
4	 13	 13	 1	 0.099593	 -1	 0.000000	 4.437594
5	 13	 13	 1	 0.001159	 -1	 0.000000	 5.659206
6	 13	 13	 1	 0.004095	 -1	 0.000000	 8.650101
7	 13	 13	 1	 0.001358	 -1	 0.000000	 3.213778
8	 13	 13	 1	 0.003996	 -1	 0.000000	 6.693938
9	 13	 13	 1	 0.009510	 -1	 0.000000	 3.069367
10	 13	 13	 1	 0.001587	 -1	 0.000000	 4.280921
11	 13	 13	 1	 0.001103	 -1	 0.000000	 8.173911
12	 13	 13	 1	 0.002176	 -1	 0.000000	 4.930650
13	 13	 13	 1	 0.000744	 -1	 0.000000	 3.984856
14	 13	 13	 1	 0.000946	 -1	 0.000000	 3.532938
15	 13	 13	 1	 0.001179	 -1	 0.000000	 5.522170
16	 13	 13	 1	 0.000296	 -1	 0.000000	 8.427276
17	 13	 13	 1	 0.004939	 -1	 0.000000	 5.023479
18	 13	 13	 1	 0.002756	 -1	 0.000000	 2.898814
19	 13	 13	 1	 0.001515	 -1	 0.000000	 2.596034
20	 13	 13	 1	 0.001740	 -1	 0.000000	 8.397393
21	 13	 13	 1	 0.005099	 -1	 0.000000	 5.828588
22	 13	 13	 1	 0.000945	 -1	 0.000000	 6.954585
23	 13	 13	 1	 0.017109	 -1	 0.000000	 2.988856
24	 13	 13	 1	 0.000712	 -1	 0.000000	 7.315618
25	 13	 13	 1	 0.001822	 -1	 0.000000	 4.598880
26	 13	 13	 1	 0.000924	 -1	 0.000000	 6.688681
27	 13	 13	 1	 0.000650	 -1	 0.000000	 4.654974
28	 13	 13	 1	 0.002364	 -1	 0.000000	 5.934847
29	 13	 13	 1	 0.002878	 -1	 0.000000	 6.919109
30	 13	 13	 1	 0.002871	 -1	 0.000000	 11.071072
31	 13	 13	 1	 0.001908	 -1	 0.000000	 3.378934
32	 13	 13	 1	 0.001035	 -1	 0.000000	 7.468793
33	 13	 13	 1	 0.002047	 -1	 0.000000	 3.687920
34	 13	 13	 1	 0.010589	 -1	 0.000000	 2.909030
35	 13	 13	 1	 0.002296	 -1	 0.000000	 6.697651
36	 13	 13	 1	 0.001964	 -1	 0.000000	 13.752729
37	 13	 13	 1	 0.016976	 -1	 0.000000	 6.445884
38	 13	 13	 1	 0.000463	 -1	 0.000000	 10.179493
39	 13	 13	 1	 0.007006	 -1	 0.000000	 5.944016
40	 13	 13	 1	 0.007475	 -1	 0.000000	 7.951720
41	 13	 13	 1	 0.000346	 -1	 0.000000	 6.529256
42	 13	 13	 1	 0.000404	 -1	 0.000000	 4.297763
>>> gr_fir_ccf: using E
>>> gr_fir_fff: using E
gr_buffer::allocate_buffer: warning: tried to allocate
   36 items of size 1776. Due to alignment requirements
   256 were allocated.  If this isn't OK, consider padding
   your structure to a power-of-two bytes.
   On this platform, our allocation granularity is 4096 bytes.
0	 15	 15	 1	 0.051198	 -1	 0.000000	 3.745530
1	 15	 15	 1	 0.028662	 -1	 0.000000	 5.332828
2	 15	 15	 1	 0.004954	 -1	 0.000000	 10.401978
3	 15	 15	 1	 0.013674	 -1	 0.000000	 4.291101
4	 15	 15	 1	 0.000937	 -1	 0.000000	 5.656039
5	 15	 15	 1	 1.406299	 -1	 0.000000	 3.174145
6	 15	 15	 1	 0.001826	 -1	 0.000000	 3.184092
7	 15	 15	 1	 0.006098	 -1	 0.000000	 7.238341
8	 15	 15	 1	 0.007390	 -1	 0.000000	 4.305382
9	 15	 15	 1	 0.017540	 -1	 0.000000	 8.174598
10	 15	 15	 1	 0.031921	 -1	 0.000000	 5.862354
11	 15	 15	 1	 0.004344	 -1	 0.000000	 4.651817
12	 15	 15	 1	 0.001717	 -1	 0.000000	 8.925649
13	 15	 15	 1	 0.014766	 -1	 0.000000	 5.501077
14	 15	 15	 1	 0.011731	 -1	 0.000000	 3.285433
15	 15	 15	 1	 0.014772	 -1	 0.000000	 6.727875
16	 15	 15	 1	 0.002402	 -1	 0.000000	 2.976512
17	 15	 15	 1	 0.156445	 -1	 0.000000	 3.221201
18	 15	 15	 1	 0.025395	 -1	 0.000000	 4.632351
19	 15	 15	 1	 0.000848	 -1	 0.000000	 5.111678
20	 15	 15	 1	 0.483341	 -1	 0.000000	 14.495113
21	 15	 15	 1	 0.030425	 -1	 0.000000	 12.088814
22	 15	 15	 1	 0.022503	 -1	 0.000000	 8.101575
23	 15	 15	 1	 0.001856	 -1	 0.000000	 2.713798
>>> gr_fir_ccf: using E
>>> gr_fir_fff: using E
gr_buffer::allocate_buffer: warning: tried to allocate
   36 items of size 1776. Due to alignment requirements
   256 were allocated.  If this isn't OK, consider padding
   your structure to a power-of-two bytes.
   On this platform, our allocation granularity is 4096 bytes.
0	 15	 15	 1	 0.000818	 -1	 0.000000	 4.816588
1	 15	 15	 1	 0.001480	 -1	 0.000000	 9.918649
>>> gr_fir_ccf: using E
>>> gr_fir_fff: using E
gr_buffer::allocate_buffer: warning: tried to allocate
   36 items of size 1776. Due to alignment requirements
   256 were allocated.  If this isn't OK, consider padding
   your structure to a power-of-two bytes.
   On this platform, our allocation granularity is 4096 bytes.
0	 5	 5	 1	 1.688216	 -1	 0.000000	 9.624638
1	 5	 5	 1	 0.793175	 -1	 0.000000	 7.336342
2	 5	 5	 1	 2.822942	 -1	 0.000000	 6.512204
3	 5	 5	 1	 6.053310	 -1	 0.000000	 8.880502
4	 5	 5	 1	 6.985162	 -1	 0.000000	 6.469848
5	 5	 5	 1	 7.830145	 -1	 0.000000	 7.695155
6	 5	 5	 1	 4.560133	 -1	 0.000000	 8.672384
7	 5	 5	 1	 2.113913	 -1	 0.000000	 5.011247
8	 5	 5	 1	 1.685581	 -1	 0.000000	 6.256680
9	 5	 5	 1	 4.212043	 -1	 0.000000	 7.493140
10	 5	 5	 1	 7.430653	 -1	 0.000000	 3.675174
11	 5	 5	 1	 2.184709	 -1	 0.000000	 4.018750
12	 5	 5	 1	 4.461583	 -1	 0.000000	 4.040609
13	 5	 5	 1	 1.681750	 -1	 0.000000	 4.624515
14	 5	 5	 1	 4.636517	 -1	 0.000000	 3.771428
15	 5	 5	 1	 4.275048	 -1	 0.000000	 8.560704
16	 5	 5	 1	 3.405355	 -1	 0.000000	 5.699669
17	 5	 5	 1	 4.857935	 -1	 0.000000	 5.167615
18	 5	 5	 1	 3.525397	 -1	 0.000000	 3.310921
19	 5	 5	 1	 1.453031	 -1	 0.000000	 7.258040
20	 5	 5	 1	 4.570458	 -1	 0.000000	 10.615104
21	 5	 5	 1	 4.327475	 -1	 0.000000	 5.021386
22	 5	 5	 1	 4.570771	 -1	 0.000000	 8.564170
23	 5	 5	 1	 3.107496	 -1	 0.000000	 4.573138
24	 5	 5	 1	 10.642441	 -1	 0.000000	 4.272657
25	 5	 5	 1	 1.530289	 -1	 0.000000	 5.224183
26	 5	 5	 1	 4.225635	 -1	 0.000000	 3.334887
27	 5	 5	 1	 1.235015	 -1	 0.000000	 3.153064
28	 5	 5	 1	 4.957980	 -1	 0.000000	 3.159454
29	 5	 5	 1	 4.893564	 -1	 0.000000	 3.379235
30	 5	 5	 1	 13.082197	 -1	 0.000000	 7.250181
31	 5	 5	 1	 3.546120	 -1	 0.000000	 2.886638
32	 5	 5	 1	 1.808807	 -1	 0.000000	 8.174782
33	 5	 5	 1	 6.613973	 -1	 0.000000	 4.506526
34	 5	 5	 1	 6.626450	 -1	 0.000000	 3.700180
35	 5	 5	 1	 3.733660	 -1	 0.000000	 12.297535
36	 5	 5	 1	 2.812951	 -1	 0.000000	 6.177064
37	 5	 5	 1	 1.082151	 -1	 0.000000	 4.252705
38	 5	 5	 1	 5.567337	 -1	 0.000000	 7.648736
39	 5	 5	 1	 8.118537	 -1	 0.000000	 8.471935
40	 5	 5	 1	 6.978018	 -1	 0.000000	 11.623480
41	 5	 5	 1	 0.809033	 -1	 0.000000	 6.064147
42	 5	 5	 1	 11.638448	 -1	 0.000000	 6.806846
43	 5	 5	 1	 4.111313	 -1	 0.000000	 4.106670
44	 5	 5	 1	 6.304211	 -1	 0.000000	 6.171606
45	 5	 5	 1	 4.832766	 -1	 0.000000	 9.598465
46	 5	 5	 1	 3.415764	 -1	 0.000000	 6.380337
47	 5	 5	 1	 3.892437	 -1	 0.000000	 3.966292
48	 5	 5	 1	 6.232190	 -1	 0.000000	 4.561997
49	 5	 5	 1	 2.688171	 -1	 0.000000	 3.435691
50	 5	 5	 1	 5.030383	 -1	 0.000000	 4.068939
51	 5	 5	 1	 3.448406	 -1	 0.000000	 8.701979
52	 5	 5	 1	 2.419376	 -1	 0.000000	 9.103892
53	 5	 5	 1	 3.849538	 -1	 0.000000	 9.342129
54	 5	 5	 1	 10.262965	 -1	 0.000000	 5.861910
55	 5	 5	 1	 9.019912	 -1	 0.000000	 4.609182
56	 5	 5	 1	 7.030185	 -1	 0.000000	 5.557272
57	 5	 5	 1	 13.151905	 -1	 0.000000	 5.955707
58	 5	 5	 1	 7.105527	 -1	 0.000000	 7.644628
59	 5	 5	 1	 3.763791	 -1	 0.000000	 3.588346
>>> gr_fir_ccf: using E
>>> gr_fir_fff: using E
gr_buffer::allocate_buffer: warning: tried to allocate
   36 items of size 1776. Due to alignment requirements
   256 were allocated.  If this isn't OK, consider padding
   your structure to a power-of-two bytes.
   On this platform, our allocation granularity is 4096 bytes.
>>> gr_fir_ccf: using E
>>> gr_fir_fff: using E
gr_buffer::allocate_buffer: warning: tried to allocate
   36 items of size 1776. Due to alignment requirements
   256 were allocated.  If this isn't OK, consider padding
   your structure to a power-of-two bytes.
   On this platform, our allocation granularity is 4096 bytes.
0	 7	 7	 1	 7.943418	 -1	 0.000000	 4.329543
1	 7	 7	 1	 34.714977	 -1	 0.000000	 4.468498
>>> gr_fir_ccf: using E
>>> gr_fir_fff: using E
gr_buffer::allocate_buffer: warning: tried to allocate
   36 items of size 1776. Due to alignment requirements
   256 were allocated.  If this isn't OK, consider padding
   your structure to a power-of-two bytes.
   On this platform, our allocation granularity is 4096 bytes.
0	 7	 7	 1	 3.394466	 -1	 0.000000	 3.550202
1	 7	 7	 1	 8.214360	 -1	 0.000000	 10.186362
>>> gr_fir_ccf: using E
>>> gr_fir_fff: using E
gr_buffer::allocate_buffer: warning: tried to allocate
   36 items of size 1776. Due to alignment requirements
   256 were allocated.  If this isn't OK, consider padding
   your structure to a power-of-two bytes.
   On this platform, our allocation granularity is 4096 bytes.
0	 9	 9	 1	 231.192546	 -1	 0.000000	 6.148040
1	 9	 9	 0	 264.478156	 -1	 0.000000	 3.586808
2	 9	 9	 1	 255.250891	 -1	 0.000000	 2.957517
3	 9	 9	 0	 382.227526	 -1	 0.000000	 5.315455
4	 9	 9	 1	 240.479521	 -1	 0.000000	 7.225512
5	 9	 9	 1	 235.124618	 -1	 0.000000	 7.035666
6	 9	 9	 1	 234.297083	 -1	 0.000000	 4.761784
7	 9	 9	 0	 249.336462	 -1	 0.000000	 7.303778
8	 9	 9	 0	 239.320542	 -1	 0.000000	 4.160058
9	 9	 9	 1	 256.785924	 -1	 0.000000	 4.298803
10	 9	 9	 0	 353.045436	 -1	 0.000000	 5.385762
11	 9	 9	 0	 323.187269	 -1	 0.000000	 8.608130
12	 9	 9	 0	 292.186912	 -1	 0.000000	 7.251479
13	 9	 9	 1	 220.820789	 -1	 0.000000	 19.200365
14	 9	 9	 0	 328.956725	 -1	 0.000000	 3.939778
15	 9	 9	 1	 193.268842	 -1	 0.000000	 9.771791
16	 9	 9	 0	 311.014592	 -1	 0.000000	 4.726722
17	 9	 9	 0	 254.165350	 -1	 0.000000	 3.550344
18	 9	 9	 1	 257.415123	 -1	 0.000000	 4.618244
19	 9	 9	 1	 238.229198	 -1	 0.000000	 7.807046
20	 9	 9	 1	 233.439418	 -1	 0.000000	 7.035082
21	 9	 9	 1	 244.294065	 -1	 0.000000	 3.858280
22	 9	 9	 1	 247.731399	 -1	 0.000000	 7.283919
23	 9	 9	 0	 268.583104	 -1	 0.000000	 2.982549
24	 9	 9	 1	 261.887894	 -1	 0.000000	 5.168184
25	 9	 9	 1	 253.301666	 -1	 0.000000	 6.528444
26	 9	 9	 1	 271.813661	 -1	 0.000000	 4.790779
27	 9	 9	 1	 215.209628	 -1	 0.000000	 3.637929
28	 9	 9	 1	 224.280990	 -1	 0.000000	 5.533237
>>> gr_fir_ccf: using E
>>> gr_fir_fff: using E
gr_buffer::allocate_buffer: warning: tried to allocate
   36 items of size 1776. Due to alignment requirements
   256 were allocated.  If this isn't OK, consider padding
   your structure to a power-of-two bytes.
   On this platform, our allocation granularity is 4096 bytes.
0	 9	 9	 1	 265.468916	 -1	 0.000000	 3.905435
1	 9	 9	 1	 265.429782	 -1	 0.000000	 7.250658
2	 9	 9	 1	 236.957403	 -1	 0.000000	 5.421529
3	 9	 9	 0	 331.968146	 -1	 0.000000	 3.841360
4	 9	 9	 0	 382.255659	 -1	 0.000000	 3.403453
5	 9	 9	 0	 317.992527	 -1	 0.000000	 4.726510
6	 9	 9	 0	 317.099212	 -1	 0.000000	 6.117633
7	 9	 9	 0	 332.202336	 -1	 0.000000	 4.949592
8	 9	 9	 1	 246.436071	 -1	 0.000000	 7.456779
9	 9	 9	 1	 299.114263	 -1	 0.000000	 13.346437
10	 9	 9	 1	 329.831125	 -1	 0.000000	 4.472259
11	 9	 9	 1	 275.533173	 -1	 0.000000	 2.637836
12	 9	 9	 0	 270.903478	 -1	 0.000000	 3.564081
13	 9	 9	 0	 289.482105	 -1	 0.000000	 3.680006
14	 9	 9	 1	 309.859666	 -1	 0.000000	 4.759853
15	 9	 9	 1	 211.073190	 -1	 0.000000	 4.034947
16	 9	 9	 1	 242.441827	 -1	 0.000000	 4.713684
17	 9	 9	 1	 236.077571	 -1	 0.000000	 5.845317
18	 9	 9	 1	 249.640596	 -1	 0.000000	 3.512444
19	 9	 9	 1	 196.011988	 -1	 0.000000	 2.856563
20	 9	 9	 1	 237.263044	 -1	 0.000000	 3.546574
21	 9	 9	 0	 312.889521	 -1	 0.000000	 3.827035
22	 9	 9	 0	 280.431053	 -1	 0.000000	 5.020484
23	 9	 9	 1	 271.053034	 -1	 0.000000	 6.218830
24	 9	 9	 1	 209.344961	 -1	 0.000000	 4.170229
25	 9	 9	 1	 272.724867	 -1	 0.000000	 7.642339
26	 9	 9	 1	 253.563490	 -1	 0.000000	 5.255442
27	 9	 9	 0	 331.327749	 -1	 0.000000	 5.332872
28	 9	 9	 0	 279.952949	 -1	 0.000000	 3.321081
29	 9	 9	 1	 194.250149	 -1	 0.000000	 7.533787
30	 9	 9	 1	 240.025209	 -1	 0.000000	 5.446539
31	 9	 9	 1	 277.640221	 -1	 0.000000	 4.473866
32	 9	 9	 0	 385.381186	 -1	 0.000000	 4.388632
33	 9	 9	 0	 313.288445	 -1	 0.000000	 4.413343
34	 9	 9	 1	 193.323675	 -1	 0.000000	 7.229536
35	 9	 9	 1	 212.011128	 -1	 0.000000	 3.980723
36	 9	 9	 0	 312.665483	 -1	 0.000000	 3.230959
37	 9	 9	 0	 304.618930	 -1	 0.000000	 12.692083
38	 9	 9	 1	 283.524270	 -1	 0.000000	 2.877806
39	 9	 9	 0	 271.014638	 -1	 0.000000	 11.908066
40	 9	 9	 1	 282.655092	 -1	 0.000000	 7.102157
41	 9	 9	 1	 290.213120	 -1	 0.000000	 5.005962
42	 9	 9	 1	 291.815839	 -1	 0.000000	 5.270043
43	 9	 9	 1	 243.918225	 -1	 0.000000	 6.162851
44	 9	 9	 0	 289.467235	 -1	 0.000000	 7.979574
45	 9	 9	 1	 247.482390	 -1	 0.000000	 5.188605
46	 9	 9	 1	 227.520862	 -1	 0.000000	 3.811441
47	 9	 9	 1	 224.659452	 -1	 0.000000	 3.895438
48	 9	 9	 1	 264.672694	 -1	 0.000000	 6.799088
49	 9	 9	 1	 275.297915	 -1	 0.000000	 11.363730
50	 9	 9	 0	 270.012223	 -1	 0.000000	 4.962400
51	 9	 9	 1	 210.385980	 -1	 0.000000	 5.434340
52	 9	 9	 1	 305.862181	 -1	 0.000000	 2.826113
53	 9	 9	 1	 258.735325	 -1	 0.000000	 10.005960
54	 9	 9	 1	 302.521908	 -1	 0.000000	 2.688772
55	 9	 9	 1	 277.286260	 -1	 0.000000	 4.837078
56	 9	 9	 1	 170.029544	 -1	 0.000000	 10.667840
57	 9	 9	 1	 199.847878	 -1	 0.000000	 6.666120
58	 9	 9	 1	 299.576911	 -1	 0.000000	 6.789372
59	 9	 9	 1	 222.366648	 -1	 0.000000	 3.718936
60	 9	 9	 1	 214.954160	 -1	 0.000000	 6.350471
61	 9	 9	 0	 380.623766	 -1	 0.000000	 6.153587
62	 9	 9	 1	 234.377039	 -1	 0.000000	 3.951220
63	 9	 9	 0	 314.661505	 -1	 0.000000	 4.614830
64	 9	 9	 0	 334.057188	 -1	 0.000000	 6.286365
65	 9	 9	 0	 344.415059	 -1	 0.000000	 4.646730
66	 9	 9	 0	 361.533511	 -1	 0.000000	 7.727748
67	 9	 9	 1	 231.680673	 -1	 0.000000	 6.009201
68	 9	 9	 1	 228.752180	 -1	 0.000000	 5.719035
69	 9	 9	 1	 248.041964	 -1	 0.000000	 3.557471
70	 9	 9	 1	 218.393016	 -1	 0.000000	 7.876244
71	 9	 9	 1	 231.849791	 -1	 0.000000	 9.697366
72	 9	 9	 0	 294.336088	 -1	 0.000000	 4.231562
73	 9	 9	 0	 283.672034	 -1	 0.000000	 4.488569
74	 9	 9	 1	 236.363147	 -1	 0.000000	 3.859350
75	 9	 9	 1	 203.586553	 -1	 0.000000	 7.922214
76	 9	 9	 1	 212.398118	 -1	 0.000000	 4.835777
77	 9	 9	 1	 215.756187	 -1	 0.000000	 4.116185
78	 9	 9	 1	 295.540903	 -1	 0.000000	 4.293749
79	 9	 9	 1	 316.565186	 -1	 0.000000	 5.208731
80	 9	 9	 0	 289.286671	 -1	 0.000000	 5.116466
81	 9	 9	 1	 262.378901	 -1	 0.000000	 4.246885
82	 9	 9	 1	 219.141278	 -1	 0.000000	 3.740361
83	 9	 9	 0	 390.136522	 -1	 0.000000	 4.730461
84	 9	 9	 1	 291.205904	 -1	 0.000000	 8.234851
85	 9	 9	 1	 316.081781	 -1	 0.000000	 7.930218
86	 9	 9	 1	 229.303312	 -1	 0.000000	 6.427405
87	 9	 9	 0	 267.826207	 -1	 0.000000	 5.213812
88	 9	 9	 0	 313.604231	 -1	 0.000000	 5.658188
89	 9	 9	 0	 297.429198	 -1	 0.000000	 3.776122
90	 9	 9	 1	 204.499985	 -1	 0.000000	 6.418097
91	 9	 9	 1	 304.678841	 -1	 0.000000	 16.559971
92	 9	 9	 0	 314.523442	 -1	 0.000000	 6.494086
93	 9	 9	 0	 390.655414	 -1	 0.000000	 3.967939
94	 9	 9	 0	 350.821622	 -1	 0.000000	 3.166329
95	 9	 9	 0	 326.856959	 -1	 0.000000	 2.965273
96	 9	 9	 0	 267.492865	 -1	 0.000000	 7.033944
97	 9	 9	 1	 288.540255	 -1	 0.000000	 8.312534
98	 9	 9	 1	 289.682265	 -1	 0.000000	 6.824050
99	 9	 9	 0	 286.337978	 -1	 0.000000	 6.187190
100	 9	 9	 1	 207.660970	 -1	 0.000000	 6.404207
101	 9	 9	 1	 246.743188	 -1	 0.000000	 5.933111
102	 9	 9	 1	 203.551493	 -1	 0.000000	 7.816904
103	 9	 9	 1	 216.172483	 -1	 0.000000	 6.732751
104	 9	 9	 0	 297.189430	 -1	 0.000000	 7.564691
105	 9	 9	 1	 199.905214	 -1	 0.000000	 3.537258
106	 9	 9	 1	 258.016068	 -1	 0.000000	 5.463364
107	 9	 9	 1	 238.622660	 -1	 0.000000	 7.640484
108	 9	 9	 1	 279.133394	 -1	 0.000000	 7.643206
109	 9	 9	 1	 266.401653	 -1	 0.000000	 7.497778
>>> gr_fir_ccf: using E
>>> gr_fir_fff: using E
gr_buffer::allocate_buffer: warning: tried to allocate
   36 items of size 1776. Due to alignment requirements
   256 were allocated.  If this isn't OK, consider padding
   your structure to a power-of-two bytes.
   On this platform, our allocation granularity is 4096 bytes.
0	 11	 11	 0	 267.190938	 -1	 0.000000	 9.197230
1	 11	 11	 0	 385.923898	 -1	 0.000000	 3.512195
>>> gr_fir_ccf: using E
>>> gr_fir_fff: using E
gr_buffer::allocate_buffer: warning: tried to allocate
   36 items of size 1776. Due to alignment requirements
   256 were allocated.  If this isn't OK, consider padding
   your structure to a power-of-two bytes.
   On this platform, our allocation granularity is 4096 bytes.
0	 11	 11	 1	 269.933494	 -1	 0.000000	 6.601480
1	 11	 11	 0	 294.370853	 -1	 0.000000	 7.793360
>>> gr_fir_ccf: using E
>>> gr_fir_fff: using E
gr_buffer::allocate_buffer: warning: tried to allocate
   36 items of size 1776. Due to alignment requirements
   256 were allocated.  If this isn't OK, consider padding
   your structure to a power-of-two bytes.
   On this platform, our allocation granularity is 4096 bytes.
0	 10	 10	 0	 469.579524	 -1	 0.000000	 5.943188
1	 10	 10	 0	 481.730244	 -1	 0.000000	 4.713911
>>> gr_fir_ccf: using E
>>> gr_fir_fff: using E
gr_buffer::allocate_buffer: warning: tried to allocate
   36 items of size 1776. Due to alignment requirements
   256 were allocated.  If this isn't OK, consider padding
   your structure to a power-of-two bytes.
   On this platform, our allocation granularity is 4096 bytes.
>>> gr_fir_ccf: using E
>>> gr_fir_fff: using E
gr_buffer::allocate_buffer: warning: tried to allocate
   36 items of size 1776. Due to alignment requirements
   256 were allocated.  If this isn't OK, consider padding
   your structure to a power-of-two bytes.
