>>> gr_fir_ccf: using E
>>> gr_fir_fff: using E
gr_buffer::allocate_buffer: warning: tried to allocate
   25 items of size 2544. Due to alignment requirements
   256 were allocated.  If this isn't OK, consider padding
   your structure to a power-of-two bytes.
   On this platform, our allocation granularity is 4096 bytes.
452	 13	 13	 1	 0.000309	 -1	 0.000000	 5.529554
453	 13	 13	 1	 0.000257	 -1	 0.000000	 4.411278
454	 13	 13	 1	 0.000212	 -1	 0.000000	 6.589537
455	 13	 13	 1	 0.000443	 -1	 0.000000	 3.734663
456	 13	 13	 1	 0.000542	 -1	 0.000000	 4.451409
457	 13	 13	 1	 0.000220	 -1	 0.000000	 4.954507
458	 13	 13	 1	 0.001111	 -1	 0.000000	 6.666636
459	 13	 13	 1	 0.000248	 -1	 0.000000	 13.320511
460	 13	 13	 1	 0.000285	 -1	 0.000000	 4.489619
461	 13	 13	 1	 0.000291	 -1	 0.000000	 9.077258
462	 13	 13	 1	 0.000392	 -1	 0.000000	 6.926829
463	 13	 13	 1	 0.000273	 -1	 0.000000	 8.828165
464	 13	 13	 1	 0.001206	 -1	 0.000000	 7.002215
465	 13	 13	 1	 0.000963	 -1	 0.000000	 5.734173
466	 13	 13	 1	 0.002363	 -1	 0.000000	 7.274361
467	 13	 13	 1	 0.001243	 -1	 0.000000	 4.671177
468	 13	 13	 0	 218.606967	 -1	 0.000000	 4.718030
485	 13	 13	 1	 0.000092	 -1	 0.000000	 10.290240
11	 13	 13	 1	 0.000783	 -1	 0.000000	 6.140543
12	 13	 13	 1	 0.000254	 -1	 0.000000	 5.345869
13	 13	 13	 1	 0.001870	 -1	 0.000000	 8.881584
14	 13	 13	 1	 0.001251	 -1	 0.000000	 9.406188
15	 13	 13	 1	 0.001185	 -1	 0.000000	 6.859792
16	 13	 13	 1	 0.000399	 -1	 0.000000	 6.443390
17	 13	 13	 1	 0.000516	 -1	 0.000000	 4.730268
18	 13	 13	 1	 0.000269	 -1	 0.000000	 3.880766
94	 13	 13	 1	 0.000272	 -1	 0.000000	 2.683809
95	 13	 13	 1	 0.002361	 -1	 0.000000	 9.106028
96	 13	 13	 1	 0.000134	 -1	 0.000000	 9.795177
97	 13	 13	 1	 0.002447	 -1	 0.000000	 10.022088
98	 13	 13	 1	 0.001110	 -1	 0.000000	 7.496472
99	 13	 13	 1	 0.000292	 -1	 0.000000	 5.021557
100	 13	 13	 1	 0.000037	 -1	 0.000000	 8.042384
101	 13	 13	 0	 1000.000000	 -1	 0.000000	 4.555500
234	 13	 13	 1	 0.000299	 -1	 0.000000	 5.896428
235	 13	 13	 1	 0.000547	 -1	 0.000000	 7.061483
236	 13	 13	 1	 0.005583	 -1	 0.000000	 4.018879
237	 13	 13	 1	 0.000342	 -1	 0.000000	 8.685818
238	 13	 13	 1	 0.004325	 -1	 0.000000	 4.151504
239	 13	 13	 1	 0.000324	 -1	 0.000000	 5.043389
240	 13	 13	 1	 0.001513	 -1	 0.000000	 4.034977
241	 13	 13	 1	 0.000550	 -1	 0.000000	 11.096479
242	 13	 13	 1	 0.000523	 -1	 0.000000	 5.792678
243	 13	 13	 1	 0.000471	 -1	 0.000000	 5.001464
244	 13	 13	 1	 0.000884	 -1	 0.000000	 4.924942
245	 13	 13	 1	 0.000547	 -1	 0.000000	 6.896789
246	 13	 13	 1	 0.000741	 -1	 0.000000	 3.972603
247	 13	 13	 1	 0.000051	 -1	 0.000000	 8.960793
248	 13	 13	 1	 0.000093	 -1	 0.000000	 6.598086
249	 13	 13	 1	 0.002804	 -1	 0.000000	 6.782833
402	 13	 13	 1	 0.001688	 -1	 0.000000	 12.280019
403	 13	 13	 1	 0.000145	 -1	 0.000000	 6.180848
404	 13	 13	 1	 0.000037	 -1	 0.000000	 5.521754
405	 13	 13	 1	 0.001276	 -1	 0.000000	 8.401444
406	 13	 13	 1	 0.000176	 -1	 0.000000	 4.841532
>>> gr_fir_ccf: using E
>>> gr_fir_fff: using E
gr_buffer::allocate_buffer: warning: tried to allocate
   25 items of size 2544. Due to alignment requirements
   256 were allocated.  If this isn't OK, consider padding
   your structure to a power-of-two bytes.
   On this platform, our allocation granularity is 4096 bytes.
478	 13	 13	 1	 0.000025	 -1	 0.000000	 4.102537
479	 13	 13	 1	 0.000245	 -1	 0.000000	 6.145525
480	 13	 13	 1	 0.006213	 -1	 0.000000	 5.557111
481	 13	 13	 1	 0.000425	 -1	 0.000000	 4.737142
482	 13	 13	 1	 0.000442	 -1	 0.000000	 9.846407
483	 13	 13	 1	 0.001182	 -1	 0.000000	 6.223594
484	 13	 13	 1	 0.000095	 -1	 0.000000	 6.481682
485	 13	 13	 1	 0.000172	 -1	 0.000000	 10.226292
486	 13	 13	 1	 0.000168	 -1	 0.000000	 13.488114
487	 13	 13	 1	 0.000439	 -1	 0.000000	 5.088857
488	 13	 13	 1	 0.000289	 -1	 0.000000	 6.940412
489	 13	 13	 1	 0.000470	 -1	 0.000000	 7.552146
490	 13	 13	 1	 0.000088	 -1	 0.000000	 7.451058
491	 13	 13	 1	 0.001011	 -1	 0.000000	 4.100848
492	 13	 13	 1	 0.000592	 -1	 0.000000	 8.845072
493	 13	 13	 1	 0.001109	 -1	 0.000000	 7.206380
494	 13	 13	 1	 0.000888	 -1	 0.000000	 4.487103
495	 13	 13	 1	 0.000762	 -1	 0.000000	 9.996084
496	 13	 13	 1	 0.000447	 -1	 0.000000	 6.288440
497	 13	 13	 1	 0.000101	 -1	 0.000000	 7.226654
498	 13	 13	 1	 0.002230	 -1	 0.000000	 7.683665
499	 13	 13	 1	 0.000424	 -1	 0.000000	 8.075239
0	 15	 15	 1	 0.026774	 -1	 0.000000	 8.732420
1	 15	 15	 1	 0.795917	 -1	 0.000000	 7.506459
>>> gr_fir_ccf: using E
>>> gr_fir_fff: using E
gr_buffer::allocate_buffer: warning: tried to allocate
   25 items of size 2544. Due to alignment requirements
   256 were allocated.  If this isn't OK, consider padding
   your structure to a power-of-two bytes.
   On this platform, our allocation granularity is 4096 bytes.
0	 15	 15	 1	 0.058213	 -1	 0.000000	 7.746603
1	 15	 15	 1	 6.277670	 -1	 0.000000	 7.453793
>>> gr_fir_ccf: using E
>>> gr_fir_fff: using E
gr_buffer::allocate_buffer: warning: tried to allocate
   25 items of size 2544. Due to alignment requirements
   256 were allocated.  If this isn't OK, consider padding
   your structure to a power-of-two bytes.
   On this platform, our allocation granularity is 4096 bytes.
0	 5	 5	 1	 4.061343	 -1	 0.000000	 9.414912
1	 5	 5	 1	 8.325537	 -1	 0.000000	 6.346805
2	 5	 5	 1	 2.294284	 -1	 0.000000	 4.138357
3	 5	 5	 1	 1.139513	 -1	 0.000000	 11.585958
4	 5	 5	 1	 0.584592	 -1	 0.000000	 5.059264
5	 5	 5	 1	 5.878170	 -1	 0.000000	 6.566454
6	 5	 5	 1	 10.400202	 -1	 0.000000	 6.953409
7	 5	 5	 1	 5.841673	 -1	 0.000000	 6.138320
8	 5	 5	 1	 4.075002	 -1	 0.000000	 7.303704
9	 5	 5	 1	 5.533311	 -1	 0.000000	 6.999578
10	 5	 5	 1	 7.807410	 -1	 0.000000	 5.916427
11	 5	 5	 1	 7.967936	 -1	 0.000000	 6.080338
12	 5	 5	 1	 5.439723	 -1	 0.000000	 8.400128
13	 5	 5	 1	 1.307224	 -1	 0.000000	 7.450970
14	 5	 5	 1	 6.842033	 -1	 0.000000	 3.979606
15	 5	 5	 1	 3.115578	 -1	 0.000000	 9.173656
16	 5	 5	 1	 4.422878	 -1	 0.000000	 7.181853
17	 5	 5	 1	 4.186419	 -1	 0.000000	 4.510904
18	 5	 5	 1	 2.305212	 -1	 0.000000	 4.725775
19	 5	 5	 1	 1.534926	 -1	 0.000000	 11.266812
20	 5	 5	 1	 8.652369	 -1	 0.000000	 2.834843
21	 5	 5	 1	 0.175960	 -1	 0.000000	 8.387356
22	 5	 5	 1	 3.181116	 -1	 0.000000	 8.254360
23	 5	 5	 1	 11.296033	 -1	 0.000000	 4.330156
24	 5	 5	 1	 1.657579	 -1	 0.000000	 7.878192
25	 5	 5	 1	 16.237632	 -1	 0.000000	 6.820886
26	 5	 5	 1	 12.180561	 -1	 0.000000	 9.919371
27	 5	 5	 1	 10.451856	 -1	 0.000000	 5.746534
28	 5	 5	 1	 4.516930	 -1	 0.000000	 6.607622
29	 5	 5	 1	 4.551853	 -1	 0.000000	 6.409322
30	 5	 5	 1	 7.346898	 -1	 0.000000	 8.556207
31	 5	 5	 1	 2.402185	 -1	 0.000000	 8.909730
32	 5	 5	 1	 5.691776	 -1	 0.000000	 6.941911
33	 5	 5	 1	 4.583257	 -1	 0.000000	 6.217629
34	 5	 5	 1	 10.621640	 -1	 0.000000	 6.271032
35	 5	 5	 1	 3.244718	 -1	 0.000000	 7.330785
36	 5	 5	 1	 15.332703	 -1	 0.000000	 4.746361
37	 5	 5	 1	 3.223476	 -1	 0.000000	 6.706376
38	 5	 5	 1	 2.047419	 -1	 0.000000	 9.739283
39	 5	 5	 1	 6.192644	 -1	 0.000000	 4.638023
40	 5	 5	 1	 13.138290	 -1	 0.000000	 4.680809
41	 5	 5	 1	 1.334569	 -1	 0.000000	 8.775983
42	 5	 5	 1	 8.624817	 -1	 0.000000	 8.734598
43	 5	 5	 1	 7.588719	 -1	 0.000000	 6.235466
44	 5	 5	 1	 7.449306	 -1	 0.000000	 4.382003
45	 5	 5	 1	 3.131913	 -1	 0.000000	 7.814480
46	 5	 5	 1	 2.782909	 -1	 0.000000	 8.207707
47	 5	 5	 1	 2.499278	 -1	 0.000000	 4.279435
48	 5	 5	 1	 15.508017	 -1	 0.000000	 3.117087
49	 5	 5	 1	 3.652784	 -1	 0.000000	 6.520175
50	 5	 5	 1	 4.998374	 -1	 0.000000	 6.376729
51	 5	 5	 1	 1.970870	 -1	 0.000000	 6.242696
52	 5	 5	 1	 3.463942	 -1	 0.000000	 6.296402
53	 5	 5	 1	 5.711670	 -1	 0.000000	 4.456244
54	 5	 5	 1	 12.931448	 -1	 0.000000	 6.193289
55	 5	 5	 1	 0.546747	 -1	 0.000000	 7.499265
56	 5	 5	 1	 2.365037	 -1	 0.000000	 7.971326
57	 5	 5	 1	 1.270645	 -1	 0.000000	 4.758886
58	 5	 5	 1	 4.550223	 -1	 0.000000	 9.058902
59	 5	 5	 1	 10.460964	 -1	 0.000000	 6.885452
60	 5	 5	 1	 1.519543	 -1	 0.000000	 5.096349
61	 5	 5	 1	 1.153603	 -1	 0.000000	 8.363727
62	 5	 5	 1	 2.305036	 -1	 0.000000	 8.918593
63	 5	 5	 1	 8.048499	 -1	 0.000000	 6.555639
>>> gr_fir_ccf: using E
>>> gr_fir_fff: using E
gr_buffer::allocate_buffer: warning: tried to allocate
   25 items of size 2544. Due to alignment requirements
   256 were allocated.  If this isn't OK, consider padding
   your structure to a power-of-two bytes.
   On this platform, our allocation granularity is 4096 bytes.
494	 5	 5	 1	 5.014857	 -1	 0.000000	 7.697793
495	 5	 5	 1	 6.582454	 -1	 0.000000	 3.953366
496	 5	 5	 1	 2.459930	 -1	 0.000000	 6.397480
497	 5	 5	 1	 1.958533	 -1	 0.000000	 7.527100
498	 5	 5	 1	 13.472047	 -1	 0.000000	 6.454767
499	 5	 5	 1	 8.122151	 -1	 0.000000	 12.649022
0	 5	 5	 1	 2.048119	 -1	 0.000000	 9.674165
1	 5	 5	 1	 5.552428	 -1	 0.000000	 6.446115
2	 5	 5	 1	 1.097756	 -1	 0.000000	 5.166951
3	 5	 5	 1	 2.570099	 -1	 0.000000	 7.732267
4	 5	 5	 1	 0.578575	 -1	 0.000000	 6.923997
5	 5	 5	 1	 1.745848	 -1	 0.000000	 5.739320
6	 5	 5	 1	 0.960541	 -1	 0.000000	 5.405557
7	 5	 5	 1	 4.250536	 -1	 0.000000	 6.404104
8	 5	 5	 1	 1.772658	 -1	 0.000000	 6.489614
9	 5	 5	 1	 3.344733	 -1	 0.000000	 6.804981
10	 5	 5	 1	 0.245360	 -1	 0.000000	 5.700789
11	 5	 5	 1	 7.822611	 -1	 0.000000	 9.398327
12	 5	 5	 1	 16.923447	 -1	 0.000000	 7.086002
13	 5	 5	 1	 1.488838	 -1	 0.000000	 4.875105
14	 5	 5	 1	 2.076172	 -1	 0.000000	 8.584366
15	 5	 5	 1	 4.762241	 -1	 0.000000	 9.508989
16	 5	 5	 1	 2.381470	 -1	 0.000000	 5.269557
17	 5	 5	 1	 9.073951	 -1	 0.000000	 6.399851
18	 5	 5	 1	 10.322726	 -1	 0.000000	 5.995250
19	 5	 5	 1	 8.887133	 -1	 0.000000	 4.237726
20	 5	 5	 1	 1.059671	 -1	 0.000000	 5.009287
21	 5	 5	 1	 5.314041	 -1	 0.000000	 5.360823
22	 5	 5	 1	 1.416724	 -1	 0.000000	 4.143985
23	 5	 5	 1	 0.924168	 -1	 0.000000	 6.862507
24	 5	 5	 1	 1.303583	 -1	 0.000000	 9.079208
25	 5	 5	 1	 3.615097	 -1	 0.000000	 11.663564
26	 5	 5	 1	 1.673180	 -1	 0.000000	 6.719288
27	 5	 5	 1	 3.264991	 -1	 0.000000	 4.487181
28	 5	 5	 1	 3.567632	 -1	 0.000000	 9.343480
29	 5	 5	 1	 2.487258	 -1	 0.000000	 8.661552
30	 5	 5	 1	 4.143112	 -1	 0.000000	 6.020422
31	 5	 5	 1	 1.345670	 -1	 0.000000	 7.123896
32	 5	 5	 1	 15.763731	 -1	 0.000000	 3.759322
33	 5	 5	 1	 1.425138	 -1	 0.000000	 14.976028
34	 5	 5	 1	 8.653193	 -1	 0.000000	 6.286224
35	 5	 5	 1	 7.095584	 -1	 0.000000	 5.508083
36	 5	 5	 1	 4.696283	 -1	 0.000000	 8.043835
37	 5	 5	 1	 15.795407	 -1	 0.000000	 4.154567
38	 5	 5	 1	 15.212895	 -1	 0.000000	 4.486495
39	 5	 5	 1	 3.861420	 -1	 0.000000	 9.755741
>>> gr_fir_ccf: using E
>>> gr_fir_fff: using E
gr_buffer::allocate_buffer: warning: tried to allocate
   25 items of size 2544. Due to alignment requirements
   256 were allocated.  If this isn't OK, consider padding
   your structure to a power-of-two bytes.
   On this platform, our allocation granularity is 4096 bytes.
0	 7	 7	 1	 6.388165	 -1	 0.000000	 5.738648
1	 7	 7	 1	 3.131411	 -1	 0.000000	 5.946876
2	 7	 7	 1	 15.570731	 -1	 0.000000	 5.635638
3	 7	 7	 1	 26.700551	 -1	 0.000000	 7.763417
4	 7	 7	 1	 10.006165	 -1	 0.000000	 8.519619
5	 7	 7	 1	 23.263412	 -1	 0.000000	 4.100316
6	 7	 7	 1	 12.112117	 -1	 0.000000	 6.277264
7	 7	 7	 1	 18.658721	 -1	 0.000000	 15.807819
8	 7	 7	 1	 10.484420	 -1	 0.000000	 3.932793
9	 7	 7	 1	 12.359015	 -1	 0.000000	 8.856000
10	 7	 7	 1	 10.395115	 -1	 0.000000	 4.993048
11	 7	 7	 1	 12.679885	 -1	 0.000000	 4.983131
12	 7	 7	 1	 15.938682	 -1	 0.000000	 5.337514
13	 7	 7	 1	 13.500560	 -1	 0.000000	 6.649786
14	 7	 7	 1	 2.307811	 -1	 0.000000	 6.857265
15	 7	 7	 1	 14.049535	 -1	 0.000000	 5.551816
16	 7	 7	 1	 7.536736	 -1	 0.000000	 7.054639
17	 7	 7	 1	 3.738692	 -1	 0.000000	 8.523490
18	 7	 7	 1	 3.031754	 -1	 0.000000	 3.951132
19	 7	 7	 1	 1.261369	 -1	 0.000000	 6.259682
20	 7	 7	 1	 11.342652	 -1	 0.000000	 8.291698
21	 7	 7	 1	 3.801964	 -1	 0.000000	 6.462488
22	 7	 7	 1	 15.962653	 -1	 0.000000	 4.679477
23	 7	 7	 1	 2.531413	 -1	 0.000000	 7.579105
24	 7	 7	 1	 16.247004	 -1	 0.000000	 5.822302
25	 7	 7	 1	 6.384411	 -1	 0.000000	 9.732543
26	 7	 7	 1	 9.116116	 -1	 0.000000	 7.152067
27	 7	 7	 1	 12.341333	 -1	 0.000000	 5.210399
28	 7	 7	 1	 12.835003	 -1	 0.000000	 7.391538
29	 7	 7	 1	 27.784960	 -1	 0.000000	 4.535931
30	 7	 7	 1	 18.091727	 -1	 0.000000	 6.435780
31	 7	 7	 1	 10.089225	 -1	 0.000000	 6.740908
32	 7	 7	 1	 9.468605	 -1	 0.000000	 7.573445
33	 7	 7	 1	 6.018534	 -1	 0.000000	 7.231710
34	 7	 7	 1	 9.384685	 -1	 0.000000	 12.109037
>>> gr_fir_ccf: using E
>>> gr_fir_fff: using E
terminate called after throwing an instance of 'std::invalid_argument'
  what():  gr_ofdm_demod: Incorrect subcarriers allocated
>>> gr_fir_ccf: using E
>>> gr_fir_fff: using E
gr_buffer::allocate_buffer: warning: tried to allocate
   25 items of size 2544. Due to alignment requirements
   256 were allocated.  If this isn't OK, consider padding
   your structure to a power-of-two bytes.
   On this platform, our allocation granularity is 4096 bytes.
0	 9	 9	 1	 205.707992	 -1	 0.000000	 8.334081
1	 9	 9	 0	 276.207141	 -1	 0.000000	 9.116925
2	 9	 9	 0	 270.141833	 -1	 0.000000	 12.851048
3	 9	 9	 0	 293.376304	 -1	 0.000000	 9.037924
4	 9	 9	 0	 204.743579	 -1	 0.000000	 10.478031
5	 9	 9	 0	 217.403755	 -1	 0.000000	 7.041587
6	 9	 9	 0	 243.852193	 -1	 0.000000	 8.059945
7	 9	 9	 0	 315.331729	 -1	 0.000000	 7.350259
8	 9	 9	 0	 351.274404	 -1	 0.000000	 4.777862
9	 9	 9	 1	 209.200602	 -1	 0.000000	 7.147733
10	 9	 9	 0	 309.805067	 -1	 0.000000	 5.071371
11	 9	 9	 1	 221.445365	 -1	 0.000000	 5.909513
12	 9	 9	 1	 203.925075	 -1	 0.000000	 6.854038
13	 9	 9	 0	 292.358272	 -1	 0.000000	 6.183806
14	 9	 9	 0	 259.979475	 -1	 0.000000	 8.972584
15	 9	 9	 1	 178.810608	 -1	 0.000000	 10.360983
16	 9	 9	 0	 319.476357	 -1	 0.000000	 6.490847
17	 9	 9	 1	 182.138415	 -1	 0.000000	 6.239145
18	 9	 9	 1	 233.485044	 -1	 0.000000	 14.647452
19	 9	 9	 0	 277.950487	 -1	 0.000000	 6.040521
20	 9	 9	 0	 377.030107	 -1	 0.000000	 5.279351
21	 9	 9	 1	 264.781997	 -1	 0.000000	 4.119435
22	 9	 9	 0	 347.927428	 -1	 0.000000	 5.160027
23	 9	 9	 1	 228.184944	 -1	 0.000000	 6.298296
24	 9	 9	 0	 272.811777	 -1	 0.000000	 9.448096
25	 9	 9	 1	 211.320528	 -1	 0.000000	 7.147134
26	 9	 9	 1	 204.416018	 -1	 0.000000	 10.962913
27	 9	 9	 1	 196.366027	 -1	 0.000000	 5.665427
28	 9	 9	 1	 245.413122	 -1	 0.000000	 9.663513
29	 9	 9	 1	 254.999730	 -1	 0.000000	 4.442794
30	 9	 9	 0	 270.078858	 -1	 0.000000	 4.933342
31	 9	 9	 1	 207.166397	 -1	 0.000000	 8.450337
32	 9	 9	 1	 169.789160	 -1	 0.000000	 6.484682
33	 9	 9	 1	 192.875954	 -1	 0.000000	 18.591305
34	 9	 9	 0	 319.340875	 -1	 0.000000	 10.702299
35	 9	 9	 1	 239.623232	 -1	 0.000000	 7.564442
36	 9	 9	 0	 286.246777	 -1	 0.000000	 9.983435
37	 9	 9	 0	 337.784174	 -1	 0.000000	 15.658012
38	 9	 9	 0	 299.013288	 -1	 0.000000	 4.663268
39	 9	 9	 0	 215.784538	 -1	 0.000000	 5.852775
40	 9	 9	 1	 203.572263	 -1	 0.000000	 10.449581
41	 9	 9	 0	 322.847262	 -1	 0.000000	 6.532422
42	 9	 9	 0	 287.079322	 -1	 0.000000	 5.360454
43	 9	 9	 1	 230.089146	 -1	 0.000000	 8.571276
44	 9	 9	 1	 254.708372	 -1	 0.000000	 9.869164
45	 9	 9	 1	 214.714381	 -1	 0.000000	 9.215527
46	 9	 9	 1	 179.611727	 -1	 0.000000	 5.019801
47	 9	 9	 0	 340.111774	 -1	 0.000000	 8.558911
48	 9	 9	 0	 330.258637	 -1	 0.000000	 5.414392
49	 9	 9	 1	 200.331812	 -1	 0.000000	 6.148786
50	 9	 9	 1	 162.561143	 -1	 0.000000	 4.646052
51	 9	 9	 0	 356.587825	 -1	 0.000000	 5.121081
52	 9	 9	 1	 187.195449	 -1	 0.000000	 10.512099
>>> gr_fir_ccf: using E
>>> gr_fir_fff: using E
gr_buffer::allocate_buffer: warning: tried to allocate
   25 items of size 2544. Due to alignment requirements
   256 were allocated.  If this isn't OK, consider padding
   your structure to a power-of-two bytes.
   On this platform, our allocation granularity is 4096 bytes.
0	 9	 9	 0	 347.766105	 -1	 0.000000	 4.626508
1	 9	 9	 0	 329.163241	 -1	 0.000000	 5.676203
2	 9	 9	 1	 238.059899	 -1	 0.000000	 6.546556
3	 9	 9	 1	 186.217985	 -1	 0.000000	 5.247747
4	 9	 9	 1	 231.957960	 -1	 0.000000	 7.610460
5	 9	 9	 0	 361.717862	 -1	 0.000000	 7.812289
6	 9	 9	 1	 178.963780	 -1	 0.000000	 4.613182
7	 9	 9	 0	 282.014203	 -1	 0.000000	 5.506419
8	 9	 9	 1	 229.731376	 -1	 0.000000	 6.408641
9	 9	 9	 1	 203.372801	 -1	 0.000000	 6.160489
10	 9	 9	 0	 288.291057	 -1	 0.000000	 5.884073
11	 9	 9	 0	 297.129296	 -1	 0.000000	 5.593868
12	 9	 9	 0	 320.333057	 -1	 0.000000	 3.562925
13	 9	 9	 1	 251.412263	 -1	 0.000000	 7.269052
14	 9	 9	 0	 223.394494	 -1	 0.000000	 5.911643
15	 9	 9	 1	 200.354487	 -1	 0.000000	 8.101574
16	 9	 9	 1	 208.265524	 -1	 0.000000	 9.490408
17	 9	 9	 0	 255.550623	 -1	 0.000000	 6.984538
18	 9	 9	 1	 225.455307	 -1	 0.000000	 9.786803
19	 9	 9	 1	 207.328895	 -1	 0.000000	 9.211344
20	 9	 9	 0	 241.317584	 -1	 0.000000	 5.022818
21	 9	 9	 1	 211.609104	 -1	 0.000000	 5.857896
22	 9	 9	 1	 252.309455	 -1	 0.000000	 6.387576
23	 9	 9	 1	 201.824403	 -1	 0.000000	 7.038051
24	 9	 9	 0	 275.362514	 -1	 0.000000	 6.624018
25	 9	 9	 1	 205.349820	 -1	 0.000000	 5.753045
26	 9	 9	 1	 170.840711	 -1	 0.000000	 7.331131
27	 9	 9	 0	 256.360764	 -1	 0.000000	 5.043314
28	 9	 9	 1	 190.367247	 -1	 0.000000	 7.515808
29	 9	 9	 1	 216.509704	 -1	 0.000000	 5.533704
30	 9	 9	 1	 265.060285	 -1	 0.000000	 6.506286
31	 9	 9	 1	 199.269536	 -1	 0.000000	 6.937029
32	 9	 9	 0	 326.056559	 -1	 0.000000	 9.048537
33	 9	 9	 0	 311.464808	 -1	 0.000000	 9.884268
34	 9	 9	 0	 319.092182	 -1	 0.000000	 10.504449
35	 9	 9	 1	 200.631561	 -1	 0.000000	 5.146035
36	 9	 9	 0	 406.478857	 -1	 0.000000	 4.467522
37	 9	 9	 1	 248.470033	 -1	 0.000000	 5.517196
38	 9	 9	 0	 275.814980	 -1	 0.000000	 12.493995
39	 9	 9	 1	 216.034050	 -1	 0.000000	 6.273968
40	 9	 9	 0	 282.393028	 -1	 0.000000	 12.042257
41	 9	 9	 1	 204.131341	 -1	 0.000000	 7.971271
42	 9	 9	 0	 221.331241	 -1	 0.000000	 5.884070
43	 9	 9	 1	 242.809830	 -1	 0.000000	 7.390038
44	 9	 9	 0	 340.209243	 -1	 0.000000	 5.887538
45	 9	 9	 0	 282.622542	 -1	 0.000000	 10.742382
46	 9	 9	 1	 269.617346	 -1	 0.000000	 5.918993
47	 9	 9	 0	 246.835254	 -1	 0.000000	 6.023724
48	 9	 9	 1	 175.135342	 -1	 0.000000	 6.962525
49	 9	 9	 0	 314.581248	 -1	 0.000000	 5.076778
50	 9	 9	 0	 210.255028	 -1	 0.000000	 7.582684
51	 9	 9	 0	 353.781736	 -1	 0.000000	 9.616446
52	 9	 9	 0	 370.004825	 -1	 0.000000	 4.336360
53	 9	 9	 0	 358.233129	 -1	 0.000000	 8.383900
54	 9	 9	 1	 205.739737	 -1	 0.000000	 6.329040
>>> gr_fir_ccf: using E
>>> gr_fir_fff: using E
gr_buffer::allocate_buffer: warning: tried to allocate
   25 items of size 2544. Due to alignment requirements
   256 were allocated.  If this isn't OK, consider padding
   your structure to a power-of-two bytes.
   On this platform, our allocation granularity is 4096 bytes.
0	 11	 11	 0	 441.698863	 -1	 0.000000	 4.533971
1	 11	 11	 0	 399.581255	 -1	 0.000000	 6.398751
2	 11	 11	 0	 374.955275	 -1	 0.000000	 4.257003
3	 11	 11	 0	 421.865177	 -1	 0.000000	 7.814018
4	 11	 11	 0	 415.867740	 -1	 0.000000	 5.907334
5	 11	 11	 0	 447.911058	 -1	 0.000000	 9.676977
6	 11	 11	 0	 373.666003	 -1	 0.000000	 6.200953
7	 11	 11	 0	 365.618500	 -1	 0.000000	 8.636127
8	 11	 11	 0	 359.592410	 -1	 0.000000	 10.306068
9	 11	 11	 0	 437.863842	 -1	 0.000000	 5.965792
10	 11	 11	 0	 426.706485	 -1	 0.000000	 4.179229
11	 11	 11	 0	 425.686454	 -1	 0.000000	 6.145796
12	 11	 11	 0	 400.520321	 -1	 0.000000	 4.733345
13	 11	 11	 0	 424.000530	 -1	 0.000000	 13.837675
14	 11	 11	 0	 421.467711	 -1	 0.000000	 7.223263
15	 11	 11	 0	 370.499158	 -1	 0.000000	 4.709874
16	 11	 11	 0	 424.916942	 -1	 0.000000	 6.317110
17	 11	 11	 0	 438.812025	 -1	 0.000000	 4.920298
18	 11	 11	 0	 370.376997	 -1	 0.000000	 6.900177
19	 11	 11	 0	 436.462577	 -1	 0.000000	 5.950431
20	 11	 11	 0	 399.293848	 -1	 0.000000	 10.881322
21	 11	 11	 0	 391.128759	 -1	 0.000000	 6.695601
22	 11	 11	 0	 389.103118	 -1	 0.000000	 5.711721
23	 11	 11	 0	 372.592582	 -1	 0.000000	 11.894555
24	 11	 11	 0	 408.301957	 -1	 0.000000	 5.533924
25	 11	 11	 0	 369.563957	 -1	 0.000000	 9.939594
26	 11	 11	 0	 353.133236	 -1	 0.000000	 11.427736
27	 11	 11	 0	 374.269651	 -1	 0.000000	 12.461322
28	 11	 11	 0	 393.849757	 -1	 0.000000	 5.707801
29	 11	 11	 0	 433.728393	 -1	 0.000000	 8.423281
30	 11	 11	 0	 386.064279	 -1	 0.000000	 6.048419
31	 11	 11	 0	 437.076724	 -1	 0.000000	 7.128341
32	 11	 11	 0	 423.163299	 -1	 0.000000	 5.948482
33	 11	 11	 0	 422.154852	 -1	 0.000000	 6.980114
34	 11	 11	 0	 442.074211	 -1	 0.000000	 3.982584
35	 11	 11	 0	 429.365621	 -1	 0.000000	 7.778839
36	 11	 11	 0	 405.924495	 -1	 0.000000	 6.919595
37	 11	 11	 0	 421.914803	 -1	 0.000000	 6.432692
38	 11	 11	 0	 395.073308	 -1	 0.000000	 4.373367
39	 11	 11	 0	 403.045723	 -1	 0.000000	 4.409511
40	 11	 11	 0	 390.635213	 -1	 0.000000	 6.032025
41	 11	 11	 0	 409.247096	 -1	 0.000000	 9.297060
>>> gr_fir_ccf: using E
>>> gr_fir_fff: using E
gr_buffer::allocate_buffer: warning: tried to allocate
   25 items of size 2544. Due to alignment requirements
   256 were allocated.  If this isn't OK, consider padding
   your structure to a power-of-two bytes.
   On this platform, our allocation granularity is 4096 bytes.
0	 11	 11	 0	 427.733464	 -1	 0.000000	 6.742893
1	 11	 11	 0	 423.831400	 -1	 0.000000	 7.956382
>>> gr_fir_ccf: using E
>>> gr_fir_fff: using E
gr_buffer::allocate_buffer: warning: tried to allocate
   25 items of size 2544. Due to alignment requirements
   256 were allocated.  If this isn't OK, consider padding
   your structure to a power-of-two bytes.
   On this platform, our allocation granularity is 4096 bytes.
0	 10	 10	 0	 478.540816	 -1	 0.000000	 11.797885
1	 10	 10	 0	 474.286126	 -1	 0.000000	 6.132541
>>> gr_fir_ccf: using E
>>> gr_fir_fff: using E
gr_buffer::allocate_buffer: warning: tried to allocate
   25 items of size 2544. Due to alignment requirements
   256 were allocated.  If this isn't OK, consider padding
   your structure to a power-of-two bytes.
   On this platform, our allocation granularity is 4096 bytes.
>>> gr_fir_ccf: using E
>>> gr_fir_fff: using E
gr_buffer::allocate_buffer: warning: tried to allocate
   25 items of size 2544. Due to alignment requirements
   256 were allocated.  If this isn't OK, consider padding
   your structure to a power-of-two bytes.
