>>> gr_fir_ccf: using E
>>> gr_fir_fff: using E
gr_buffer::allocate_buffer: warning: tried to allocate
   25 items of size 2544. Due to alignment requirements
   256 were allocated.  If this isn't OK, consider padding
   your structure to a power-of-two bytes.
   On this platform, our allocation granularity is 4096 bytes.
0	 13	 13	 1	 0.006759	 -1	 0.000000	 5.317065
1	 13	 13	 1	 0.002484	 -1	 0.000000	 7.099568
2	 13	 13	 1	 0.000700	 -1	 0.000000	 5.849683
3	 13	 13	 1	 0.000194	 -1	 0.000000	 5.013862
4	 13	 13	 1	 0.000676	 -1	 0.000000	 7.419739
5	 13	 13	 1	 0.005636	 -1	 0.000000	 4.273721
6	 13	 13	 1	 0.002322	 -1	 0.000000	 8.115279
7	 13	 13	 1	 0.000187	 -1	 0.000000	 5.051967
8	 13	 13	 1	 0.002140	 -1	 0.000000	 9.069322
9	 13	 13	 1	 0.001983	 -1	 0.000000	 5.739607
10	 13	 13	 1	 0.002109	 -1	 0.000000	 7.073957
11	 13	 13	 1	 0.001923	 -1	 0.000000	 7.036461
12	 13	 13	 1	 0.000898	 -1	 0.000000	 7.867646
13	 13	 13	 1	 0.001341	 -1	 0.000000	 14.070979
14	 13	 13	 1	 0.000785	 -1	 0.000000	 10.098433
15	 13	 13	 1	 0.000807	 -1	 0.000000	 3.937904
16	 13	 13	 1	 0.006185	 -1	 0.000000	 4.940384
17	 13	 13	 1	 0.003926	 -1	 0.000000	 10.631269
18	 13	 13	 1	 0.000712	 -1	 0.000000	 7.602207
19	 13	 13	 1	 0.000716	 -1	 0.000000	 7.750073
20	 13	 13	 1	 0.002354	 -1	 0.000000	 8.516170
>>> gr_fir_ccf: using E
>>> gr_fir_fff: using E
gr_buffer::allocate_buffer: warning: tried to allocate
   25 items of size 2544. Due to alignment requirements
   256 were allocated.  If this isn't OK, consider padding
   your structure to a power-of-two bytes.
   On this platform, our allocation granularity is 4096 bytes.
416	 13	 13	 1	 0.000039	 -1	 0.000000	 6.143854
417	 13	 13	 1	 0.000888	 -1	 0.000000	 8.282464
418	 13	 13	 1	 0.000720	 -1	 0.000000	 6.556739
419	 13	 13	 1	 0.000891	 -1	 0.000000	 4.729072
420	 13	 13	 1	 0.000791	 -1	 0.000000	 13.512772
421	 13	 13	 1	 0.001010	 -1	 0.000000	 7.896305
422	 13	 13	 1	 0.016673	 -1	 0.000000	 5.462508
423	 13	 13	 1	 0.005989	 -1	 0.000000	 5.786353
424	 13	 13	 1	 0.000956	 -1	 0.000000	 9.864978
425	 13	 13	 1	 0.002271	 -1	 0.000000	 6.672081
426	 13	 13	 1	 0.005115	 -1	 0.000000	 4.664248
427	 13	 13	 1	 0.001429	 -1	 0.000000	 4.736561
428	 13	 13	 1	 0.001295	 -1	 0.000000	 6.080525
429	 13	 13	 1	 0.000634	 -1	 0.000000	 4.127156
430	 13	 13	 1	 0.000937	 -1	 0.000000	 5.903983
431	 13	 13	 1	 0.001627	 -1	 0.000000	 8.556805
432	 13	 13	 1	 0.000220	 -1	 0.000000	 6.843044
433	 13	 13	 1	 0.000840	 -1	 0.000000	 4.175097
434	 13	 13	 1	 0.002268	 -1	 0.000000	 14.402263
435	 13	 13	 1	 0.000927	 -1	 0.000000	 4.368269
436	 13	 13	 1	 0.001016	 -1	 0.000000	 6.699425
437	 13	 13	 1	 0.000806	 -1	 0.000000	 5.018939
438	 13	 13	 1	 0.001432	 -1	 0.000000	 9.143727
439	 13	 13	 1	 0.008827	 -1	 0.000000	 5.954205
440	 13	 13	 1	 0.000310	 -1	 0.000000	 8.902845
441	 13	 13	 1	 0.096901	 -1	 0.000000	 4.962378
442	 13	 13	 1	 0.000567	 -1	 0.000000	 4.749003
443	 13	 13	 1	 0.055211	 -1	 0.000000	 5.535568
444	 13	 13	 1	 0.000345	 -1	 0.000000	 7.267819
445	 13	 13	 1	 0.000850	 -1	 0.000000	 6.421253
446	 13	 13	 1	 0.000468	 -1	 0.000000	 4.659268
447	 13	 13	 1	 0.001281	 -1	 0.000000	 5.362031
448	 13	 13	 1	 0.008753	 -1	 0.000000	 6.742660
449	 13	 13	 1	 0.000829	 -1	 0.000000	 5.145911
450	 13	 13	 1	 0.000372	 -1	 0.000000	 5.331807
451	 13	 13	 1	 0.000272	 -1	 0.000000	 5.168779
452	 13	 13	 1	 0.000674	 -1	 0.000000	 6.676894
453	 13	 13	 1	 0.000961	 -1	 0.000000	 8.176582
454	 13	 13	 1	 0.021183	 -1	 0.000000	 4.323198
455	 13	 13	 1	 0.005263	 -1	 0.000000	 12.668494
456	 13	 13	 1	 0.001028	 -1	 0.000000	 5.791334
457	 13	 13	 1	 0.001729	 -1	 0.000000	 10.937895
458	 13	 13	 1	 0.003700	 -1	 0.000000	 6.965969
459	 13	 13	 1	 0.000265	 -1	 0.000000	 6.263720
460	 13	 13	 1	 0.020484	 -1	 0.000000	 8.542831
461	 13	 13	 1	 0.001383	 -1	 0.000000	 10.889331
462	 13	 13	 1	 0.024474	 -1	 0.000000	 6.107644
463	 13	 13	 1	 0.092124	 -1	 0.000000	 5.994141
464	 13	 13	 1	 0.000344	 -1	 0.000000	 15.146696
465	 13	 13	 1	 0.017349	 -1	 0.000000	 11.153496
466	 13	 13	 1	 0.000352	 -1	 0.000000	 5.016124
467	 13	 13	 1	 0.000441	 -1	 0.000000	 7.545723
468	 13	 13	 1	 0.000536	 -1	 0.000000	 3.372730
469	 13	 13	 1	 0.000628	 -1	 0.000000	 5.055868
470	 13	 13	 1	 0.000735	 -1	 0.000000	 5.796252
471	 13	 13	 1	 0.006189	 -1	 0.000000	 12.399933
472	 13	 13	 1	 0.000235	 -1	 0.000000	 7.380627
473	 13	 13	 1	 0.003327	 -1	 0.000000	 9.664290
474	 13	 13	 1	 0.000331	 -1	 0.000000	 8.347819
475	 13	 13	 1	 0.001811	 -1	 0.000000	 5.430045
476	 13	 13	 1	 0.000182	 -1	 0.000000	 6.809539
477	 13	 13	 1	 0.110316	 -1	 0.000000	 4.298816
478	 13	 13	 1	 0.002214	 -1	 0.000000	 11.935138
479	 13	 13	 1	 0.000374	 -1	 0.000000	 5.957115
480	 13	 13	 1	 0.000396	 -1	 0.000000	 5.292447
481	 13	 13	 1	 0.000790	 -1	 0.000000	 4.281641
482	 13	 13	 1	 0.000620	 -1	 0.000000	 6.915915
483	 13	 13	 1	 0.002859	 -1	 0.000000	 14.872611
484	 13	 13	 1	 0.006226	 -1	 0.000000	 10.562042
485	 13	 13	 1	 0.081151	 -1	 0.000000	 13.627545
486	 13	 13	 1	 0.001033	 -1	 0.000000	 7.858066
487	 13	 13	 1	 0.000067	 -1	 0.000000	 6.872661
488	 13	 13	 1	 0.000788	 -1	 0.000000	 7.517483
489	 13	 13	 1	 0.002637	 -1	 0.000000	 6.980985
490	 13	 13	 1	 0.000657	 -1	 0.000000	 9.429931
491	 13	 13	 1	 0.001677	 -1	 0.000000	 6.366255
492	 13	 13	 1	 0.000178	 -1	 0.000000	 6.474177
493	 13	 13	 1	 0.001537	 -1	 0.000000	 7.061493
494	 13	 13	 1	 0.001751	 -1	 0.000000	 6.462680
495	 13	 13	 1	 0.000553	 -1	 0.000000	 5.337203
496	 13	 13	 1	 0.001275	 -1	 0.000000	 6.371215
497	 13	 13	 1	 0.001002	 -1	 0.000000	 5.711888
498	 13	 13	 1	 0.000572	 -1	 0.000000	 7.690777
>>> gr_fir_ccf: using E
>>> gr_fir_fff: using E
gr_buffer::allocate_buffer: warning: tried to allocate
   25 items of size 2544. Due to alignment requirements
   256 were allocated.  If this isn't OK, consider padding
   your structure to a power-of-two bytes.
   On this platform, our allocation granularity is 4096 bytes.
0	 15	 15	 1	 0.058557	 -1	 0.000000	 5.837983
1	 15	 15	 1	 0.005860	 -1	 0.000000	 6.911920
>>> gr_fir_ccf: using E
>>> gr_fir_fff: using E
gr_buffer::allocate_buffer: warning: tried to allocate
   25 items of size 2544. Due to alignment requirements
   256 were allocated.  If this isn't OK, consider padding
   your structure to a power-of-two bytes.
   On this platform, our allocation granularity is 4096 bytes.
0	 5	 5	 1	 2.243928	 -1	 0.000000	 9.057288
1	 5	 5	 1	 2.130979	 -1	 0.000000	 7.375336
2	 5	 5	 1	 1.334530	 -1	 0.000000	 8.247934
3	 5	 5	 1	 5.272883	 -1	 0.000000	 9.959874
4	 5	 5	 1	 9.707873	 -1	 0.000000	 4.327217
5	 5	 5	 1	 12.432080	 -1	 0.000000	 6.031479
6	 5	 5	 1	 3.259253	 -1	 0.000000	 5.455713
7	 5	 5	 1	 2.021745	 -1	 0.000000	 9.708152
8	 5	 5	 1	 1.801693	 -1	 0.000000	 5.353691
9	 5	 5	 1	 0.771282	 -1	 0.000000	 9.299570
10	 5	 5	 1	 3.305373	 -1	 0.000000	 10.009965
11	 5	 5	 1	 1.509995	 -1	 0.000000	 10.982478
12	 5	 5	 1	 1.358595	 -1	 0.000000	 5.972112
13	 5	 5	 1	 5.208885	 -1	 0.000000	 6.313108
14	 5	 5	 1	 1.680926	 -1	 0.000000	 6.468503
15	 5	 5	 1	 4.214194	 -1	 0.000000	 6.201975
16	 5	 5	 1	 7.450065	 -1	 0.000000	 5.502049
17	 5	 5	 1	 2.222317	 -1	 0.000000	 4.624352
18	 5	 5	 1	 6.919224	 -1	 0.000000	 11.859884
19	 5	 5	 1	 4.373649	 -1	 0.000000	 5.693742
20	 5	 5	 1	 0.819082	 -1	 0.000000	 4.896864
21	 5	 5	 1	 0.881264	 -1	 0.000000	 6.502475
22	 5	 5	 1	 0.486386	 -1	 0.000000	 7.858198
23	 5	 5	 1	 5.036579	 -1	 0.000000	 4.166854
24	 5	 5	 1	 3.531609	 -1	 0.000000	 7.817496
25	 5	 5	 1	 4.197387	 -1	 0.000000	 4.333761
26	 5	 5	 1	 0.589927	 -1	 0.000000	 6.227516
27	 5	 5	 1	 6.290140	 -1	 0.000000	 7.104205
28	 5	 5	 1	 3.361071	 -1	 0.000000	 5.388737
29	 5	 5	 1	 1.435326	 -1	 0.000000	 8.150200
30	 5	 5	 1	 0.789641	 -1	 0.000000	 4.774926
31	 5	 5	 1	 7.417901	 -1	 0.000000	 8.163065
32	 5	 5	 1	 2.671253	 -1	 0.000000	 5.638391
33	 5	 5	 1	 1.656223	 -1	 0.000000	 6.097521
34	 5	 5	 1	 1.537442	 -1	 0.000000	 6.484766
35	 5	 5	 1	 1.444351	 -1	 0.000000	 7.222334
36	 5	 5	 1	 0.674695	 -1	 0.000000	 5.962528
37	 5	 5	 1	 3.185450	 -1	 0.000000	 6.119973
38	 5	 5	 1	 4.775589	 -1	 0.000000	 4.541557
39	 5	 5	 1	 3.672837	 -1	 0.000000	 4.641446
40	 5	 5	 1	 0.860669	 -1	 0.000000	 8.658155
41	 5	 5	 1	 1.510611	 -1	 0.000000	 7.057663
42	 5	 5	 1	 2.232069	 -1	 0.000000	 8.228249
43	 5	 5	 1	 20.292413	 -1	 0.000000	 5.843904
44	 5	 5	 1	 0.403948	 -1	 0.000000	 5.483000
45	 5	 5	 1	 3.162212	 -1	 0.000000	 8.006573
>>> gr_fir_ccf: using E
>>> gr_fir_fff: using E
gr_buffer::allocate_buffer: warning: tried to allocate
   25 items of size 2544. Due to alignment requirements
   256 were allocated.  If this isn't OK, consider padding
   your structure to a power-of-two bytes.
   On this platform, our allocation granularity is 4096 bytes.
416	 5	 5	 1	 0.750544	 -1	 0.000000	 6.139843
417	 5	 5	 1	 0.618865	 -1	 0.000000	 7.573279
418	 5	 5	 1	 11.506369	 -1	 0.000000	 8.113594
419	 5	 5	 1	 2.444000	 -1	 0.000000	 4.719283
420	 5	 5	 1	 1.894692	 -1	 0.000000	 5.820906
421	 5	 5	 1	 1.479788	 -1	 0.000000	 6.878515
422	 5	 5	 1	 6.582614	 -1	 0.000000	 8.199551
423	 5	 5	 1	 0.103516	 -1	 0.000000	 15.350339
424	 5	 5	 1	 7.785485	 -1	 0.000000	 9.549832
425	 5	 5	 1	 0.676212	 -1	 0.000000	 7.596704
426	 5	 5	 1	 0.368358	 -1	 0.000000	 7.050857
427	 5	 5	 1	 5.554119	 -1	 0.000000	 7.816312
428	 5	 5	 1	 1.196634	 -1	 0.000000	 5.477531
429	 5	 5	 1	 2.328561	 -1	 0.000000	 7.229146
430	 5	 5	 1	 2.836885	 -1	 0.000000	 6.982492
431	 5	 5	 1	 4.640638	 -1	 0.000000	 6.986865
432	 5	 5	 1	 3.185075	 -1	 0.000000	 11.207313
433	 5	 5	 1	 0.426252	 -1	 0.000000	 7.985757
434	 5	 5	 1	 3.557516	 -1	 0.000000	 14.227681
435	 5	 5	 1	 0.111219	 -1	 0.000000	 6.386374
436	 5	 5	 1	 1.713614	 -1	 0.000000	 8.163036
437	 5	 5	 1	 8.357873	 -1	 0.000000	 7.530064
438	 5	 5	 1	 0.473735	 -1	 0.000000	 6.860896
439	 5	 5	 1	 5.638285	 -1	 0.000000	 7.161554
440	 5	 5	 1	 2.677914	 -1	 0.000000	 5.352617
441	 5	 5	 1	 0.597665	 -1	 0.000000	 6.794559
442	 5	 5	 1	 0.652225	 -1	 0.000000	 4.879528
443	 5	 5	 1	 3.314111	 -1	 0.000000	 7.649316
444	 5	 5	 1	 0.852078	 -1	 0.000000	 8.769172
445	 5	 5	 1	 1.167708	 -1	 0.000000	 8.056299
446	 5	 5	 1	 0.879645	 -1	 0.000000	 6.213614
447	 5	 5	 1	 2.752861	 -1	 0.000000	 9.454535
448	 5	 5	 1	 2.668885	 -1	 0.000000	 9.523693
449	 5	 5	 1	 0.361665	 -1	 0.000000	 5.549982
450	 5	 5	 1	 11.930264	 -1	 0.000000	 4.870036
451	 5	 5	 1	 3.593015	 -1	 0.000000	 5.503774
452	 5	 5	 1	 2.638042	 -1	 0.000000	 7.985095
453	 5	 5	 1	 0.285734	 -1	 0.000000	 5.991115
454	 5	 5	 1	 0.974211	 -1	 0.000000	 6.348070
455	 5	 5	 1	 0.535575	 -1	 0.000000	 6.562313
456	 5	 5	 1	 5.594184	 -1	 0.000000	 8.587399
457	 5	 5	 1	 0.848089	 -1	 0.000000	 10.275001
458	 5	 5	 1	 5.360316	 -1	 0.000000	 6.199763
459	 5	 5	 1	 3.148958	 -1	 0.000000	 6.352235
460	 5	 5	 1	 0.412792	 -1	 0.000000	 6.386859
461	 5	 5	 1	 1.130751	 -1	 0.000000	 5.984028
462	 5	 5	 1	 17.562080	 -1	 0.000000	 5.579930
463	 5	 5	 1	 3.376005	 -1	 0.000000	 9.003189
464	 5	 5	 1	 0.739910	 -1	 0.000000	 3.641577
465	 5	 5	 1	 2.381584	 -1	 0.000000	 7.937726
466	 5	 5	 1	 4.974531	 -1	 0.000000	 5.769140
467	 5	 5	 1	 4.963190	 -1	 0.000000	 4.039165
468	 5	 5	 1	 0.206575	 -1	 0.000000	 10.022931
469	 5	 5	 1	 5.636358	 -1	 0.000000	 7.693156
470	 5	 5	 1	 8.129932	 -1	 0.000000	 5.286966
471	 5	 5	 1	 0.857174	 -1	 0.000000	 6.471998
472	 5	 5	 1	 1.428531	 -1	 0.000000	 5.880705
473	 5	 5	 1	 8.878379	 -1	 0.000000	 6.016747
474	 5	 5	 1	 13.268006	 -1	 0.000000	 4.325324
475	 5	 5	 1	 0.625517	 -1	 0.000000	 7.478467
476	 5	 5	 1	 0.939715	 -1	 0.000000	 6.993215
477	 5	 5	 1	 1.182209	 -1	 0.000000	 5.925306
478	 5	 5	 1	 1.270158	 -1	 0.000000	 9.106123
479	 5	 5	 1	 2.288335	 -1	 0.000000	 4.953861
480	 5	 5	 1	 1.075861	 -1	 0.000000	 6.135241
481	 5	 5	 1	 1.072651	 -1	 0.000000	 5.947855
482	 5	 5	 1	 6.920073	 -1	 0.000000	 8.955856
483	 5	 5	 1	 10.341780	 -1	 0.000000	 8.533449
484	 5	 5	 1	 2.793065	 -1	 0.000000	 5.906855
485	 5	 5	 1	 1.107778	 -1	 0.000000	 5.566281
486	 5	 5	 1	 8.568100	 -1	 0.000000	 5.714120
487	 5	 5	 1	 0.681056	 -1	 0.000000	 6.841676
488	 5	 5	 1	 2.777466	 -1	 0.000000	 7.233778
489	 5	 5	 1	 9.532926	 -1	 0.000000	 5.016811
490	 5	 5	 1	 1.639763	 -1	 0.000000	 10.684152
491	 5	 5	 1	 1.214336	 -1	 0.000000	 8.368491
492	 5	 5	 1	 1.906039	 -1	 0.000000	 6.896786
493	 5	 5	 1	 1.869214	 -1	 0.000000	 10.024298
494	 5	 5	 1	 1.338525	 -1	 0.000000	 7.610137
495	 5	 5	 1	 5.653801	 -1	 0.000000	 4.505184
496	 5	 5	 1	 3.358741	 -1	 0.000000	 8.535132
497	 5	 5	 1	 3.676322	 -1	 0.000000	 5.467963
498	 5	 5	 1	 1.277550	 -1	 0.000000	 9.326628
499	 5	 5	 1	 2.634287	 -1	 0.000000	 8.594130
0	 5	 5	 1	 1.812042	 -1	 0.000000	 7.736753
1	 5	 5	 1	 0.112496	 -1	 0.000000	 12.319952
2	 5	 5	 1	 4.518205	 -1	 0.000000	 11.127163
3	 5	 5	 1	 0.791604	 -1	 0.000000	 5.200818
4	 5	 5	 1	 1.246488	 -1	 0.000000	 9.879578
5	 5	 5	 1	 0.843701	 -1	 0.000000	 5.002458
6	 5	 5	 1	 0.751504	 -1	 0.000000	 6.648773
7	 5	 5	 1	 4.214325	 -1	 0.000000	 11.575319
8	 5	 5	 1	 1.529520	 -1	 0.000000	 4.660717
9	 5	 5	 1	 0.163662	 -1	 0.000000	 5.639512
10	 5	 5	 1	 3.820551	 -1	 0.000000	 5.624623
11	 5	 5	 1	 0.669874	 -1	 0.000000	 5.277303
12	 5	 5	 1	 1.309377	 -1	 0.000000	 9.395133
13	 5	 5	 1	 0.215986	 -1	 0.000000	 7.850114
14	 5	 5	 1	 0.046174	 -1	 0.000000	 8.584737
15	 5	 5	 1	 3.671659	 -1	 0.000000	 8.307004
16	 5	 5	 1	 3.824894	 -1	 0.000000	 5.612112
17	 5	 5	 1	 8.667734	 -1	 0.000000	 6.047526
18	 5	 5	 1	 3.225683	 -1	 0.000000	 7.949937
19	 5	 5	 1	 0.541110	 -1	 0.000000	 6.424278
20	 5	 5	 1	 0.502518	 -1	 0.000000	 3.899195
21	 5	 5	 1	 1.760420	 -1	 0.000000	 5.990255
22	 5	 5	 1	 2.325608	 -1	 0.000000	 5.897021
23	 5	 5	 1	 2.172233	 -1	 0.000000	 7.079701
24	 5	 5	 1	 6.440874	 -1	 0.000000	 6.115381
25	 5	 5	 1	 5.440819	 -1	 0.000000	 6.836913
26	 5	 5	 1	 0.412239	 -1	 0.000000	 6.224629
27	 5	 5	 1	 9.557236	 -1	 0.000000	 5.181144
28	 5	 5	 1	 4.816970	 -1	 0.000000	 3.719888
29	 5	 5	 1	 3.608519	 -1	 0.000000	 10.531796
30	 5	 5	 1	 0.358776	 -1	 0.000000	 5.132823
31	 5	 5	 1	 0.329170	 -1	 0.000000	 4.395498
32	 5	 5	 1	 0.587956	 -1	 0.000000	 5.233951
33	 5	 5	 1	 1.969598	 -1	 0.000000	 16.086645
34	 5	 5	 1	 1.407029	 -1	 0.000000	 8.732934
35	 5	 5	 1	 0.625651	 -1	 0.000000	 6.692199
36	 5	 5	 1	 0.790144	 -1	 0.000000	 6.452109
37	 5	 5	 1	 3.005507	 -1	 0.000000	 6.737472
38	 5	 5	 1	 5.759344	 -1	 0.000000	 9.327915
39	 5	 5	 0	 1000.000000	 -1	 0.000000	 7.298312
341	 5	 5	 1	 3.608759	 -1	 0.000000	 5.373517
342	 5	 5	 1	 6.424331	 -1	 0.000000	 4.652833
343	 5	 5	 1	 0.383121	 -1	 0.000000	 7.387797
344	 5	 5	 1	 4.542541	 -1	 0.000000	 5.768519
345	 5	 5	 1	 0.110680	 -1	 0.000000	 5.780421
346	 5	 5	 1	 6.841221	 -1	 0.000000	 7.821613
347	 5	 5	 1	 1.297763	 -1	 0.000000	 5.198548
>>> gr_fir_ccf: using E
>>> gr_fir_fff: using E
gr_buffer::allocate_buffer: warning: tried to allocate
   25 items of size 2544. Due to alignment requirements
   256 were allocated.  If this isn't OK, consider padding
   your structure to a power-of-two bytes.
   On this platform, our allocation granularity is 4096 bytes.
440	 5	 5	 1	 0.116808	 -1	 0.000000	 4.238877
441	 5	 5	 1	 0.340306	 -1	 0.000000	 9.135820
442	 5	 5	 1	 1.108525	 -1	 0.000000	 6.227151
443	 5	 5	 1	 5.249872	 -1	 0.000000	 4.792686
444	 5	 5	 1	 6.528421	 -1	 0.000000	 8.219415
445	 5	 5	 1	 1.605932	 -1	 0.000000	 9.215237
446	 5	 5	 1	 2.767763	 -1	 0.000000	 6.796006
447	 5	 5	 1	 3.733561	 -1	 0.000000	 8.408621
448	 5	 5	 1	 0.607375	 -1	 0.000000	 8.683162
449	 5	 5	 1	 5.969555	 -1	 0.000000	 10.128503
450	 5	 5	 1	 0.221247	 -1	 0.000000	 7.634663
451	 5	 5	 1	 0.683640	 -1	 0.000000	 6.761766
452	 5	 5	 1	 3.846747	 -1	 0.000000	 7.009315
453	 5	 5	 1	 2.680533	 -1	 0.000000	 6.140167
454	 5	 5	 1	 6.172952	 -1	 0.000000	 5.571528
455	 5	 5	 1	 5.144123	 -1	 0.000000	 5.504083
456	 5	 5	 1	 0.199925	 -1	 0.000000	 6.430242
457	 5	 5	 1	 4.276681	 -1	 0.000000	 6.106154
458	 5	 5	 1	 0.758452	 -1	 0.000000	 8.608540
459	 5	 5	 1	 5.550455	 -1	 0.000000	 5.631650
460	 5	 5	 1	 0.781564	 -1	 0.000000	 8.407713
461	 5	 5	 1	 2.072991	 -1	 0.000000	 5.935557
462	 5	 5	 1	 4.919939	 -1	 0.000000	 9.938464
463	 5	 5	 1	 2.721263	 -1	 0.000000	 9.604175
464	 5	 5	 1	 2.360359	 -1	 0.000000	 11.690860
465	 5	 5	 1	 0.973012	 -1	 0.000000	 4.692052
466	 5	 5	 1	 0.486781	 -1	 0.000000	 6.260312
467	 5	 5	 1	 0.467048	 -1	 0.000000	 6.220063
468	 5	 5	 1	 4.128147	 -1	 0.000000	 6.473477
469	 5	 5	 1	 2.596735	 -1	 0.000000	 7.352349
470	 5	 5	 1	 3.286273	 -1	 0.000000	 4.998260
471	 5	 5	 1	 14.729230	 -1	 0.000000	 5.212562
472	 5	 5	 1	 4.292620	 -1	 0.000000	 6.390810
473	 5	 5	 1	 0.409419	 -1	 0.000000	 6.647393
474	 5	 5	 1	 6.451283	 -1	 0.000000	 6.287517
475	 5	 5	 1	 1.978293	 -1	 0.000000	 5.102750
476	 5	 5	 1	 0.473585	 -1	 0.000000	 11.388235
477	 5	 5	 1	 3.411385	 -1	 0.000000	 3.530872
478	 5	 5	 1	 0.922953	 -1	 0.000000	 6.704100
479	 5	 5	 1	 6.251680	 -1	 0.000000	 13.346320
480	 5	 5	 1	 1.134660	 -1	 0.000000	 6.194534
481	 5	 5	 1	 1.307913	 -1	 0.000000	 7.475754
482	 5	 5	 1	 3.049751	 -1	 0.000000	 6.887390
483	 5	 5	 1	 1.825278	 -1	 0.000000	 5.624997
484	 5	 5	 1	 0.616571	 -1	 0.000000	 6.298818
485	 5	 5	 1	 4.685557	 -1	 0.000000	 6.051476
486	 5	 5	 1	 0.260891	 -1	 0.000000	 12.354114
487	 5	 5	 1	 0.775247	 -1	 0.000000	 6.949399
488	 5	 5	 1	 3.703797	 -1	 0.000000	 5.595297
489	 5	 5	 1	 1.933148	 -1	 0.000000	 7.078390
490	 5	 5	 1	 1.137068	 -1	 0.000000	 5.385783
491	 5	 5	 1	 0.164932	 -1	 0.000000	 7.734126
492	 5	 5	 1	 1.208227	 -1	 0.000000	 7.007448
493	 5	 5	 1	 10.905322	 -1	 0.000000	 5.215968
494	 5	 5	 1	 2.216759	 -1	 0.000000	 5.969651
495	 5	 5	 1	 0.785532	 -1	 0.000000	 8.225496
496	 5	 5	 1	 1.019786	 -1	 0.000000	 11.786228
497	 5	 5	 1	 1.241391	 -1	 0.000000	 6.429624
498	 5	 5	 1	 0.394883	 -1	 0.000000	 8.900312
499	 5	 5	 1	 0.616137	 -1	 0.000000	 4.144395
0	 7	 7	 1	 8.259472	 -1	 0.000000	 6.218509
1	 7	 7	 1	 4.353374	 -1	 0.000000	 6.127064
>>> gr_fir_ccf: using E
>>> gr_fir_fff: using E
gr_buffer::allocate_buffer: warning: tried to allocate
   25 items of size 2544. Due to alignment requirements
   256 were allocated.  If this isn't OK, consider padding
   your structure to a power-of-two bytes.
   On this platform, our allocation granularity is 4096 bytes.
>>> gr_fir_ccf: using E
>>> gr_fir_fff: using E
gr_buffer::allocate_buffer: warning: tried to allocate
   25 items of size 2544. Due to alignment requirements
   256 were allocated.  If this isn't OK, consider padding
   your structure to a power-of-two bytes.
   On this platform, our allocation granularity is 4096 bytes.
0	 9	 9	 0	 246.351432	 -1	 0.000000	 6.719344
1	 9	 9	 1	 252.143578	 -1	 0.000000	 6.590582
2	 9	 9	 1	 227.447369	 -1	 0.000000	 6.083827
3	 9	 9	 1	 225.800995	 -1	 0.000000	 6.149760
4	 9	 9	 1	 183.869729	 -1	 0.000000	 7.744353
5	 9	 9	 1	 225.532365	 -1	 0.000000	 5.678017
6	 9	 9	 1	 235.048160	 -1	 0.000000	 7.861900
7	 9	 9	 0	 414.704583	 -1	 0.000000	 4.793439
8	 9	 9	 1	 219.639262	 -1	 0.000000	 7.098100
9	 9	 9	 0	 354.494514	 -1	 0.000000	 5.553257
10	 9	 9	 0	 223.727107	 -1	 0.000000	 7.695837
11	 9	 9	 1	 231.043498	 -1	 0.000000	 4.907991
12	 9	 9	 0	 296.097538	 -1	 0.000000	 7.368693
13	 9	 9	 0	 316.828815	 -1	 0.000000	 6.422872
14	 9	 9	 1	 218.007533	 -1	 0.000000	 8.755630
15	 9	 9	 0	 302.608048	 -1	 0.000000	 5.905412
16	 9	 9	 0	 286.628802	 -1	 0.000000	 4.256394
17	 9	 9	 0	 287.300924	 -1	 0.000000	 6.180661
18	 9	 9	 0	 272.044523	 -1	 0.000000	 12.746653
19	 9	 9	 1	 279.072117	 -1	 0.000000	 5.143051
20	 9	 9	 0	 275.551828	 -1	 0.000000	 6.747370
21	 9	 9	 1	 222.089432	 -1	 0.000000	 9.778900
22	 9	 9	 0	 238.370878	 -1	 0.000000	 7.592937
23	 9	 9	 1	 209.482283	 -1	 0.000000	 7.483778
24	 9	 9	 1	 257.644937	 -1	 0.000000	 5.396458
25	 9	 9	 1	 199.063644	 -1	 0.000000	 6.610355
26	 9	 9	 1	 225.301785	 -1	 0.000000	 8.866025
27	 9	 9	 1	 235.506730	 -1	 0.000000	 17.115742
28	 9	 9	 1	 199.337292	 -1	 0.000000	 5.745328
29	 9	 9	 1	 192.014122	 -1	 0.000000	 8.038177
30	 9	 9	 1	 232.232166	 -1	 0.000000	 5.294792
31	 9	 9	 1	 182.303360	 -1	 0.000000	 10.901070
32	 9	 9	 1	 235.876668	 -1	 0.000000	 5.817453
33	 9	 9	 0	 393.890024	 -1	 0.000000	 5.057835
34	 9	 9	 0	 298.507139	 -1	 0.000000	 9.039122
>>> gr_fir_ccf: using E
>>> gr_fir_fff: using E
terminate called after throwing an instance of 'std::invalid_argument'
  what():  gr_ofdm_demod: Incorrect subcarriers allocated
>>> gr_fir_ccf: using E
>>> gr_fir_fff: using E
gr_buffer::allocate_buffer: warning: tried to allocate
   25 items of size 2544. Due to alignment requirements
   256 were allocated.  If this isn't OK, consider padding
   your structure to a power-of-two bytes.
   On this platform, our allocation granularity is 4096 bytes.
0	 11	 11	 0	 410.667169	 -1	 0.000000	 7.608640
1	 11	 11	 0	 371.226313	 -1	 0.000000	 6.005786
>>> gr_fir_ccf: using E
>>> gr_fir_fff: using E
gr_buffer::allocate_buffer: warning: tried to allocate
   25 items of size 2544. Due to alignment requirements
   256 were allocated.  If this isn't OK, consider padding
   your structure to a power-of-two bytes.
   On this platform, our allocation granularity is 4096 bytes.
0	 11	 11	 0	 391.724508	 -1	 0.000000	 6.616895
1	 11	 11	 0	 358.994686	 -1	 0.000000	 6.557253
>>> gr_fir_ccf: using E
>>> gr_fir_fff: using E
gr_buffer::allocate_buffer: warning: tried to allocate
   25 items of size 2544. Due to alignment requirements
   256 were allocated.  If this isn't OK, consider padding
   your structure to a power-of-two bytes.
   On this platform, our allocation granularity is 4096 bytes.
0	 10	 10	 0	 478.664037	 -1	 0.000000	 9.471497
1	 10	 10	 0	 472.724001	 -1	 0.000000	 11.676395
>>> gr_fir_ccf: using E
>>> gr_fir_fff: using E
gr_buffer::allocate_buffer: warning: tried to allocate
   25 items of size 2544. Due to alignment requirements
   256 were allocated.  If this isn't OK, consider padding
   your structure to a power-of-two bytes.
   On this platform, our allocation granularity is 4096 bytes.
0	 10	 10	 0	 463.072830	 -1	 0.000000	 4.908302
1	 10	 10	 0	 479.907722	 -1	 0.000000	 9.068181

