>>> gr_fir_ccf: using E
>>> gr_fir_fff: using E
terminate called after throwing an instance of 'std::invalid_argument'
  what():  gr_ofdm_demod: Incorrect subcarriers allocated
>>> gr_fir_ccf: using E
>>> gr_fir_fff: using E
gr_buffer::allocate_buffer: warning: tried to allocate
   25 items of size 2544. Due to alignment requirements
   256 were allocated.  If this isn't OK, consider padding
   your structure to a power-of-two bytes.
   On this platform, our allocation granularity is 4096 bytes.
344	 13	 13	 1	 0.001940	 -1	 0.000000	 4.963300
345	 13	 13	 1	 0.052650	 -1	 0.000000	 5.885891
346	 13	 13	 1	 0.000611	 -1	 0.000000	 9.060664
347	 13	 13	 1	 0.000456	 -1	 0.000000	 6.547632
348	 13	 13	 1	 0.005304	 -1	 0.000000	 5.469386
349	 13	 13	 1	 0.000730	 -1	 0.000000	 5.695223
350	 13	 13	 1	 0.000140	 -1	 0.000000	 6.135592
351	 13	 13	 1	 0.000642	 -1	 0.000000	 6.796655
352	 13	 13	 1	 0.015005	 -1	 0.000000	 8.347029
353	 13	 13	 1	 0.003828	 -1	 0.000000	 6.960711
354	 13	 13	 1	 0.000954	 -1	 0.000000	 6.093669
355	 13	 13	 1	 0.000254	 -1	 0.000000	 4.528885
356	 13	 13	 1	 0.000717	 -1	 0.000000	 10.780234
357	 13	 13	 1	 0.003675	 -1	 0.000000	 4.961783
358	 13	 13	 1	 0.004322	 -1	 0.000000	 5.522043
359	 13	 13	 1	 0.000441	 -1	 0.000000	 6.267406
360	 13	 13	 1	 0.007206	 -1	 0.000000	 4.081399
361	 13	 13	 1	 0.004780	 -1	 0.000000	 5.018538
362	 13	 13	 1	 0.001952	 -1	 0.000000	 4.940400
363	 13	 13	 1	 0.002156	 -1	 0.000000	 5.167919
364	 13	 13	 1	 0.001601	 -1	 0.000000	 4.618392
365	 13	 13	 1	 0.000624	 -1	 0.000000	 5.828826
366	 13	 13	 1	 0.000689	 -1	 0.000000	 8.884385
367	 13	 13	 1	 0.009760	 -1	 0.000000	 9.915200
368	 13	 13	 1	 0.000566	 -1	 0.000000	 5.462088
369	 13	 13	 1	 0.008477	 -1	 0.000000	 8.048025
370	 13	 13	 1	 0.000475	 -1	 0.000000	 4.256793
371	 13	 13	 1	 0.001538	 -1	 0.000000	 7.706646
372	 13	 13	 1	 0.002573	 -1	 0.000000	 9.116153
373	 13	 13	 1	 0.001938	 -1	 0.000000	 6.336852
374	 13	 13	 1	 0.003370	 -1	 0.000000	 11.063909
375	 13	 13	 1	 0.012569	 -1	 0.000000	 6.140527
376	 13	 13	 1	 0.001941	 -1	 0.000000	 6.585537
377	 13	 13	 1	 0.027981	 -1	 0.000000	 7.766874
378	 13	 13	 1	 0.001222	 -1	 0.000000	 4.766292
379	 13	 13	 1	 0.001843	 -1	 0.000000	 6.341737
380	 13	 13	 1	 0.000739	 -1	 0.000000	 7.086048
381	 13	 13	 1	 0.001347	 -1	 0.000000	 5.769018
382	 13	 13	 1	 0.012989	 -1	 0.000000	 10.740857
383	 13	 13	 1	 0.001325	 -1	 0.000000	 4.840804
384	 13	 13	 1	 0.001096	 -1	 0.000000	 5.739256
385	 13	 13	 1	 0.004003	 -1	 0.000000	 6.528545
386	 13	 13	 1	 0.001703	 -1	 0.000000	 6.619600
387	 13	 13	 1	 0.008068	 -1	 0.000000	 4.599335
388	 13	 13	 1	 0.000484	 -1	 0.000000	 8.269390
389	 13	 13	 1	 0.003292	 -1	 0.000000	 4.176392
390	 13	 13	 1	 0.002269	 -1	 0.000000	 4.562218
391	 13	 13	 1	 0.001178	 -1	 0.000000	 7.236440
392	 13	 13	 1	 0.001893	 -1	 0.000000	 5.178100
393	 13	 13	 1	 0.001913	 -1	 0.000000	 5.308079
394	 13	 13	 1	 0.000872	 -1	 0.000000	 5.339116
395	 13	 13	 1	 0.002813	 -1	 0.000000	 5.561697
396	 13	 13	 1	 0.003254	 -1	 0.000000	 5.693523
397	 13	 13	 1	 0.001436	 -1	 0.000000	 6.947390
398	 13	 13	 1	 0.002173	 -1	 0.000000	 5.519769
399	 13	 13	 1	 0.000115	 -1	 0.000000	 7.929062
400	 13	 13	 1	 0.001815	 -1	 0.000000	 5.604886
401	 13	 13	 1	 0.002307	 -1	 0.000000	 5.755076
402	 13	 13	 1	 0.000942	 -1	 0.000000	 6.134945
403	 13	 13	 1	 0.008935	 -1	 0.000000	 6.342450
404	 13	 13	 1	 0.000680	 -1	 0.000000	 4.813623
405	 13	 13	 1	 0.005083	 -1	 0.000000	 4.230148
406	 13	 13	 1	 0.008226	 -1	 0.000000	 5.771348
407	 13	 13	 1	 0.008464	 -1	 0.000000	 5.733732
408	 13	 13	 1	 0.017387	 -1	 0.000000	 5.394706
409	 13	 13	 1	 0.001942	 -1	 0.000000	 3.730978
410	 13	 13	 1	 0.003069	 -1	 0.000000	 8.747540
411	 13	 13	 1	 0.001434	 -1	 0.000000	 6.128685
412	 13	 13	 1	 0.000632	 -1	 0.000000	 7.636795
413	 13	 13	 1	 0.000499	 -1	 0.000000	 5.619748
414	 13	 13	 1	 0.006475	 -1	 0.000000	 4.315303
415	 13	 13	 1	 0.002233	 -1	 0.000000	 6.170866
416	 13	 13	 1	 0.001176	 -1	 0.000000	 6.572219
417	 13	 13	 1	 0.008196	 -1	 0.000000	 7.991180
418	 13	 13	 1	 0.000479	 -1	 0.000000	 8.217273
419	 13	 13	 1	 0.000192	 -1	 0.000000	 5.305043
420	 13	 13	 1	 0.005786	 -1	 0.000000	 9.891812
421	 13	 13	 1	 0.010789	 -1	 0.000000	 7.104508
422	 13	 13	 1	 0.005790	 -1	 0.000000	 6.634734
423	 13	 13	 1	 0.000609	 -1	 0.000000	 13.186936
424	 13	 13	 1	 0.001466	 -1	 0.000000	 6.643667
425	 13	 13	 1	 0.060601	 -1	 0.000000	 7.757315
426	 13	 13	 1	 0.000349	 -1	 0.000000	 10.079754
427	 13	 13	 1	 0.003123	 -1	 0.000000	 7.931364
428	 13	 13	 1	 0.002780	 -1	 0.000000	 12.020947
429	 13	 13	 1	 0.000553	 -1	 0.000000	 8.407290
430	 13	 13	 1	 0.155134	 -1	 0.000000	 9.760952
431	 13	 13	 1	 0.008629	 -1	 0.000000	 5.569631
432	 13	 13	 1	 0.005721	 -1	 0.000000	 6.596055
433	 13	 13	 1	 0.000944	 -1	 0.000000	 6.369164
434	 13	 13	 1	 0.077780	 -1	 0.000000	 4.549513
435	 13	 13	 1	 0.000372	 -1	 0.000000	 3.482690
436	 13	 13	 1	 0.000994	 -1	 0.000000	 6.626249
437	 13	 13	 1	 0.156433	 -1	 0.000000	 5.223011
438	 13	 13	 1	 0.000540	 -1	 0.000000	 7.369155
439	 13	 13	 1	 0.003362	 -1	 0.000000	 8.042146
440	 13	 13	 1	 0.001047	 -1	 0.000000	 7.818398
441	 13	 13	 1	 0.005446	 -1	 0.000000	 4.703897
442	 13	 13	 1	 0.000428	 -1	 0.000000	 9.451115
443	 13	 13	 1	 0.006616	 -1	 0.000000	 9.085825
444	 13	 13	 1	 0.003811	 -1	 0.000000	 4.688012
445	 13	 13	 1	 0.004064	 -1	 0.000000	 5.570965
446	 13	 13	 1	 0.009389	 -1	 0.000000	 6.510495
447	 13	 13	 1	 0.000453	 -1	 0.000000	 5.059418
448	 13	 13	 1	 0.002098	 -1	 0.000000	 7.026030
449	 13	 13	 1	 0.000570	 -1	 0.000000	 7.535935
450	 13	 13	 1	 0.001677	 -1	 0.000000	 11.010942
451	 13	 13	 1	 0.000404	 -1	 0.000000	 5.897672
452	 13	 13	 1	 0.001140	 -1	 0.000000	 7.356734
453	 13	 13	 1	 0.003762	 -1	 0.000000	 4.210091
454	 13	 13	 1	 0.000509	 -1	 0.000000	 8.167713
455	 13	 13	 1	 0.005518	 -1	 0.000000	 5.508597
456	 13	 13	 1	 0.004087	 -1	 0.000000	 6.561835
457	 13	 13	 1	 0.011637	 -1	 0.000000	 5.159310
458	 13	 13	 1	 0.000919	 -1	 0.000000	 5.901469
459	 13	 13	 1	 0.002916	 -1	 0.000000	 9.421447
460	 13	 13	 1	 0.001188	 -1	 0.000000	 5.466120
461	 13	 13	 1	 0.001705	 -1	 0.000000	 6.130389
462	 13	 13	 1	 0.037798	 -1	 0.000000	 9.619689
463	 13	 13	 1	 0.001715	 -1	 0.000000	 9.556105
464	 13	 13	 1	 0.005858	 -1	 0.000000	 8.152999
465	 13	 13	 1	 0.004298	 -1	 0.000000	 4.475386
466	 13	 13	 1	 0.043132	 -1	 0.000000	 5.368653
467	 13	 13	 1	 0.000288	 -1	 0.000000	 5.520520
468	 13	 13	 1	 0.009163	 -1	 0.000000	 3.849237
469	 13	 13	 1	 0.003792	 -1	 0.000000	 4.919775
470	 13	 13	 1	 0.000538	 -1	 0.000000	 7.746985
471	 13	 13	 1	 0.005420	 -1	 0.000000	 6.857211
472	 13	 13	 1	 0.006545	 -1	 0.000000	 5.390043
473	 13	 13	 1	 0.000740	 -1	 0.000000	 5.838803
474	 13	 13	 1	 0.002419	 -1	 0.000000	 4.370901
475	 13	 13	 1	 0.001258	 -1	 0.000000	 4.604260
476	 13	 13	 1	 0.002479	 -1	 0.000000	 4.822177
477	 13	 13	 1	 0.000353	 -1	 0.000000	 4.790485
478	 13	 13	 1	 0.001723	 -1	 0.000000	 5.172153
479	 13	 13	 1	 0.000950	 -1	 0.000000	 6.284925
480	 13	 13	 1	 0.019806	 -1	 0.000000	 7.832699
481	 13	 13	 1	 0.002454	 -1	 0.000000	 5.223324
482	 13	 13	 1	 0.005049	 -1	 0.000000	 4.882837
483	 13	 13	 1	 0.000365	 -1	 0.000000	 5.972183
484	 13	 13	 1	 0.000501	 -1	 0.000000	 7.398874
485	 13	 13	 1	 0.002233	 -1	 0.000000	 3.774121
486	 13	 13	 1	 0.000422	 -1	 0.000000	 6.793318
487	 13	 13	 1	 0.004089	 -1	 0.000000	 5.583440
488	 13	 13	 1	 0.001289	 -1	 0.000000	 8.509450
>>> gr_fir_ccf: using E
>>> gr_fir_fff: using E
gr_buffer::allocate_buffer: warning: tried to allocate
   25 items of size 2544. Due to alignment requirements
   256 were allocated.  If this isn't OK, consider padding
   your structure to a power-of-two bytes.
   On this platform, our allocation granularity is 4096 bytes.
>>> gr_fir_ccf: using E
>>> gr_fir_fff: using E
gr_buffer::allocate_buffer: warning: tried to allocate
   25 items of size 2544. Due to alignment requirements
   256 were allocated.  If this isn't OK, consider padding
   your structure to a power-of-two bytes.
   On this platform, our allocation granularity is 4096 bytes.
8	 5	 5	 1	 12.542700	 -1	 0.000000	 8.543430
19	 5	 5	 1	 35.565618	 -1	 0.000000	 4.118696
>>> gr_fir_ccf: using E
>>> gr_fir_fff: using E
gr_buffer::allocate_buffer: warning: tried to allocate
   25 items of size 2544. Due to alignment requirements
   256 were allocated.  If this isn't OK, consider padding
   your structure to a power-of-two bytes.
   On this platform, our allocation granularity is 4096 bytes.
380	 5	 5	 1	 7.755924	 -1	 0.000000	 13.755312
381	 5	 5	 1	 10.096589	 -1	 0.000000	 8.411313
382	 5	 5	 1	 12.251812	 -1	 0.000000	 5.305920
383	 5	 5	 1	 10.259277	 -1	 0.000000	 6.771519
384	 5	 5	 1	 13.435739	 -1	 0.000000	 7.200781
385	 5	 5	 1	 7.969312	 -1	 0.000000	 6.104401
386	 5	 5	 1	 10.131469	 -1	 0.000000	 6.028956
387	 5	 5	 1	 11.143308	 -1	 0.000000	 9.033984
388	 5	 5	 1	 3.698160	 -1	 0.000000	 4.491634
389	 5	 5	 1	 7.162062	 -1	 0.000000	 11.573873
390	 5	 5	 1	 8.123788	 -1	 0.000000	 4.990657
391	 5	 5	 1	 4.652164	 -1	 0.000000	 7.670703
392	 5	 5	 1	 7.194677	 -1	 0.000000	 5.533898
393	 5	 5	 1	 8.009781	 -1	 0.000000	 7.594132
394	 5	 5	 1	 6.851876	 -1	 0.000000	 9.560205
395	 5	 5	 1	 3.434729	 -1	 0.000000	 3.101411
396	 5	 5	 1	 8.973208	 -1	 0.000000	 6.863688
397	 5	 5	 1	 8.240707	 -1	 0.000000	 6.806609
398	 5	 5	 1	 4.817697	 -1	 0.000000	 5.848303
399	 5	 5	 1	 14.500893	 -1	 0.000000	 4.102187
400	 5	 5	 1	 2.422543	 -1	 0.000000	 7.681475
401	 5	 5	 1	 11.588625	 -1	 0.000000	 5.790288
402	 5	 5	 1	 4.422023	 -1	 0.000000	 8.426407
403	 5	 5	 1	 7.758839	 -1	 0.000000	 5.471786
404	 5	 5	 1	 4.602403	 -1	 0.000000	 6.719672
405	 5	 5	 1	 14.172443	 -1	 0.000000	 4.549631
406	 5	 5	 1	 9.313858	 -1	 0.000000	 11.913658
407	 5	 5	 1	 4.478329	 -1	 0.000000	 6.891387
408	 5	 5	 1	 14.399183	 -1	 0.000000	 10.634438
409	 5	 5	 1	 9.032138	 -1	 0.000000	 4.993401
410	 5	 5	 1	 14.822170	 -1	 0.000000	 5.582613
411	 5	 5	 1	 2.819917	 -1	 0.000000	 10.194911
412	 5	 5	 1	 4.528369	 -1	 0.000000	 7.018062
413	 5	 5	 1	 9.694992	 -1	 0.000000	 13.402029
414	 5	 5	 1	 6.008734	 -1	 0.000000	 9.689658
415	 5	 5	 1	 6.581400	 -1	 0.000000	 13.473747
416	 5	 5	 1	 9.389718	 -1	 0.000000	 5.463406
417	 5	 5	 1	 9.494336	 -1	 0.000000	 10.174631
418	 5	 5	 1	 1.216259	 -1	 0.000000	 9.815388
419	 5	 5	 1	 6.932390	 -1	 0.000000	 14.190677
420	 5	 5	 1	 3.651384	 -1	 0.000000	 3.864666
421	 5	 5	 1	 7.862167	 -1	 0.000000	 5.739975
422	 5	 5	 1	 10.636840	 -1	 0.000000	 4.211776
423	 5	 5	 1	 5.783478	 -1	 0.000000	 7.726300
424	 5	 5	 1	 2.928395	 -1	 0.000000	 10.876031
425	 5	 5	 1	 15.193932	 -1	 0.000000	 3.932117
426	 5	 5	 1	 9.955821	 -1	 0.000000	 5.563284
427	 5	 5	 1	 8.000997	 -1	 0.000000	 4.713448
428	 5	 5	 1	 14.674756	 -1	 0.000000	 5.940909
429	 5	 5	 1	 9.890800	 -1	 0.000000	 5.032817
430	 5	 5	 1	 12.378123	 -1	 0.000000	 5.689502
431	 5	 5	 1	 14.105704	 -1	 0.000000	 6.601892
432	 5	 5	 1	 6.490549	 -1	 0.000000	 4.556857
433	 5	 5	 1	 12.649625	 -1	 0.000000	 3.998490
434	 5	 5	 1	 10.631733	 -1	 0.000000	 7.496426
435	 5	 5	 1	 9.811899	 -1	 0.000000	 10.985331
436	 5	 5	 1	 8.133513	 -1	 0.000000	 5.632079
437	 5	 5	 1	 10.843932	 -1	 0.000000	 6.245260
438	 5	 5	 1	 5.040628	 -1	 0.000000	 7.734812
439	 5	 5	 1	 13.840884	 -1	 0.000000	 13.443851
440	 5	 5	 1	 12.980765	 -1	 0.000000	 5.384490
441	 5	 5	 1	 13.451159	 -1	 0.000000	 4.431965
442	 5	 5	 1	 10.302125	 -1	 0.000000	 5.021241
443	 5	 5	 1	 12.438891	 -1	 0.000000	 7.129092
444	 5	 5	 1	 7.165385	 -1	 0.000000	 5.780186
445	 5	 5	 1	 16.782383	 -1	 0.000000	 5.402458
446	 5	 5	 1	 9.957890	 -1	 0.000000	 6.577422
447	 5	 5	 1	 9.367850	 -1	 0.000000	 5.608124
448	 5	 5	 1	 2.724211	 -1	 0.000000	 11.271152
449	 5	 5	 1	 17.772431	 -1	 0.000000	 9.804626
450	 5	 5	 1	 10.723372	 -1	 0.000000	 4.497856
451	 5	 5	 1	 5.751199	 -1	 0.000000	 5.434834
452	 5	 5	 1	 10.655100	 -1	 0.000000	 3.764705
453	 5	 5	 1	 7.938589	 -1	 0.000000	 6.518020
454	 5	 5	 1	 6.369459	 -1	 0.000000	 4.616126
455	 5	 5	 1	 6.034556	 -1	 0.000000	 6.299038
456	 5	 5	 1	 12.632109	 -1	 0.000000	 7.141354
457	 5	 5	 1	 9.289463	 -1	 0.000000	 4.036024
458	 5	 5	 1	 8.273093	 -1	 0.000000	 9.812453
459	 5	 5	 1	 7.533247	 -1	 0.000000	 5.974074
460	 5	 5	 1	 11.371067	 -1	 0.000000	 4.986884
461	 5	 5	 1	 9.166662	 -1	 0.000000	 5.471872
462	 5	 5	 1	 10.343974	 -1	 0.000000	 3.412367
463	 5	 5	 1	 7.983485	 -1	 0.000000	 5.994286
464	 5	 5	 1	 8.336813	 -1	 0.000000	 8.250574
465	 5	 5	 1	 9.565363	 -1	 0.000000	 10.925726
466	 5	 5	 1	 9.546837	 -1	 0.000000	 4.564694
467	 5	 5	 1	 9.336872	 -1	 0.000000	 5.669776
468	 5	 5	 1	 14.804151	 -1	 0.000000	 6.351566
469	 5	 5	 1	 13.459903	 -1	 0.000000	 6.935966
470	 5	 5	 1	 10.374913	 -1	 0.000000	 5.960189
471	 5	 5	 1	 6.798535	 -1	 0.000000	 7.715477
472	 5	 5	 1	 6.796168	 -1	 0.000000	 5.964152
473	 5	 5	 1	 13.533342	 -1	 0.000000	 5.410844
474	 5	 5	 1	 8.092761	 -1	 0.000000	 5.477395
475	 5	 5	 1	 12.914835	 -1	 0.000000	 4.854734
476	 5	 5	 1	 4.584117	 -1	 0.000000	 4.314714
477	 5	 5	 1	 2.177683	 -1	 0.000000	 6.500948
478	 5	 5	 1	 10.345567	 -1	 0.000000	 5.774395
479	 5	 5	 1	 9.185073	 -1	 0.000000	 7.617246
480	 5	 5	 1	 1.739616	 -1	 0.000000	 5.811819
481	 5	 5	 1	 2.524420	 -1	 0.000000	 6.996703
482	 5	 5	 1	 10.835635	 -1	 0.000000	 6.941656
>>> gr_fir_ccf: using E
>>> gr_fir_fff: using E
gr_buffer::allocate_buffer: warning: tried to allocate
   25 items of size 2544. Due to alignment requirements
   256 were allocated.  If this isn't OK, consider padding
   your structure to a power-of-two bytes.
   On this platform, our allocation granularity is 4096 bytes.
405	 5	 5	 1	 11.085652	 -1	 0.000000	 5.390811
406	 5	 5	 1	 8.091549	 -1	 0.000000	 6.136545
407	 5	 5	 1	 6.440241	 -1	 0.000000	 7.657943
408	 5	 5	 1	 3.659255	 -1	 0.000000	 3.252299
409	 5	 5	 1	 15.159922	 -1	 0.000000	 4.213207
410	 5	 5	 1	 6.552653	 -1	 0.000000	 9.618759
411	 5	 5	 1	 11.110040	 -1	 0.000000	 5.580903
412	 5	 5	 1	 11.708160	 -1	 0.000000	 6.693543
413	 5	 5	 1	 7.985161	 -1	 0.000000	 6.261314
414	 5	 5	 1	 8.972766	 -1	 0.000000	 6.152031
415	 5	 5	 1	 12.504562	 -1	 0.000000	 5.576846
416	 5	 5	 1	 7.604992	 -1	 0.000000	 5.423499
417	 5	 5	 1	 8.819300	 -1	 0.000000	 4.176853
418	 5	 5	 1	 18.019374	 -1	 0.000000	 5.353734
419	 5	 5	 1	 7.726315	 -1	 0.000000	 5.295655
420	 5	 5	 1	 14.877402	 -1	 0.000000	 8.881631
421	 5	 5	 1	 11.486203	 -1	 0.000000	 8.480439
422	 5	 5	 1	 7.064834	 -1	 0.000000	 7.105402
423	 5	 5	 1	 4.059442	 -1	 0.000000	 4.918584
424	 5	 5	 1	 10.110313	 -1	 0.000000	 10.710852
425	 5	 5	 1	 13.819907	 -1	 0.000000	 5.259506
426	 5	 5	 1	 10.146754	 -1	 0.000000	 8.087968
427	 5	 5	 1	 10.756270	 -1	 0.000000	 8.145017
428	 5	 5	 1	 6.655597	 -1	 0.000000	 6.402072
429	 5	 5	 1	 1.942242	 -1	 0.000000	 6.558897
430	 5	 5	 1	 4.821488	 -1	 0.000000	 4.448494
431	 5	 5	 1	 15.905692	 -1	 0.000000	 6.661530
432	 5	 5	 1	 10.584304	 -1	 0.000000	 7.667061
433	 5	 5	 1	 9.108929	 -1	 0.000000	 3.722074
434	 5	 5	 1	 7.561025	 -1	 0.000000	 6.626336
435	 5	 5	 1	 10.967705	 -1	 0.000000	 5.193253
436	 5	 5	 1	 11.607916	 -1	 0.000000	 5.338750
437	 5	 5	 1	 6.365700	 -1	 0.000000	 10.555784
438	 5	 5	 1	 5.266972	 -1	 0.000000	 10.143516
439	 5	 5	 1	 6.134605	 -1	 0.000000	 8.966713
440	 5	 5	 1	 10.134206	 -1	 0.000000	 6.415615
441	 5	 5	 1	 10.078909	 -1	 0.000000	 6.879307
442	 5	 5	 1	 8.060220	 -1	 0.000000	 5.565473
443	 5	 5	 1	 10.918677	 -1	 0.000000	 10.686035
444	 5	 5	 1	 11.566210	 -1	 0.000000	 5.498588
445	 5	 5	 1	 7.590260	 -1	 0.000000	 4.925226
446	 5	 5	 1	 14.340564	 -1	 0.000000	 8.325891
447	 5	 5	 1	 13.439333	 -1	 0.000000	 5.112536
448	 5	 5	 1	 6.935270	 -1	 0.000000	 7.829633
449	 5	 5	 1	 5.875733	 -1	 0.000000	 5.160722
450	 5	 5	 1	 3.622080	 -1	 0.000000	 7.282822
451	 5	 5	 1	 2.057165	 -1	 0.000000	 4.903504
452	 5	 5	 1	 11.906823	 -1	 0.000000	 16.335175
453	 5	 5	 1	 10.717444	 -1	 0.000000	 9.610673
454	 5	 5	 1	 6.297098	 -1	 0.000000	 5.885368
455	 5	 5	 1	 4.063359	 -1	 0.000000	 10.338748
456	 5	 5	 1	 7.028477	 -1	 0.000000	 5.623019
457	 5	 5	 1	 4.369582	 -1	 0.000000	 5.710052
458	 5	 5	 1	 5.645327	 -1	 0.000000	 9.528905
459	 5	 5	 1	 3.989199	 -1	 0.000000	 6.726059
460	 5	 5	 1	 6.555506	 -1	 0.000000	 3.353832
461	 5	 5	 1	 9.176317	 -1	 0.000000	 9.101046
462	 5	 5	 1	 1.511028	 -1	 0.000000	 8.712766
463	 5	 5	 1	 12.307355	 -1	 0.000000	 3.799465
464	 5	 5	 1	 12.024818	 -1	 0.000000	 5.947308
465	 5	 5	 1	 11.011284	 -1	 0.000000	 5.300463
466	 5	 5	 1	 9.930995	 -1	 0.000000	 4.592181
467	 5	 5	 1	 8.629529	 -1	 0.000000	 5.069905
468	 5	 5	 1	 12.180562	 -1	 0.000000	 7.385728
469	 5	 5	 1	 11.984711	 -1	 0.000000	 5.806807
470	 5	 5	 1	 7.969578	 -1	 0.000000	 7.582996
471	 5	 5	 1	 5.706268	 -1	 0.000000	 4.545212
472	 5	 5	 1	 6.456814	 -1	 0.000000	 5.128525
473	 5	 5	 1	 19.058639	 -1	 0.000000	 6.086885
474	 5	 5	 1	 6.338346	 -1	 0.000000	 5.818322
475	 5	 5	 1	 7.526309	 -1	 0.000000	 4.647312
476	 5	 5	 1	 9.435963	 -1	 0.000000	 5.051507
477	 5	 5	 1	 14.793233	 -1	 0.000000	 4.881966
478	 5	 5	 1	 5.516132	 -1	 0.000000	 5.348921
479	 5	 5	 1	 9.193133	 -1	 0.000000	 4.776591
480	 5	 5	 1	 9.740624	 -1	 0.000000	 9.538861
481	 5	 5	 1	 12.237079	 -1	 0.000000	 6.299506
482	 5	 5	 1	 5.558678	 -1	 0.000000	 4.445002
483	 5	 5	 1	 6.307379	 -1	 0.000000	 5.744644
484	 5	 5	 1	 4.932446	 -1	 0.000000	 5.151464
485	 5	 5	 1	 4.580433	 -1	 0.000000	 3.154065
>>> gr_fir_ccf: using E
>>> gr_fir_fff: using E
gr_buffer::allocate_buffer: warning: tried to allocate
   25 items of size 2544. Due to alignment requirements
   256 were allocated.  If this isn't OK, consider padding
   your structure to a power-of-two bytes.
   On this platform, our allocation granularity is 4096 bytes.
>>> gr_fir_ccf: using E
>>> gr_fir_fff: using E
gr_buffer::allocate_buffer: warning: tried to allocate
   25 items of size 2544. Due to alignment requirements
   256 were allocated.  If this isn't OK, consider padding
   your structure to a power-of-two bytes.
   On this platform, our allocation granularity is 4096 bytes.
>>> gr_fir_ccf: using E
>>> gr_fir_fff: using E
gr_buffer::allocate_buffer: warning: tried to allocate
   25 items of size 2544. Due to alignment requirements
   256 were allocated.  If this isn't OK, consider padding
   your structure to a power-of-two bytes.
   On this platform, our allocation granularity is 4096 bytes.
391	 9	 9	 0	 278.159784	 -1	 0.000000	 6.162217
392	 9	 9	 1	 201.174778	 -1	 0.000000	 7.348966
393	 9	 9	 0	 252.149713	 -1	 0.000000	 9.295999
394	 9	 9	 1	 227.449414	 -1	 0.000000	 4.442886
395	 9	 9	 1	 220.644306	 -1	 0.000000	 8.975578
396	 9	 9	 1	 207.656407	 -1	 0.000000	 8.424475
397	 9	 9	 0	 273.042849	 -1	 0.000000	 7.562362
398	 9	 9	 1	 194.025513	 -1	 0.000000	 6.719957
399	 9	 9	 1	 253.841847	 -1	 0.000000	 4.751879
400	 9	 9	 1	 207.550435	 -1	 0.000000	 4.811803
401	 9	 9	 1	 182.335749	 -1	 0.000000	 7.801376
402	 9	 9	 1	 223.118084	 -1	 0.000000	 6.948236
403	 9	 9	 0	 220.312689	 -1	 0.000000	 4.918765
404	 9	 9	 0	 274.252508	 -1	 0.000000	 10.454022
405	 9	 9	 1	 201.520475	 -1	 0.000000	 7.750744
406	 9	 9	 1	 216.246290	 -1	 0.000000	 10.174565
407	 9	 9	 0	 330.161857	 -1	 0.000000	 4.697943
408	 9	 9	 1	 160.261305	 -1	 0.000000	 3.950164
409	 9	 9	 0	 224.854936	 -1	 0.000000	 7.170774
410	 9	 9	 1	 210.794005	 -1	 0.000000	 5.796841
411	 9	 9	 0	 349.142626	 -1	 0.000000	 4.877544
412	 9	 9	 1	 242.535012	 -1	 0.000000	 5.616005
413	 9	 9	 0	 324.322698	 -1	 0.000000	 5.616526
414	 9	 9	 1	 201.177222	 -1	 0.000000	 2.999943
415	 9	 9	 1	 189.066816	 -1	 0.000000	 6.171989
416	 9	 9	 0	 379.965325	 -1	 0.000000	 5.169203
417	 9	 9	 1	 249.241408	 -1	 0.000000	 4.807537
418	 9	 9	 1	 240.772527	 -1	 0.000000	 6.918455
419	 9	 9	 1	 204.774621	 -1	 0.000000	 4.722738
420	 9	 9	 0	 323.749434	 -1	 0.000000	 4.344450
421	 9	 9	 1	 220.854094	 -1	 0.000000	 4.750870
422	 9	 9	 0	 208.848293	 -1	 0.000000	 10.412779
423	 9	 9	 1	 184.679401	 -1	 0.000000	 4.532661
424	 9	 9	 0	 375.858569	 -1	 0.000000	 5.348785
425	 9	 9	 1	 247.459866	 -1	 0.000000	 6.406519
426	 9	 9	 0	 394.327139	 -1	 0.000000	 4.607923
427	 9	 9	 1	 175.817424	 -1	 0.000000	 8.444162
428	 9	 9	 1	 232.949044	 -1	 0.000000	 7.388378
429	 9	 9	 1	 180.075972	 -1	 0.000000	 5.637269
430	 9	 9	 0	 296.676442	 -1	 0.000000	 4.722370
431	 9	 9	 0	 266.574139	 -1	 0.000000	 7.060530
432	 9	 9	 0	 298.428920	 -1	 0.000000	 5.858382
433	 9	 9	 0	 230.971740	 -1	 0.000000	 6.102334
434	 9	 9	 1	 196.083051	 -1	 0.000000	 12.063540
435	 9	 9	 1	 255.776416	 -1	 0.000000	 6.483161
436	 9	 9	 1	 187.806201	 -1	 0.000000	 7.043605
437	 9	 9	 0	 255.343859	 -1	 0.000000	 6.129013
438	 9	 9	 1	 204.764586	 -1	 0.000000	 2.932594
439	 9	 9	 1	 222.452306	 -1	 0.000000	 8.171941
440	 9	 9	 1	 199.809676	 -1	 0.000000	 11.130919
441	 9	 9	 1	 202.802703	 -1	 0.000000	 5.055934
442	 9	 9	 1	 146.966655	 -1	 0.000000	 6.085503
443	 9	 9	 1	 177.249390	 -1	 0.000000	 6.884371
444	 9	 9	 0	 401.676563	 -1	 0.000000	 8.017319
445	 9	 9	 1	 230.541213	 -1	 0.000000	 8.418512
446	 9	 9	 1	 261.572864	 -1	 0.000000	 4.691743
447	 9	 9	 1	 189.676864	 -1	 0.000000	 5.359890
448	 9	 9	 0	 289.167429	 -1	 0.000000	 5.457687
449	 9	 9	 0	 297.897522	 -1	 0.000000	 5.431733
450	 9	 9	 1	 227.683414	 -1	 0.000000	 7.278321
451	 9	 9	 0	 336.037382	 -1	 0.000000	 5.809739
452	 9	 9	 0	 276.019145	 -1	 0.000000	 6.888965
453	 9	 9	 1	 173.603404	 -1	 0.000000	 6.340895
454	 9	 9	 0	 294.562689	 -1	 0.000000	 6.030368
455	 9	 9	 1	 201.091443	 -1	 0.000000	 5.369977
456	 9	 9	 1	 263.733424	 -1	 0.000000	 5.860307
457	 9	 9	 0	 224.569013	 -1	 0.000000	 5.446704
458	 9	 9	 0	 319.330569	 -1	 0.000000	 4.957625
459	 9	 9	 1	 217.716652	 -1	 0.000000	 7.337918
460	 9	 9	 0	 304.170133	 -1	 0.000000	 6.703177
461	 9	 9	 0	 315.320559	 -1	 0.000000	 13.692355
462	 9	 9	 1	 176.181579	 -1	 0.000000	 4.293843
463	 9	 9	 1	 187.858172	 -1	 0.000000	 3.906507
464	 9	 9	 1	 201.836507	 -1	 0.000000	 3.159061
465	 9	 9	 1	 210.064995	 -1	 0.000000	 7.946650
466	 9	 9	 0	 203.686198	 -1	 0.000000	 7.518263
467	 9	 9	 0	 354.161502	 -1	 0.000000	 12.011333
468	 9	 9	 1	 209.976146	 -1	 0.000000	 6.249740
469	 9	 9	 0	 271.029240	 -1	 0.000000	 10.847766
470	 9	 9	 0	 284.037445	 -1	 0.000000	 9.341575
471	 9	 9	 0	 301.485921	 -1	 0.000000	 5.723898
472	 9	 9	 0	 383.335199	 -1	 0.000000	 11.961378
473	 9	 9	 0	 335.000440	 -1	 0.000000	 4.068928
474	 9	 9	 0	 310.709214	 -1	 0.000000	 5.996192
475	 9	 9	 0	 317.696063	 -1	 0.000000	 8.973464
476	 9	 9	 0	 276.363531	 -1	 0.000000	 7.621730
477	 9	 9	 0	 294.956689	 -1	 0.000000	 5.484814
478	 9	 9	 1	 212.990720	 -1	 0.000000	 5.681157
479	 9	 9	 0	 310.967105	 -1	 0.000000	 8.614985
480	 9	 9	 1	 151.252544	 -1	 0.000000	 7.539484
481	 9	 9	 1	 202.926205	 -1	 0.000000	 4.630025
482	 9	 9	 1	 174.560892	 -1	 0.000000	 14.468981
483	 9	 9	 1	 232.301115	 -1	 0.000000	 7.777077
484	 9	 9	 0	 283.140263	 -1	 0.000000	 12.187267
485	 9	 9	 0	 441.321993	 -1	 0.000000	 6.654680
486	 9	 9	 1	 184.019379	 -1	 0.000000	 7.619689
487	 9	 9	 1	 257.676211	 -1	 0.000000	 5.783529
488	 9	 9	 1	 174.714139	 -1	 0.000000	 7.621537
489	 9	 9	 1	 245.709137	 -1	 0.000000	 4.543685
490	 9	 9	 0	 216.531248	 -1	 0.000000	 4.791886
491	 9	 9	 0	 283.756136	 -1	 0.000000	 8.123919
492	 9	 9	 0	 414.139524	 -1	 0.000000	 4.253876
493	 9	 9	 0	 371.516348	 -1	 0.000000	 4.186258
494	 9	 9	 1	 201.261662	 -1	 0.000000	 4.514316
495	 9	 9	 1	 254.554733	 -1	 0.000000	 7.050730
496	 9	 9	 1	 175.754768	 -1	 0.000000	 8.237371
497	 9	 9	 1	 193.413851	 -1	 0.000000	 6.329048
498	 9	 9	 0	 263.172928	 -1	 0.000000	 12.043244
499	 9	 9	 0	 283.584035	 -1	 0.000000	 12.990821
0	 9	 9	 1	 198.680158	 -1	 0.000000	 3.927536
1	 9	 9	 0	 350.363399	 -1	 0.000000	 5.975495
2	 9	 9	 0	 301.204263	 -1	 0.000000	 4.668977
3	 9	 9	 0	 401.775507	 -1	 0.000000	 4.553521
4	 9	 9	 0	 314.388737	 -1	 0.000000	 6.406389
5	 9	 9	 1	 180.155573	 -1	 0.000000	 5.976827
6	 9	 9	 0	 273.883456	 -1	 0.000000	 5.986849
7	 9	 9	 0	 285.289858	 -1	 0.000000	 8.068846
8	 9	 9	 0	 323.764926	 -1	 0.000000	 7.673719
9	 9	 9	 1	 169.162750	 -1	 0.000000	 8.011991
10	 9	 9	 0	 386.685742	 -1	 0.000000	 5.197430
11	 9	 9	 0	 294.604573	 -1	 0.000000	 5.825362
12	 9	 9	 1	 182.164361	 -1	 0.000000	 6.136954
13	 9	 9	 1	 182.278428	 -1	 0.000000	 9.778953
14	 9	 9	 1	 237.884660	 -1	 0.000000	 4.339581
15	 9	 9	 1	 246.542542	 -1	 0.000000	 11.422626
16	 9	 9	 1	 206.901227	 -1	 0.000000	 5.740891
17	 9	 9	 0	 266.334979	 -1	 0.000000	 17.498552
18	 9	 9	 0	 278.579472	 -1	 0.000000	 5.484768
19	 9	 9	 1	 210.754591	 -1	 0.000000	 7.039049
20	 9	 9	 0	 241.059395	 -1	 0.000000	 7.508152
21	 9	 9	 0	 222.593646	 -1	 0.000000	 6.677328
22	 9	 9	 0	 309.354610	 -1	 0.000000	 4.799852
23	 9	 9	 1	 194.194255	 -1	 0.000000	 6.891066
24	 9	 9	 0	 360.055769	 -1	 0.000000	 6.601437
25	 9	 9	 1	 297.180542	 -1	 0.000000	 5.314014
26	 9	 9	 1	 180.954545	 -1	 0.000000	 5.847598
27	 9	 9	 1	 232.122302	 -1	 0.000000	 7.382008
>>> gr_fir_ccf: using E
>>> gr_fir_fff: using E
gr_buffer::allocate_buffer: warning: tried to allocate
   25 items of size 2544. Due to alignment requirements
   256 were allocated.  If this isn't OK, consider padding
   your structure to a power-of-two bytes.
   On this platform, our allocation granularity is 4096 bytes.
433	 9	 9	 1	 159.371633	 -1	 0.000000	 15.036297
434	 9	 9	 0	 266.007269	 -1	 0.000000	 9.195855
435	 9	 9	 0	 298.487643	 -1	 0.000000	 5.085444
436	 9	 9	 0	 336.361957	 -1	 0.000000	 8.479567
437	 9	 9	 1	 193.696169	 -1	 0.000000	 5.146485
438	 9	 9	 1	 197.613369	 -1	 0.000000	 5.882758
439	 9	 9	 0	 294.707004	 -1	 0.000000	 6.196580
440	 9	 9	 0	 290.223611	 -1	 0.000000	 8.453281
441	 9	 9	 1	 237.464334	 -1	 0.000000	 6.287988
442	 9	 9	 0	 297.250010	 -1	 0.000000	 5.678341
443	 9	 9	 1	 206.856094	 -1	 0.000000	 6.195645
444	 9	 9	 0	 410.983279	 -1	 0.000000	 4.361384
445	 9	 9	 1	 192.167158	 -1	 0.000000	 5.397326
446	 9	 9	 0	 331.799415	 -1	 0.000000	 8.000871
447	 9	 9	 0	 283.346724	 -1	 0.000000	 3.727792
448	 9	 9	 1	 194.235658	 -1	 0.000000	 6.975739
449	 9	 9	 0	 262.638372	 -1	 0.000000	 7.172791
450	 9	 9	 1	 192.606906	 -1	 0.000000	 10.103185
451	 9	 9	 0	 216.581409	 -1	 0.000000	 4.996339
452	 9	 9	 0	 286.112660	 -1	 0.000000	 6.170789
453	 9	 9	 0	 260.115115	 -1	 0.000000	 6.948342
454	 9	 9	 0	 308.764881	 -1	 0.000000	 3.213002
455	 9	 9	 1	 217.644185	 -1	 0.000000	 6.855705
456	 9	 9	 1	 238.185413	 -1	 0.000000	 4.794945
457	 9	 9	 1	 201.647920	 -1	 0.000000	 5.308138
458	 9	 9	 1	 218.894881	 -1	 0.000000	 12.735867
459	 9	 9	 0	 200.933667	 -1	 0.000000	 4.725595
460	 9	 9	 1	 230.698540	 -1	 0.000000	 6.415480
461	 9	 9	 1	 219.429354	 -1	 0.000000	 7.397175
462	 9	 9	 1	 213.268077	 -1	 0.000000	 3.634986
463	 9	 9	 1	 278.129740	 -1	 0.000000	 4.144398
464	 9	 9	 1	 205.730292	 -1	 0.000000	 7.068223
465	 9	 9	 0	 296.733159	 -1	 0.000000	 5.733671
466	 9	 9	 1	 233.743909	 -1	 0.000000	 7.629644
467	 9	 9	 1	 228.253439	 -1	 0.000000	 6.240609
468	 9	 9	 0	 338.447771	 -1	 0.000000	 15.558135
469	 9	 9	 1	 209.528034	 -1	 0.000000	 10.132784
470	 9	 9	 1	 210.172849	 -1	 0.000000	 6.133267
471	 9	 9	 0	 289.837130	 -1	 0.000000	 6.013723
472	 9	 9	 0	 325.698414	 -1	 0.000000	 6.840665
473	 9	 9	 0	 264.450317	 -1	 0.000000	 5.530333
474	 9	 9	 0	 284.681631	 -1	 0.000000	 5.404932
475	 9	 9	 1	 216.187971	 -1	 0.000000	 9.851169
476	 9	 9	 0	 292.407359	 -1	 0.000000	 5.016438
477	 9	 9	 0	 324.318811	 -1	 0.000000	 6.169321
478	 9	 9	 0	 338.736946	 -1	 0.000000	 7.126472
479	 9	 9	 0	 322.427896	 -1	 0.000000	 7.754283
480	 9	 9	 0	 361.627349	 -1	 0.000000	 4.750976
481	 9	 9	 1	 272.576885	 -1	 0.000000	 6.140913
482	 9	 9	 1	 184.808502	 -1	 0.000000	 7.980288
483	 9	 9	 0	 283.194580	 -1	 0.000000	 5.372577
484	 9	 9	 0	 265.143964	 -1	 0.000000	 5.223229
485	 9	 9	 1	 196.625105	 -1	 0.000000	 3.943912
486	 9	 9	 0	 293.185553	 -1	 0.000000	 6.387153
487	 9	 9	 1	 218.667888	 -1	 0.000000	 7.077422
488	 9	 9	 0	 270.642933	 -1	 0.000000	 8.610874
489	 9	 9	 1	 231.818507	 -1	 0.000000	 9.317505
490	 9	 9	 1	 196.476269	 -1	 0.000000	 9.126523
491	 9	 9	 0	 356.680176	 -1	 0.000000	 5.894945
492	 9	 9	 1	 234.401418	 -1	 0.000000	 6.390464
493	 9	 9	 0	 247.267087	 -1	 0.000000	 7.644317
494	 9	 9	 1	 254.572821	 -1	 0.000000	 5.162389
495	 9	 9	 0	 304.765557	 -1	 0.000000	 4.272352
496	 9	 9	 1	 223.902677	 -1	 0.000000	 4.955946
497	 9	 9	 0	 245.934874	 -1	 0.000000	 10.024715
498	 9	 9	 0	 278.924300	 -1	 0.000000	 7.023856
499	 9	 9	 0	 368.412069	 -1	 0.000000	 3.100980
0	 11	 11	 0	 405.109743	 -1	 0.000000	 4.706317
1	 11	 11	 0	 346.810216	 -1	 0.000000	 7.830626
>>> gr_fir_ccf: using E
>>> gr_fir_fff: using E
gr_buffer::allocate_buffer: warning: tried to allocate
   25 items of size 2544. Due to alignment requirements
   256 were allocated.  If this isn't OK, consider padding
   your structure to a power-of-two bytes.
   On this platform, our allocation granularity is 4096 bytes.
0	 11	 11	 0	 440.521984	 -1	 0.000000	 5.919430
1	 11	 11	 0	 379.376207	 -1	 0.000000	 8.642283
2	 11	 11	 0	 364.060410	 -1	 0.000000	 3.491957
3	 11	 11	 0	 340.123959	 -1	 0.000000	 6.291093
4	 11	 11	 0	 416.989469	 -1	 0.000000	 4.513544
5	 11	 11	 0	 363.315482	 -1	 0.000000	 5.509156
6	 11	 11	 0	 436.739541	 -1	 0.000000	 9.202522
>>> gr_fir_ccf: using E
>>> gr_fir_fff: using E
gr_buffer::allocate_buffer: warning: tried to allocate
   25 items of size 2544. Due to alignment requirements
   256 were allocated.  If this isn't OK, consider padding
   your structure to a power-of-two bytes.
   On this platform, our allocation granularity is 4096 bytes.
>>> gr_fir_ccf: using E
>>> gr_fir_fff: using E
gr_buffer::allocate_buffer: warning: tried to allocate
   25 items of size 2544. Due to alignment requirements
   256 were allocated.  If this isn't OK, consider padding
   your structure to a power-of-two bytes.
   On this platform, our allocation granularity is 4096 bytes.
0	 10	 10	 0	 474.252841	 -1	 0.000000	 6.246802
1	 10	 10	 0	 478.379066	 -1	 0.000000	 5.376435
2	 10	 10	 0	 464.753621	 -1	 0.000000	 4.235555
3	 10	 10	 0	 472.103812	 -1	 0.000000	 8.858119
4	 10	 10	 0	 476.286885	 -1	 0.000000	 6.038693
5	 10	 10	 0	 476.699441	 -1	 0.000000	 8.437397
6	 10	 10	 0	 468.061095	 -1	 0.000000	 4.327615
7	 10	 10	 0	 479.865320	 -1	 0.000000	 8.542290
8	 10	 10	 0	 473.001796	 -1	 0.000000	 5.555881
9	 10	 10	 0	 470.468134	 -1	 0.000000	 6.302381
10	 10	 10	 0	 472.799728	 -1	 0.000000	 8.885962
11	 10	 10	 0	 471.967418	 -1	 0.000000	 7.077046
12	 10	 10	 0	 473.097132	 -1	 0.000000	 5.594234
13	 10	 10	 0	 476.551299	 -1	 0.000000	 14.590822
14	 10	 10	 0	 465.893860	 -1	 0.000000	 8.321319
15	 10	 10	 0	 476.128722	 -1	 0.000000	 10.145675
16	 10	 10	 0	 471.495003	 -1	 0.000000	 4.976485
17	 10	 10	 0	 474.855462	 -1	 0.000000	 6.808664
18	 10	 10	 0	 472.471076	 -1	 0.000000	 4.316657
19	 10	 10	 0	 477.803946	 -1	 0.000000	 8.667388
20	 10	 10	 0	 471.387211	 -1	 0.000000	 4.848355
21	 10	 10	 0	 477.303289	 -1	 0.000000	 6.890920
22	 10	 10	 0	 478.095785	 -1	 0.000000	 6.795339
23	 10	 10	 0	 473.158978	 -1	 0.000000	 4.724543
24	 10	 10	 0	 471.856472	 -1	 0.000000	 7.907156
25	 10	 10	 0	 472.736021	 -1	 0.000000	 6.526817
26	 10	 10	 0	 474.372087	 -1	 0.000000	 3.129578
27	 10	 10	 0	 465.809448	 -1	 0.000000	 5.405255
28	 10	 10	 0	 468.795512	 -1	 0.000000	 3.841876
29	 10	 10	 0	 466.082171	 -1	 0.000000	 8.475943
30	 10	 10	 0	 476.478865	 -1	 0.000000	 7.699471
31	 10	 10	 0	 468.777192	 -1	 0.000000	 8.990162
>>> gr_fir_ccf: using E
>>> gr_fir_fff: using E
terminate called after throwing an instance of 'std::invalid_argument'
  what():  gr_ofdm_demod: Incorrect subcarriers allocated
