>>> gr_fir_ccf: using E
>>> gr_fir_fff: using E
terminate called after throwing an instance of 'std::invalid_argument'
  what():  gr_ofdm_demod: Incorrect subcarriers allocated
>>> gr_fir_ccf: using E
>>> gr_fir_fff: using E
gr_buffer::allocate_buffer: warning: tried to allocate
   22 items of size 2928. Due to alignment requirements
   256 were allocated.  If this isn't OK, consider padding
   your structure to a power-of-two bytes.
   On this platform, our allocation granularity is 4096 bytes.
223	 13	 13	 1	 0.004869	 -1	 0.000000	 4.977949
224	 13	 13	 1	 0.058171	 -1	 0.000000	 8.261655
225	 13	 13	 1	 0.328004	 -1	 0.000000	 5.128315
226	 13	 13	 1	 0.006741	 -1	 0.000000	 4.773027
227	 13	 13	 1	 0.001977	 -1	 0.000000	 7.875556
228	 13	 13	 1	 0.010658	 -1	 0.000000	 5.597119
229	 13	 13	 1	 0.062237	 -1	 0.000000	 9.649831
230	 13	 13	 1	 0.002525	 -1	 0.000000	 5.428657
231	 13	 13	 1	 0.024850	 -1	 0.000000	 7.159123
232	 13	 13	 1	 0.004084	 -1	 0.000000	 7.178337
233	 13	 13	 1	 0.023748	 -1	 0.000000	 3.058174
234	 13	 13	 1	 0.003106	 -1	 0.000000	 6.787676
235	 13	 13	 1	 0.001918	 -1	 0.000000	 4.467112
236	 13	 13	 1	 0.000953	 -1	 0.000000	 7.713123
237	 13	 13	 1	 0.003925	 -1	 0.000000	 6.755596
238	 13	 13	 1	 0.001682	 -1	 0.000000	 5.196063
239	 13	 13	 1	 0.029802	 -1	 0.000000	 4.845931
240	 13	 13	 1	 0.001189	 -1	 0.000000	 6.674871
241	 13	 13	 1	 0.001977	 -1	 0.000000	 6.795866
242	 13	 13	 1	 0.010265	 -1	 0.000000	 4.806869
243	 13	 13	 1	 0.002300	 -1	 0.000000	 10.863767
244	 13	 13	 1	 0.008678	 -1	 0.000000	 16.494308
245	 13	 13	 1	 0.005869	 -1	 0.000000	 4.521630
246	 13	 13	 1	 0.004449	 -1	 0.000000	 5.259962
247	 13	 13	 1	 0.002433	 -1	 0.000000	 3.353344
248	 13	 13	 1	 0.005725	 -1	 0.000000	 11.266580
249	 13	 13	 1	 0.035131	 -1	 0.000000	 4.908215
250	 13	 13	 1	 0.006497	 -1	 0.000000	 6.829424
251	 13	 13	 1	 0.005371	 -1	 0.000000	 8.177616
252	 13	 13	 1	 0.003573	 -1	 0.000000	 6.403928
253	 13	 13	 1	 0.000823	 -1	 0.000000	 6.968392
254	 13	 13	 1	 0.000707	 -1	 0.000000	 5.132288
255	 13	 13	 1	 0.006478	 -1	 0.000000	 7.529189
256	 13	 13	 1	 0.022862	 -1	 0.000000	 7.984870
257	 13	 13	 1	 0.007216	 -1	 0.000000	 5.080274
258	 13	 13	 1	 0.001047	 -1	 0.000000	 10.295630
259	 13	 13	 1	 0.000590	 -1	 0.000000	 9.716082
260	 13	 13	 1	 0.009215	 -1	 0.000000	 6.685208
261	 13	 13	 1	 0.000248	 -1	 0.000000	 4.729911
262	 13	 13	 1	 0.000505	 -1	 0.000000	 7.488843
263	 13	 13	 1	 0.010624	 -1	 0.000000	 6.158184
264	 13	 13	 1	 0.002146	 -1	 0.000000	 6.131823
265	 13	 13	 1	 0.002777	 -1	 0.000000	 6.491181
266	 13	 13	 1	 0.010508	 -1	 0.000000	 5.727941
267	 13	 13	 1	 0.000624	 -1	 0.000000	 6.929531
268	 13	 13	 1	 0.024231	 -1	 0.000000	 10.942010
269	 13	 13	 1	 0.008052	 -1	 0.000000	 7.379936
270	 13	 13	 1	 0.001217	 -1	 0.000000	 6.628954
271	 13	 13	 1	 0.002017	 -1	 0.000000	 7.142343
272	 13	 13	 1	 0.028577	 -1	 0.000000	 4.503363
273	 13	 13	 1	 0.002255	 -1	 0.000000	 3.773272
274	 13	 13	 1	 0.018109	 -1	 0.000000	 5.563310
275	 13	 13	 1	 0.001687	 -1	 0.000000	 7.549665
276	 13	 13	 1	 0.065437	 -1	 0.000000	 9.286534
277	 13	 13	 1	 0.003257	 -1	 0.000000	 6.684148
278	 13	 13	 1	 0.006164	 -1	 0.000000	 4.222509
279	 13	 13	 1	 0.001156	 -1	 0.000000	 5.225849
280	 13	 13	 1	 0.000975	 -1	 0.000000	 5.332347
281	 13	 13	 1	 0.003644	 -1	 0.000000	 4.775440
282	 13	 13	 1	 0.002170	 -1	 0.000000	 4.941443
283	 13	 13	 1	 0.001322	 -1	 0.000000	 6.054697
284	 13	 13	 1	 0.002655	 -1	 0.000000	 8.214089
285	 13	 13	 1	 0.002335	 -1	 0.000000	 6.371182
286	 13	 13	 1	 0.000559	 -1	 0.000000	 6.324322
287	 13	 13	 1	 0.002314	 -1	 0.000000	 8.399900
288	 13	 13	 1	 0.001615	 -1	 0.000000	 7.103817
289	 13	 13	 1	 0.015558	 -1	 0.000000	 9.365964
290	 13	 13	 1	 0.005410	 -1	 0.000000	 8.189475
291	 13	 13	 1	 0.013529	 -1	 0.000000	 5.546276
292	 13	 13	 1	 0.001542	 -1	 0.000000	 4.355319
293	 13	 13	 1	 0.001986	 -1	 0.000000	 7.728988
294	 13	 13	 1	 0.001571	 -1	 0.000000	 8.603608
295	 13	 13	 1	 0.000159	 -1	 0.000000	 6.460163
296	 13	 13	 1	 0.000771	 -1	 0.000000	 6.941257
297	 13	 13	 1	 0.012334	 -1	 0.000000	 4.389857
298	 13	 13	 1	 0.001615	 -1	 0.000000	 16.032495
299	 13	 13	 1	 0.000888	 -1	 0.000000	 14.540824
300	 13	 13	 1	 0.001006	 -1	 0.000000	 6.343397
301	 13	 13	 1	 0.003212	 -1	 0.000000	 7.074481
302	 13	 13	 1	 0.004342	 -1	 0.000000	 6.391908
303	 13	 13	 1	 0.005156	 -1	 0.000000	 5.631234
304	 13	 13	 1	 0.008271	 -1	 0.000000	 7.724173
305	 13	 13	 1	 0.000892	 -1	 0.000000	 6.588129
306	 13	 13	 1	 0.008627	 -1	 0.000000	 3.861652
307	 13	 13	 1	 0.004533	 -1	 0.000000	 9.607327
308	 13	 13	 1	 0.001089	 -1	 0.000000	 6.906964
309	 13	 13	 1	 0.294797	 -1	 0.000000	 7.150738
>>> gr_fir_ccf: using E
>>> gr_fir_fff: using E
gr_buffer::allocate_buffer: warning: tried to allocate
   22 items of size 2928. Due to alignment requirements
   256 were allocated.  If this isn't OK, consider padding
   your structure to a power-of-two bytes.
   On this platform, our allocation granularity is 4096 bytes.
>>> gr_fir_ccf: using E
>>> gr_fir_fff: using E
gr_buffer::allocate_buffer: warning: tried to allocate
   22 items of size 2928. Due to alignment requirements
   256 were allocated.  If this isn't OK, consider padding
   your structure to a power-of-two bytes.
   On this platform, our allocation granularity is 4096 bytes.
0	 5	 5	 1	 3.310045	 -1	 0.000000	 4.466521
6	 5	 5	 1	 5.188034	 -1	 0.000000	 7.323638
14	 5	 5	 1	 3.576884	 -1	 0.000000	 6.644424
19	 5	 5	 0	 1000.000000	 -1	 0.000000	 3.978739
37	 5	 5	 1	 2.551132	 -1	 0.000000	 7.451142
43	 5	 5	 1	 1.076362	 -1	 0.000000	 10.500775
>>> gr_fir_ccf: using E
>>> gr_fir_fff: using E
gr_buffer::allocate_buffer: warning: tried to allocate
   22 items of size 2928. Due to alignment requirements
   256 were allocated.  If this isn't OK, consider padding
   your structure to a power-of-two bytes.
   On this platform, our allocation granularity is 4096 bytes.
276	 5	 5	 1	 10.729946	 -1	 0.000000	 6.370349
277	 5	 5	 1	 1.914561	 -1	 0.000000	 4.754519
278	 5	 5	 1	 6.202842	 -1	 0.000000	 6.167528
279	 5	 5	 1	 1.082654	 -1	 0.000000	 8.601964
280	 5	 5	 1	 3.606354	 -1	 0.000000	 4.426896
281	 5	 5	 1	 1.709382	 -1	 0.000000	 6.020953
282	 5	 5	 1	 5.210756	 -1	 0.000000	 7.352564
283	 5	 5	 1	 9.196105	 -1	 0.000000	 4.515879
284	 5	 5	 1	 1.900441	 -1	 0.000000	 9.282249
285	 5	 5	 1	 13.673137	 -1	 0.000000	 8.954561
286	 5	 5	 1	 3.804622	 -1	 0.000000	 7.924192
287	 5	 5	 1	 4.750674	 -1	 0.000000	 8.962378
288	 5	 5	 1	 7.562120	 -1	 0.000000	 4.398479
289	 5	 5	 1	 1.556847	 -1	 0.000000	 6.971888
290	 5	 5	 1	 4.276073	 -1	 0.000000	 6.055847
291	 5	 5	 1	 3.839680	 -1	 0.000000	 7.570858
292	 5	 5	 1	 2.538613	 -1	 0.000000	 4.321920
293	 5	 5	 1	 0.787719	 -1	 0.000000	 5.060238
294	 5	 5	 1	 1.811194	 -1	 0.000000	 4.541968
295	 5	 5	 1	 3.225329	 -1	 0.000000	 9.475032
296	 5	 5	 1	 4.151902	 -1	 0.000000	 4.799990
297	 5	 5	 1	 3.450216	 -1	 0.000000	 6.650333
298	 5	 5	 1	 3.324601	 -1	 0.000000	 6.338128
299	 5	 5	 1	 5.258325	 -1	 0.000000	 4.673943
300	 5	 5	 1	 3.430362	 -1	 0.000000	 6.157722
301	 5	 5	 1	 0.346211	 -1	 0.000000	 5.621239
302	 5	 5	 1	 3.802533	 -1	 0.000000	 5.256106
303	 5	 5	 1	 14.792085	 -1	 0.000000	 6.758333
304	 5	 5	 1	 5.848902	 -1	 0.000000	 6.926247
305	 5	 5	 1	 3.910418	 -1	 0.000000	 5.960173
306	 5	 5	 1	 7.902332	 -1	 0.000000	 12.418832
307	 5	 5	 1	 1.092298	 -1	 0.000000	 5.790841
308	 5	 5	 1	 8.429785	 -1	 0.000000	 7.731592
309	 5	 5	 1	 6.970027	 -1	 0.000000	 15.572068
310	 5	 5	 1	 2.052002	 -1	 0.000000	 5.559536
311	 5	 5	 1	 2.393521	 -1	 0.000000	 9.722162
312	 5	 5	 1	 9.783567	 -1	 0.000000	 7.806199
313	 5	 5	 1	 1.481017	 -1	 0.000000	 4.581454
314	 5	 5	 1	 2.251760	 -1	 0.000000	 6.016160
315	 5	 5	 1	 4.384723	 -1	 0.000000	 8.325610
316	 5	 5	 1	 3.376331	 -1	 0.000000	 4.503723
317	 5	 5	 1	 1.651020	 -1	 0.000000	 6.646825
318	 5	 5	 1	 3.121846	 -1	 0.000000	 6.141451
319	 5	 5	 1	 6.042752	 -1	 0.000000	 8.929480
320	 5	 5	 1	 9.270015	 -1	 0.000000	 4.478985
321	 5	 5	 1	 3.502590	 -1	 0.000000	 5.576128
322	 5	 5	 1	 6.029981	 -1	 0.000000	 4.516287
323	 5	 5	 1	 3.744094	 -1	 0.000000	 7.241755
324	 5	 5	 1	 3.490673	 -1	 0.000000	 9.415066
325	 5	 5	 1	 7.700173	 -1	 0.000000	 5.381444
326	 5	 5	 1	 3.808799	 -1	 0.000000	 8.227901
327	 5	 5	 1	 2.730345	 -1	 0.000000	 4.196340
328	 5	 5	 1	 1.047662	 -1	 0.000000	 5.631106
329	 5	 5	 1	 3.434023	 -1	 0.000000	 6.320041
330	 5	 5	 1	 5.419344	 -1	 0.000000	 11.444883
331	 5	 5	 1	 1.695711	 -1	 0.000000	 7.054081
332	 5	 5	 1	 6.031860	 -1	 0.000000	 6.544954
333	 5	 5	 1	 4.729579	 -1	 0.000000	 7.933241
334	 5	 5	 1	 1.321439	 -1	 0.000000	 5.559560
335	 5	 5	 1	 2.163377	 -1	 0.000000	 5.029583
336	 5	 5	 1	 2.690520	 -1	 0.000000	 5.843298
337	 5	 5	 1	 6.938495	 -1	 0.000000	 6.080390
338	 5	 5	 1	 1.187628	 -1	 0.000000	 7.769906
339	 5	 5	 1	 1.379508	 -1	 0.000000	 11.209666
340	 5	 5	 1	 6.373540	 -1	 0.000000	 9.918900
341	 5	 5	 1	 3.747526	 -1	 0.000000	 7.613861
342	 5	 5	 1	 3.986017	 -1	 0.000000	 9.996382
343	 5	 5	 1	 5.289979	 -1	 0.000000	 5.713967
344	 5	 5	 1	 2.977497	 -1	 0.000000	 5.355179
345	 5	 5	 1	 0.998823	 -1	 0.000000	 4.252053
346	 5	 5	 1	 2.378187	 -1	 0.000000	 5.935767
347	 5	 5	 1	 6.930307	 -1	 0.000000	 4.824878
348	 5	 5	 1	 11.185466	 -1	 0.000000	 7.955418
349	 5	 5	 1	 1.316592	 -1	 0.000000	 6.314582
350	 5	 5	 1	 6.583834	 -1	 0.000000	 9.858290
351	 5	 5	 1	 2.883216	 -1	 0.000000	 7.425288
352	 5	 5	 1	 2.154323	 -1	 0.000000	 6.910229
353	 5	 5	 1	 5.693903	 -1	 0.000000	 10.048103
354	 5	 5	 1	 2.616847	 -1	 0.000000	 8.003361
355	 5	 5	 1	 3.001990	 -1	 0.000000	 7.351588
356	 5	 5	 1	 4.283419	 -1	 0.000000	 12.740667
357	 5	 5	 1	 2.340998	 -1	 0.000000	 5.319521
358	 5	 5	 1	 3.046297	 -1	 0.000000	 5.671305
359	 5	 5	 1	 6.509768	 -1	 0.000000	 8.170757
360	 5	 5	 1	 1.632251	 -1	 0.000000	 4.047400
361	 5	 5	 1	 2.950306	 -1	 0.000000	 6.314818
362	 5	 5	 1	 2.921610	 -1	 0.000000	 3.974514
363	 5	 5	 1	 3.777822	 -1	 0.000000	 4.662070
364	 5	 5	 1	 7.981845	 -1	 0.000000	 3.804581
365	 5	 5	 1	 11.262566	 -1	 0.000000	 11.648345
366	 5	 5	 1	 0.565492	 -1	 0.000000	 4.521968
367	 5	 5	 1	 11.122837	 -1	 0.000000	 6.055486
368	 5	 5	 1	 3.590986	 -1	 0.000000	 4.256053
369	 5	 5	 1	 4.606022	 -1	 0.000000	 6.519797
370	 5	 5	 1	 2.775406	 -1	 0.000000	 3.939312
371	 5	 5	 1	 4.348527	 -1	 0.000000	 10.465290
372	 5	 5	 1	 1.248842	 -1	 0.000000	 3.972448
373	 5	 5	 1	 10.382840	 -1	 0.000000	 9.835661
374	 5	 5	 1	 2.247848	 -1	 0.000000	 7.496800
375	 5	 5	 1	 3.326175	 -1	 0.000000	 6.210723
376	 5	 5	 1	 4.005257	 -1	 0.000000	 8.328702
377	 5	 5	 1	 6.911250	 -1	 0.000000	 4.670636
378	 5	 5	 1	 3.256342	 -1	 0.000000	 5.823766
379	 5	 5	 1	 5.260465	 -1	 0.000000	 6.777019
380	 5	 5	 1	 4.838683	 -1	 0.000000	 5.462291
381	 5	 5	 1	 3.175652	 -1	 0.000000	 7.395591
382	 5	 5	 1	 8.495030	 -1	 0.000000	 6.534442
383	 5	 5	 1	 3.728191	 -1	 0.000000	 9.434886
384	 5	 5	 1	 9.033255	 -1	 0.000000	 8.703586
385	 5	 5	 1	 2.483945	 -1	 0.000000	 14.420318
386	 5	 5	 1	 2.979040	 -1	 0.000000	 10.194176
387	 5	 5	 1	 2.166406	 -1	 0.000000	 6.778725
388	 5	 5	 1	 0.886403	 -1	 0.000000	 5.078474
389	 5	 5	 1	 4.546625	 -1	 0.000000	 9.978097
390	 5	 5	 1	 4.589351	 -1	 0.000000	 13.242835
391	 5	 5	 1	 4.998992	 -1	 0.000000	 7.100541
392	 5	 5	 1	 9.144487	 -1	 0.000000	 5.004715
393	 5	 5	 1	 6.813950	 -1	 0.000000	 5.943832
394	 5	 5	 1	 13.008074	 -1	 0.000000	 7.822920
395	 5	 5	 1	 1.170247	 -1	 0.000000	 8.943269
396	 5	 5	 1	 4.287915	 -1	 0.000000	 9.178536
397	 5	 5	 1	 4.884282	 -1	 0.000000	 9.556468
398	 5	 5	 1	 0.832092	 -1	 0.000000	 10.656976
399	 5	 5	 1	 2.800809	 -1	 0.000000	 4.669527
400	 5	 5	 1	 0.753759	 -1	 0.000000	 7.651856
401	 5	 5	 1	 2.086597	 -1	 0.000000	 6.811890
402	 5	 5	 1	 6.213908	 -1	 0.000000	 6.987988
403	 5	 5	 1	 3.381248	 -1	 0.000000	 6.361609
404	 5	 5	 1	 1.824116	 -1	 0.000000	 17.327465
405	 5	 5	 1	 10.795020	 -1	 0.000000	 10.256806
406	 5	 5	 1	 8.730666	 -1	 0.000000	 4.590544
407	 5	 5	 1	 4.205897	 -1	 0.000000	 10.161064
408	 5	 5	 1	 4.126133	 -1	 0.000000	 5.302091
409	 5	 5	 1	 4.467200	 -1	 0.000000	 5.836341
410	 5	 5	 1	 1.576798	 -1	 0.000000	 8.299312
411	 5	 5	 1	 3.027114	 -1	 0.000000	 3.965055
412	 5	 5	 1	 2.809431	 -1	 0.000000	 6.054008
413	 5	 5	 1	 1.006019	 -1	 0.000000	 5.518922
414	 5	 5	 1	 4.670054	 -1	 0.000000	 8.540256
415	 5	 5	 1	 6.162631	 -1	 0.000000	 5.460115
416	 5	 5	 1	 0.866247	 -1	 0.000000	 5.578548
417	 5	 5	 1	 1.964821	 -1	 0.000000	 11.959044
418	 5	 5	 1	 2.779296	 -1	 0.000000	 4.496566
419	 5	 5	 1	 5.987950	 -1	 0.000000	 10.751911
420	 5	 5	 1	 5.416733	 -1	 0.000000	 6.275535
421	 5	 5	 1	 1.276641	 -1	 0.000000	 8.488632
422	 5	 5	 1	 6.330211	 -1	 0.000000	 4.671560
423	 5	 5	 1	 0.602890	 -1	 0.000000	 4.564678
424	 5	 5	 1	 2.926033	 -1	 0.000000	 6.988638
425	 5	 5	 1	 4.765685	 -1	 0.000000	 5.598958
426	 5	 5	 1	 2.053893	 -1	 0.000000	 7.585166
427	 5	 5	 1	 1.764736	 -1	 0.000000	 7.540602
428	 5	 5	 1	 2.543311	 -1	 0.000000	 5.216238
429	 5	 5	 1	 10.853435	 -1	 0.000000	 5.877201
430	 5	 5	 1	 7.467423	 -1	 0.000000	 8.218762
431	 5	 5	 1	 6.764446	 -1	 0.000000	 5.282079
432	 5	 5	 1	 4.447312	 -1	 0.000000	 7.221073
433	 5	 5	 1	 2.601176	 -1	 0.000000	 4.770245
434	 5	 5	 1	 10.988370	 -1	 0.000000	 3.719553
>>> gr_fir_ccf: using E
>>> gr_fir_fff: using E
gr_buffer::allocate_buffer: warning: tried to allocate
   22 items of size 2928. Due to alignment requirements
   256 were allocated.  If this isn't OK, consider padding
   your structure to a power-of-two bytes.
   On this platform, our allocation granularity is 4096 bytes.
302	 5	 5	 1	 1.777700	 -1	 0.000000	 6.856936
303	 5	 5	 1	 1.073754	 -1	 0.000000	 5.668267
304	 5	 5	 1	 7.348716	 -1	 0.000000	 4.358723
305	 5	 5	 1	 6.940953	 -1	 0.000000	 18.999269
306	 5	 5	 1	 1.266666	 -1	 0.000000	 6.575020
307	 5	 5	 1	 3.278265	 -1	 0.000000	 4.949065
308	 5	 5	 1	 1.567449	 -1	 0.000000	 9.526110
309	 5	 5	 1	 5.474506	 -1	 0.000000	 4.624981
310	 5	 5	 1	 4.850954	 -1	 0.000000	 3.536387
311	 5	 5	 1	 2.228721	 -1	 0.000000	 8.797756
312	 5	 5	 1	 5.950851	 -1	 0.000000	 6.891765
313	 5	 5	 1	 1.282197	 -1	 0.000000	 7.120003
314	 5	 5	 1	 3.057935	 -1	 0.000000	 5.598941
315	 5	 5	 1	 8.784226	 -1	 0.000000	 4.057674
316	 5	 5	 1	 2.479030	 -1	 0.000000	 6.969347
317	 5	 5	 1	 4.712428	 -1	 0.000000	 9.529389
318	 5	 5	 1	 4.359711	 -1	 0.000000	 3.561217
319	 5	 5	 1	 6.759078	 -1	 0.000000	 8.121520
320	 5	 5	 1	 4.500601	 -1	 0.000000	 6.290291
321	 5	 5	 1	 1.434748	 -1	 0.000000	 7.030234
322	 5	 5	 1	 4.849333	 -1	 0.000000	 7.087083
323	 5	 5	 1	 5.043402	 -1	 0.000000	 4.343324
324	 5	 5	 1	 1.626488	 -1	 0.000000	 5.229288
325	 5	 5	 1	 0.627875	 -1	 0.000000	 5.955501
326	 5	 5	 1	 1.089179	 -1	 0.000000	 7.980805
327	 5	 5	 1	 5.031651	 -1	 0.000000	 11.674099
328	 5	 5	 1	 0.741507	 -1	 0.000000	 5.809415
329	 5	 5	 1	 10.164264	 -1	 0.000000	 7.903532
330	 5	 5	 1	 6.497361	 -1	 0.000000	 7.900092
331	 5	 5	 1	 2.412755	 -1	 0.000000	 6.543452
332	 5	 5	 1	 1.103833	 -1	 0.000000	 5.452056
333	 5	 5	 1	 1.821081	 -1	 0.000000	 6.409771
334	 5	 5	 1	 5.646347	 -1	 0.000000	 10.750531
335	 5	 5	 1	 0.994623	 -1	 0.000000	 7.382034
336	 5	 5	 1	 8.319142	 -1	 0.000000	 4.454638
337	 5	 5	 1	 6.094340	 -1	 0.000000	 4.930731
338	 5	 5	 1	 4.467071	 -1	 0.000000	 5.288293
339	 5	 5	 1	 1.785523	 -1	 0.000000	 13.146944
340	 5	 5	 1	 1.677761	 -1	 0.000000	 10.530278
341	 5	 5	 1	 1.246626	 -1	 0.000000	 6.595997
342	 5	 5	 1	 0.812824	 -1	 0.000000	 5.169965
343	 5	 5	 1	 5.805684	 -1	 0.000000	 8.976561
344	 5	 5	 1	 1.365874	 -1	 0.000000	 13.762893
345	 5	 5	 1	 2.600373	 -1	 0.000000	 6.913750
346	 5	 5	 1	 3.515664	 -1	 0.000000	 5.253514
347	 5	 5	 1	 1.592234	 -1	 0.000000	 6.300158
348	 5	 5	 1	 2.541040	 -1	 0.000000	 9.920953
349	 5	 5	 1	 1.173518	 -1	 0.000000	 7.362031
350	 5	 5	 1	 5.259631	 -1	 0.000000	 7.388962
351	 5	 5	 1	 1.921200	 -1	 0.000000	 3.902865
352	 5	 5	 1	 3.715456	 -1	 0.000000	 7.734000
353	 5	 5	 1	 1.222610	 -1	 0.000000	 5.961812
354	 5	 5	 1	 8.314719	 -1	 0.000000	 8.753561
355	 5	 5	 1	 2.934434	 -1	 0.000000	 4.661186
356	 5	 5	 1	 3.466097	 -1	 0.000000	 4.690958
357	 5	 5	 1	 4.213700	 -1	 0.000000	 6.254507
358	 5	 5	 1	 2.596206	 -1	 0.000000	 3.883860
359	 5	 5	 1	 1.308479	 -1	 0.000000	 11.542244
360	 5	 5	 1	 1.314063	 -1	 0.000000	 8.113867
361	 5	 5	 1	 1.888442	 -1	 0.000000	 6.938293
362	 5	 5	 1	 3.885934	 -1	 0.000000	 3.845596
363	 5	 5	 1	 15.849413	 -1	 0.000000	 8.436168
364	 5	 5	 1	 3.922197	 -1	 0.000000	 8.232776
365	 5	 5	 1	 9.723638	 -1	 0.000000	 7.728457
366	 5	 5	 1	 1.560062	 -1	 0.000000	 6.982272
367	 5	 5	 1	 5.385258	 -1	 0.000000	 9.160404
368	 5	 5	 1	 8.686259	 -1	 0.000000	 5.750424
369	 5	 5	 1	 12.336611	 -1	 0.000000	 10.007996
370	 5	 5	 1	 3.175082	 -1	 0.000000	 4.114315
371	 5	 5	 1	 7.027198	 -1	 0.000000	 6.035224
372	 5	 5	 1	 2.679972	 -1	 0.000000	 4.692356
373	 5	 5	 1	 6.261692	 -1	 0.000000	 10.273919
374	 5	 5	 1	 3.767743	 -1	 0.000000	 7.147441
375	 5	 5	 1	 0.797425	 -1	 0.000000	 4.107735
376	 5	 5	 1	 4.326270	 -1	 0.000000	 4.521586
377	 5	 5	 1	 11.500335	 -1	 0.000000	 4.361310
378	 5	 5	 1	 1.539427	 -1	 0.000000	 6.561999
379	 5	 5	 1	 1.423607	 -1	 0.000000	 11.386988
380	 5	 5	 1	 1.792252	 -1	 0.000000	 5.290328
381	 5	 5	 1	 1.553028	 -1	 0.000000	 5.082178
382	 5	 5	 1	 7.701621	 -1	 0.000000	 9.613694
383	 5	 5	 1	 5.151793	 -1	 0.000000	 7.589875
384	 5	 5	 1	 12.045152	 -1	 0.000000	 4.105754
385	 5	 5	 1	 1.760606	 -1	 0.000000	 6.318826
386	 5	 5	 1	 11.846631	 -1	 0.000000	 5.246099
387	 5	 5	 1	 1.677639	 -1	 0.000000	 3.773725
388	 5	 5	 1	 1.939905	 -1	 0.000000	 5.169758
389	 5	 5	 1	 2.053515	 -1	 0.000000	 5.028069
390	 5	 5	 1	 2.727439	 -1	 0.000000	 3.991198
>>> gr_fir_ccf: using E
>>> gr_fir_fff: using E
terminate called after throwing an instance of 'std::invalid_argument'
  what():  gr_ofdm_demod: Incorrect subcarriers allocated
>>> gr_fir_ccf: using E
>>> gr_fir_fff: using E
gr_buffer::allocate_buffer: warning: tried to allocate
   22 items of size 2928. Due to alignment requirements
   256 were allocated.  If this isn't OK, consider padding
   your structure to a power-of-two bytes.
   On this platform, our allocation granularity is 4096 bytes.
0	 9	 9	 0	 365.762016	 -1	 0.000000	 6.228538
1	 9	 9	 0	 271.286537	 -1	 0.000000	 13.854624
2	 9	 9	 0	 397.853160	 -1	 0.000000	 4.682526
3	 9	 9	 0	 303.915038	 -1	 0.000000	 4.972592
4	 9	 9	 0	 302.552203	 -1	 0.000000	 4.221467
5	 9	 9	 0	 378.957195	 -1	 0.000000	 5.519646
6	 9	 9	 0	 266.538338	 -1	 0.000000	 9.311231
7	 9	 9	 0	 331.995390	 -1	 0.000000	 7.172164
8	 9	 9	 0	 300.978762	 -1	 0.000000	 7.105107
9	 9	 9	 0	 336.876747	 -1	 0.000000	 7.279846
10	 9	 9	 0	 311.166464	 -1	 0.000000	 5.768278
11	 9	 9	 0	 237.148384	 -1	 0.000000	 8.349289
12	 9	 9	 0	 336.464656	 -1	 0.000000	 5.654781
13	 9	 9	 0	 318.757418	 -1	 0.000000	 4.191903
14	 9	 9	 0	 344.869209	 -1	 0.000000	 4.035382
15	 9	 9	 0	 334.042351	 -1	 0.000000	 6.172548
16	 9	 9	 0	 335.698595	 -1	 0.000000	 5.753011
17	 9	 9	 0	 278.214855	 -1	 0.000000	 15.112930
18	 9	 9	 0	 343.782769	 -1	 0.000000	 2.805709
19	 9	 9	 0	 349.998866	 -1	 0.000000	 7.150638
20	 9	 9	 0	 338.401753	 -1	 0.000000	 6.574346
21	 9	 9	 0	 308.784231	 -1	 0.000000	 11.519756
22	 9	 9	 0	 240.751410	 -1	 0.000000	 5.787971
23	 9	 9	 0	 330.091581	 -1	 0.000000	 6.060066
24	 9	 9	 0	 283.260792	 -1	 0.000000	 12.816051
25	 9	 9	 0	 382.199832	 -1	 0.000000	 4.287982
26	 9	 9	 0	 306.323630	 -1	 0.000000	 8.524596
27	 9	 9	 0	 429.287506	 -1	 0.000000	 5.052575
28	 9	 9	 0	 302.012422	 -1	 0.000000	 5.652537
29	 9	 9	 0	 350.214626	 -1	 0.000000	 4.449760
30	 9	 9	 0	 316.076673	 -1	 0.000000	 3.388579
31	 9	 9	 0	 361.673279	 -1	 0.000000	 4.440376
32	 9	 9	 0	 237.101405	 -1	 0.000000	 11.199297
164	 9	 9	 0	 379.453688	 -1	 0.000000	 12.445433
165	 9	 9	 0	 269.600380	 -1	 0.000000	 7.111325
166	 9	 9	 0	 271.982078	 -1	 0.000000	 5.741536
167	 9	 9	 0	 345.261762	 -1	 0.000000	 4.717202
168	 9	 9	 0	 361.145235	 -1	 0.000000	 18.694313
169	 9	 9	 0	 259.136054	 -1	 0.000000	 5.307667
170	 9	 9	 0	 353.522790	 -1	 0.000000	 5.404052
171	 9	 9	 0	 315.725730	 -1	 0.000000	 3.652412
172	 9	 9	 1	 257.639964	 -1	 0.000000	 4.956283
173	 9	 9	 0	 339.483524	 -1	 0.000000	 7.302098
174	 9	 9	 0	 402.632314	 -1	 0.000000	 4.685956
175	 9	 9	 0	 316.987085	 -1	 0.000000	 6.722636
176	 9	 9	 0	 352.706712	 -1	 0.000000	 3.914973
177	 9	 9	 0	 242.338991	 -1	 0.000000	 6.154526
178	 9	 9	 0	 382.509574	 -1	 0.000000	 4.599834
179	 9	 9	 0	 292.145564	 -1	 0.000000	 9.214063
180	 9	 9	 0	 300.703805	 -1	 0.000000	 6.993593
181	 9	 9	 0	 369.518166	 -1	 0.000000	 4.442917
182	 9	 9	 0	 243.581952	 -1	 0.000000	 6.756091
183	 9	 9	 0	 373.928917	 -1	 0.000000	 9.413560
184	 9	 9	 0	 304.172477	 -1	 0.000000	 5.120509
185	 9	 9	 0	 328.715905	 -1	 0.000000	 8.405614
186	 9	 9	 0	 352.996238	 -1	 0.000000	 5.775170
>>> gr_fir_ccf: using E
>>> gr_fir_fff: using E
gr_buffer::allocate_buffer: warning: tried to allocate
   22 items of size 2928. Due to alignment requirements
   256 were allocated.  If this isn't OK, consider padding
   your structure to a power-of-two bytes.
   On this platform, our allocation granularity is 4096 bytes.
302	 9	 9	 0	 290.873366	 -1	 0.000000	 4.839936
303	 9	 9	 0	 352.106176	 -1	 0.000000	 10.953368
304	 9	 9	 0	 314.488085	 -1	 0.000000	 5.537445
305	 9	 9	 1	 250.591970	 -1	 0.000000	 4.667813
306	 9	 9	 1	 244.430645	 -1	 0.000000	 10.050032
307	 9	 9	 0	 377.763611	 -1	 0.000000	 5.624253
308	 9	 9	 0	 241.778160	 -1	 0.000000	 8.591220
309	 9	 9	 0	 341.772314	 -1	 0.000000	 4.715465
310	 9	 9	 0	 229.115171	 -1	 0.000000	 9.960708
311	 9	 9	 0	 273.777370	 -1	 0.000000	 3.963237
312	 9	 9	 1	 227.962527	 -1	 0.000000	 4.324756
313	 9	 9	 0	 275.520904	 -1	 0.000000	 7.312549
314	 9	 9	 0	 303.917545	 -1	 0.000000	 15.015031
315	 9	 9	 0	 277.823375	 -1	 0.000000	 5.031124
316	 9	 9	 0	 391.701846	 -1	 0.000000	 5.366538
317	 9	 9	 0	 321.063180	 -1	 0.000000	 4.224186
318	 9	 9	 0	 428.707564	 -1	 0.000000	 7.551926
319	 9	 9	 0	 272.825703	 -1	 0.000000	 10.590813
320	 9	 9	 0	 269.189463	 -1	 0.000000	 5.472151
321	 9	 9	 0	 368.706743	 -1	 0.000000	 5.212504
322	 9	 9	 0	 243.240262	 -1	 0.000000	 6.692245
323	 9	 9	 0	 355.495681	 -1	 0.000000	 5.652788
324	 9	 9	 0	 292.292685	 -1	 0.000000	 4.670497
325	 9	 9	 0	 400.265138	 -1	 0.000000	 5.412026
326	 9	 9	 0	 338.776116	 -1	 0.000000	 8.606304
327	 9	 9	 0	 330.659719	 -1	 0.000000	 5.324593
328	 9	 9	 0	 246.921341	 -1	 0.000000	 8.806015
329	 9	 9	 0	 274.806977	 -1	 0.000000	 8.605438
330	 9	 9	 0	 424.525167	 -1	 0.000000	 5.132219
331	 9	 9	 0	 296.313240	 -1	 0.000000	 5.797175
332	 9	 9	 0	 271.415744	 -1	 0.000000	 7.487784
333	 9	 9	 0	 359.363585	 -1	 0.000000	 4.162188
334	 9	 9	 0	 302.165538	 -1	 0.000000	 6.379872
335	 9	 9	 0	 268.265619	 -1	 0.000000	 5.940552
336	 9	 9	 0	 310.601164	 -1	 0.000000	 5.737310
337	 9	 9	 0	 280.562491	 -1	 0.000000	 12.079009
338	 9	 9	 0	 294.062394	 -1	 0.000000	 8.587253
339	 9	 9	 0	 341.786837	 -1	 0.000000	 6.445255
340	 9	 9	 0	 240.494633	 -1	 0.000000	 7.131355
341	 9	 9	 0	 323.864976	 -1	 0.000000	 4.298144
342	 9	 9	 0	 312.342095	 -1	 0.000000	 7.242457
343	 9	 9	 0	 352.810404	 -1	 0.000000	 5.984547
344	 9	 9	 0	 408.543650	 -1	 0.000000	 6.666090
345	 9	 9	 0	 331.553133	 -1	 0.000000	 7.020896
346	 9	 9	 0	 350.466573	 -1	 0.000000	 4.070516
347	 9	 9	 1	 281.815574	 -1	 0.000000	 5.997550
348	 9	 9	 0	 272.614199	 -1	 0.000000	 9.826269
349	 9	 9	 0	 334.530821	 -1	 0.000000	 6.609178
350	 9	 9	 1	 291.915783	 -1	 0.000000	 12.845280
351	 9	 9	 0	 352.655492	 -1	 0.000000	 4.071097
352	 9	 9	 0	 294.416460	 -1	 0.000000	 6.475628
353	 9	 9	 0	 361.035643	 -1	 0.000000	 4.112571
354	 9	 9	 0	 245.649560	 -1	 0.000000	 5.253269
355	 9	 9	 0	 335.758610	 -1	 0.000000	 12.605093
356	 9	 9	 0	 281.073787	 -1	 0.000000	 6.826254
357	 9	 9	 0	 283.388710	 -1	 0.000000	 7.076289
358	 9	 9	 0	 361.472002	 -1	 0.000000	 3.966423
359	 9	 9	 0	 312.016995	 -1	 0.000000	 7.230847
360	 9	 9	 0	 251.576476	 -1	 0.000000	 7.632458
361	 9	 9	 0	 363.097970	 -1	 0.000000	 7.045877
362	 9	 9	 0	 360.080599	 -1	 0.000000	 7.416190
363	 9	 9	 0	 288.010075	 -1	 0.000000	 6.998958
364	 9	 9	 1	 299.224259	 -1	 0.000000	 9.787968
365	 9	 9	 0	 304.026474	 -1	 0.000000	 6.101370
366	 9	 9	 1	 279.875618	 -1	 0.000000	 5.098106
367	 9	 9	 0	 302.283999	 -1	 0.000000	 5.272851
368	 9	 9	 0	 250.916167	 -1	 0.000000	 10.293301
369	 9	 9	 0	 319.830285	 -1	 0.000000	 7.115270
370	 9	 9	 0	 357.036720	 -1	 0.000000	 7.526730
371	 9	 9	 0	 409.942821	 -1	 0.000000	 3.139375
372	 9	 9	 0	 353.956738	 -1	 0.000000	 5.231128
373	 9	 9	 0	 356.730584	 -1	 0.000000	 3.758345
374	 9	 9	 0	 380.736180	 -1	 0.000000	 7.060035
375	 9	 9	 0	 332.956955	 -1	 0.000000	 7.599282
376	 9	 9	 0	 245.655345	 -1	 0.000000	 6.613859
377	 9	 9	 0	 256.166425	 -1	 0.000000	 6.220772
378	 9	 9	 0	 350.666020	 -1	 0.000000	 4.792482
379	 9	 9	 0	 247.471771	 -1	 0.000000	 14.084297
380	 9	 9	 0	 271.829474	 -1	 0.000000	 14.271997
381	 9	 9	 0	 247.620985	 -1	 0.000000	 9.529974
382	 9	 9	 0	 279.003265	 -1	 0.000000	 7.161745
383	 9	 9	 0	 343.409929	 -1	 0.000000	 7.612981
384	 9	 9	 0	 302.670555	 -1	 0.000000	 5.765936
>>> gr_fir_ccf: using E
>>> gr_fir_fff: using E
gr_buffer::allocate_buffer: warning: tried to allocate
   22 items of size 2928. Due to alignment requirements
   256 were allocated.  If this isn't OK, consider padding
   your structure to a power-of-two bytes.
   On this platform, our allocation granularity is 4096 bytes.
330	 9	 9	 0	 377.647069	 -1	 0.000000	 4.566957
331	 9	 9	 0	 344.412529	 -1	 0.000000	 5.555252
332	 9	 9	 0	 281.444227	 -1	 0.000000	 5.666475
333	 9	 9	 0	 358.870831	 -1	 0.000000	 6.046135
334	 9	 9	 0	 308.926799	 -1	 0.000000	 6.088872
335	 9	 9	 0	 251.444851	 -1	 0.000000	 6.302467
336	 9	 9	 0	 306.592274	 -1	 0.000000	 6.777828
337	 9	 9	 0	 225.296992	 -1	 0.000000	 5.573573
338	 9	 9	 0	 325.748008	 -1	 0.000000	 5.626189
339	 9	 9	 0	 302.224749	 -1	 0.000000	 9.533741
340	 9	 9	 0	 342.512937	 -1	 0.000000	 10.905317
341	 9	 9	 0	 377.845369	 -1	 0.000000	 8.194134
342	 9	 9	 0	 409.306782	 -1	 0.000000	 4.173814
343	 9	 9	 1	 283.212790	 -1	 0.000000	 6.875676
344	 9	 9	 0	 344.425114	 -1	 0.000000	 18.139051
345	 9	 9	 0	 294.478170	 -1	 0.000000	 4.851179
346	 9	 9	 0	 376.741698	 -1	 0.000000	 7.389916
347	 9	 9	 0	 293.518114	 -1	 0.000000	 5.067445
348	 9	 9	 0	 270.002836	 -1	 0.000000	 7.338251
349	 9	 9	 0	 331.951564	 -1	 0.000000	 4.223863
350	 9	 9	 0	 258.314786	 -1	 0.000000	 6.703126
351	 9	 9	 0	 408.453340	 -1	 0.000000	 5.061541
352	 9	 9	 0	 296.002993	 -1	 0.000000	 8.036354
353	 9	 9	 0	 407.608981	 -1	 0.000000	 6.092173
354	 9	 9	 0	 338.475978	 -1	 0.000000	 10.277698
355	 9	 9	 0	 243.050943	 -1	 0.000000	 4.803370
356	 9	 9	 0	 345.363978	 -1	 0.000000	 6.750368
357	 9	 9	 0	 267.563926	 -1	 0.000000	 15.675699
358	 9	 9	 0	 286.920986	 -1	 0.000000	 3.429677
359	 9	 9	 0	 392.654013	 -1	 0.000000	 8.356671
360	 9	 9	 0	 279.122447	 -1	 0.000000	 6.398628
361	 9	 9	 0	 373.991853	 -1	 0.000000	 6.479761
362	 9	 9	 0	 291.081999	 -1	 0.000000	 6.052638
363	 9	 9	 0	 343.070724	 -1	 0.000000	 7.063663
364	 9	 9	 0	 293.610009	 -1	 0.000000	 6.334062
365	 9	 9	 0	 427.851264	 -1	 0.000000	 5.330461
366	 9	 9	 0	 310.968395	 -1	 0.000000	 8.437799
367	 9	 9	 0	 263.695076	 -1	 0.000000	 8.179249
368	 9	 9	 1	 299.149344	 -1	 0.000000	 4.235813
369	 9	 9	 0	 349.205938	 -1	 0.000000	 6.082289
370	 9	 9	 0	 299.453388	 -1	 0.000000	 5.872288
371	 9	 9	 1	 274.266179	 -1	 0.000000	 8.669776
372	 9	 9	 0	 332.622923	 -1	 0.000000	 7.714350
373	 9	 9	 0	 255.788628	 -1	 0.000000	 3.963698
374	 9	 9	 0	 373.391469	 -1	 0.000000	 9.563354
375	 9	 9	 0	 291.012059	 -1	 0.000000	 7.624323
376	 9	 9	 0	 349.313064	 -1	 0.000000	 4.401894
377	 9	 9	 0	 295.876820	 -1	 0.000000	 5.971618
378	 9	 9	 0	 339.706142	 -1	 0.000000	 5.743702
379	 9	 9	 0	 275.844234	 -1	 0.000000	 4.618374
380	 9	 9	 0	 293.164625	 -1	 0.000000	 7.317958
381	 9	 9	 0	 272.843629	 -1	 0.000000	 7.133235
382	 9	 9	 0	 344.597594	 -1	 0.000000	 4.633932
383	 9	 9	 0	 361.162727	 -1	 0.000000	 7.342381
384	 9	 9	 0	 329.979978	 -1	 0.000000	 7.567052
385	 9	 9	 0	 352.637102	 -1	 0.000000	 7.287286
386	 9	 9	 0	 309.133415	 -1	 0.000000	 5.775874
387	 9	 9	 0	 344.594755	 -1	 0.000000	 6.351063
388	 9	 9	 0	 337.390254	 -1	 0.000000	 6.158898
389	 9	 9	 0	 358.531426	 -1	 0.000000	 7.951708
390	 9	 9	 0	 315.753933	 -1	 0.000000	 4.155781
391	 9	 9	 0	 267.210457	 -1	 0.000000	 4.599329
392	 9	 9	 0	 254.109058	 -1	 0.000000	 5.365458
393	 9	 9	 0	 351.426735	 -1	 0.000000	 5.396986
394	 9	 9	 0	 299.883680	 -1	 0.000000	 7.751547
395	 9	 9	 0	 388.916066	 -1	 0.000000	 5.152490
396	 9	 9	 1	 276.609437	 -1	 0.000000	 4.597792
397	 9	 9	 0	 284.364031	 -1	 0.000000	 5.314695
398	 9	 9	 0	 361.270445	 -1	 0.000000	 6.519357
399	 9	 9	 0	 261.786748	 -1	 0.000000	 7.502202
400	 9	 9	 1	 270.465128	 -1	 0.000000	 10.773780
401	 9	 9	 0	 342.080354	 -1	 0.000000	 7.543663
402	 9	 9	 0	 280.044661	 -1	 0.000000	 6.628719
403	 9	 9	 0	 308.515883	 -1	 0.000000	 6.540377
404	 9	 9	 0	 311.286025	 -1	 0.000000	 4.857748
405	 9	 9	 0	 341.876634	 -1	 0.000000	 5.708343
406	 9	 9	 0	 351.413426	 -1	 0.000000	 6.145729
407	 9	 9	 0	 324.073206	 -1	 0.000000	 10.271867
408	 9	 9	 0	 261.971808	 -1	 0.000000	 7.763149
409	 9	 9	 0	 266.278495	 -1	 0.000000	 9.499404
410	 9	 9	 0	 269.540505	 -1	 0.000000	 7.679906
411	 9	 9	 0	 427.895682	 -1	 0.000000	 5.699780
412	 9	 9	 0	 269.558343	 -1	 0.000000	 8.553268
413	 9	 9	 0	 358.563843	 -1	 0.000000	 6.881705
414	 9	 9	 0	 336.771151	 -1	 0.000000	 4.786304
415	 9	 9	 0	 287.464343	 -1	 0.000000	 5.617579
416	 9	 9	 0	 347.433620	 -1	 0.000000	 6.327033
417	 9	 9	 0	 286.565206	 -1	 0.000000	 7.198705
418	 9	 9	 0	 300.383885	 -1	 0.000000	 13.263635
419	 9	 9	 0	 288.265188	 -1	 0.000000	 9.084600
420	 9	 9	 0	 343.671847	 -1	 0.000000	 5.606885
421	 9	 9	 0	 350.409949	 -1	 0.000000	 5.673844
422	 9	 9	 0	 338.194220	 -1	 0.000000	 8.281291
423	 9	 9	 0	 323.604976	 -1	 0.000000	 8.787572
424	 9	 9	 0	 297.826223	 -1	 0.000000	 9.522209
425	 9	 9	 0	 363.661421	 -1	 0.000000	 4.249538
426	 9	 9	 0	 338.506415	 -1	 0.000000	 10.760303
427	 9	 9	 0	 401.139565	 -1	 0.000000	 6.829734
428	 9	 9	 1	 258.037141	 -1	 0.000000	 6.482092
429	 9	 9	 0	 272.673953	 -1	 0.000000	 12.152469
430	 9	 9	 0	 304.192286	 -1	 0.000000	 3.761073
431	 9	 9	 0	 312.371448	 -1	 0.000000	 12.573696
432	 9	 9	 0	 273.194040	 -1	 0.000000	 5.332142
433	 9	 9	 0	 329.144633	 -1	 0.000000	 4.987114
>>> gr_fir_ccf: using E
>>> gr_fir_fff: using E
gr_buffer::allocate_buffer: warning: tried to allocate
   22 items of size 2928. Due to alignment requirements
   256 were allocated.  If this isn't OK, consider padding
   your structure to a power-of-two bytes.
   On this platform, our allocation granularity is 4096 bytes.
>>> gr_fir_ccf: using E
>>> gr_fir_fff: using E
gr_buffer::allocate_buffer: warning: tried to allocate
   22 items of size 2928. Due to alignment requirements
   256 were allocated.  If this isn't OK, consider padding
   your structure to a power-of-two bytes.
   On this platform, our allocation granularity is 4096 bytes.
>>> gr_fir_ccf: using E
>>> gr_fir_fff: using E
gr_buffer::allocate_buffer: warning: tried to allocate
   22 items of size 2928. Due to alignment requirements
   256 were allocated.  If this isn't OK, consider padding
   your structure to a power-of-two bytes.
   On this platform, our allocation granularity is 4096 bytes.
>>> gr_fir_ccf: using E
>>> gr_fir_fff: using E
gr_buffer::allocate_buffer: warning: tried to allocate
   22 items of size 2928. Due to alignment requirements
   256 were allocated.  If this isn't OK, consider padding
   your structure to a power-of-two bytes.