>>> gr_fir_ccf: using E
>>> gr_fir_fff: using E
gr_buffer::allocate_buffer: warning: tried to allocate
   22 items of size 2928. Due to alignment requirements
   256 were allocated.  If this isn't OK, consider padding
   your structure to a power-of-two bytes.
   On this platform, our allocation granularity is 4096 bytes.
173	 13	 13	 1	 0.016658	 -1	 0.000000	 6.739538
174	 13	 13	 1	 0.054214	 -1	 0.000000	 5.724068
175	 13	 13	 1	 0.051933	 -1	 0.000000	 2.731659
176	 13	 13	 1	 0.550423	 -1	 0.000000	 6.348073
177	 13	 13	 1	 0.576019	 -1	 0.000000	 5.375909
178	 13	 13	 1	 0.428699	 -1	 0.000000	 6.546569
179	 13	 13	 1	 0.044529	 -1	 0.000000	 5.257931
180	 13	 13	 1	 0.333162	 -1	 0.000000	 5.852203
181	 13	 13	 1	 0.002421	 -1	 0.000000	 4.571184
182	 13	 13	 1	 0.106113	 -1	 0.000000	 6.242247
183	 13	 13	 1	 0.003698	 -1	 0.000000	 7.665744
184	 13	 13	 1	 0.715027	 -1	 0.000000	 3.235284
185	 13	 13	 1	 0.021789	 -1	 0.000000	 5.187245
186	 13	 13	 1	 0.288011	 -1	 0.000000	 7.129470
187	 13	 13	 1	 0.063276	 -1	 0.000000	 7.225767
188	 13	 13	 1	 0.831402	 -1	 0.000000	 5.595462
189	 13	 13	 1	 0.162503	 -1	 0.000000	 7.468212
190	 13	 13	 1	 0.219690	 -1	 0.000000	 7.080267
191	 13	 13	 1	 0.090660	 -1	 0.000000	 5.887090
192	 13	 13	 1	 0.217919	 -1	 0.000000	 4.613086
193	 13	 13	 1	 0.008106	 -1	 0.000000	 10.179221
194	 13	 13	 1	 0.009339	 -1	 0.000000	 8.310919
195	 13	 13	 1	 0.258620	 -1	 0.000000	 4.855103
196	 13	 13	 1	 0.022287	 -1	 0.000000	 4.808191
197	 13	 13	 1	 0.008887	 -1	 0.000000	 4.426922
198	 13	 13	 1	 0.032782	 -1	 0.000000	 4.159318
199	 13	 13	 1	 0.019502	 -1	 0.000000	 4.403002
200	 13	 13	 1	 0.043886	 -1	 0.000000	 5.679845
201	 13	 13	 1	 0.045518	 -1	 0.000000	 7.979527
202	 13	 13	 1	 0.104518	 -1	 0.000000	 4.445346
203	 13	 13	 1	 1.470053	 -1	 0.000000	 4.710514
204	 13	 13	 1	 0.083372	 -1	 0.000000	 3.622261
205	 13	 13	 1	 0.019875	 -1	 0.000000	 8.846553
206	 13	 13	 1	 0.568008	 -1	 0.000000	 3.164405
207	 13	 13	 1	 0.866208	 -1	 0.000000	 7.018412
208	 13	 13	 1	 0.022163	 -1	 0.000000	 5.636336
209	 13	 13	 1	 0.082094	 -1	 0.000000	 3.793088
210	 13	 13	 1	 0.061281	 -1	 0.000000	 3.075503
211	 13	 13	 1	 0.020916	 -1	 0.000000	 7.454853
212	 13	 13	 1	 1.140557	 -1	 0.000000	 17.960938
213	 13	 13	 1	 1.443057	 -1	 0.000000	 2.311730
214	 13	 13	 1	 0.004147	 -1	 0.000000	 8.039690
215	 13	 13	 1	 0.005652	 -1	 0.000000	 5.393120
216	 13	 13	 1	 0.058815	 -1	 0.000000	 5.549417
217	 13	 13	 1	 0.061332	 -1	 0.000000	 5.602711
218	 13	 13	 1	 0.052785	 -1	 0.000000	 10.434413
219	 13	 13	 1	 0.018184	 -1	 0.000000	 4.185281
220	 13	 13	 1	 1.146470	 -1	 0.000000	 3.733934
221	 13	 13	 1	 0.110465	 -1	 0.000000	 3.564839
222	 13	 13	 1	 0.018357	 -1	 0.000000	 4.694296
223	 13	 13	 1	 0.215971	 -1	 0.000000	 4.210317
224	 13	 13	 1	 0.213917	 -1	 0.000000	 4.373868
225	 13	 13	 1	 1.140946	 -1	 0.000000	 6.120208
226	 13	 13	 1	 1.100742	 -1	 0.000000	 11.853985
227	 13	 13	 1	 1.062357	 -1	 0.000000	 11.408759
228	 13	 13	 1	 1.911198	 -1	 0.000000	 4.702672
229	 13	 13	 1	 0.009902	 -1	 0.000000	 5.785290
230	 13	 13	 1	 0.465841	 -1	 0.000000	 3.205477
231	 13	 13	 1	 1.826876	 -1	 0.000000	 8.707573
232	 13	 13	 1	 0.042103	 -1	 0.000000	 4.616724
233	 13	 13	 1	 0.259839	 -1	 0.000000	 5.203660
234	 13	 13	 1	 1.015667	 -1	 0.000000	 3.709944
235	 13	 13	 1	 0.078583	 -1	 0.000000	 7.285810
236	 13	 13	 1	 0.065760	 -1	 0.000000	 8.905100
237	 13	 13	 1	 0.057377	 -1	 0.000000	 11.256248
238	 13	 13	 1	 0.041553	 -1	 0.000000	 7.260124
239	 13	 13	 1	 0.088322	 -1	 0.000000	 5.464338
240	 13	 13	 1	 0.053084	 -1	 0.000000	 4.828173
241	 13	 13	 1	 0.030152	 -1	 0.000000	 4.599952
242	 13	 13	 1	 0.078238	 -1	 0.000000	 4.940307
243	 13	 13	 1	 0.014699	 -1	 0.000000	 5.597826
244	 13	 13	 1	 0.150385	 -1	 0.000000	 4.262264
245	 13	 13	 1	 0.038738	 -1	 0.000000	 5.437689
246	 13	 13	 1	 0.015611	 -1	 0.000000	 6.095866
247	 13	 13	 1	 0.106612	 -1	 0.000000	 4.479934
248	 13	 13	 1	 0.024570	 -1	 0.000000	 11.037209
249	 13	 13	 1	 0.007450	 -1	 0.000000	 7.138559
250	 13	 13	 1	 0.010529	 -1	 0.000000	 5.285472
251	 13	 13	 1	 0.098741	 -1	 0.000000	 3.350126
>>> gr_fir_ccf: using E
>>> gr_fir_fff: using E
gr_buffer::allocate_buffer: warning: tried to allocate
   22 items of size 2928. Due to alignment requirements
   256 were allocated.  If this isn't OK, consider padding
   your structure to a power-of-two bytes.
   On this platform, our allocation granularity is 4096 bytes.
201	 13	 13	 1	 0.005527	 -1	 0.000000	 8.135711
202	 13	 13	 1	 0.063504	 -1	 0.000000	 8.127248
203	 13	 13	 1	 0.205332	 -1	 0.000000	 8.375209
204	 13	 13	 1	 0.007248	 -1	 0.000000	 4.477747
205	 13	 13	 1	 0.031867	 -1	 0.000000	 5.787653
206	 13	 13	 1	 0.356675	 -1	 0.000000	 5.200006
207	 13	 13	 1	 0.043663	 -1	 0.000000	 14.138491
208	 13	 13	 1	 0.026203	 -1	 0.000000	 3.921351
209	 13	 13	 1	 0.058133	 -1	 0.000000	 5.272381
210	 13	 13	 1	 0.024302	 -1	 0.000000	 2.993671
211	 13	 13	 1	 0.357521	 -1	 0.000000	 6.398542
212	 13	 13	 1	 0.126251	 -1	 0.000000	 6.275841
213	 13	 13	 1	 0.021315	 -1	 0.000000	 11.561713
214	 13	 13	 1	 0.330295	 -1	 0.000000	 9.354689
215	 13	 13	 1	 0.052142	 -1	 0.000000	 6.412943
216	 13	 13	 1	 0.334107	 -1	 0.000000	 5.390670
217	 13	 13	 1	 1.147197	 -1	 0.000000	 5.440867
218	 13	 13	 1	 0.065688	 -1	 0.000000	 4.677307
219	 13	 13	 1	 0.135998	 -1	 0.000000	 5.948919
220	 13	 13	 1	 0.008625	 -1	 0.000000	 10.070601
221	 13	 13	 1	 0.048023	 -1	 0.000000	 4.764307
222	 13	 13	 1	 0.014680	 -1	 0.000000	 3.769310
223	 13	 13	 1	 1.557442	 -1	 0.000000	 8.714508
224	 13	 13	 1	 0.081032	 -1	 0.000000	 8.066065
225	 13	 13	 1	 0.126936	 -1	 0.000000	 3.812494
226	 13	 13	 1	 0.169895	 -1	 0.000000	 11.842432
227	 13	 13	 1	 0.033871	 -1	 0.000000	 6.563721
228	 13	 13	 1	 0.329986	 -1	 0.000000	 4.424622
229	 13	 13	 1	 0.131242	 -1	 0.000000	 5.462079
230	 13	 13	 1	 0.008207	 -1	 0.000000	 5.254410
231	 13	 13	 1	 0.854637	 -1	 0.000000	 9.014956
232	 13	 13	 1	 0.014693	 -1	 0.000000	 3.290948
233	 13	 13	 1	 0.160573	 -1	 0.000000	 4.512725
234	 13	 13	 1	 0.132665	 -1	 0.000000	 3.128066
235	 13	 13	 1	 1.336543	 -1	 0.000000	 4.603886
236	 13	 13	 1	 0.020355	 -1	 0.000000	 11.182999
237	 13	 13	 1	 0.195671	 -1	 0.000000	 8.781100
238	 13	 13	 1	 0.237318	 -1	 0.000000	 6.172930
239	 13	 13	 1	 0.121654	 -1	 0.000000	 7.701715
240	 13	 13	 1	 0.008678	 -1	 0.000000	 6.071744
241	 13	 13	 1	 0.219503	 -1	 0.000000	 2.478470
242	 13	 13	 1	 0.636838	 -1	 0.000000	 3.812023
243	 13	 13	 1	 0.380411	 -1	 0.000000	 5.510814
244	 13	 13	 1	 0.273062	 -1	 0.000000	 5.040064
245	 13	 13	 1	 0.002959	 -1	 0.000000	 9.353269
246	 13	 13	 1	 0.003463	 -1	 0.000000	 6.430502
247	 13	 13	 1	 0.026012	 -1	 0.000000	 6.270977
248	 13	 13	 1	 0.121788	 -1	 0.000000	 4.649359
249	 13	 13	 1	 0.104919	 -1	 0.000000	 6.364736
250	 13	 13	 1	 0.204833	 -1	 0.000000	 2.810059
251	 13	 13	 1	 0.191207	 -1	 0.000000	 5.661238
252	 13	 13	 1	 0.141157	 -1	 0.000000	 17.334642
253	 13	 13	 1	 0.060624	 -1	 0.000000	 6.710704
254	 13	 13	 1	 0.022531	 -1	 0.000000	 3.299383
255	 13	 13	 1	 0.013670	 -1	 0.000000	 6.068335
256	 13	 13	 1	 0.047320	 -1	 0.000000	 6.549651
257	 13	 13	 1	 0.017571	 -1	 0.000000	 3.550614
258	 13	 13	 1	 0.002492	 -1	 0.000000	 8.273544
259	 13	 13	 1	 0.044783	 -1	 0.000000	 4.432778
260	 13	 13	 1	 0.002148	 -1	 0.000000	 4.498756
261	 13	 13	 1	 0.005971	 -1	 0.000000	 5.184035
262	 13	 13	 1	 0.569033	 -1	 0.000000	 5.543056
263	 13	 13	 1	 0.133777	 -1	 0.000000	 4.123554
264	 13	 13	 1	 0.074267	 -1	 0.000000	 3.353200
265	 13	 13	 1	 0.150027	 -1	 0.000000	 7.071879
266	 13	 13	 1	 0.026466	 -1	 0.000000	 4.197686
267	 13	 13	 1	 0.018547	 -1	 0.000000	 4.749348
268	 13	 13	 1	 0.145686	 -1	 0.000000	 7.352448
269	 13	 13	 1	 0.029973	 -1	 0.000000	 4.201230
270	 13	 13	 1	 0.005379	 -1	 0.000000	 5.751253
271	 13	 13	 1	 0.026513	 -1	 0.000000	 5.802773
272	 13	 13	 1	 0.005212	 -1	 0.000000	 6.622000
273	 13	 13	 1	 0.018660	 -1	 0.000000	 4.733485
274	 13	 13	 1	 0.038109	 -1	 0.000000	 7.642290
275	 13	 13	 1	 0.052294	 -1	 0.000000	 6.394010
276	 13	 13	 1	 0.014400	 -1	 0.000000	 8.068570
277	 13	 13	 1	 0.023044	 -1	 0.000000	 5.129787
278	 13	 13	 1	 0.273470	 -1	 0.000000	 9.860240
279	 13	 13	 1	 0.013954	 -1	 0.000000	 6.329476
280	 13	 13	 1	 0.032422	 -1	 0.000000	 18.449568
281	 13	 13	 1	 0.137715	 -1	 0.000000	 9.251263
282	 13	 13	 1	 0.224018	 -1	 0.000000	 8.917445
283	 13	 13	 1	 0.025696	 -1	 0.000000	 5.803754
284	 13	 13	 1	 0.128029	 -1	 0.000000	 3.840854
285	 13	 13	 1	 0.219919	 -1	 0.000000	 3.950654
286	 13	 13	 1	 3.968679	 -1	 0.000000	 8.420732
287	 13	 13	 1	 0.011787	 -1	 0.000000	 3.284683
288	 13	 13	 1	 0.029007	 -1	 0.000000	 21.104931
289	 13	 13	 1	 0.270419	 -1	 0.000000	 4.461342
290	 13	 13	 1	 0.120335	 -1	 0.000000	 4.800716
291	 13	 13	 1	 0.006244	 -1	 0.000000	 5.105370
292	 13	 13	 1	 0.119840	 -1	 0.000000	 11.583691
293	 13	 13	 1	 0.023150	 -1	 0.000000	 4.762429
294	 13	 13	 1	 0.078678	 -1	 0.000000	 4.280695
295	 13	 13	 1	 0.319297	 -1	 0.000000	 5.056263
296	 13	 13	 1	 0.201594	 -1	 0.000000	 3.864275
297	 13	 13	 1	 0.112668	 -1	 0.000000	 9.903266
298	 13	 13	 1	 0.461143	 -1	 0.000000	 4.481246
299	 13	 13	 1	 2.564491	 -1	 0.000000	 13.319164
300	 13	 13	 1	 1.103502	 -1	 0.000000	 4.687866
301	 13	 13	 1	 0.069041	 -1	 0.000000	 5.605999
302	 13	 13	 1	 0.815754	 -1	 0.000000	 6.852020
303	 13	 13	 1	 0.017125	 -1	 0.000000	 3.571400
304	 13	 13	 1	 0.018527	 -1	 0.000000	 5.993424
305	 13	 13	 1	 1.145757	 -1	 0.000000	 6.102623
306	 13	 13	 1	 0.151553	 -1	 0.000000	 7.203401
307	 13	 13	 1	 0.327516	 -1	 0.000000	 5.339456
308	 13	 13	 1	 0.050719	 -1	 0.000000	 4.907633
309	 13	 13	 1	 0.219899	 -1	 0.000000	 5.806140
310	 13	 13	 1	 0.005299	 -1	 0.000000	 5.440358
311	 13	 13	 1	 0.015212	 -1	 0.000000	 4.704244
312	 13	 13	 1	 0.063710	 -1	 0.000000	 3.306628
313	 13	 13	 1	 0.496171	 -1	 0.000000	 4.362238
314	 13	 13	 1	 0.032093	 -1	 0.000000	 5.426684
315	 13	 13	 1	 0.024842	 -1	 0.000000	 6.896632
316	 13	 13	 1	 1.292120	 -1	 0.000000	 5.357645
317	 13	 13	 1	 0.137954	 -1	 0.000000	 5.844243
318	 13	 13	 1	 0.060191	 -1	 0.000000	 3.840769
319	 13	 13	 1	 0.369406	 -1	 0.000000	 6.313523
320	 13	 13	 1	 0.005716	 -1	 0.000000	 5.100057
321	 13	 13	 1	 0.042345	 -1	 0.000000	 5.503294
322	 13	 13	 1	 0.012820	 -1	 0.000000	 7.068305
323	 13	 13	 1	 0.358944	 -1	 0.000000	 5.244900
324	 13	 13	 1	 0.097278	 -1	 0.000000	 5.909666
>>> gr_fir_ccf: using E
>>> gr_fir_fff: using E
gr_buffer::allocate_buffer: warning: tried to allocate
   22 items of size 2928. Due to alignment requirements
   256 were allocated.  If this isn't OK, consider padding
   your structure to a power-of-two bytes.
   On this platform, our allocation granularity is 4096 bytes.
>>> gr_fir_ccf: using E
>>> gr_fir_fff: using E
gr_buffer::allocate_buffer: warning: tried to allocate
   22 items of size 2928. Due to alignment requirements
   256 were allocated.  If this isn't OK, consider padding
   your structure to a power-of-two bytes.
   On this platform, our allocation granularity is 4096 bytes.
>>> gr_fir_ccf: using E
>>> gr_fir_fff: using E
gr_buffer::allocate_buffer: warning: tried to allocate
   22 items of size 2928. Due to alignment requirements
   256 were allocated.  If this isn't OK, consider padding
   your structure to a power-of-two bytes.
   On this platform, our allocation granularity is 4096 bytes.
217	 5	 5	 1	 20.249471	 -1	 0.000000	 5.266476
218	 5	 5	 1	 8.394650	 -1	 0.000000	 12.801641
219	 5	 5	 1	 23.156998	 -1	 0.000000	 7.009964
220	 5	 5	 1	 38.898464	 -1	 0.000000	 4.817739
221	 5	 5	 1	 23.510373	 -1	 0.000000	 8.497087
222	 5	 5	 1	 20.939948	 -1	 0.000000	 7.646097
223	 5	 5	 1	 31.536241	 -1	 0.000000	 4.099033
224	 5	 5	 1	 46.711862	 -1	 0.000000	 4.266089
225	 5	 5	 1	 24.135690	 -1	 0.000000	 3.234068
226	 5	 5	 1	 13.444228	 -1	 0.000000	 5.865995
227	 5	 5	 1	 23.291219	 -1	 0.000000	 10.974120
228	 5	 5	 1	 18.785493	 -1	 0.000000	 6.725695
229	 5	 5	 1	 32.969523	 -1	 0.000000	 8.878233
230	 5	 5	 1	 45.585826	 -1	 0.000000	 4.673076
231	 5	 5	 1	 20.340197	 -1	 0.000000	 4.809070
232	 5	 5	 1	 14.656610	 -1	 0.000000	 5.515079
233	 5	 5	 1	 19.188475	 -1	 0.000000	 2.853409
234	 5	 5	 1	 27.351725	 -1	 0.000000	 5.385250
235	 5	 5	 1	 16.987227	 -1	 0.000000	 3.996442
236	 5	 5	 1	 21.314025	 -1	 0.000000	 4.730872
237	 5	 5	 1	 14.408388	 -1	 0.000000	 9.641959
238	 5	 5	 1	 27.297052	 -1	 0.000000	 7.280470
239	 5	 5	 1	 18.722371	 -1	 0.000000	 11.469837
240	 5	 5	 1	 14.009360	 -1	 0.000000	 14.193037
241	 5	 5	 1	 20.331997	 -1	 0.000000	 4.762946
242	 5	 5	 1	 13.591493	 -1	 0.000000	 7.365982
243	 5	 5	 1	 31.115341	 -1	 0.000000	 6.017619
244	 5	 5	 1	 31.098180	 -1	 0.000000	 4.038029
245	 5	 5	 1	 20.413045	 -1	 0.000000	 5.197135
246	 5	 5	 1	 20.018382	 -1	 0.000000	 7.501456
247	 5	 5	 1	 24.157998	 -1	 0.000000	 3.091468
248	 5	 5	 1	 8.420931	 -1	 0.000000	 7.276394
249	 5	 5	 1	 15.465251	 -1	 0.000000	 4.488977
250	 5	 5	 1	 10.365052	 -1	 0.000000	 7.245159
251	 5	 5	 1	 10.773456	 -1	 0.000000	 4.828239
252	 5	 5	 1	 5.981626	 -1	 0.000000	 5.442679
253	 5	 5	 1	 10.701376	 -1	 0.000000	 4.694650
254	 5	 5	 1	 21.074471	 -1	 0.000000	 5.485097
255	 5	 5	 1	 21.932894	 -1	 0.000000	 3.620847
256	 5	 5	 1	 25.726149	 -1	 0.000000	 5.682574
257	 5	 5	 1	 21.040390	 -1	 0.000000	 11.591146
258	 5	 5	 1	 13.175657	 -1	 0.000000	 8.447556
259	 5	 5	 1	 8.120312	 -1	 0.000000	 6.687779
260	 5	 5	 1	 16.968132	 -1	 0.000000	 6.883163
261	 5	 5	 1	 21.779971	 -1	 0.000000	 4.193204
262	 5	 5	 1	 25.991804	 -1	 0.000000	 10.804059
263	 5	 5	 1	 13.540521	 -1	 0.000000	 7.824232
264	 5	 5	 1	 14.091628	 -1	 0.000000	 14.556360
265	 5	 5	 1	 10.599969	 -1	 0.000000	 5.277655
266	 5	 5	 1	 18.615786	 -1	 0.000000	 5.530596
267	 5	 5	 1	 31.115311	 -1	 0.000000	 6.072459
268	 5	 5	 1	 9.002545	 -1	 0.000000	 7.857139
269	 5	 5	 1	 16.404854	 -1	 0.000000	 5.118141
270	 5	 5	 1	 16.288287	 -1	 0.000000	 8.022709
271	 5	 5	 1	 15.905590	 -1	 0.000000	 5.800437
272	 5	 5	 1	 14.896816	 -1	 0.000000	 5.405685
273	 5	 5	 1	 18.327139	 -1	 0.000000	 6.850063
274	 5	 5	 1	 16.369933	 -1	 0.000000	 4.601626
275	 5	 5	 1	 22.631074	 -1	 0.000000	 3.781790
276	 5	 5	 1	 17.474405	 -1	 0.000000	 7.398393
277	 5	 5	 1	 16.900034	 -1	 0.000000	 18.748270
278	 5	 5	 1	 34.381596	 -1	 0.000000	 5.574175
279	 5	 5	 1	 31.394001	 -1	 0.000000	 7.528616
280	 5	 5	 1	 20.186788	 -1	 0.000000	 6.716054
281	 5	 5	 0	 197.650645	 -1	 0.000000	 7.140011
282	 5	 5	 1	 14.430219	 -1	 0.000000	 7.070502
283	 5	 5	 1	 28.356305	 -1	 0.000000	 4.679539
284	 5	 5	 1	 20.552919	 -1	 0.000000	 8.309125
285	 5	 5	 1	 36.856970	 -1	 0.000000	 4.125904
286	 5	 5	 1	 21.257517	 -1	 0.000000	 3.806240
287	 5	 5	 1	 21.811461	 -1	 0.000000	 3.754153
288	 5	 5	 1	 7.971661	 -1	 0.000000	 6.501637
289	 5	 5	 1	 23.954511	 -1	 0.000000	 3.018538
290	 5	 5	 1	 21.268791	 -1	 0.000000	 5.285054
291	 5	 5	 1	 14.296731	 -1	 0.000000	 5.697027
292	 5	 5	 1	 21.116597	 -1	 0.000000	 7.495591
293	 5	 5	 1	 27.313766	 -1	 0.000000	 5.959904
294	 5	 5	 1	 26.289505	 -1	 0.000000	 7.138934
295	 5	 5	 1	 15.962521	 -1	 0.000000	 6.449490
296	 5	 5	 1	 12.733888	 -1	 0.000000	 6.182858
297	 5	 5	 1	 32.202653	 -1	 0.000000	 3.927850
298	 5	 5	 1	 12.000296	 -1	 0.000000	 9.625831
299	 5	 5	 1	 12.014344	 -1	 0.000000	 13.074896
300	 5	 5	 1	 14.015087	 -1	 0.000000	 3.580116
301	 5	 5	 1	 13.401309	 -1	 0.000000	 4.243931
302	 5	 5	 1	 14.492885	 -1	 0.000000	 8.988586
303	 5	 5	 1	 15.313954	 -1	 0.000000	 5.899813
304	 5	 5	 1	 15.077902	 -1	 0.000000	 6.205024
305	 5	 5	 1	 20.596930	 -1	 0.000000	 8.736146
306	 5	 5	 1	 80.550159	 -1	 0.000000	 6.432569
307	 5	 5	 1	 17.954196	 -1	 0.000000	 4.262536
308	 5	 5	 1	 35.777860	 -1	 0.000000	 5.095112
309	 5	 5	 1	 8.345214	 -1	 0.000000	 10.513986
310	 5	 5	 1	 18.537760	 -1	 0.000000	 7.759432
311	 5	 5	 1	 8.242675	 -1	 0.000000	 5.290479
312	 5	 5	 1	 37.373129	 -1	 0.000000	 5.159524
313	 5	 5	 1	 12.671035	 -1	 0.000000	 3.410923
314	 5	 5	 1	 16.006475	 -1	 0.000000	 5.977790
315	 5	 5	 1	 30.270260	 -1	 0.000000	 5.034931
316	 5	 5	 1	 18.893153	 -1	 0.000000	 8.505648
317	 5	 5	 1	 9.761446	 -1	 0.000000	 5.027204
318	 5	 5	 1	 24.206473	 -1	 0.000000	 8.972384
319	 5	 5	 1	 32.597053	 -1	 0.000000	 4.287717
320	 5	 5	 1	 25.905594	 -1	 0.000000	 4.339979
321	 5	 5	 1	 20.411373	 -1	 0.000000	 5.944319
322	 5	 5	 1	 11.172152	 -1	 0.000000	 14.559470
323	 5	 5	 1	 19.663593	 -1	 0.000000	 3.033201
324	 5	 5	 1	 14.788818	 -1	 0.000000	 8.477880
325	 5	 5	 1	 24.431055	 -1	 0.000000	 8.123375
326	 5	 5	 1	 12.290552	 -1	 0.000000	 5.183181
327	 5	 5	 1	 15.089779	 -1	 0.000000	 5.288549
328	 5	 5	 1	 45.909305	 -1	 0.000000	 6.812649
329	 5	 5	 1	 18.746329	 -1	 0.000000	 6.558844
330	 5	 5	 1	 28.007291	 -1	 0.000000	 10.221137
331	 5	 5	 1	 25.587033	 -1	 0.000000	 7.805951
332	 5	 5	 1	 21.093541	 -1	 0.000000	 7.890423
333	 5	 5	 1	 23.323238	 -1	 0.000000	 3.933819
334	 5	 5	 1	 26.386803	 -1	 0.000000	 6.935188
335	 5	 5	 1	 28.530713	 -1	 0.000000	 3.419472
336	 5	 5	 1	 25.841304	 -1	 0.000000	 5.718681
337	 5	 5	 1	 40.044540	 -1	 0.000000	 3.284320
338	 5	 5	 1	 11.308627	 -1	 0.000000	 7.802730
339	 5	 5	 1	 21.248033	 -1	 0.000000	 4.634112
340	 5	 5	 1	 20.415501	 -1	 0.000000	 9.255187
341	 5	 5	 1	 22.182516	 -1	 0.000000	 4.510238
342	 5	 5	 1	 13.649347	 -1	 0.000000	 5.180473
343	 5	 5	 1	 13.277856	 -1	 0.000000	 11.510839
344	 5	 5	 1	 21.559827	 -1	 0.000000	 5.143649
345	 5	 5	 1	 22.724207	 -1	 0.000000	 4.162005
346	 5	 5	 1	 18.740172	 -1	 0.000000	 6.112906
347	 5	 5	 1	 37.788759	 -1	 0.000000	 4.627819
348	 5	 5	 1	 19.958273	 -1	 0.000000	 8.537135
349	 5	 5	 1	 26.756130	 -1	 0.000000	 4.265590
350	 5	 5	 1	 7.854716	 -1	 0.000000	 6.250450
351	 5	 5	 1	 25.556271	 -1	 0.000000	 5.494995
352	 5	 5	 1	 20.026216	 -1	 0.000000	 5.782071
353	 5	 5	 1	 17.913136	 -1	 0.000000	 6.462635
354	 5	 5	 1	 19.829802	 -1	 0.000000	 3.442992
355	 5	 5	 1	 9.915855	 -1	 0.000000	 5.808964
356	 5	 5	 1	 31.547953	 -1	 0.000000	 4.362838
357	 5	 5	 1	 14.027610	 -1	 0.000000	 7.158270
358	 5	 5	 1	 19.945972	 -1	 0.000000	 5.948798
359	 5	 5	 1	 18.629957	 -1	 0.000000	 8.291014
360	 5	 5	 1	 6.376956	 -1	 0.000000	 4.809307
361	 5	 5	 1	 25.160386	 -1	 0.000000	 4.206303
362	 5	 5	 1	 9.405976	 -1	 0.000000	 9.938983
363	 5	 5	 1	 25.817313	 -1	 0.000000	 5.011471
364	 5	 5	 1	 65.066203	 -1	 0.000000	 4.198608
365	 5	 5	 1	 11.644209	 -1	 0.000000	 3.428686
366	 5	 5	 1	 20.387967	 -1	 0.000000	 3.098540
367	 5	 5	 1	 12.503784	 -1	 0.000000	 6.725264
368	 5	 5	 1	 25.403448	 -1	 0.000000	 4.844061
369	 5	 5	 1	 21.213027	 -1	 0.000000	 4.351903
370	 5	 5	 1	 27.654251	 -1	 0.000000	 6.880095
371	 5	 5	 1	 15.877685	 -1	 0.000000	 6.831922
372	 5	 5	 1	 18.935168	 -1	 0.000000	 5.023646
373	 5	 5	 1	 29.957452	 -1	 0.000000	 3.331046
374	 5	 5	 1	 21.469156	 -1	 0.000000	 6.071631
378	 5	 5	 1	 9.057334	 -1	 0.000000	 5.287781
380	 5	 5	 0	 428.252269	 -1	 0.000000	 6.883421
391	 5	 5	 1	 14.655846	 -1	 0.000000	 7.074313
434	 5	 5	 1	 11.217179	 -1	 0.000000	 7.472123
443	 5	 5	 0	 162.057460	 -1	 0.000000	 6.134374
461	 5	 5	 1	 23.200139	 -1	 0.000000	 4.634769
463	 5	 5	 1	 23.882796	 -1	 0.000000	 5.842349
464	 5	 5	 1	 49.208873	 -1	 0.000000	 4.561929
465	 5	 5	 1	 20.049337	 -1	 0.000000	 4.320369
484	 5	 5	 0	 1000.000000	 -1	 0.000000	 9.114123
487	 5	 5	 1	 21.158021	 -1	 0.000000	 12.627604
488	 5	 5	 1	 21.832961	 -1	 0.000000	 7.831850
489	 5	 5	 1	 10.384738	 -1	 0.000000	 5.802200
490	 5	 5	 1	 25.921218	 -1	 0.000000	 6.237100
4	 5	 5	 0	 1000.000000	 -1	 0.000000	 6.807050
7	 5	 5	 1	 21.515221	 -1	 0.000000	 4.569661
>>> gr_fir_ccf: using E
>>> gr_fir_fff: using E
gr_buffer::allocate_buffer: warning: tried to allocate
   22 items of size 2928. Due to alignment requirements
   256 were allocated.  If this isn't OK, consider padding
   your structure to a power-of-two bytes.
   On this platform, our allocation granularity is 4096 bytes.
260	 5	 5	 1	 18.135518	 -1	 0.000000	 5.581397
261	 5	 5	 1	 29.678815	 -1	 0.000000	 6.182730
262	 5	 5	 1	 26.964659	 -1	 0.000000	 6.372095
263	 5	 5	 1	 24.390074	 -1	 0.000000	 8.961385
264	 5	 5	 1	 14.822188	 -1	 0.000000	 8.703093
265	 5	 5	 1	 22.781226	 -1	 0.000000	 4.383512
266	 5	 5	 1	 16.274712	 -1	 0.000000	 6.504646
267	 5	 5	 1	 26.138215	 -1	 0.000000	 4.101304
268	 5	 5	 1	 20.787252	 -1	 0.000000	 3.418949
269	 5	 5	 1	 13.968436	 -1	 0.000000	 6.344557
270	 5	 5	 1	 22.866032	 -1	 0.000000	 5.347317
271	 5	 5	 1	 15.647348	 -1	 0.000000	 5.047815
272	 5	 5	 1	 25.826213	 -1	 0.000000	 3.583888
273	 5	 5	 1	 13.926142	 -1	 0.000000	 6.192058
274	 5	 5	 1	 16.447048	 -1	 0.000000	 3.729549
275	 5	 5	 1	 17.657688	 -1	 0.000000	 8.199809
276	 5	 5	 1	 22.997519	 -1	 0.000000	 3.782152
277	 5	 5	 1	 42.075051	 -1	 0.000000	 5.201734
278	 5	 5	 1	 6.387631	 -1	 0.000000	 5.935162
279	 5	 5	 1	 14.781196	 -1	 0.000000	 3.245583
280	 5	 5	 1	 10.299867	 -1	 0.000000	 5.514279
281	 5	 5	 1	 20.426607	 -1	 0.000000	 8.034975
282	 5	 5	 1	 5.384670	 -1	 0.000000	 5.345097
283	 5	 5	 1	 15.187487	 -1	 0.000000	 4.825163
284	 5	 5	 1	 44.576334	 -1	 0.000000	 6.821574
285	 5	 5	 1	 10.963323	 -1	 0.000000	 4.509781
286	 5	 5	 1	 25.587372	 -1	 0.000000	 6.337160
287	 5	 5	 1	 38.458538	 -1	 0.000000	 3.168935
288	 5	 5	 1	 14.744727	 -1	 0.000000	 7.614709
289	 5	 5	 1	 21.567576	 -1	 0.000000	 7.393800
290	 5	 5	 1	 28.752507	 -1	 0.000000	 5.586024
291	 5	 5	 1	 32.634723	 -1	 0.000000	 4.447435
292	 5	 5	 1	 16.872726	 -1	 0.000000	 6.161922
293	 5	 5	 1	 13.870230	 -1	 0.000000	 8.719108
294	 5	 5	 1	 24.428757	 -1	 0.000000	 4.462083
295	 5	 5	 1	 60.460891	 -1	 0.000000	 6.707440
296	 5	 5	 1	 15.286601	 -1	 0.000000	 2.963351
297	 5	 5	 1	 14.695674	 -1	 0.000000	 6.531254
298	 5	 5	 1	 13.633581	 -1	 0.000000	 6.141023
299	 5	 5	 1	 11.419817	 -1	 0.000000	 4.959765
300	 5	 5	 1	 53.935708	 -1	 0.000000	 3.273584
301	 5	 5	 1	 9.214798	 -1	 0.000000	 7.371044
302	 5	 5	 1	 9.064075	 -1	 0.000000	 12.484868
303	 5	 5	 1	 25.730922	 -1	 0.000000	 3.252267
304	 5	 5	 1	 17.115796	 -1	 0.000000	 8.672316
305	 5	 5	 1	 21.061475	 -1	 0.000000	 5.494250
306	 5	 5	 1	 19.357452	 -1	 0.000000	 5.700074
307	 5	 5	 1	 16.078708	 -1	 0.000000	 6.623971
308	 5	 5	 1	 17.713883	 -1	 0.000000	 6.232502
309	 5	 5	 1	 104.589934	 -1	 0.000000	 3.867247
310	 5	 5	 1	 35.433718	 -1	 0.000000	 3.375154
311	 5	 5	 1	 9.623790	 -1	 0.000000	 5.466800
312	 5	 5	 1	 21.022023	 -1	 0.000000	 6.002225
313	 5	 5	 1	 24.108239	 -1	 0.000000	 4.687650
314	 5	 5	 1	 16.615926	 -1	 0.000000	 13.760955
315	 5	 5	 1	 10.243977	 -1	 0.000000	 9.016678
316	 5	 5	 1	 39.994755	 -1	 0.000000	 7.476534
317	 5	 5	 1	 166.207104	 -1	 0.000000	 6.001023
318	 5	 5	 1	 18.880071	 -1	 0.000000	 4.301069
319	 5	 5	 1	 10.698043	 -1	 0.000000	 6.242935
320	 5	 5	 1	 8.222812	 -1	 0.000000	 5.333449
321	 5	 5	 1	 16.286223	 -1	 0.000000	 6.469466
322	 5	 5	 1	 34.949793	 -1	 0.000000	 8.307111
323	 5	 5	 1	 9.948378	 -1	 0.000000	 7.051620
324	 5	 5	 1	 36.707819	 -1	 0.000000	 5.333389
325	 5	 5	 1	 20.959650	 -1	 0.000000	 4.662952
326	 5	 5	 1	 30.247236	 -1	 0.000000	 5.933887
327	 5	 5	 1	 27.075945	 -1	 0.000000	 4.627548
328	 5	 5	 1	 20.007276	 -1	 0.000000	 6.377924
329	 5	 5	 1	 26.499526	 -1	 0.000000	 4.808106
330	 5	 5	 1	 22.734139	 -1	 0.000000	 3.266042
331	 5	 5	 1	 29.675962	 -1	 0.000000	 10.615952
332	 5	 5	 1	 26.052932	 -1	 0.000000	 4.591886
333	 5	 5	 1	 39.128892	 -1	 0.000000	 3.673078
334	 5	 5	 1	 16.834712	 -1	 0.000000	 7.815953
335	 5	 5	 1	 23.887331	 -1	 0.000000	 4.079793
336	 5	 5	 1	 26.201495	 -1	 0.000000	 6.964705
337	 5	 5	 1	 10.666864	 -1	 0.000000	 3.775193
338	 5	 5	 1	 23.838919	 -1	 0.000000	 3.331771
339	 5	 5	 1	 27.544225	 -1	 0.000000	 5.044353
340	 5	 5	 1	 13.142589	 -1	 0.000000	 10.139647
341	 5	 5	 1	 21.222169	 -1	 0.000000	 6.138787
342	 5	 5	 1	 14.230612	 -1	 0.000000	 11.701722
343	 5	 5	 1	 20.107607	 -1	 0.000000	 3.814831
344	 5	 5	 1	 10.580798	 -1	 0.000000	 9.442492
345	 5	 5	 1	 13.863506	 -1	 0.000000	 4.960507
346	 5	 5	 1	 20.716095	 -1	 0.000000	 4.553336
347	 5	 5	 1	 21.735926	 -1	 0.000000	 8.411473
348	 5	 5	 1	 16.251238	 -1	 0.000000	 5.949149
349	 5	 5	 1	 20.591845	 -1	 0.000000	 5.728043
350	 5	 5	 1	 13.201461	 -1	 0.000000	 8.317269
351	 5	 5	 1	 16.874256	 -1	 0.000000	 6.133050
352	 5	 5	 1	 16.049190	 -1	 0.000000	 6.477227
353	 5	 5	 1	 14.857200	 -1	 0.000000	 11.401746
354	 5	 5	 1	 29.080777	 -1	 0.000000	 5.985919
355	 5	 5	 1	 1.264141	 -1	 0.000000	 5.250107
356	 5	 5	 1	 19.660788	 -1	 0.000000	 8.957448
357	 5	 5	 1	 17.568827	 -1	 0.000000	 4.118259
358	 5	 5	 1	 62.559933	 -1	 0.000000	 3.290596
359	 5	 5	 1	 29.507597	 -1	 0.000000	 5.865840
360	 5	 5	 1	 23.894645	 -1	 0.000000	 7.634977
361	 5	 5	 1	 20.454444	 -1	 0.000000	 4.355213
362	 5	 5	 1	 15.022629	 -1	 0.000000	 3.866488
363	 5	 5	 1	 16.204827	 -1	 0.000000	 6.375823
364	 5	 5	 1	 29.153532	 -1	 0.000000	 5.156971
365	 5	 5	 1	 19.654033	 -1	 0.000000	 6.988801
366	 5	 5	 1	 35.300995	 -1	 0.000000	 3.198198
367	 5	 5	 1	 22.530211	 -1	 0.000000	 3.785652
368	 5	 5	 1	 15.825185	 -1	 0.000000	 3.723097
369	 5	 5	 1	 18.939007	 -1	 0.000000	 7.736478
370	 5	 5	 1	 11.937721	 -1	 0.000000	 5.989323
371	 5	 5	 1	 18.460376	 -1	 0.000000	 6.308326
372	 5	 5	 1	 24.082029	 -1	 0.000000	 7.876448
373	 5	 5	 1	 16.730478	 -1	 0.000000	 4.601927
374	 5	 5	 1	 16.116144	 -1	 0.000000	 6.373091
375	 5	 5	 1	 53.989545	 -1	 0.000000	 5.069513
376	 5	 5	 1	 127.657271	 -1	 0.000000	 7.213783
377	 5	 5	 1	 14.952954	 -1	 0.000000	 7.206033
378	 5	 5	 1	 22.916301	 -1	 0.000000	 7.568593
379	 5	 5	 1	 31.573150	 -1	 0.000000	 5.827584
380	 5	 5	 1	 43.264401	 -1	 0.000000	 2.442530
381	 5	 5	 1	 25.305364	 -1	 0.000000	 3.553594
382	 5	 5	 1	 15.248227	 -1	 0.000000	 11.677188
383	 5	 5	 1	 11.342293	 -1	 0.000000	 4.525609
384	 5	 5	 1	 15.354871	 -1	 0.000000	 6.826019
385	 5	 5	 1	 24.127252	 -1	 0.000000	 6.291409
386	 5	 5	 1	 13.284243	 -1	 0.000000	 4.779470
387	 5	 5	 1	 23.600901	 -1	 0.000000	 5.317880
388	 5	 5	 1	 7.872041	 -1	 0.000000	 5.303792
389	 5	 5	 1	 19.185678	 -1	 0.000000	 5.900351
390	 5	 5	 1	 11.798769	 -1	 0.000000	 5.466904
391	 5	 5	 1	 20.664578	 -1	 0.000000	 6.599613
392	 5	 5	 1	 19.254574	 -1	 0.000000	 4.106868
393	 5	 5	 1	 58.950754	 -1	 0.000000	 4.303604
394	 5	 5	 1	 16.574125	 -1	 0.000000	 6.047266
395	 5	 5	 1	 24.872981	 -1	 0.000000	 6.750229
396	 5	 5	 1	 32.296267	 -1	 0.000000	 5.122082
397	 5	 5	 1	 13.441866	 -1	 0.000000	 4.697900
398	 5	 5	 1	 10.582393	 -1	 0.000000	 5.501237
399	 5	 5	 1	 15.931818	 -1	 0.000000	 6.386463
400	 5	 5	 1	 14.173491	 -1	 0.000000	 6.062446
401	 5	 5	 1	 28.147950	 -1	 0.000000	 3.852032
402	 5	 5	 1	 24.625837	 -1	 0.000000	 6.670299
403	 5	 5	 1	 20.741363	 -1	 0.000000	 6.159534
404	 5	 5	 1	 17.666667	 -1	 0.000000	 6.115430
405	 5	 5	 1	 18.544892	 -1	 0.000000	 6.727212
406	 5	 5	 1	 10.246407	 -1	 0.000000	 5.992265
407	 5	 5	 1	 8.997073	 -1	 0.000000	 4.494171
408	 5	 5	 1	 18.096446	 -1	 0.000000	 6.923801
409	 5	 5	 1	 26.837119	 -1	 0.000000	 3.966204
410	 5	 5	 1	 12.434081	 -1	 0.000000	 5.187067
411	 5	 5	 1	 21.294153	 -1	 0.000000	 11.531073
412	 5	 5	 1	 14.007469	 -1	 0.000000	 4.211661
413	 5	 5	 1	 18.532846	 -1	 0.000000	 9.542974
414	 5	 5	 1	 14.554423	 -1	 0.000000	 7.494561
415	 5	 5	 1	 17.746881	 -1	 0.000000	 8.294305
416	 5	 5	 1	 20.541434	 -1	 0.000000	 8.567135
417	 5	 5	 1	 18.700681	 -1	 0.000000	 6.353572
418	 5	 5	 1	 17.871011	 -1	 0.000000	 6.575446
419	 5	 5	 1	 58.015971	 -1	 0.000000	 4.308232
420	 5	 5	 1	 18.957077	 -1	 0.000000	 3.528267
421	 5	 5	 1	 15.972321	 -1	 0.000000	 4.298435
422	 5	 5	 1	 17.304379	 -1	 0.000000	 5.187575
423	 5	 5	 1	 19.927801	 -1	 0.000000	 3.329239
424	 5	 5	 1	 20.512150	 -1	 0.000000	 11.137807
425	 5	 5	 1	 11.792870	 -1	 0.000000	 10.031938
426	 5	 5	 1	 24.277761	 -1	 0.000000	 5.176823
434	 5	 5	 1	 11.579170	 -1	 0.000000	 9.013131
439	 5	 5	 1	 23.085081	 -1	 0.000000	 3.331052
440	 5	 5	 1	 10.726855	 -1	 0.000000	 2.976614
441	 5	 5	 1	 14.145833	 -1	 0.000000	 5.651280
442	 5	 5	 1	 17.311470	 -1	 0.000000	 4.158451
452	 5	 5	 1	 21.483243	 -1	 0.000000	 5.124216
453	 5	 5	 1	 20.021258	 -1	 0.000000	 5.356075
470	 5	 5	 1	 22.466324	 -1	 0.000000	 6.228669
475	 5	 5	 1	 25.402468	 -1	 0.000000	 5.083025
476	 5	 5	 1	 22.553221	 -1	 0.000000	 4.845421
477	 5	 5	 1	 31.710684	 -1	 0.000000	 4.834383
483	 5	 5	 1	 167.603728	 -1	 0.000000	 6.009356
492	 5	 5	 1	 20.830375	 -1	 0.000000	 3.031070
493	 5	 5	 1	 24.785151	 -1	 0.000000	 5.784531
499	 5	 5	 1	 30.348782	 -1	 0.000000	 4.709614
0	 7	 7	 1	 31.855740	 -1	 0.000000	 6.004619
1	 7	 7	 1	 38.362303	 -1	 0.000000	 11.341356
2	 7	 7	 1	 24.421230	 -1	 0.000000	 6.755640
3	 7	 7	 1	 21.014014	 -1	 0.000000	 6.542839
4	 7	 7	 1	 36.765744	 -1	 0.000000	 4.532747
5	 7	 7	 1	 25.746694	 -1	 0.000000	 10.892650
6	 7	 7	 1	 38.832093	 -1	 0.000000	 4.939890
7	 7	 7	 1	 32.230191	 -1	 0.000000	 4.287022
8	 7	 7	 1	 27.600075	 -1	 0.000000	 6.308030
9	 7	 7	 1	 43.140811	 -1	 0.000000	 4.228497
10	 7	 7	 1	 45.049352	 -1	 0.000000	 6.237795
11	 7	 7	 1	 22.532420	 -1	 0.000000	 8.381955
12	 7	 7	 1	 111.144940	 -1	 0.000000	 3.353672
13	 7	 7	 1	 34.155966	 -1	 0.000000	 6.544459
14	 7	 7	 1	 139.456163	 -1	 0.000000	 3.636989
15	 7	 7	 1	 22.187897	 -1	 0.000000	 6.324461
16	 7	 7	 1	 24.344091	 -1	 0.000000	 7.251807
17	 7	 7	 1	 57.429157	 -1	 0.000000	 7.619024
18	 7	 7	 1	 47.305366	 -1	 0.000000	 7.043168
19	 7	 7	 1	 36.061955	 -1	 0.000000	 3.666700
20	 7	 7	 1	 44.483112	 -1	 0.000000	 4.166963
21	 7	 7	 1	 29.718825	 -1	 0.000000	 4.208383
22	 7	 7	 1	 65.122260	 -1	 0.000000	 3.814735
23	 7	 7	 1	 32.370724	 -1	 0.000000	 5.215160
24	 7	 7	 1	 28.158720	 -1	 0.000000	 4.353851
25	 7	 7	 1	 45.678850	 -1	 0.000000	 3.207899
26	 7	 7	 1	 20.488656	 -1	 0.000000	 5.573884
27	 7	 7	 1	 33.267581	 -1	 0.000000	 4.774907
28	 7	 7	 1	 35.696028	 -1	 0.000000	 9.385509
29	 7	 7	 1	 16.909082	 -1	 0.000000	 4.492812
30	 7	 7	 1	 46.480343	 -1	 0.000000	 3.536941
31	 7	 7	 1	 10.017057	 -1	 0.000000	 8.972592
32	 7	 7	 1	 55.972561	 -1	 0.000000	 6.388947
33	 7	 7	 1	 24.435328	 -1	 0.000000	 4.535769
34	 7	 7	 1	 36.492178	 -1	 0.000000	 4.379621
35	 7	 7	 1	 47.638813	 -1	 0.000000	 3.334657
36	 7	 7	 1	 41.893860	 -1	 0.000000	 11.254096
37	 7	 7	 1	 36.503204	 -1	 0.000000	 5.413013
38	 7	 7	 1	 23.387764	 -1	 0.000000	 4.652135
39	 7	 7	 1	 31.379167	 -1	 0.000000	 3.173106
40	 7	 7	 1	 10.907199	 -1	 0.000000	 4.570910
>>> gr_fir_ccf: using E
>>> gr_fir_fff: using E
gr_buffer::allocate_buffer: warning: tried to allocate
   22 items of size 2928. Due to alignment requirements
   256 were allocated.  If this isn't OK, consider padding
   your structure to a power-of-two bytes.
   On this platform, our allocation granularity is 4096 bytes.
0	 7	 7	 1	 55.232757	 -1	 0.000000	 4.917018
1	 7	 7	 1	 38.419971	 -1	 0.000000	 5.950628
>>> gr_fir_ccf: using E
>>> gr_fir_fff: using E
gr_buffer::allocate_buffer: warning: tried to allocate
   22 items of size 2928. Due to alignment requirements
   256 were allocated.  If this isn't OK, consider padding
   your structure to a power-of-two bytes.
   On this platform, our allocation granularity is 4096 bytes.
0	 9	 9	 0	 346.491280	 -1	 0.000000	 2.820855
1	 9	 9	 0	 450.482101	 -1	 0.000000	 7.109606
2	 9	 9	 0	 311.592756	 -1	 0.000000	 4.603993
3	 9	 9	 0	 325.952728	 -1	 0.000000	 3.985116
4	 9	 9	 0	 364.516495	 -1	 0.000000	 5.427220
5	 9	 9	 0	 337.631666	 -1	 0.000000	 5.714920
6	 9	 9	 0	 428.970931	 -1	 0.000000	 6.961156
7	 9	 9	 0	 340.800727	 -1	 0.000000	 5.177679
8	 9	 9	 0	 389.461642	 -1	 0.000000	 12.656683
9	 9	 9	 0	 345.919306	 -1	 0.000000	 7.111728
10	 9	 9	 0	 388.125323	 -1	 0.000000	 3.406698
11	 9	 9	 0	 406.219102	 -1	 0.000000	 7.549404
125	 9	 9	 0	 356.676894	 -1	 0.000000	 8.274643
126	 9	 9	 0	 441.665443	 -1	 0.000000	 5.108193
127	 9	 9	 0	 386.077725	 -1	 0.000000	 6.875426
128	 9	 9	 0	 439.064330	 -1	 0.000000	 6.067960
129	 9	 9	 0	 401.906660	 -1	 0.000000	 5.284791
130	 9	 9	 0	 394.663351	 -1	 0.000000	 3.071968
131	 9	 9	 0	 390.309191	 -1	 0.000000	 4.638233
132	 9	 9	 0	 322.920471	 -1	 0.000000	 6.955804
133	 9	 9	 0	 379.526130	 -1	 0.000000	 5.439454
134	 9	 9	 0	 335.282111	 -1	 0.000000	 4.430126
135	 9	 9	 0	 412.571875	 -1	 0.000000	 3.931111
136	 9	 9	 0	 354.643777	 -1	 0.000000	 5.777667
137	 9	 9	 0	 397.521098	 -1	 0.000000	 6.817153
138	 9	 9	 0	 410.606916	 -1	 0.000000	 4.640465
139	 9	 9	 0	 411.649723	 -1	 0.000000	 3.100735
140	 9	 9	 0	 323.775299	 -1	 0.000000	 5.154236
141	 9	 9	 0	 408.555548	 -1	 0.000000	 9.562662
142	 9	 9	 0	 372.198726	 -1	 0.000000	 5.101519
>>> gr_fir_ccf: using E
>>> gr_fir_fff: using E
gr_buffer::allocate_buffer: warning: tried to allocate
   22 items of size 2928. Due to alignment requirements
   256 were allocated.  If this isn't OK, consider padding
   your structure to a power-of-two bytes.
   On this platform, our allocation granularity is 4096 bytes.
261	 9	 9	 0	 341.726261	 -1	 0.000000	 4.332526
262	 9	 9	 0	 426.695378	 -1	 0.000000	 7.929879
263	 9	 9	 0	 426.006854	 -1	 0.000000	 5.155762
264	 9	 9	 0	 420.328914	 -1	 0.000000	 6.349461
265	 9	 9	 0	 322.483308	 -1	 0.000000	 9.155497
266	 9	 9	 0	 343.802702	 -1	 0.000000	 7.911358
267	 9	 9	 0	 335.894076	 -1	 0.000000	 5.317809
268	 9	 9	 0	 361.165489	 -1	 0.000000	 7.039255
269	 9	 9	 0	 368.578643	 -1	 0.000000	 4.541555
270	 9	 9	 0	 413.449208	 -1	 0.000000	 3.945506
271	 9	 9	 0	 364.738988	 -1	 0.000000	 2.875306
272	 9	 9	 0	 410.764021	 -1	 0.000000	 7.296720
273	 9	 9	 0	 344.346563	 -1	 0.000000	 7.484265
274	 9	 9	 0	 360.900975	 -1	 0.000000	 5.464254
275	 9	 9	 0	 361.687426	 -1	 0.000000	 6.997139
276	 9	 9	 0	 360.929646	 -1	 0.000000	 6.948608
277	 9	 9	 0	 350.769025	 -1	 0.000000	 7.728958
278	 9	 9	 0	 399.934845	 -1	 0.000000	 4.986231
279	 9	 9	 0	 362.464251	 -1	 0.000000	 7.053306
280	 9	 9	 0	 401.219167	 -1	 0.000000	 4.589075
281	 9	 9	 0	 409.865035	 -1	 0.000000	 3.299620
282	 9	 9	 0	 426.405359	 -1	 0.000000	 6.971344
283	 9	 9	 0	 326.417545	 -1	 0.000000	 8.192449
284	 9	 9	 0	 401.090512	 -1	 0.000000	 6.097149
285	 9	 9	 0	 430.318858	 -1	 0.000000	 6.005725
286	 9	 9	 0	 393.081066	 -1	 0.000000	 6.964931
287	 9	 9	 0	 347.087194	 -1	 0.000000	 9.031706
288	 9	 9	 0	 416.096891	 -1	 0.000000	 11.099335
289	 9	 9	 0	 360.430257	 -1	 0.000000	 7.996909
290	 9	 9	 0	 426.492360	 -1	 0.000000	 4.549562
291	 9	 9	 0	 447.772150	 -1	 0.000000	 3.923818
292	 9	 9	 0	 381.188491	 -1	 0.000000	 3.731132
293	 9	 9	 0	 421.107153	 -1	 0.000000	 5.788863
294	 9	 9	 0	 383.027200	 -1	 0.000000	 5.904755
295	 9	 9	 0	 409.806030	 -1	 0.000000	 4.638512
296	 9	 9	 0	 356.664709	 -1	 0.000000	 3.548075
297	 9	 9	 0	 445.629216	 -1	 0.000000	 5.575221
298	 9	 9	 0	 423.606456	 -1	 0.000000	 4.949949
299	 9	 9	 0	 321.539603	 -1	 0.000000	 3.966831
300	 9	 9	 0	 448.469876	 -1	 0.000000	 5.359324
301	 9	 9	 0	 321.770449	 -1	 0.000000	 7.139637
302	 9	 9	 0	 421.627894	 -1	 0.000000	 6.334181
303	 9	 9	 0	 290.974733	 -1	 0.000000	 13.624805
304	 9	 9	 0	 427.532508	 -1	 0.000000	 4.650801
305	 9	 9	 0	 417.940957	 -1	 0.000000	 6.742250
306	 9	 9	 0	 379.915667	 -1	 0.000000	 4.457873
307	 9	 9	 0	 356.592985	 -1	 0.000000	 9.924363
308	 9	 9	 0	 415.778396	 -1	 0.000000	 6.519859
309	 9	 9	 0	 384.925514	 -1	 0.000000	 5.657267
310	 9	 9	 0	 409.056905	 -1	 0.000000	 6.712514
311	 9	 9	 0	 416.067441	 -1	 0.000000	 12.834320
312	 9	 9	 0	 377.210559	 -1	 0.000000	 5.148144
313	 9	 9	 0	 392.857107	 -1	 0.000000	 2.989190
314	 9	 9	 0	 417.749627	 -1	 0.000000	 10.811056
315	 9	 9	 0	 442.334509	 -1	 0.000000	 7.804081
316	 9	 9	 0	 414.012552	 -1	 0.000000	 6.297140
317	 9	 9	 0	 449.219336	 -1	 0.000000	 3.461541
318	 9	 9	 0	 395.720655	 -1	 0.000000	 6.450868
319	 9	 9	 0	 399.223586	 -1	 0.000000	 4.049801
320	 9	 9	 0	 411.166942	 -1	 0.000000	 7.573097
321	 9	 9	 0	 428.277625	 -1	 0.000000	 4.333910
322	 9	 9	 0	 425.639998	 -1	 0.000000	 5.657563
323	 9	 9	 0	 366.364945	 -1	 0.000000	 4.845464
324	 9	 9	 0	 388.867994	 -1	 0.000000	 13.179022
325	 9	 9	 0	 397.125500	 -1	 0.000000	 8.048155
326	 9	 9	 0	 373.826012	 -1	 0.000000	 7.885499
327	 9	 9	 0	 367.518887	 -1	 0.000000	 7.807419
328	 9	 9	 0	 354.787710	 -1	 0.000000	 4.063527
329	 9	 9	 0	 414.541634	 -1	 0.000000	 4.530569
330	 9	 9	 0	 330.169855	 -1	 0.000000	 6.091749
331	 9	 9	 0	 389.921698	 -1	 0.000000	 7.792815
332	 9	 9	 0	 448.978575	 -1	 0.000000	 7.518301
333	 9	 9	 0	 429.718563	 -1	 0.000000	 4.282683
334	 9	 9	 0	 369.554433	 -1	 0.000000	 13.192364
335	 9	 9	 0	 438.235861	 -1	 0.000000	 4.996140
336	 9	 9	 0	 438.805585	 -1	 0.000000	 3.257044
337	 9	 9	 0	 392.634897	 -1	 0.000000	 10.469314
338	 9	 9	 0	 353.829290	 -1	 0.000000	 7.812644
339	 9	 9	 0	 428.730567	 -1	 0.000000	 6.648968
340	 9	 9	 0	 433.741209	 -1	 0.000000	 2.447700
341	 9	 9	 0	 448.996651	 -1	 0.000000	 8.208932
342	 9	 9	 0	 414.238419	 -1	 0.000000	 4.439507
343	 9	 9	 0	 397.196043	 -1	 0.000000	 3.656085
344	 9	 9	 0	 413.761334	 -1	 0.000000	 5.730311
345	 9	 9	 0	 429.306084	 -1	 0.000000	 4.000066
346	 9	 9	 0	 334.979735	 -1	 0.000000	 5.220121
347	 9	 9	 0	 328.357689	 -1	 0.000000	 9.801794
348	 9	 9	 0	 337.607129	 -1	 0.000000	 8.143545
349	 9	 9	 0	 350.338911	 -1	 0.000000	 6.613142
350	 9	 9	 0	 427.317797	 -1	 0.000000	 4.016354
351	 9	 9	 0	 426.139542	 -1	 0.000000	 8.508451
352	 9	 9	 0	 382.937947	 -1	 0.000000	 6.941664
353	 9	 9	 0	 377.310384	 -1	 0.000000	 6.166609
354	 9	 9	 0	 385.549041	 -1	 0.000000	 6.054309
355	 9	 9	 0	 337.009610	 -1	 0.000000	 7.957043
356	 9	 9	 0	 439.232783	 -1	 0.000000	 4.146695
357	 9	 9	 0	 412.312537	 -1	 0.000000	 4.219222
358	 9	 9	 0	 397.857208	 -1	 0.000000	 10.925804
359	 9	 9	 0	 424.023696	 -1	 0.000000	 3.351349
360	 9	 9	 0	 363.097697	 -1	 0.000000	 5.755129
361	 9	 9	 0	 426.501252	 -1	 0.000000	 2.706398
362	 9	 9	 0	 367.312261	 -1	 0.000000	 4.196032
363	 9	 9	 0	 414.299271	 -1	 0.000000	 19.493700
364	 9	 9	 0	 422.855500	 -1	 0.000000	 3.068452
365	 9	 9	 0	 433.744796	 -1	 0.000000	 5.094545
366	 9	 9	 0	 443.255106	 -1	 0.000000	 5.405609
367	 9	 9	 0	 385.739604	 -1	 0.000000	 5.599807
368	 9	 9	 0	 417.152248	 -1	 0.000000	 5.491426
369	 9	 9	 0	 400.319008	 -1	 0.000000	 3.677807
370	 9	 9	 0	 450.619082	 -1	 0.000000	 5.442814
371	 9	 9	 0	 346.297513	 -1	 0.000000	 3.942008
372	 9	 9	 0	 328.460107	 -1	 0.000000	 8.519533
373	 9	 9	 0	 361.994385	 -1	 0.000000	 6.548639
374	 9	 9	 0	 394.942645	 -1	 0.000000	 7.431213
375	 9	 9	 0	 330.036916	 -1	 0.000000	 6.133784
376	 9	 9	 0	 363.930269	 -1	 0.000000	 5.882054
377	 9	 9	 0	 380.229363	 -1	 0.000000	 5.162698
378	 9	 9	 0	 383.694278	 -1	 0.000000	 3.098593
379	 9	 9	 0	 441.505324	 -1	 0.000000	 7.775255
380	 9	 9	 0	 406.860974	 -1	 0.000000	 5.728162
381	 9	 9	 0	 427.815689	 -1	 0.000000	 6.438821
382	 9	 9	 0	 432.314436	 -1	 0.000000	 8.177240
383	 9	 9	 0	 433.905081	 -1	 0.000000	 6.443030
384	 9	 9	 0	 413.717573	 -1	 0.000000	 5.689714
385	 9	 9	 0	 424.011413	 -1	 0.000000	 9.797047
386	 9	 9	 0	 382.959323	 -1	 0.000000	 3.514962
387	 9	 9	 0	 401.264451	 -1	 0.000000	 8.572823
388	 9	 9	 0	 348.234883	 -1	 0.000000	 7.191719
389	 9	 9	 0	 415.497130	 -1	 0.000000	 8.330251
390	 9	 9	 0	 397.107219	 -1	 0.000000	 6.437499
391	 9	 9	 0	 433.810281	 -1	 0.000000	 4.064895
392	 9	 9	 0	 423.802790	 -1	 0.000000	 5.480942
393	 9	 9	 0	 297.862220	 -1	 0.000000	 14.478352
394	 9	 9	 0	 416.121343	 -1	 0.000000	 5.016030
395	 9	 9	 0	 389.728787	 -1	 0.000000	 4.764556
396	 9	 9	 0	 427.792712	 -1	 0.000000	 5.301506
397	 9	 9	 0	 403.046745	 -1	 0.000000	 7.565094
398	 9	 9	 0	 377.728000	 -1	 0.000000	 3.890850
399	 9	 9	 0	 421.726619	 -1	 0.000000	 9.252444
400	 9	 9	 0	 423.797940	 -1	 0.000000	 3.688344
401	 9	 9	 0	 434.158903	 -1	 0.000000	 5.267391
402	 9	 9	 0	 416.287687	 -1	 0.000000	 5.415482
403	 9	 9	 0	 380.854835	 -1	 0.000000	 7.282567
404	 9	 9	 0	 408.161036	 -1	 0.000000	 7.777440
405	 9	 9	 0	 402.404561	 -1	 0.000000	 6.638802
406	 9	 9	 0	 378.757113	 -1	 0.000000	 6.731306
407	 9	 9	 0	 446.248104	 -1	 0.000000	 3.864850
408	 9	 9	 0	 399.272197	 -1	 0.000000	 7.840894
409	 9	 9	 0	 365.526742	 -1	 0.000000	 5.875405
410	 9	 9	 0	 394.900591	 -1	 0.000000	 7.905591
411	 9	 9	 0	 439.040354	 -1	 0.000000	 5.260283
412	 9	 9	 0	 388.088466	 -1	 0.000000	 6.788738
413	 9	 9	 0	 345.286919	 -1	 0.000000	 7.096849
414	 9	 9	 0	 398.479774	 -1	 0.000000	 5.038668
415	 9	 9	 0	 434.771136	 -1	 0.000000	 3.673474
416	 9	 9	 0	 413.853850	 -1	 0.000000	 6.618569
417	 9	 9	 0	 378.151196	 -1	 0.000000	 6.542975
418	 9	 9	 0	 388.597040	 -1	 0.000000	 3.624366
419	 9	 9	 0	 406.610584	 -1	 0.000000	 5.843796
420	 9	 9	 0	 417.408136	 -1	 0.000000	 5.365018
421	 9	 9	 0	 443.739866	 -1	 0.000000	 4.683166
422	 9	 9	 0	 329.172391	 -1	 0.000000	 4.659539
423	 9	 9	 0	 339.589423	 -1	 0.000000	 6.326786
424	 9	 9	 0	 444.619340	 -1	 0.000000	 5.346588
425	 9	 9	 0	 384.902044	 -1	 0.000000	 5.123680
426	 9	 9	 0	 401.082049	 -1	 0.000000	 7.564756
427	 9	 9	 0	 411.407128	 -1	 0.000000	 2.766300
428	 9	 9	 0	 438.074286	 -1	 0.000000	 7.082529
429	 9	 9	 0	 416.507460	 -1	 0.000000	 11.568574
430	 9	 9	 0	 422.645230	 -1	 0.000000	 3.837218
431	 9	 9	 0	 367.624415	 -1	 0.000000	 5.146523
432	 9	 9	 0	 378.322185	 -1	 0.000000	 6.002235
433	 9	 9	 0	 349.968122	 -1	 0.000000	 6.829833
434	 9	 9	 0	 342.174730	 -1	 0.000000	 3.934630
435	 9	 9	 0	 432.276727	 -1	 0.000000	 4.989771
447	 9	 9	 0	 379.212687	 -1	 0.000000	 7.188403
450	 9	 9	 0	 407.448331	 -1	 0.000000	 5.672315
451	 9	 9	 0	 318.863592	 -1	 0.000000	 5.308743
452	 9	 9	 0	 431.936954	 -1	 0.000000	 7.127409
453	 9	 9	 0	 411.624699	 -1	 0.000000	 4.900923
462	 9	 9	 0	 376.267002	 -1	 0.000000	 7.580249
475	 9	 9	 0	 417.430788	 -1	 0.000000	 8.253877
476	 9	 9	 0	 337.590043	 -1	 0.000000	 7.975450
477	 9	 9	 0	 324.892185	 -1	 0.000000	 5.009677
478	 9	 9	 0	 327.332446	 -1	 0.000000	 2.597332
491	 9	 9	 0	 358.711781	 -1	 0.000000	 4.513751
498	 9	 9	 0	 429.616915	 -1	 0.000000	 6.133681
0	 9	 9	 0	 431.441449	 -1	 0.000000	 4.055384
1	 9	 9	 0	 419.480046	 -1	 0.000000	 4.959444
2	 9	 9	 0	 357.162570	 -1	 0.000000	 4.691864
3	 9	 9	 0	 382.434425	 -1	 0.000000	 6.143756
4	 9	 9	 0	 429.332178	 -1	 0.000000	 2.976143
5	 9	 9	 0	 444.953116	 -1	 0.000000	 7.690868
6	 9	 9	 0	 397.456032	 -1	 0.000000	 9.379442
7	 9	 9	 0	 308.253390	 -1	 0.000000	 3.979894
8	 9	 9	 0	 435.163914	 -1	 0.000000	 4.552728
9	 9	 9	 0	 375.132896	 -1	 0.000000	 6.610513
10	 9	 9	 0	 393.369325	 -1	 0.000000	 3.430148
11	 9	 9	 0	 324.517133	 -1	 0.000000	 6.671689
12	 9	 9	 0	 340.434337	 -1	 0.000000	 9.437336
13	 9	 9	 0	 422.961508	 -1	 0.000000	 3.510881
14	 9	 9	 0	 339.885576	 -1	 0.000000	 5.071674
15	 9	 9	 0	 401.866049	 -1	 0.000000	 2.590696
16	 9	 9	 0	 402.095382	 -1	 0.000000	 4.784436
17	 9	 9	 0	 415.786112	 -1	 0.000000	 4.793789
18	 9	 9	 0	 395.686981	 -1	 0.000000	 3.623106
19	 9	 9	 0	 436.002967	 -1	 0.000000	 5.224591
20	 9	 9	 0	 358.750332	 -1	 0.000000	 7.834369
21	 9	 9	 0	 419.762764	 -1	 0.000000	 9.463219
22	 9	 9	 0	 348.031104	 -1	 0.000000	 5.873627
23	 9	 9	 0	 415.236760	 -1	 0.000000	 15.788418
24	 9	 9	 0	 364.990269	 -1	 0.000000	 4.131514
25	 9	 9	 0	 416.013872	 -1	 0.000000	 3.263268
26	 9	 9	 0	 391.482425	 -1	 0.000000	 6.798934
27	 9	 9	 0	 340.663771	 -1	 0.000000	 11.929434
28	 9	 9	 0	 436.274916	 -1	 0.000000	 6.400150
29	 9	 9	 0	 310.383720	 -1	 0.000000	 6.195590
30	 9	 9	 0	 388.598604	 -1	 0.000000	 4.608960
>>> gr_fir_ccf: using E
>>> gr_fir_fff: using E
gr_buffer::allocate_buffer: warning: tried to allocate
   22 items of size 2928. Due to alignment requirements
   256 were allocated.  If this isn't OK, consider padding
   your structure to a power-of-two bytes.
   On this platform, our allocation granularity is 4096 bytes.
304	 9	 9	 0	 302.246719	 -1	 0.000000	 4.135261
305	 9	 9	 1	 245.838878	 -1	 0.000000	 5.671148
306	 9	 9	 0	 336.390624	 -1	 0.000000	 9.661206
307	 9	 9	 0	 421.380132	 -1	 0.000000	 7.977359
308	 9	 9	 0	 380.142318	 -1	 0.000000	 3.091104
309	 9	 9	 0	 403.761553	 -1	 0.000000	 4.641497
310	 9	 9	 0	 372.025656	 -1	 0.000000	 7.559708
311	 9	 9	 0	 417.010266	 -1	 0.000000	 3.575384
312	 9	 9	 0	 442.609041	 -1	 0.000000	 5.884590
313	 9	 9	 0	 353.190588	 -1	 0.000000	 5.862544
314	 9	 9	 0	 302.343588	 -1	 0.000000	 3.945857
315	 9	 9	 0	 368.987151	 -1	 0.000000	 4.248671
316	 9	 9	 0	 329.710567	 -1	 0.000000	 4.697585
317	 9	 9	 0	 423.871742	 -1	 0.000000	 3.508500
318	 9	 9	 0	 392.182648	 -1	 0.000000	 3.516336
319	 9	 9	 0	 393.319254	 -1	 0.000000	 9.711839
320	 9	 9	 0	 410.370925	 -1	 0.000000	 6.018588
321	 9	 9	 0	 318.046579	 -1	 0.000000	 6.771927
322	 9	 9	 0	 308.437982	 -1	 0.000000	 6.421068
323	 9	 9	 0	 352.483269	 -1	 0.000000	 4.481883
324	 9	 9	 0	 401.922317	 -1	 0.000000	 3.828972
325	 9	 9	 0	 328.534747	 -1	 0.000000	 4.877296
326	 9	 9	 0	 395.599084	 -1	 0.000000	 3.535188
327	 9	 9	 0	 269.036616	 -1	 0.000000	 13.061332
328	 9	 9	 0	 420.455831	 -1	 0.000000	 5.859438
329	 9	 9	 0	 424.269380	 -1	 0.000000	 5.986244
330	 9	 9	 0	 429.034659	 -1	 0.000000	 4.090049
331	 9	 9	 0	 375.854543	 -1	 0.000000	 5.251093
332	 9	 9	 0	 330.544601	 -1	 0.000000	 6.525231
333	 9	 9	 0	 340.925073	 -1	 0.000000	 7.926857
334	 9	 9	 0	 359.389207	 -1	 0.000000	 4.419334
335	 9	 9	 0	 378.365302	 -1	 0.000000	 5.831995
336	 9	 9	 0	 403.557265	 -1	 0.000000	 5.886682
337	 9	 9	 0	 404.790702	 -1	 0.000000	 13.292522
338	 9	 9	 0	 435.214169	 -1	 0.000000	 6.115224
339	 9	 9	 0	 341.359410	 -1	 0.000000	 6.471303
340	 9	 9	 0	 343.425107	 -1	 0.000000	 5.422799
341	 9	 9	 0	 393.701211	 -1	 0.000000	 6.003304
342	 9	 9	 0	 372.665399	 -1	 0.000000	 3.531098
343	 9	 9	 0	 370.747161	 -1	 0.000000	 5.436856
344	 9	 9	 0	 293.687744	 -1	 0.000000	 7.462997
345	 9	 9	 0	 422.034452	 -1	 0.000000	 5.604651
346	 9	 9	 0	 338.012011	 -1	 0.000000	 8.036762
347	 9	 9	 0	 382.143558	 -1	 0.000000	 7.212555
348	 9	 9	 0	 352.481794	 -1	 0.000000	 5.384088
349	 9	 9	 0	 345.601244	 -1	 0.000000	 9.006115
350	 9	 9	 0	 346.638039	 -1	 0.000000	 4.450761
351	 9	 9	 0	 417.333912	 -1	 0.000000	 4.110215
352	 9	 9	 0	 350.215535	 -1	 0.000000	 4.985131
353	 9	 9	 0	 400.817535	 -1	 0.000000	 3.628709
354	 9	 9	 0	 438.596754	 -1	 0.000000	 3.244796
355	 9	 9	 0	 355.384277	 -1	 0.000000	 3.995630
356	 9	 9	 0	 419.575930	 -1	 0.000000	 4.640481
357	 9	 9	 0	 360.196039	 -1	 0.000000	 7.811525
358	 9	 9	 0	 443.554594	 -1	 0.000000	 3.916899
359	 9	 9	 0	 372.189335	 -1	 0.000000	 6.556483
360	 9	 9	 0	 310.264005	 -1	 0.000000	 10.323829
361	 9	 9	 0	 440.191648	 -1	 0.000000	 3.865782
362	 9	 9	 0	 429.308823	 -1	 0.000000	 4.496918
363	 9	 9	 0	 326.627081	 -1	 0.000000	 12.107601
364	 9	 9	 0	 339.476434	 -1	 0.000000	 6.435231
365	 9	 9	 0	 375.336894	 -1	 0.000000	 6.939622
366	 9	 9	 0	 391.505052	 -1	 0.000000	 4.700909
367	 9	 9	 0	 311.340694	 -1	 0.000000	 9.687045
368	 9	 9	 0	 315.378533	 -1	 0.000000	 7.186694
369	 9	 9	 0	 432.335238	 -1	 0.000000	 4.184360
370	 9	 9	 0	 439.700645	 -1	 0.000000	 9.044085
371	 9	 9	 0	 443.447954	 -1	 0.000000	 6.335034
372	 9	 9	 0	 432.814933	 -1	 0.000000	 4.311183
373	 9	 9	 0	 322.580174	 -1	 0.000000	 3.552521
374	 9	 9	 0	 406.880612	 -1	 0.000000	 5.859537
375	 9	 9	 0	 426.425497	 -1	 0.000000	 2.948305
376	 9	 9	 0	 350.448545	 -1	 0.000000	 5.239173
377	 9	 9	 0	 431.685024	 -1	 0.000000	 8.085355
378	 9	 9	 0	 333.272302	 -1	 0.000000	 7.933735
379	 9	 9	 0	 410.753380	 -1	 0.000000	 6.466142
380	 9	 9	 0	 426.072240	 -1	 0.000000	 6.958362
381	 9	 9	 0	 389.787624	 -1	 0.000000	 3.352193
>>> gr_fir_ccf: using E
>>> gr_fir_fff: using E
gr_buffer::allocate_buffer: warning: tried to allocate
   22 items of size 2928. Due to alignment requirements
   256 were allocated.  If this isn't OK, consider padding
   your structure to a power-of-two bytes.
   On this platform, our allocation granularity is 4096 bytes.
>>> gr_fir_ccf: using E
>>> gr_fir_fff: using E
gr_buffer::allocate_buffer: warning: tried to allocate
   22 items of size 2928. Due to alignment requirements
   256 were allocated.  If this isn't OK, consider padding
   your structure to a power-of-two bytes.
   On this platform, our allocation granularity is 4096 bytes.
0	 10	 10	 0	 468.785478	 -1	 0.000000	 5.066612
1	 10	 10	 0	 480.039977	 -1	 0.000000	 5.380289
>>> gr_fir_ccf: using E
>>> gr_fir_fff: using E
gr_buffer::allocate_buffer: warning: tried to allocate
   22 items of size 2928. Due to alignment requirements
   256 were allocated.  If this isn't OK, consider padding
   your structure to a power-of-two bytes.
   On this platform, our allocation granularity is 4096 bytes.
>>> gr_fir_ccf: using E
>>> gr_fir_fff: using E
gr_buffer::allocate_buffer: warning: tried to allocate
   22 items of size 2928. Due to alignment requirements
   256 were allocated.  If this isn't OK, consider padding
   your structure to a power-of-two bytes.
   On this platform, our allocation granularity is 4096 bytes.