>>> gr_fir_ccf: using E
>>> gr_fir_fff: using E
terminate called after throwing an instance of 'std::invalid_argument'
  what():  gr_ofdm_demod: Incorrect subcarriers allocated
>>> gr_fir_ccf: using E
>>> gr_fir_fff: using E
gr_buffer::allocate_buffer: warning: tried to allocate
   22 items of size 2928. Due to alignment requirements
   256 were allocated.  If this isn't OK, consider padding
   your structure to a power-of-two bytes.
   On this platform, our allocation granularity is 4096 bytes.
279	 13	 13	 1	 0.004823	 -1	 0.000000	 12.278853
280	 13	 13	 1	 0.014294	 -1	 0.000000	 7.604828
281	 13	 13	 1	 0.000609	 -1	 0.000000	 6.252742
282	 13	 13	 1	 0.001551	 -1	 0.000000	 5.434959
283	 13	 13	 1	 0.003564	 -1	 0.000000	 10.579077
284	 13	 13	 1	 0.032756	 -1	 0.000000	 5.871537
285	 13	 13	 1	 0.010277	 -1	 0.000000	 5.898698
286	 13	 13	 1	 0.004434	 -1	 0.000000	 7.589138
287	 13	 13	 1	 0.039020	 -1	 0.000000	 5.107798
288	 13	 13	 1	 0.004682	 -1	 0.000000	 4.218570
289	 13	 13	 1	 0.043132	 -1	 0.000000	 6.570689
290	 13	 13	 1	 0.006094	 -1	 0.000000	 9.802838
291	 13	 13	 1	 0.006171	 -1	 0.000000	 6.474381
292	 13	 13	 1	 0.062698	 -1	 0.000000	 7.630361
293	 13	 13	 1	 0.003399	 -1	 0.000000	 10.386694
294	 13	 13	 1	 0.055631	 -1	 0.000000	 6.598610
295	 13	 13	 1	 116.335115	 -1	 0.000000	 8.056986
449	 13	 13	 1	 0.003853	 -1	 0.000000	 6.699232
450	 13	 13	 1	 0.016077	 -1	 0.000000	 10.980856
451	 13	 13	 1	 0.002985	 -1	 0.000000	 5.397705
452	 13	 13	 1	 0.000722	 -1	 0.000000	 6.506957
453	 13	 13	 1	 0.001912	 -1	 0.000000	 6.524275
454	 13	 13	 1	 0.004357	 -1	 0.000000	 11.378030
455	 13	 13	 1	 0.000197	 -1	 0.000000	 9.632028
456	 13	 13	 1	 0.000303	 -1	 0.000000	 4.937261
457	 13	 13	 1	 0.003905	 -1	 0.000000	 8.670085
458	 13	 13	 1	 0.003320	 -1	 0.000000	 4.253253
459	 13	 13	 1	 0.003129	 -1	 0.000000	 10.277528
460	 13	 13	 1	 0.002286	 -1	 0.000000	 5.641210
461	 13	 13	 1	 0.005529	 -1	 0.000000	 5.658748
462	 13	 13	 1	 0.005827	 -1	 0.000000	 8.781517
463	 13	 13	 1	 0.009382	 -1	 0.000000	 7.699287
464	 13	 13	 1	 0.003187	 -1	 0.000000	 7.292615
465	 13	 13	 1	 0.013339	 -1	 0.000000	 7.105271
466	 13	 13	 1	 0.005570	 -1	 0.000000	 11.228495
467	 13	 13	 1	 0.005000	 -1	 0.000000	 10.106261
468	 13	 13	 1	 0.016407	 -1	 0.000000	 6.062667
469	 13	 13	 1	 0.002870	 -1	 0.000000	 11.367070
470	 13	 13	 1	 0.000413	 -1	 0.000000	 5.014305
471	 13	 13	 1	 0.000727	 -1	 0.000000	 5.661390
472	 13	 13	 1	 0.004680	 -1	 0.000000	 11.667949
473	 13	 13	 1	 0.002053	 -1	 0.000000	 4.556963
474	 13	 13	 1	 0.007881	 -1	 0.000000	 5.790159
475	 13	 13	 1	 0.001543	 -1	 0.000000	 9.199329
476	 13	 13	 1	 0.015239	 -1	 0.000000	 6.740033
477	 13	 13	 1	 0.000949	 -1	 0.000000	 6.000110
478	 13	 13	 1	 0.002413	 -1	 0.000000	 8.125870
479	 13	 13	 1	 0.005857	 -1	 0.000000	 5.243081
480	 13	 13	 1	 0.005512	 -1	 0.000000	 5.566074
481	 13	 13	 1	 0.005004	 -1	 0.000000	 4.981730
482	 13	 13	 1	 0.003483	 -1	 0.000000	 4.857727
483	 13	 13	 1	 0.000268	 -1	 0.000000	 7.926880
484	 13	 13	 1	 0.000861	 -1	 0.000000	 9.260787
485	 13	 13	 1	 0.014368	 -1	 0.000000	 6.701097
486	 13	 13	 1	 0.002649	 -1	 0.000000	 5.748820
487	 13	 13	 1	 0.001102	 -1	 0.000000	 8.752313
488	 13	 13	 1	 0.000413	 -1	 0.000000	 6.614222
489	 13	 13	 1	 0.002319	 -1	 0.000000	 9.234399
490	 13	 13	 1	 0.001724	 -1	 0.000000	 5.996428
491	 13	 13	 1	 0.113085	 -1	 0.000000	 6.195055
492	 13	 13	 1	 0.003515	 -1	 0.000000	 7.075726
493	 13	 13	 1	 0.013460	 -1	 0.000000	 7.377838
494	 13	 13	 1	 0.010166	 -1	 0.000000	 6.525402
495	 13	 13	 1	 0.007176	 -1	 0.000000	 6.086692
496	 13	 13	 1	 0.001378	 -1	 0.000000	 5.267907
497	 13	 13	 1	 0.004621	 -1	 0.000000	 8.083198
498	 13	 13	 1	 0.009342	 -1	 0.000000	 6.626226
499	 13	 13	 1	 0.000964	 -1	 0.000000	 5.360470
0	 15	 15	 1	 0.195800	 -1	 0.000000	 10.429224
1	 15	 15	 1	 0.256747	 -1	 0.000000	 6.855415
>>> gr_fir_ccf: using E
>>> gr_fir_fff: using E
gr_buffer::allocate_buffer: warning: tried to allocate
   22 items of size 2928. Due to alignment requirements
   256 were allocated.  If this isn't OK, consider padding
   your structure to a power-of-two bytes.
   On this platform, our allocation granularity is 4096 bytes.
0	 15	 15	 1	 0.008174	 -1	 0.000000	 7.893868
1	 15	 15	 1	 0.017829	 -1	 0.000000	 7.437080
>>> gr_fir_ccf: using E
>>> gr_fir_fff: using E
terminate called after throwing an instance of 'std::invalid_argument'
  what():  gr_ofdm_demod: Incorrect subcarriers allocated
>>> gr_fir_ccf: using E
>>> gr_fir_fff: using E
terminate called after throwing an instance of 'std::invalid_argument'
  what():  gr_ofdm_demod: Incorrect subcarriers allocated
>>> gr_fir_ccf: using E
>>> gr_fir_fff: using E
gr_buffer::allocate_buffer: warning: tried to allocate
   22 items of size 2928. Due to alignment requirements
   256 were allocated.  If this isn't OK, consider padding
   your structure to a power-of-two bytes.
   On this platform, our allocation granularity is 4096 bytes.
308	 5	 5	 1	 11.709593	 -1	 0.000000	 5.343762
309	 5	 5	 1	 0.694771	 -1	 0.000000	 5.936840
310	 5	 5	 1	 3.946108	 -1	 0.000000	 10.873342
311	 5	 5	 1	 1.712529	 -1	 0.000000	 3.639156
312	 5	 5	 1	 1.319237	 -1	 0.000000	 8.436779
313	 5	 5	 1	 1.669453	 -1	 0.000000	 6.008370
314	 5	 5	 1	 3.285223	 -1	 0.000000	 4.947392
315	 5	 5	 1	 4.876321	 -1	 0.000000	 9.583619
316	 5	 5	 1	 1.188416	 -1	 0.000000	 9.909332
317	 5	 5	 1	 1.612360	 -1	 0.000000	 5.238671
318	 5	 5	 1	 3.541322	 -1	 0.000000	 6.693166
319	 5	 5	 1	 1.704063	 -1	 0.000000	 4.696788
320	 5	 5	 1	 1.402299	 -1	 0.000000	 6.483529
321	 5	 5	 1	 2.934522	 -1	 0.000000	 8.125301
322	 5	 5	 1	 2.611723	 -1	 0.000000	 5.692495
323	 5	 5	 1	 2.339873	 -1	 0.000000	 6.220191
324	 5	 5	 1	 10.976784	 -1	 0.000000	 5.431284
325	 5	 5	 1	 0.651271	 -1	 0.000000	 15.234717
326	 5	 5	 1	 4.755679	 -1	 0.000000	 5.531826
327	 5	 5	 1	 2.169576	 -1	 0.000000	 10.702303
328	 5	 5	 1	 6.033077	 -1	 0.000000	 3.902794
329	 5	 5	 1	 3.317389	 -1	 0.000000	 5.079947
330	 5	 5	 1	 10.767259	 -1	 0.000000	 6.440039
331	 5	 5	 1	 0.982011	 -1	 0.000000	 8.564900
332	 5	 5	 1	 0.717223	 -1	 0.000000	 9.877650
333	 5	 5	 1	 1.686425	 -1	 0.000000	 9.947611
334	 5	 5	 1	 2.904525	 -1	 0.000000	 9.111403
335	 5	 5	 1	 1.925096	 -1	 0.000000	 4.321839
336	 5	 5	 1	 1.015127	 -1	 0.000000	 6.646061
337	 5	 5	 1	 2.666142	 -1	 0.000000	 11.444795
338	 5	 5	 1	 9.741466	 -1	 0.000000	 5.095373
339	 5	 5	 1	 1.104983	 -1	 0.000000	 6.926129
340	 5	 5	 1	 5.235203	 -1	 0.000000	 9.813441
341	 5	 5	 1	 1.263027	 -1	 0.000000	 6.757760
342	 5	 5	 1	 0.322846	 -1	 0.000000	 8.695662
343	 5	 5	 1	 2.301801	 -1	 0.000000	 6.868351
344	 5	 5	 1	 0.594198	 -1	 0.000000	 6.748119
345	 5	 5	 1	 1.100601	 -1	 0.000000	 8.056414
346	 5	 5	 1	 0.896068	 -1	 0.000000	 10.892073
347	 5	 5	 1	 2.647913	 -1	 0.000000	 7.798436
348	 5	 5	 1	 1.813638	 -1	 0.000000	 10.016328
349	 5	 5	 1	 3.017018	 -1	 0.000000	 8.495754
350	 5	 5	 1	 2.058236	 -1	 0.000000	 4.760407
351	 5	 5	 1	 3.277200	 -1	 0.000000	 8.550484
352	 5	 5	 1	 4.692282	 -1	 0.000000	 7.593994
353	 5	 5	 1	 9.949902	 -1	 0.000000	 4.783211
354	 5	 5	 1	 2.101754	 -1	 0.000000	 8.201703
355	 5	 5	 1	 1.833108	 -1	 0.000000	 5.434572
356	 5	 5	 1	 4.289665	 -1	 0.000000	 5.814476
357	 5	 5	 1	 5.684511	 -1	 0.000000	 7.176377
358	 5	 5	 1	 3.850537	 -1	 0.000000	 10.089892
359	 5	 5	 1	 9.429991	 -1	 0.000000	 4.501348
360	 5	 5	 1	 2.244092	 -1	 0.000000	 6.213609
361	 5	 5	 1	 3.329131	 -1	 0.000000	 5.398275
362	 5	 5	 1	 2.989335	 -1	 0.000000	 6.297562
363	 5	 5	 1	 1.703924	 -1	 0.000000	 6.945123
364	 5	 5	 1	 5.386834	 -1	 0.000000	 8.656539
365	 5	 5	 1	 0.625819	 -1	 0.000000	 9.525464
366	 5	 5	 1	 15.021031	 -1	 0.000000	 4.789091
367	 5	 5	 1	 0.371485	 -1	 0.000000	 11.150191
368	 5	 5	 1	 3.920985	 -1	 0.000000	 8.687762
369	 5	 5	 1	 1.882363	 -1	 0.000000	 5.554137
370	 5	 5	 1	 8.070943	 -1	 0.000000	 7.168252
371	 5	 5	 1	 2.047662	 -1	 0.000000	 16.889608
372	 5	 5	 1	 2.376043	 -1	 0.000000	 7.438942
373	 5	 5	 1	 1.693085	 -1	 0.000000	 8.225031
374	 5	 5	 1	 10.794974	 -1	 0.000000	 5.701117
375	 5	 5	 1	 1.308986	 -1	 0.000000	 12.875451
376	 5	 5	 1	 4.091773	 -1	 0.000000	 7.940385
377	 5	 5	 1	 0.344523	 -1	 0.000000	 7.228638
378	 5	 5	 1	 5.296086	 -1	 0.000000	 6.115469
379	 5	 5	 1	 10.937248	 -1	 0.000000	 6.353190
380	 5	 5	 1	 13.084778	 -1	 0.000000	 7.588871
381	 5	 5	 1	 3.900501	 -1	 0.000000	 4.329490
382	 5	 5	 1	 9.033789	 -1	 0.000000	 3.911044
383	 5	 5	 1	 2.981756	 -1	 0.000000	 6.458293
384	 5	 5	 1	 1.541055	 -1	 0.000000	 4.571360
385	 5	 5	 1	 8.961298	 -1	 0.000000	 4.279324
386	 5	 5	 1	 2.466692	 -1	 0.000000	 4.145292
387	 5	 5	 1	 6.584478	 -1	 0.000000	 5.849748
388	 5	 5	 1	 1.713898	 -1	 0.000000	 8.097806
389	 5	 5	 1	 0.226312	 -1	 0.000000	 7.427530
390	 5	 5	 1	 2.881760	 -1	 0.000000	 7.382513
391	 5	 5	 1	 9.897084	 -1	 0.000000	 6.947101
392	 5	 5	 1	 0.595631	 -1	 0.000000	 5.069058
393	 5	 5	 1	 3.298829	 -1	 0.000000	 5.624724
394	 5	 5	 1	 2.073806	 -1	 0.000000	 10.001462
395	 5	 5	 1	 2.906974	 -1	 0.000000	 5.642809
>>> gr_fir_ccf: using E
>>> gr_fir_fff: using E
terminate called after throwing an instance of 'std::invalid_argument'
  what():  gr_ofdm_demod: Incorrect subcarriers allocated
>>> gr_fir_ccf: using E
>>> gr_fir_fff: using E
gr_buffer::allocate_buffer: warning: tried to allocate
   22 items of size 2928. Due to alignment requirements
   256 were allocated.  If this isn't OK, consider padding
   your structure to a power-of-two bytes.
   On this platform, our allocation granularity is 4096 bytes.
313	 7	 7	 1	 4.238780	 -1	 0.000000	 5.850395
314	 7	 7	 1	 5.231978	 -1	 0.000000	 7.911899
315	 7	 7	 1	 12.808926	 -1	 0.000000	 9.228133
316	 7	 7	 1	 11.727803	 -1	 0.000000	 15.668075
317	 7	 7	 1	 5.455376	 -1	 0.000000	 7.390607
318	 7	 7	 1	 5.440260	 -1	 0.000000	 6.286191
319	 7	 7	 1	 5.755547	 -1	 0.000000	 4.736374
320	 7	 7	 1	 18.261837	 -1	 0.000000	 6.163726
321	 7	 7	 1	 10.606961	 -1	 0.000000	 5.556197
322	 7	 7	 1	 11.298636	 -1	 0.000000	 7.051962
323	 7	 7	 1	 12.537888	 -1	 0.000000	 5.471853
324	 7	 7	 1	 0.619234	 -1	 0.000000	 6.039202
325	 7	 7	 1	 4.662903	 -1	 0.000000	 5.340364
326	 7	 7	 1	 24.650387	 -1	 0.000000	 3.995964
327	 7	 7	 1	 1.847303	 -1	 0.000000	 4.440740
328	 7	 7	 1	 19.600198	 -1	 0.000000	 4.392859
329	 7	 7	 1	 2.079657	 -1	 0.000000	 6.758764
330	 7	 7	 1	 11.398604	 -1	 0.000000	 6.309443
331	 7	 7	 1	 3.531794	 -1	 0.000000	 5.077328
332	 7	 7	 1	 10.025410	 -1	 0.000000	 6.205663
333	 7	 7	 1	 15.700935	 -1	 0.000000	 7.263955
334	 7	 7	 1	 16.034985	 -1	 0.000000	 7.900605
335	 7	 7	 1	 10.001169	 -1	 0.000000	 5.531179
336	 7	 7	 1	 11.545893	 -1	 0.000000	 6.054409
337	 7	 7	 1	 5.604553	 -1	 0.000000	 6.552354
338	 7	 7	 1	 13.378531	 -1	 0.000000	 10.181574
339	 7	 7	 1	 6.740679	 -1	 0.000000	 5.514371
340	 7	 7	 1	 9.501884	 -1	 0.000000	 4.666113
341	 7	 7	 1	 9.724257	 -1	 0.000000	 9.542681
342	 7	 7	 1	 5.392978	 -1	 0.000000	 10.035796
343	 7	 7	 1	 5.617758	 -1	 0.000000	 6.081535
344	 7	 7	 1	 10.944853	 -1	 0.000000	 8.686176
345	 7	 7	 1	 10.818048	 -1	 0.000000	 5.910079
346	 7	 7	 1	 9.139315	 -1	 0.000000	 4.699620
347	 7	 7	 1	 10.754248	 -1	 0.000000	 6.753612
348	 7	 7	 1	 10.646022	 -1	 0.000000	 5.953209
349	 7	 7	 1	 8.722078	 -1	 0.000000	 5.280756
350	 7	 7	 1	 46.809727	 -1	 0.000000	 5.051468
351	 7	 7	 1	 7.663480	 -1	 0.000000	 6.512273
352	 7	 7	 1	 6.792871	 -1	 0.000000	 8.302396
353	 7	 7	 1	 15.680805	 -1	 0.000000	 5.304631
354	 7	 7	 1	 18.933614	 -1	 0.000000	 5.722865
355	 7	 7	 1	 14.373327	 -1	 0.000000	 5.326272
356	 7	 7	 1	 11.074676	 -1	 0.000000	 5.192505
357	 7	 7	 1	 0.893301	 -1	 0.000000	 8.450479
358	 7	 7	 1	 79.067748	 -1	 0.000000	 9.500988
359	 7	 7	 1	 4.378343	 -1	 0.000000	 5.575559
360	 7	 7	 1	 10.881582	 -1	 0.000000	 7.137482
361	 7	 7	 1	 8.048309	 -1	 0.000000	 4.964471
362	 7	 7	 1	 9.763026	 -1	 0.000000	 5.481149
363	 7	 7	 1	 16.694111	 -1	 0.000000	 5.255073
364	 7	 7	 1	 1.957450	 -1	 0.000000	 9.964993
365	 7	 7	 1	 12.844452	 -1	 0.000000	 4.319426
366	 7	 7	 1	 6.151472	 -1	 0.000000	 4.941075
367	 7	 7	 1	 11.240406	 -1	 0.000000	 5.905221
368	 7	 7	 1	 17.273053	 -1	 0.000000	 4.375074
369	 7	 7	 1	 5.690475	 -1	 0.000000	 8.222852
370	 7	 7	 1	 12.817385	 -1	 0.000000	 5.667970
371	 7	 7	 1	 12.318929	 -1	 0.000000	 5.326887
372	 7	 7	 1	 9.850092	 -1	 0.000000	 8.168935
373	 7	 7	 1	 5.383988	 -1	 0.000000	 4.584467
374	 7	 7	 1	 22.810392	 -1	 0.000000	 4.434893
375	 7	 7	 1	 10.938131	 -1	 0.000000	 7.232273
376	 7	 7	 1	 7.972897	 -1	 0.000000	 7.023610
377	 7	 7	 1	 13.896276	 -1	 0.000000	 7.147250
378	 7	 7	 1	 7.773776	 -1	 0.000000	 7.551426
379	 7	 7	 1	 3.463870	 -1	 0.000000	 11.133698
380	 7	 7	 1	 18.348962	 -1	 0.000000	 5.332573
381	 7	 7	 1	 25.571653	 -1	 0.000000	 3.502967
382	 7	 7	 1	 9.787791	 -1	 0.000000	 6.788899
383	 7	 7	 1	 6.195844	 -1	 0.000000	 6.760656
384	 7	 7	 1	 6.429286	 -1	 0.000000	 6.157375
385	 7	 7	 1	 2.898112	 -1	 0.000000	 6.610020
386	 7	 7	 1	 9.132521	 -1	 0.000000	 8.180172
387	 7	 7	 1	 9.216354	 -1	 0.000000	 9.625366
388	 7	 7	 1	 15.857273	 -1	 0.000000	 8.025757
389	 7	 7	 1	 13.357969	 -1	 0.000000	 3.841076
390	 7	 7	 1	 21.224879	 -1	 0.000000	 7.806080
391	 7	 7	 1	 11.451208	 -1	 0.000000	 6.204690
392	 7	 7	 1	 10.327076	 -1	 0.000000	 6.627476
393	 7	 7	 1	 24.284248	 -1	 0.000000	 4.952759
394	 7	 7	 1	 9.540772	 -1	 0.000000	 4.231895
395	 7	 7	 1	 11.318872	 -1	 0.000000	 3.986113
396	 7	 7	 1	 10.411932	 -1	 0.000000	 5.046832
397	 7	 7	 1	 10.177588	 -1	 0.000000	 4.327785
398	 7	 7	 1	 17.780770	 -1	 0.000000	 5.515919
399	 7	 7	 1	 12.631642	 -1	 0.000000	 8.442833
400	 7	 7	 1	 21.438762	 -1	 0.000000	 6.920264
401	 7	 7	 1	 15.386605	 -1	 0.000000	 5.123880
402	 7	 7	 1	 9.325942	 -1	 0.000000	 3.324028
403	 7	 7	 1	 12.216721	 -1	 0.000000	 6.451695
404	 7	 7	 1	 21.705657	 -1	 0.000000	 5.196357
405	 7	 7	 1	 9.394767	 -1	 0.000000	 7.608764
406	 7	 7	 1	 10.394997	 -1	 0.000000	 8.182809
407	 7	 7	 1	 12.357561	 -1	 0.000000	 4.407110
408	 7	 7	 1	 10.559228	 -1	 0.000000	 5.058791
409	 7	 7	 1	 5.443179	 -1	 0.000000	 12.808542
410	 7	 7	 1	 10.406733	 -1	 0.000000	 6.330638
411	 7	 7	 1	 4.996821	 -1	 0.000000	 9.058467
412	 7	 7	 1	 5.656639	 -1	 0.000000	 5.960851
413	 7	 7	 1	 22.473337	 -1	 0.000000	 6.696041
414	 7	 7	 1	 15.782455	 -1	 0.000000	 5.577952
415	 7	 7	 1	 12.693491	 -1	 0.000000	 7.794196
416	 7	 7	 1	 17.277644	 -1	 0.000000	 6.240455
417	 7	 7	 1	 6.595849	 -1	 0.000000	 7.207761
418	 7	 7	 1	 5.933891	 -1	 0.000000	 9.923784
419	 7	 7	 1	 7.652961	 -1	 0.000000	 6.272939
420	 7	 7	 1	 14.461734	 -1	 0.000000	 7.470902
421	 7	 7	 1	 11.435580	 -1	 0.000000	 6.179390
422	 7	 7	 1	 6.534470	 -1	 0.000000	 8.031389
423	 7	 7	 1	 10.434931	 -1	 0.000000	 10.880263
424	 7	 7	 1	 8.268398	 -1	 0.000000	 6.138874
425	 7	 7	 1	 10.829728	 -1	 0.000000	 6.209576
426	 7	 7	 1	 7.002893	 -1	 0.000000	 7.989113
427	 7	 7	 1	 8.863867	 -1	 0.000000	 7.088567
428	 7	 7	 1	 9.842896	 -1	 0.000000	 8.397532
429	 7	 7	 1	 18.761943	 -1	 0.000000	 8.358612
430	 7	 7	 1	 30.869859	 -1	 0.000000	 4.668874
431	 7	 7	 1	 7.009014	 -1	 0.000000	 6.107074
432	 7	 7	 1	 9.136214	 -1	 0.000000	 5.860818
433	 7	 7	 1	 17.676248	 -1	 0.000000	 10.150224
434	 7	 7	 1	 14.813821	 -1	 0.000000	 6.406214
435	 7	 7	 1	 4.522154	 -1	 0.000000	 4.633195
436	 7	 7	 1	 33.500747	 -1	 0.000000	 6.014153
437	 7	 7	 1	 12.777589	 -1	 0.000000	 5.979000
438	 7	 7	 1	 6.441555	 -1	 0.000000	 8.485273
439	 7	 7	 1	 8.174456	 -1	 0.000000	 6.430123
440	 7	 7	 1	 16.820291	 -1	 0.000000	 10.993664
441	 7	 7	 1	 8.049584	 -1	 0.000000	 5.637952
>>> gr_fir_ccf: using E
>>> gr_fir_fff: using E
gr_buffer::allocate_buffer: warning: tried to allocate
   22 items of size 2928. Due to alignment requirements
   256 were allocated.  If this isn't OK, consider padding
   your structure to a power-of-two bytes.
   On this platform, our allocation granularity is 4096 bytes.
0	 9	 9	 0	 357.242357	 -1	 0.000000	 5.749945
1	 9	 9	 0	 261.804534	 -1	 0.000000	 10.448774
2	 9	 9	 0	 371.416196	 -1	 0.000000	 6.816563
3	 9	 9	 0	 401.460640	 -1	 0.000000	 6.153412
4	 9	 9	 0	 271.271944	 -1	 0.000000	 7.666558
5	 9	 9	 0	 278.930824	 -1	 0.000000	 8.597279
6	 9	 9	 0	 298.812216	 -1	 0.000000	 6.456162
7	 9	 9	 0	 303.364713	 -1	 0.000000	 8.752175
8	 9	 9	 0	 362.308167	 -1	 0.000000	 7.380495
9	 9	 9	 0	 300.069744	 -1	 0.000000	 7.333810
10	 9	 9	 0	 350.449745	 -1	 0.000000	 8.579548
11	 9	 9	 0	 401.171152	 -1	 0.000000	 3.810519
12	 9	 9	 0	 286.480771	 -1	 0.000000	 6.497884
13	 9	 9	 1	 291.727594	 -1	 0.000000	 11.769493
14	 9	 9	 0	 292.040020	 -1	 0.000000	 5.389762
15	 9	 9	 0	 353.637021	 -1	 0.000000	 8.593050
16	 9	 9	 0	 290.809096	 -1	 0.000000	 8.320640
17	 9	 9	 0	 304.532792	 -1	 0.000000	 8.392857
18	 9	 9	 0	 326.581221	 -1	 0.000000	 5.181981
19	 9	 9	 0	 333.486368	 -1	 0.000000	 14.293399
20	 9	 9	 0	 372.235002	 -1	 0.000000	 11.400278
21	 9	 9	 1	 253.227960	 -1	 0.000000	 21.208323
22	 9	 9	 0	 355.701688	 -1	 0.000000	 6.577182
23	 9	 9	 0	 284.210716	 -1	 0.000000	 5.193805
24	 9	 9	 0	 369.388915	 -1	 0.000000	 7.488891
25	 9	 9	 0	 326.063661	 -1	 0.000000	 9.889152
26	 9	 9	 0	 306.147360	 -1	 0.000000	 6.501876
27	 9	 9	 0	 257.328734	 -1	 0.000000	 7.386525
28	 9	 9	 0	 329.619280	 -1	 0.000000	 9.226718
29	 9	 9	 0	 252.860625	 -1	 0.000000	 6.385101
>>> gr_fir_ccf: using E
>>> gr_fir_fff: using E
gr_buffer::allocate_buffer: warning: tried to allocate
   22 items of size 2928. Due to alignment requirements
   256 were allocated.  If this isn't OK, consider padding
   your structure to a power-of-two bytes.
   On this platform, our allocation granularity is 4096 bytes.
383	 9	 9	 0	 375.601709	 -1	 0.000000	 7.359710
384	 9	 9	 0	 365.532988	 -1	 0.000000	 5.738463
385	 9	 9	 0	 355.176632	 -1	 0.000000	 15.308258
386	 9	 9	 0	 311.409826	 -1	 0.000000	 4.776776
387	 9	 9	 0	 382.716653	 -1	 0.000000	 5.824708
388	 9	 9	 0	 397.882624	 -1	 0.000000	 7.283365
389	 9	 9	 0	 352.802443	 -1	 0.000000	 7.562593
390	 9	 9	 0	 302.177654	 -1	 0.000000	 4.304377
391	 9	 9	 0	 357.593827	 -1	 0.000000	 5.745650
392	 9	 9	 0	 403.913655	 -1	 0.000000	 5.436706
393	 9	 9	 0	 339.220991	 -1	 0.000000	 7.082018
394	 9	 9	 0	 362.007668	 -1	 0.000000	 10.687035
395	 9	 9	 0	 303.945853	 -1	 0.000000	 5.417778
396	 9	 9	 0	 340.641410	 -1	 0.000000	 9.681436
397	 9	 9	 0	 382.419961	 -1	 0.000000	 7.816840
398	 9	 9	 0	 402.625260	 -1	 0.000000	 4.975669
399	 9	 9	 0	 295.016746	 -1	 0.000000	 7.546888
400	 9	 9	 0	 388.871364	 -1	 0.000000	 6.143622
401	 9	 9	 0	 365.897741	 -1	 0.000000	 6.839689
402	 9	 9	 0	 300.759374	 -1	 0.000000	 7.726927
403	 9	 9	 0	 393.309035	 -1	 0.000000	 11.463200
404	 9	 9	 0	 377.477508	 -1	 0.000000	 6.187276
405	 9	 9	 0	 346.357510	 -1	 0.000000	 4.541599
406	 9	 9	 0	 341.399348	 -1	 0.000000	 5.925718
407	 9	 9	 0	 341.326961	 -1	 0.000000	 5.322073
408	 9	 9	 0	 346.067570	 -1	 0.000000	 4.740889
409	 9	 9	 0	 400.787074	 -1	 0.000000	 7.620184
410	 9	 9	 0	 413.376686	 -1	 0.000000	 5.858590
411	 9	 9	 0	 339.166598	 -1	 0.000000	 6.843937
412	 9	 9	 0	 323.372391	 -1	 0.000000	 9.627067
413	 9	 9	 0	 367.173025	 -1	 0.000000	 4.000247
414	 9	 9	 0	 391.359448	 -1	 0.000000	 5.576086
415	 9	 9	 0	 398.158584	 -1	 0.000000	 5.152592
416	 9	 9	 0	 423.976693	 -1	 0.000000	 3.513283
417	 9	 9	 0	 287.100737	 -1	 0.000000	 7.772927
418	 9	 9	 0	 302.248881	 -1	 0.000000	 5.701632
419	 9	 9	 0	 370.928329	 -1	 0.000000	 7.156349
420	 9	 9	 0	 307.744384	 -1	 0.000000	 11.146194
421	 9	 9	 0	 394.676025	 -1	 0.000000	 8.451967
422	 9	 9	 0	 389.386329	 -1	 0.000000	 6.825612
423	 9	 9	 0	 301.518660	 -1	 0.000000	 13.535068
424	 9	 9	 0	 268.207694	 -1	 0.000000	 8.450171
425	 9	 9	 0	 319.602125	 -1	 0.000000	 5.973399
426	 9	 9	 0	 378.129430	 -1	 0.000000	 8.151662
427	 9	 9	 0	 325.240737	 -1	 0.000000	 11.604149
428	 9	 9	 0	 369.672633	 -1	 0.000000	 5.058867
429	 9	 9	 0	 370.932483	 -1	 0.000000	 7.804016
430	 9	 9	 0	 320.305644	 -1	 0.000000	 4.335522
431	 9	 9	 0	 278.582890	 -1	 0.000000	 4.357126
432	 9	 9	 0	 377.173451	 -1	 0.000000	 4.631540
433	 9	 9	 0	 270.850221	 -1	 0.000000	 12.162457
434	 9	 9	 0	 282.716103	 -1	 0.000000	 10.073896
435	 9	 9	 0	 359.077361	 -1	 0.000000	 7.206890
436	 9	 9	 0	 307.507978	 -1	 0.000000	 5.251723
437	 9	 9	 0	 261.198676	 -1	 0.000000	 6.816146
438	 9	 9	 0	 264.621645	 -1	 0.000000	 5.121297
439	 9	 9	 0	 354.135977	 -1	 0.000000	 6.291698
440	 9	 9	 0	 278.046694	 -1	 0.000000	 6.146909
441	 9	 9	 0	 359.524103	 -1	 0.000000	 5.074291
442	 9	 9	 0	 322.309967	 -1	 0.000000	 11.349253
443	 9	 9	 0	 427.528382	 -1	 0.000000	 5.987243
444	 9	 9	 0	 293.546959	 -1	 0.000000	 8.244911
445	 9	 9	 0	 335.797921	 -1	 0.000000	 12.080509
446	 9	 9	 0	 304.597947	 -1	 0.000000	 4.547954
447	 9	 9	 0	 300.829145	 -1	 0.000000	 10.589411
448	 9	 9	 0	 369.943704	 -1	 0.000000	 4.476901
449	 9	 9	 0	 342.848485	 -1	 0.000000	 5.582780
450	 9	 9	 0	 318.666730	 -1	 0.000000	 8.578104
451	 9	 9	 0	 373.019738	 -1	 0.000000	 5.382699
452	 9	 9	 0	 374.531286	 -1	 0.000000	 5.274937
453	 9	 9	 0	 296.035152	 -1	 0.000000	 6.009727
454	 9	 9	 0	 395.538326	 -1	 0.000000	 3.740623
455	 9	 9	 1	 301.122013	 -1	 0.000000	 6.919502
456	 9	 9	 0	 378.634368	 -1	 0.000000	 5.768309
457	 9	 9	 0	 393.831742	 -1	 0.000000	 5.958137
458	 9	 9	 0	 334.645092	 -1	 0.000000	 5.581944
459	 9	 9	 0	 369.304936	 -1	 0.000000	 7.034183
460	 9	 9	 0	 332.657439	 -1	 0.000000	 6.273989
461	 9	 9	 0	 284.676976	 -1	 0.000000	 6.821310
462	 9	 9	 0	 356.765535	 -1	 0.000000	 15.520534
463	 9	 9	 0	 313.391525	 -1	 0.000000	 7.387888
464	 9	 9	 0	 376.527537	 -1	 0.000000	 7.028196
465	 9	 9	 0	 353.273153	 -1	 0.000000	 5.506094
466	 9	 9	 0	 377.955594	 -1	 0.000000	 5.824604
467	 9	 9	 0	 307.353550	 -1	 0.000000	 5.541956
468	 9	 9	 0	 280.109667	 -1	 0.000000	 8.219554
469	 9	 9	 0	 300.755610	 -1	 0.000000	 8.236147
470	 9	 9	 0	 356.246621	 -1	 0.000000	 7.754743
471	 9	 9	 0	 427.250907	 -1	 0.000000	 5.697820
472	 9	 9	 0	 328.851069	 -1	 0.000000	 5.251682
473	 9	 9	 0	 329.378856	 -1	 0.000000	 7.359075
474	 9	 9	 0	 329.393059	 -1	 0.000000	 3.241185
475	 9	 9	 0	 366.848986	 -1	 0.000000	 9.883187
476	 9	 9	 0	 428.061309	 -1	 0.000000	 4.336970
477	 9	 9	 0	 334.780630	 -1	 0.000000	 7.750644
478	 9	 9	 0	 380.078764	 -1	 0.000000	 5.130170
479	 9	 9	 0	 348.460161	 -1	 0.000000	 8.582412
480	 9	 9	 0	 327.118971	 -1	 0.000000	 14.544558
481	 9	 9	 0	 380.723010	 -1	 0.000000	 10.562253
482	 9	 9	 0	 384.511184	 -1	 0.000000	 9.003372
483	 9	 9	 0	 405.096916	 -1	 0.000000	 6.031183
484	 9	 9	 0	 296.342184	 -1	 0.000000	 6.875724
485	 9	 9	 0	 347.500997	 -1	 0.000000	 5.961366
486	 9	 9	 0	 334.300181	 -1	 0.000000	 13.640411
487	 9	 9	 0	 269.792612	 -1	 0.000000	 9.915177
488	 9	 9	 0	 299.367284	 -1	 0.000000	 13.672477
489	 9	 9	 0	 277.755856	 -1	 0.000000	 6.934119
490	 9	 9	 0	 373.385558	 -1	 0.000000	 8.988189
491	 9	 9	 0	 294.391142	 -1	 0.000000	 7.785800
492	 9	 9	 0	 324.775047	 -1	 0.000000	 5.274001
493	 9	 9	 0	 326.687279	 -1	 0.000000	 10.017644
494	 9	 9	 0	 333.152292	 -1	 0.000000	 4.026254
495	 9	 9	 0	 284.023994	 -1	 0.000000	 5.325392
496	 9	 9	 0	 303.314556	 -1	 0.000000	 8.847594
497	 9	 9	 0	 398.174961	 -1	 0.000000	 6.131098
498	 9	 9	 0	 275.549525	 -1	 0.000000	 6.249385
499	 9	 9	 0	 345.223364	 -1	 0.000000	 7.539113
0	 11	 11	 0	 467.287855	 -1	 0.000000	 4.555461
5	 11	 11	 0	 428.254771	 -1	 0.000000	 6.943805
19	 11	 11	 0	 412.054878	 -1	 0.000000	 11.917982
26	 11	 11	 0	 444.312291	 -1	 0.000000	 12.325920
35	 11	 11	 0	 434.956331	 -1	 0.000000	 7.123095
51	 11	 11	 0	 407.693162	 -1	 0.000000	 5.890493
70	 11	 11	 0	 447.544346	 -1	 0.000000	 6.442358
84	 11	 11	 0	 388.904388	 -1	 0.000000	 7.153808
89	 11	 11	 0	 458.669287	 -1	 0.000000	 3.528217
103	 11	 11	 0	 398.245284	 -1	 0.000000	 11.301116
108	 11	 11	 0	 403.188025	 -1	 0.000000	 7.459455
109	 11	 11	 0	 443.978656	 -1	 0.000000	 6.098998
110	 11	 11	 0	 392.092158	 -1	 0.000000	 10.864050
111	 11	 11	 0	 445.315813	 -1	 0.000000	 11.345066
112	 11	 11	 0	 414.140165	 -1	 0.000000	 9.048506
113	 11	 11	 0	 421.203473	 -1	 0.000000	 4.755728
114	 11	 11	 0	 436.328239	 -1	 0.000000	 6.552414
115	 11	 11	 0	 411.137245	 -1	 0.000000	 8.206513
116	 11	 11	 0	 394.810423	 -1	 0.000000	 6.258408
117	 11	 11	 0	 416.916150	 -1	 0.000000	 11.530318
118	 11	 11	 0	 403.417717	 -1	 0.000000	 6.646632
>>> gr_fir_ccf: using E
>>> gr_fir_fff: using E
gr_buffer::allocate_buffer: warning: tried to allocate
   22 items of size 2928. Due to alignment requirements
   256 were allocated.  If this isn't OK, consider padding
   your structure to a power-of-two bytes.
   On this platform, our allocation granularity is 4096 bytes.
364	 11	 11	 0	 410.734386	 -1	 0.000000	 8.549557
365	 11	 11	 0	 405.731266	 -1	 0.000000	 8.532598
366	 11	 11	 0	 420.297807	 -1	 0.000000	 6.660399
367	 11	 11	 0	 440.594440	 -1	 0.000000	 7.526360
368	 11	 11	 0	 419.715580	 -1	 0.000000	 5.091603
369	 11	 11	 0	 410.338995	 -1	 0.000000	 17.050047
370	 11	 11	 0	 428.317030	 -1	 0.000000	 4.294821
371	 11	 11	 0	 418.622710	 -1	 0.000000	 8.372483
372	 11	 11	 0	 434.078628	 -1	 0.000000	 4.304284
373	 11	 11	 0	 394.150630	 -1	 0.000000	 7.400997
374	 11	 11	 0	 445.547925	 -1	 0.000000	 5.868302
375	 11	 11	 0	 418.918121	 -1	 0.000000	 5.314369
376	 11	 11	 0	 388.978345	 -1	 0.000000	 5.428057
377	 11	 11	 0	 390.615551	 -1	 0.000000	 8.526461
378	 11	 11	 0	 404.080957	 -1	 0.000000	 5.941088
379	 11	 11	 0	 419.491646	 -1	 0.000000	 7.452412
380	 11	 11	 0	 390.867206	 -1	 0.000000	 16.324617
381	 11	 11	 0	 430.377700	 -1	 0.000000	 5.541492
382	 11	 11	 0	 438.357706	 -1	 0.000000	 4.498364
383	 11	 11	 0	 461.497597	 -1	 0.000000	 7.951105
384	 11	 11	 0	 441.056673	 -1	 0.000000	 7.372765
385	 11	 11	 0	 447.051743	 -1	 0.000000	 6.150736
386	 11	 11	 0	 403.535325	 -1	 0.000000	 7.195949
387	 11	 11	 0	 442.403113	 -1	 0.000000	 4.706311
388	 11	 11	 0	 435.988076	 -1	 0.000000	 5.129859
389	 11	 11	 0	 453.870145	 -1	 0.000000	 6.948916
390	 11	 11	 0	 413.780116	 -1	 0.000000	 6.673360
391	 11	 11	 0	 442.355332	 -1	 0.000000	 4.847649
392	 11	 11	 0	 355.694118	 -1	 0.000000	 5.602387
393	 11	 11	 0	 403.603499	 -1	 0.000000	 9.339032
394	 11	 11	 0	 452.839566	 -1	 0.000000	 5.118731
395	 11	 11	 0	 408.093244	 -1	 0.000000	 9.225433
396	 11	 11	 0	 408.331170	 -1	 0.000000	 7.250304
397	 11	 11	 0	 401.065429	 -1	 0.000000	 9.675558
398	 11	 11	 0	 437.276639	 -1	 0.000000	 4.811099
399	 11	 11	 0	 395.003932	 -1	 0.000000	 7.949827
400	 11	 11	 0	 370.267062	 -1	 0.000000	 5.826723
401	 11	 11	 0	 408.273589	 -1	 0.000000	 7.257996
402	 11	 11	 0	 391.281285	 -1	 0.000000	 5.017403
403	 11	 11	 0	 447.781963	 -1	 0.000000	 5.619571
404	 11	 11	 0	 437.808789	 -1	 0.000000	 5.616952
405	 11	 11	 0	 447.653426	 -1	 0.000000	 7.199372
406	 11	 11	 0	 406.781952	 -1	 0.000000	 6.023682
407	 11	 11	 0	 440.956543	 -1	 0.000000	 4.410165
408	 11	 11	 0	 430.314235	 -1	 0.000000	 14.282833
409	 11	 11	 0	 405.293103	 -1	 0.000000	 5.251259
410	 11	 11	 0	 436.910396	 -1	 0.000000	 5.650741
411	 11	 11	 0	 431.047401	 -1	 0.000000	 6.246922
412	 11	 11	 0	 418.338779	 -1	 0.000000	 5.122354
413	 11	 11	 0	 368.396683	 -1	 0.000000	 6.451207
414	 11	 11	 0	 431.262155	 -1	 0.000000	 5.000186
415	 11	 11	 0	 404.202320	 -1	 0.000000	 19.583969
416	 11	 11	 0	 384.345812	 -1	 0.000000	 9.199071
417	 11	 11	 0	 426.306349	 -1	 0.000000	 7.581122
418	 11	 11	 0	 430.811270	 -1	 0.000000	 4.847375
419	 11	 11	 0	 437.662415	 -1	 0.000000	 5.153716
420	 11	 11	 0	 421.028674	 -1	 0.000000	 6.389464
421	 11	 11	 0	 447.827385	 -1	 0.000000	 10.902159
422	 11	 11	 0	 438.339658	 -1	 0.000000	 6.015516
423	 11	 11	 0	 423.167812	 -1	 0.000000	 6.483687
424	 11	 11	 0	 427.720228	 -1	 0.000000	 12.008018
425	 11	 11	 0	 450.680514	 -1	 0.000000	 10.177257
426	 11	 11	 0	 379.625767	 -1	 0.000000	 5.498338
427	 11	 11	 0	 419.801654	 -1	 0.000000	 5.872558
428	 11	 11	 0	 425.581257	 -1	 0.000000	 7.473643
429	 11	 11	 0	 400.240592	 -1	 0.000000	 13.627744
430	 11	 11	 0	 434.990630	 -1	 0.000000	 5.038840
431	 11	 11	 0	 426.481349	 -1	 0.000000	 10.032577
432	 11	 11	 0	 427.128634	 -1	 0.000000	 12.500363
433	 11	 11	 0	 445.989075	 -1	 0.000000	 4.704369
434	 11	 11	 0	 428.431689	 -1	 0.000000	 6.476378
435	 11	 11	 0	 458.597865	 -1	 0.000000	 4.726498
436	 11	 11	 0	 392.669552	 -1	 0.000000	 8.598145
437	 11	 11	 0	 427.469821	 -1	 0.000000	 5.391152
438	 11	 11	 0	 448.204460	 -1	 0.000000	 7.544955
439	 11	 11	 0	 447.119094	 -1	 0.000000	 11.021781
440	 11	 11	 0	 441.936852	 -1	 0.000000	 7.179735
441	 11	 11	 0	 436.211572	 -1	 0.000000	 6.643311
442	 11	 11	 0	 448.265799	 -1	 0.000000	 6.212492
443	 11	 11	 0	 410.061498	 -1	 0.000000	 4.221861
444	 11	 11	 0	 430.533055	 -1	 0.000000	 5.495554
445	 11	 11	 0	 440.125777	 -1	 0.000000	 8.244346
446	 11	 11	 0	 387.635139	 -1	 0.000000	 5.333914
447	 11	 11	 0	 420.552046	 -1	 0.000000	 5.432491
448	 11	 11	 0	 423.984070	 -1	 0.000000	 6.660469
449	 11	 11	 0	 406.876780	 -1	 0.000000	 15.592326
450	 11	 11	 0	 425.742426	 -1	 0.000000	 8.320761
451	 11	 11	 0	 382.249400	 -1	 0.000000	 9.597711
452	 11	 11	 0	 400.109927	 -1	 0.000000	 4.341573
453	 11	 11	 0	 408.805713	 -1	 0.000000	 5.633649
454	 11	 11	 0	 420.838804	 -1	 0.000000	 7.312951
455	 11	 11	 0	 398.899216	 -1	 0.000000	 7.510803
456	 11	 11	 0	 445.718130	 -1	 0.000000	 7.398888
457	 11	 11	 0	 429.481098	 -1	 0.000000	 8.508718
458	 11	 11	 0	 395.854996	 -1	 0.000000	 8.628487
459	 11	 11	 0	 408.656093	 -1	 0.000000	 12.465410
460	 11	 11	 0	 414.266949	 -1	 0.000000	 5.919386
461	 11	 11	 0	 464.806692	 -1	 0.000000	 4.673283
462	 11	 11	 0	 419.768617	 -1	 0.000000	 6.630659
463	 11	 11	 0	 413.020041	 -1	 0.000000	 16.521324
464	 11	 11	 0	 435.995381	 -1	 0.000000	 9.049022
465	 11	 11	 0	 443.500297	 -1	 0.000000	 8.620161
466	 11	 11	 0	 410.537244	 -1	 0.000000	 10.370237
467	 11	 11	 0	 444.976040	 -1	 0.000000	 6.054746
468	 11	 11	 0	 406.417622	 -1	 0.000000	 5.580274
469	 11	 11	 0	 441.790255	 -1	 0.000000	 5.028349
470	 11	 11	 0	 434.300873	 -1	 0.000000	 6.699718
471	 11	 11	 0	 420.929170	 -1	 0.000000	 9.665446
472	 11	 11	 0	 420.787368	 -1	 0.000000	 6.455570
473	 11	 11	 0	 408.783456	 -1	 0.000000	 6.848209
474	 11	 11	 0	 445.276725	 -1	 0.000000	 5.978392
475	 11	 11	 0	 441.569007	 -1	 0.000000	 7.523479
476	 11	 11	 0	 439.275606	 -1	 0.000000	 6.797773
477	 11	 11	 0	 438.751805	 -1	 0.000000	 4.238536
478	 11	 11	 0	 407.214620	 -1	 0.000000	 8.901657
479	 11	 11	 0	 416.194093	 -1	 0.000000	 7.802821
480	 11	 11	 0	 437.627293	 -1	 0.000000	 4.774455
481	 11	 11	 0	 443.209506	 -1	 0.000000	 10.847220
482	 11	 11	 0	 426.420332	 -1	 0.000000	 5.776908
483	 11	 11	 0	 444.001951	 -1	 0.000000	 4.685233
484	 11	 11	 0	 450.084212	 -1	 0.000000	 5.770478
485	 11	 11	 0	 431.564811	 -1	 0.000000	 6.538757
486	 11	 11	 0	 431.099234	 -1	 0.000000	 5.090482
487	 11	 11	 0	 432.987765	 -1	 0.000000	 5.775702
488	 11	 11	 0	 434.290026	 -1	 0.000000	 4.490346
489	 11	 11	 0	 445.090318	 -1	 0.000000	 14.777405
490	 11	 11	 0	 424.003030	 -1	 0.000000	 7.398566
491	 11	 11	 0	 411.139995	 -1	 0.000000	 7.706126
492	 11	 11	 0	 425.910056	 -1	 0.000000	 4.765286
493	 11	 11	 0	 415.792051	 -1	 0.000000	 6.779179
494	 11	 11	 0	 343.805373	 -1	 0.000000	 6.162968
495	 11	 11	 0	 391.905145	 -1	 0.000000	 10.184921
>>> gr_fir_ccf: using E
>>> gr_fir_fff: using E
gr_buffer::allocate_buffer: warning: tried to allocate
   22 items of size 2928. Due to alignment requirements
   256 were allocated.  If this isn't OK, consider padding
   your structure to a power-of-two bytes.
   On this platform, our allocation granularity is 4096 bytes.
0	 10	 10	 0	 474.990821	 -1	 0.000000	 7.053541
1	 10	 10	 0	 469.908929	 -1	 0.000000	 7.227504
>>> gr_fir_ccf: using E
>>> gr_fir_fff: using E
gr_buffer::allocate_buffer: warning: tried to allocate
   22 items of size 2928. Due to alignment requirements
   256 were allocated.  If this isn't OK, consider padding
   your structure to a power-of-two bytes.
   On this platform, our allocation granularity is 4096 bytes.
>>> gr_fir_ccf: using E
>>> gr_fir_fff: using E
gr_buffer::allocate_buffer: warning: tried to allocate
   22 items of size 2928. Due to alignment requirements
   256 were allocated.  If this isn't OK, consider padding
   your structure to a power-of-two bytes.
   On this platform, our allocation granularity is 4096 bytes.
