>>> gr_fir_ccf: using E
>>> gr_fir_fff: using E
gr_buffer::allocate_buffer: warning: tried to allocate
   22 items of size 2928. Due to alignment requirements
   256 were allocated.  If this isn't OK, consider padding
   your structure to a power-of-two bytes.
   On this platform, our allocation granularity is 4096 bytes.
0	 13	 13	 1	 0.001621	 -1	 0.000000	 7.092323
1	 13	 13	 1	 0.000376	 -1	 0.000000	 6.115986
2	 13	 13	 1	 0.001973	 -1	 0.000000	 11.056363
3	 13	 13	 1	 0.000976	 -1	 0.000000	 8.901375
4	 13	 13	 1	 0.004168	 -1	 0.000000	 8.355559
5	 13	 13	 1	 0.027454	 -1	 0.000000	 5.796613
6	 13	 13	 1	 0.003474	 -1	 0.000000	 7.239774
7	 13	 13	 1	 0.003038	 -1	 0.000000	 7.050701
8	 13	 13	 1	 0.000434	 -1	 0.000000	 8.914427
9	 13	 13	 1	 0.004238	 -1	 0.000000	 5.894744
10	 13	 13	 1	 0.006902	 -1	 0.000000	 11.786964
11	 13	 13	 1	 0.003158	 -1	 0.000000	 4.991961
12	 13	 13	 1	 0.008171	 -1	 0.000000	 4.535598
13	 13	 13	 1	 0.003939	 -1	 0.000000	 8.291666
14	 13	 13	 1	 0.003367	 -1	 0.000000	 6.234076
15	 13	 13	 1	 0.002800	 -1	 0.000000	 10.247430
16	 13	 13	 1	 0.043854	 -1	 0.000000	 8.122847
17	 13	 13	 1	 0.001637	 -1	 0.000000	 7.505243
18	 13	 13	 1	 0.006711	 -1	 0.000000	 12.024000
19	 13	 13	 1	 0.002222	 -1	 0.000000	 5.702595
20	 13	 13	 1	 0.002761	 -1	 0.000000	 8.726667
21	 13	 13	 1	 0.006934	 -1	 0.000000	 4.213935
22	 13	 13	 1	 0.003325	 -1	 0.000000	 4.395118
23	 13	 13	 1	 0.001606	 -1	 0.000000	 6.588352
24	 13	 13	 1	 0.001875	 -1	 0.000000	 5.287730
25	 13	 13	 1	 0.011270	 -1	 0.000000	 3.995618
26	 13	 13	 1	 0.002606	 -1	 0.000000	 10.170266
27	 13	 13	 1	 0.001749	 -1	 0.000000	 4.554698
28	 13	 13	 1	 0.001790	 -1	 0.000000	 5.758782
29	 13	 13	 1	 0.015216	 -1	 0.000000	 5.459605
30	 13	 13	 1	 0.006822	 -1	 0.000000	 6.001886
31	 13	 13	 1	 0.001921	 -1	 0.000000	 3.892683
32	 13	 13	 1	 0.004042	 -1	 0.000000	 6.930430
33	 13	 13	 1	 0.000904	 -1	 0.000000	 5.192327
34	 13	 13	 1	 0.000696	 -1	 0.000000	 6.521252
35	 13	 13	 1	 0.009133	 -1	 0.000000	 8.787857
36	 13	 13	 1	 0.039575	 -1	 0.000000	 4.668036
37	 13	 13	 1	 0.001195	 -1	 0.000000	 5.020414
38	 13	 13	 1	 0.000989	 -1	 0.000000	 4.970777
39	 13	 13	 1	 0.003714	 -1	 0.000000	 7.784324
40	 13	 13	 1	 0.002357	 -1	 0.000000	 8.093347
41	 13	 13	 1	 0.030205	 -1	 0.000000	 5.454097
42	 13	 13	 1	 0.009006	 -1	 0.000000	 5.900530
43	 13	 13	 1	 0.000586	 -1	 0.000000	 7.399783
44	 13	 13	 1	 0.004677	 -1	 0.000000	 3.231031
45	 13	 13	 1	 0.014320	 -1	 0.000000	 7.217130
46	 13	 13	 1	 0.002289	 -1	 0.000000	 6.521497
47	 13	 13	 1	 0.131374	 -1	 0.000000	 6.019900
48	 13	 13	 1	 0.020810	 -1	 0.000000	 14.188628
49	 13	 13	 1	 0.002130	 -1	 0.000000	 6.408892
50	 13	 13	 1	 0.019043	 -1	 0.000000	 4.571056
51	 13	 13	 1	 0.003160	 -1	 0.000000	 8.562096
52	 13	 13	 1	 0.000375	 -1	 0.000000	 5.690573
53	 13	 13	 1	 0.018513	 -1	 0.000000	 4.174318
>>> gr_fir_ccf: using E
>>> gr_fir_fff: using E
gr_buffer::allocate_buffer: warning: tried to allocate
   22 items of size 2928. Due to alignment requirements
   256 were allocated.  If this isn't OK, consider padding
   your structure to a power-of-two bytes.
   On this platform, our allocation granularity is 4096 bytes.
294	 13	 13	 1	 0.009678	 -1	 0.000000	 5.481593
295	 13	 13	 1	 0.023689	 -1	 0.000000	 4.422762
296	 13	 13	 1	 0.000679	 -1	 0.000000	 7.731812
297	 13	 13	 1	 0.001154	 -1	 0.000000	 4.883787
298	 13	 13	 1	 0.000379	 -1	 0.000000	 4.995001
299	 13	 13	 1	 0.017547	 -1	 0.000000	 6.086747
300	 13	 13	 1	 0.001036	 -1	 0.000000	 3.520240
301	 13	 13	 1	 0.000587	 -1	 0.000000	 5.229305
302	 13	 13	 1	 0.001200	 -1	 0.000000	 6.378859
303	 13	 13	 1	 0.003326	 -1	 0.000000	 8.222422
304	 13	 13	 1	 0.000875	 -1	 0.000000	 6.547664
305	 13	 13	 1	 0.001251	 -1	 0.000000	 7.899129
306	 13	 13	 1	 0.001367	 -1	 0.000000	 5.850919
307	 13	 13	 1	 0.001333	 -1	 0.000000	 4.091009
308	 13	 13	 1	 0.019007	 -1	 0.000000	 8.810712
309	 13	 13	 1	 0.005953	 -1	 0.000000	 5.494617
310	 13	 13	 1	 0.009301	 -1	 0.000000	 5.423379
311	 13	 13	 1	 0.001809	 -1	 0.000000	 6.351852
312	 13	 13	 1	 0.005564	 -1	 0.000000	 5.405976
313	 13	 13	 1	 0.027808	 -1	 0.000000	 10.290159
314	 13	 13	 1	 0.001738	 -1	 0.000000	 11.922347
315	 13	 13	 1	 0.012258	 -1	 0.000000	 7.091757
316	 13	 13	 1	 0.002736	 -1	 0.000000	 7.473049
317	 13	 13	 1	 0.008618	 -1	 0.000000	 6.296778
318	 13	 13	 1	 0.002113	 -1	 0.000000	 5.502477
319	 13	 13	 1	 0.004761	 -1	 0.000000	 6.294592
320	 13	 13	 1	 0.004692	 -1	 0.000000	 9.276613
321	 13	 13	 1	 0.000900	 -1	 0.000000	 6.009948
322	 13	 13	 1	 0.001580	 -1	 0.000000	 9.357335
323	 13	 13	 1	 0.002219	 -1	 0.000000	 5.615904
324	 13	 13	 1	 0.001172	 -1	 0.000000	 6.279006
325	 13	 13	 1	 0.000679	 -1	 0.000000	 3.149370
326	 13	 13	 1	 0.003076	 -1	 0.000000	 5.438301
327	 13	 13	 1	 0.018151	 -1	 0.000000	 7.419897
328	 13	 13	 1	 0.075422	 -1	 0.000000	 6.168863
329	 13	 13	 1	 0.001765	 -1	 0.000000	 9.333846
330	 13	 13	 1	 0.006343	 -1	 0.000000	 4.412905
331	 13	 13	 1	 0.001043	 -1	 0.000000	 8.520896
332	 13	 13	 1	 0.015401	 -1	 0.000000	 5.332646
333	 13	 13	 1	 0.010187	 -1	 0.000000	 6.774231
334	 13	 13	 1	 0.002697	 -1	 0.000000	 8.241113
335	 13	 13	 1	 0.001255	 -1	 0.000000	 5.222509
336	 13	 13	 1	 0.000972	 -1	 0.000000	 9.384459
337	 13	 13	 1	 0.000591	 -1	 0.000000	 4.154198
338	 13	 13	 1	 0.002552	 -1	 0.000000	 3.059312
339	 13	 13	 1	 0.009039	 -1	 0.000000	 5.458891
340	 13	 13	 1	 0.000651	 -1	 0.000000	 3.734277
341	 13	 13	 1	 0.002012	 -1	 0.000000	 3.991148
342	 13	 13	 1	 0.000892	 -1	 0.000000	 5.646221
343	 13	 13	 1	 0.004779	 -1	 0.000000	 10.047065
344	 13	 13	 1	 0.006926	 -1	 0.000000	 6.458430
345	 13	 13	 1	 0.003946	 -1	 0.000000	 5.046650
346	 13	 13	 1	 0.011626	 -1	 0.000000	 3.939008
347	 13	 13	 1	 0.000493	 -1	 0.000000	 9.833475
348	 13	 13	 1	 0.001791	 -1	 0.000000	 7.030974
349	 13	 13	 1	 0.000790	 -1	 0.000000	 5.359442
350	 13	 13	 1	 0.000676	 -1	 0.000000	 6.637323
351	 13	 13	 1	 0.007493	 -1	 0.000000	 6.444013
352	 13	 13	 1	 0.002137	 -1	 0.000000	 4.240213
353	 13	 13	 1	 0.022001	 -1	 0.000000	 5.545146
354	 13	 13	 1	 0.044616	 -1	 0.000000	 4.853954
355	 13	 13	 1	 0.001832	 -1	 0.000000	 4.155067
356	 13	 13	 1	 0.001475	 -1	 0.000000	 5.038870
357	 13	 13	 1	 0.001018	 -1	 0.000000	 8.129610
358	 13	 13	 1	 0.007964	 -1	 0.000000	 5.373095
359	 13	 13	 1	 0.024448	 -1	 0.000000	 5.556558
360	 13	 13	 1	 0.002551	 -1	 0.000000	 4.750249
361	 13	 13	 1	 0.018977	 -1	 0.000000	 4.587122
362	 13	 13	 1	 0.017244	 -1	 0.000000	 6.715210
363	 13	 13	 1	 0.001363	 -1	 0.000000	 4.059050
364	 13	 13	 1	 0.005103	 -1	 0.000000	 5.233976
365	 13	 13	 1	 0.001283	 -1	 0.000000	 7.089458
366	 13	 13	 1	 0.002315	 -1	 0.000000	 6.981712
367	 13	 13	 1	 0.001787	 -1	 0.000000	 5.119026
368	 13	 13	 1	 0.019741	 -1	 0.000000	 6.356725
369	 13	 13	 1	 0.008723	 -1	 0.000000	 6.804075
370	 13	 13	 1	 0.005124	 -1	 0.000000	 5.282241
371	 13	 13	 1	 0.014344	 -1	 0.000000	 4.336010
372	 13	 13	 1	 0.005381	 -1	 0.000000	 4.484322
373	 13	 13	 1	 0.007576	 -1	 0.000000	 5.883373
374	 13	 13	 1	 0.001186	 -1	 0.000000	 4.359001
375	 13	 13	 1	 0.006428	 -1	 0.000000	 4.896280
376	 13	 13	 1	 0.003441	 -1	 0.000000	 3.746586
377	 13	 13	 1	 0.001387	 -1	 0.000000	 7.556460
378	 13	 13	 1	 0.002500	 -1	 0.000000	 10.436223
379	 13	 13	 1	 0.004995	 -1	 0.000000	 8.565430
380	 13	 13	 1	 0.004706	 -1	 0.000000	 3.799561
381	 13	 13	 1	 0.011161	 -1	 0.000000	 5.430915
382	 13	 13	 1	 0.003922	 -1	 0.000000	 4.444714
383	 13	 13	 1	 0.002821	 -1	 0.000000	 6.380152
384	 13	 13	 1	 0.048063	 -1	 0.000000	 3.513350
385	 13	 13	 1	 0.014166	 -1	 0.000000	 5.197017
386	 13	 13	 1	 0.022409	 -1	 0.000000	 5.291853
387	 13	 13	 1	 0.001809	 -1	 0.000000	 5.195978
388	 13	 13	 1	 0.002461	 -1	 0.000000	 7.228424
389	 13	 13	 1	 0.001919	 -1	 0.000000	 6.363667
390	 13	 13	 1	 0.011399	 -1	 0.000000	 9.872972
391	 13	 13	 1	 0.067173	 -1	 0.000000	 5.162539
392	 13	 13	 1	 0.025135	 -1	 0.000000	 10.972959
393	 13	 13	 1	 0.072480	 -1	 0.000000	 5.162680
394	 13	 13	 1	 0.001724	 -1	 0.000000	 7.137597
395	 13	 13	 1	 0.001969	 -1	 0.000000	 6.105226
396	 13	 13	 1	 0.033657	 -1	 0.000000	 3.720595
397	 13	 13	 1	 0.000733	 -1	 0.000000	 8.524209
398	 13	 13	 1	 0.006144	 -1	 0.000000	 4.390661
399	 13	 13	 1	 0.006973	 -1	 0.000000	 10.521076
400	 13	 13	 1	 0.001858	 -1	 0.000000	 9.534828
401	 13	 13	 1	 0.005437	 -1	 0.000000	 5.996812
402	 13	 13	 1	 0.000545	 -1	 0.000000	 4.653113
403	 13	 13	 1	 0.000430	 -1	 0.000000	 6.432411
404	 13	 13	 1	 0.005386	 -1	 0.000000	 5.103410
405	 13	 13	 1	 0.000274	 -1	 0.000000	 6.992597
406	 13	 13	 1	 0.000466	 -1	 0.000000	 3.603026
407	 13	 13	 1	 0.000730	 -1	 0.000000	 6.329684
408	 13	 13	 1	 0.098093	 -1	 0.000000	 9.620350
409	 13	 13	 1	 0.005526	 -1	 0.000000	 3.603489
410	 13	 13	 1	 0.009016	 -1	 0.000000	 9.185430
411	 13	 13	 1	 0.009904	 -1	 0.000000	 2.944300
412	 13	 13	 1	 0.000609	 -1	 0.000000	 7.171631
413	 13	 13	 1	 0.004108	 -1	 0.000000	 5.113005
414	 13	 13	 1	 0.001085	 -1	 0.000000	 7.277493
415	 13	 13	 1	 0.006730	 -1	 0.000000	 7.505177
416	 13	 13	 1	 0.001438	 -1	 0.000000	 6.747463
417	 13	 13	 1	 0.005656	 -1	 0.000000	 6.850627
418	 13	 13	 1	 0.005313	 -1	 0.000000	 5.020576
419	 13	 13	 1	 0.005688	 -1	 0.000000	 6.838301
420	 13	 13	 1	 0.031524	 -1	 0.000000	 6.257824
421	 13	 13	 1	 0.004556	 -1	 0.000000	 10.027881
422	 13	 13	 1	 0.032506	 -1	 0.000000	 4.793121
423	 13	 13	 1	 0.004483	 -1	 0.000000	 7.489534
424	 13	 13	 1	 0.002059	 -1	 0.000000	 5.657156
425	 13	 13	 1	 0.001468	 -1	 0.000000	 8.682990
426	 13	 13	 1	 0.015012	 -1	 0.000000	 3.884771
427	 13	 13	 1	 0.002131	 -1	 0.000000	 7.303778
428	 13	 13	 1	 0.018419	 -1	 0.000000	 4.964908
429	 13	 13	 1	 0.044963	 -1	 0.000000	 7.328205
430	 13	 13	 1	 0.000812	 -1	 0.000000	 9.757975
431	 13	 13	 1	 0.001003	 -1	 0.000000	 4.231580
432	 13	 13	 1	 0.009096	 -1	 0.000000	 4.644201
433	 13	 13	 1	 0.000911	 -1	 0.000000	 5.637488
434	 13	 13	 1	 0.000260	 -1	 0.000000	 4.765007
435	 13	 13	 1	 0.001869	 -1	 0.000000	 3.721357
436	 13	 13	 1	 0.003386	 -1	 0.000000	 7.202860
437	 13	 13	 1	 0.003766	 -1	 0.000000	 8.312656
438	 13	 13	 1	 0.000812	 -1	 0.000000	 7.033823
439	 13	 13	 1	 0.001045	 -1	 0.000000	 6.288130
440	 13	 13	 1	 0.009082	 -1	 0.000000	 5.885538
441	 13	 13	 1	 0.033613	 -1	 0.000000	 4.513444
442	 13	 13	 1	 0.000915	 -1	 0.000000	 11.916360
443	 13	 13	 1	 0.000569	 -1	 0.000000	 10.139293
444	 13	 13	 1	 0.000798	 -1	 0.000000	 4.430051
445	 13	 13	 1	 0.004038	 -1	 0.000000	 5.264297
>>> gr_fir_ccf: using E
>>> gr_fir_fff: using E
gr_buffer::allocate_buffer: warning: tried to allocate
   22 items of size 2928. Due to alignment requirements
   256 were allocated.  If this isn't OK, consider padding
   your structure to a power-of-two bytes.
   On this platform, our allocation granularity is 4096 bytes.
>>> gr_fir_ccf: using E
>>> gr_fir_fff: using E
gr_buffer::allocate_buffer: warning: tried to allocate
   22 items of size 2928. Due to alignment requirements
   256 were allocated.  If this isn't OK, consider padding
   your structure to a power-of-two bytes.
   On this platform, our allocation granularity is 4096 bytes.
0	 5	 5	 1	 0.205659	 -1	 0.000000	 4.745984
1	 5	 5	 1	 2.208023	 -1	 0.000000	 4.168892
2	 5	 5	 1	 0.372160	 -1	 0.000000	 8.047722
3	 5	 5	 1	 7.705667	 -1	 0.000000	 4.738266
4	 5	 5	 1	 4.467886	 -1	 0.000000	 12.118455
26	 5	 5	 1	 5.644466	 -1	 0.000000	 9.002095
27	 5	 5	 1	 4.530823	 -1	 0.000000	 6.902150
28	 5	 5	 1	 2.477917	 -1	 0.000000	 4.737280
29	 5	 5	 1	 6.738522	 -1	 0.000000	 8.861762
30	 5	 5	 1	 5.538007	 -1	 0.000000	 4.327831
31	 5	 5	 1	 4.679592	 -1	 0.000000	 5.807613
32	 5	 5	 1	 4.481080	 -1	 0.000000	 4.486509
33	 5	 5	 1	 7.032165	 -1	 0.000000	 5.404463
34	 5	 5	 1	 6.097134	 -1	 0.000000	 4.702068
35	 5	 5	 1	 15.770883	 -1	 0.000000	 4.405282
36	 5	 5	 1	 7.022194	 -1	 0.000000	 4.235237
37	 5	 5	 1	 4.450468	 -1	 0.000000	 5.537803
38	 5	 5	 1	 5.550250	 -1	 0.000000	 3.622049
39	 5	 5	 1	 3.668448	 -1	 0.000000	 8.094445
183	 5	 5	 1	 3.639639	 -1	 0.000000	 6.896191
186	 5	 5	 1	 1.577479	 -1	 0.000000	 6.966003
187	 5	 5	 1	 7.793546	 -1	 0.000000	 3.934915
188	 5	 5	 1	 6.337762	 -1	 0.000000	 4.839045
189	 5	 5	 1	 13.675531	 -1	 0.000000	 5.096557
190	 5	 5	 1	 7.756861	 -1	 0.000000	 9.659448
191	 5	 5	 1	 0.808625	 -1	 0.000000	 6.042279
192	 5	 5	 1	 5.320470	 -1	 0.000000	 11.262227
193	 5	 5	 1	 6.720568	 -1	 0.000000	 7.654470
194	 5	 5	 1	 1.783624	 -1	 0.000000	 5.496829
195	 5	 5	 1	 11.841975	 -1	 0.000000	 5.089185
>>> gr_fir_ccf: using E
>>> gr_fir_fff: using E
terminate called after throwing an instance of 'std::invalid_argument'
  what():  gr_ofdm_demod: Incorrect subcarriers allocated
>>> gr_fir_ccf: using E
>>> gr_fir_fff: using E
gr_buffer::allocate_buffer: warning: tried to allocate
   22 items of size 2928. Due to alignment requirements
   256 were allocated.  If this isn't OK, consider padding
   your structure to a power-of-two bytes.
   On this platform, our allocation granularity is 4096 bytes.
336	 5	 5	 1	 2.926964	 -1	 0.000000	 6.690024
337	 5	 5	 1	 0.847853	 -1	 0.000000	 8.854226
338	 5	 5	 1	 0.504243	 -1	 0.000000	 5.171450
339	 5	 5	 1	 3.395930	 -1	 0.000000	 5.988951
340	 5	 5	 1	 3.227144	 -1	 0.000000	 6.861967
341	 5	 5	 1	 1.249031	 -1	 0.000000	 6.957141
342	 5	 5	 1	 2.701655	 -1	 0.000000	 5.353455
343	 5	 5	 1	 4.081095	 -1	 0.000000	 5.725057
344	 5	 5	 1	 12.438107	 -1	 0.000000	 6.348980
345	 5	 5	 1	 0.521525	 -1	 0.000000	 5.844230
346	 5	 5	 1	 7.753406	 -1	 0.000000	 6.405093
347	 5	 5	 1	 1.282268	 -1	 0.000000	 6.282920
348	 5	 5	 1	 0.238063	 -1	 0.000000	 5.953974
349	 5	 5	 1	 7.278949	 -1	 0.000000	 4.829151
350	 5	 5	 1	 7.027569	 -1	 0.000000	 6.932940
351	 5	 5	 1	 5.963071	 -1	 0.000000	 5.342884
352	 5	 5	 1	 0.134920	 -1	 0.000000	 6.292986
353	 5	 5	 1	 6.146467	 -1	 0.000000	 2.924947
354	 5	 5	 1	 6.428240	 -1	 0.000000	 5.168041
355	 5	 5	 1	 2.403576	 -1	 0.000000	 6.895227
356	 5	 5	 1	 1.199867	 -1	 0.000000	 3.207840
357	 5	 5	 1	 3.526373	 -1	 0.000000	 11.365294
358	 5	 5	 1	 1.800051	 -1	 0.000000	 5.335145
359	 5	 5	 1	 0.567151	 -1	 0.000000	 6.601295
360	 5	 5	 1	 0.231038	 -1	 0.000000	 11.006290
361	 5	 5	 1	 13.732767	 -1	 0.000000	 7.050605
362	 5	 5	 1	 1.270674	 -1	 0.000000	 8.219914
363	 5	 5	 1	 3.711240	 -1	 0.000000	 5.515895
364	 5	 5	 1	 4.490767	 -1	 0.000000	 10.616570
365	 5	 5	 1	 5.706381	 -1	 0.000000	 4.180446
366	 5	 5	 1	 2.932522	 -1	 0.000000	 6.162032
367	 5	 5	 1	 6.465488	 -1	 0.000000	 9.335543
368	 5	 5	 1	 5.052464	 -1	 0.000000	 7.010657
369	 5	 5	 1	 6.144019	 -1	 0.000000	 11.852566
370	 5	 5	 1	 11.651035	 -1	 0.000000	 10.505994
371	 5	 5	 1	 4.495438	 -1	 0.000000	 4.712183
372	 5	 5	 1	 4.917916	 -1	 0.000000	 4.355678
373	 5	 5	 1	 1.778509	 -1	 0.000000	 8.192093
374	 5	 5	 1	 2.543037	 -1	 0.000000	 6.224302
375	 5	 5	 1	 3.350747	 -1	 0.000000	 4.939567
376	 5	 5	 1	 8.757360	 -1	 0.000000	 5.424611
377	 5	 5	 1	 10.044600	 -1	 0.000000	 6.303910
378	 5	 5	 1	 5.084413	 -1	 0.000000	 4.117733
379	 5	 5	 1	 3.923599	 -1	 0.000000	 7.159453
380	 5	 5	 1	 7.639219	 -1	 0.000000	 5.147822
381	 5	 5	 1	 6.121134	 -1	 0.000000	 9.081483
382	 5	 5	 1	 7.508433	 -1	 0.000000	 6.873223
383	 5	 5	 1	 4.803296	 -1	 0.000000	 5.238368
384	 5	 5	 1	 4.960662	 -1	 0.000000	 4.158888
385	 5	 5	 1	 10.734091	 -1	 0.000000	 5.323966
386	 5	 5	 1	 2.096060	 -1	 0.000000	 3.276219
387	 5	 5	 1	 8.398997	 -1	 0.000000	 5.504089
388	 5	 5	 1	 5.572494	 -1	 0.000000	 8.211511
389	 5	 5	 1	 2.964365	 -1	 0.000000	 6.201605
390	 5	 5	 1	 2.298239	 -1	 0.000000	 4.099184
391	 5	 5	 1	 6.475786	 -1	 0.000000	 7.067059
392	 5	 5	 1	 7.040962	 -1	 0.000000	 5.642246
393	 5	 5	 1	 14.975984	 -1	 0.000000	 4.868546
394	 5	 5	 1	 1.345708	 -1	 0.000000	 4.978116
395	 5	 5	 1	 0.688534	 -1	 0.000000	 7.567864
396	 5	 5	 1	 2.257102	 -1	 0.000000	 4.769935
397	 5	 5	 1	 4.206110	 -1	 0.000000	 14.747061
398	 5	 5	 1	 1.798093	 -1	 0.000000	 11.267596
399	 5	 5	 1	 1.878938	 -1	 0.000000	 9.780967
400	 5	 5	 1	 2.409587	 -1	 0.000000	 3.457861
401	 5	 5	 1	 7.672091	 -1	 0.000000	 3.615246
402	 5	 5	 1	 7.596532	 -1	 0.000000	 3.158658
403	 5	 5	 1	 12.055191	 -1	 0.000000	 6.214207
404	 5	 5	 1	 2.742648	 -1	 0.000000	 7.145739
405	 5	 5	 1	 2.610521	 -1	 0.000000	 3.769800
406	 5	 5	 1	 5.395301	 -1	 0.000000	 7.530756
407	 5	 5	 1	 2.322837	 -1	 0.000000	 9.615588
408	 5	 5	 1	 8.312747	 -1	 0.000000	 6.584278
409	 5	 5	 1	 4.315371	 -1	 0.000000	 6.609656
410	 5	 5	 1	 4.599191	 -1	 0.000000	 5.735310
411	 5	 5	 1	 5.314039	 -1	 0.000000	 4.637794
412	 5	 5	 1	 8.420965	 -1	 0.000000	 5.295608
413	 5	 5	 1	 3.353465	 -1	 0.000000	 5.831919
414	 5	 5	 1	 3.035686	 -1	 0.000000	 6.375933
415	 5	 5	 1	 12.182736	 -1	 0.000000	 6.543895
416	 5	 5	 1	 5.471703	 -1	 0.000000	 13.761505
417	 5	 5	 1	 6.739233	 -1	 0.000000	 5.613894
418	 5	 5	 1	 3.126278	 -1	 0.000000	 13.199285
419	 5	 5	 1	 5.031154	 -1	 0.000000	 7.548656
420	 5	 5	 1	 1.705436	 -1	 0.000000	 7.689272
421	 5	 5	 1	 3.507082	 -1	 0.000000	 6.775612
422	 5	 5	 1	 7.294524	 -1	 0.000000	 8.049310
423	 5	 5	 1	 2.980939	 -1	 0.000000	 6.913033
>>> gr_fir_ccf: using E
>>> gr_fir_fff: using E
gr_buffer::allocate_buffer: warning: tried to allocate
   22 items of size 2928. Due to alignment requirements
   256 were allocated.  If this isn't OK, consider padding
   your structure to a power-of-two bytes.
   On this platform, our allocation granularity is 4096 bytes.
>>> gr_fir_ccf: using E
>>> gr_fir_fff: using E
gr_buffer::allocate_buffer: warning: tried to allocate
   22 items of size 2928. Due to alignment requirements
   256 were allocated.  If this isn't OK, consider padding
   your structure to a power-of-two bytes.
   On this platform, our allocation granularity is 4096 bytes.
0	 9	 9	 0	 332.405387	 -1	 0.000000	 15.222538
1	 9	 9	 0	 385.816676	 -1	 0.000000	 4.242666
2	 9	 9	 0	 372.444900	 -1	 0.000000	 3.339228
3	 9	 9	 0	 383.423621	 -1	 0.000000	 6.462006
4	 9	 9	 1	 237.833537	 -1	 0.000000	 5.370021
5	 9	 9	 0	 264.434054	 -1	 0.000000	 5.280580
6	 9	 9	 1	 264.964428	 -1	 0.000000	 3.672752
7	 9	 9	 0	 249.735392	 -1	 0.000000	 11.186822
8	 9	 9	 1	 205.826958	 -1	 0.000000	 5.351969
9	 9	 9	 0	 384.176701	 -1	 0.000000	 8.843936
10	 9	 9	 1	 289.260765	 -1	 0.000000	 7.168068
11	 9	 9	 0	 297.668886	 -1	 0.000000	 7.552891
12	 9	 9	 0	 412.917694	 -1	 0.000000	 5.475505
13	 9	 9	 0	 372.774455	 -1	 0.000000	 4.905613
14	 9	 9	 0	 377.486343	 -1	 0.000000	 4.105424
15	 9	 9	 0	 340.205182	 -1	 0.000000	 3.120848
16	 9	 9	 0	 448.039914	 -1	 0.000000	 3.953064
17	 9	 9	 0	 283.799764	 -1	 0.000000	 2.837542
18	 9	 9	 1	 279.141582	 -1	 0.000000	 5.908836
19	 9	 9	 0	 331.198516	 -1	 0.000000	 7.400086
20	 9	 9	 0	 280.311424	 -1	 0.000000	 11.586405
21	 9	 9	 0	 343.766104	 -1	 0.000000	 6.106320
22	 9	 9	 0	 240.477023	 -1	 0.000000	 10.219971
23	 9	 9	 0	 315.919281	 -1	 0.000000	 5.925416
24	 9	 9	 0	 376.706252	 -1	 0.000000	 4.664324
25	 9	 9	 0	 257.572316	 -1	 0.000000	 4.879095
26	 9	 9	 0	 312.742646	 -1	 0.000000	 4.937668
27	 9	 9	 0	 361.543815	 -1	 0.000000	 6.492992
28	 9	 9	 0	 378.574291	 -1	 0.000000	 5.113615
29	 9	 9	 0	 319.539603	 -1	 0.000000	 4.610212
30	 9	 9	 0	 281.261712	 -1	 0.000000	 6.436934
31	 9	 9	 0	 262.081272	 -1	 0.000000	 6.763918
32	 9	 9	 1	 278.285684	 -1	 0.000000	 3.653385
33	 9	 9	 0	 247.220166	 -1	 0.000000	 9.314026
34	 9	 9	 0	 414.809285	 -1	 0.000000	 5.093811
35	 9	 9	 0	 343.778633	 -1	 0.000000	 10.334368
36	 9	 9	 1	 313.092136	 -1	 0.000000	 4.855621
37	 9	 9	 0	 358.615324	 -1	 0.000000	 6.358688
38	 9	 9	 0	 359.604984	 -1	 0.000000	 7.425908
39	 9	 9	 0	 302.899663	 -1	 0.000000	 3.557349
40	 9	 9	 0	 389.850294	 -1	 0.000000	 7.758582
41	 9	 9	 0	 233.785738	 -1	 0.000000	 10.492970
42	 9	 9	 0	 277.514494	 -1	 0.000000	 4.392141
43	 9	 9	 0	 307.355054	 -1	 0.000000	 6.492778
44	 9	 9	 0	 303.422429	 -1	 0.000000	 4.535422
45	 9	 9	 0	 252.901596	 -1	 0.000000	 9.862468
46	 9	 9	 0	 338.964665	 -1	 0.000000	 6.926775
47	 9	 9	 0	 299.015088	 -1	 0.000000	 3.890140
48	 9	 9	 0	 321.702134	 -1	 0.000000	 6.640988
49	 9	 9	 0	 392.980017	 -1	 0.000000	 2.372242
50	 9	 9	 0	 309.225149	 -1	 0.000000	 6.086011
51	 9	 9	 0	 263.223212	 -1	 0.000000	 12.439278
52	 9	 9	 0	 358.929518	 -1	 0.000000	 7.921980
53	 9	 9	 0	 374.011968	 -1	 0.000000	 5.037403
54	 9	 9	 0	 308.984478	 -1	 0.000000	 6.215236
55	 9	 9	 0	 253.424107	 -1	 0.000000	 8.495596
56	 9	 9	 0	 348.158245	 -1	 0.000000	 9.415089
57	 9	 9	 0	 391.646523	 -1	 0.000000	 4.580619
58	 9	 9	 0	 314.406957	 -1	 0.000000	 4.572661
59	 9	 9	 0	 322.914585	 -1	 0.000000	 17.066523
60	 9	 9	 0	 371.883983	 -1	 0.000000	 6.084510
>>> gr_fir_ccf: using E
>>> gr_fir_fff: using E
gr_buffer::allocate_buffer: warning: tried to allocate
   22 items of size 2928. Due to alignment requirements
   256 were allocated.  If this isn't OK, consider padding
   your structure to a power-of-two bytes.
   On this platform, our allocation granularity is 4096 bytes.
386	 9	 9	 0	 264.807928	 -1	 0.000000	 5.008706
387	 9	 9	 0	 345.302093	 -1	 0.000000	 26.588972
388	 9	 9	 0	 442.058051	 -1	 0.000000	 3.302392
389	 9	 9	 0	 391.634291	 -1	 0.000000	 3.903898
390	 9	 9	 0	 346.743631	 -1	 0.000000	 7.602142
391	 9	 9	 0	 275.844299	 -1	 0.000000	 6.114539
392	 9	 9	 0	 270.660513	 -1	 0.000000	 9.616728
393	 9	 9	 0	 391.833268	 -1	 0.000000	 5.258241
394	 9	 9	 0	 397.538069	 -1	 0.000000	 4.818974
395	 9	 9	 0	 305.601999	 -1	 0.000000	 5.525858
396	 9	 9	 0	 269.361772	 -1	 0.000000	 5.854996
397	 9	 9	 0	 364.280224	 -1	 0.000000	 4.371310
398	 9	 9	 0	 371.242041	 -1	 0.000000	 3.957721
399	 9	 9	 1	 257.437306	 -1	 0.000000	 10.064976
400	 9	 9	 0	 350.895958	 -1	 0.000000	 4.046956
401	 9	 9	 0	 358.728210	 -1	 0.000000	 4.237679
402	 9	 9	 0	 352.579228	 -1	 0.000000	 6.651759
403	 9	 9	 0	 346.456282	 -1	 0.000000	 4.398781
404	 9	 9	 0	 378.653076	 -1	 0.000000	 9.451878
405	 9	 9	 0	 278.214544	 -1	 0.000000	 6.952358
406	 9	 9	 0	 253.408096	 -1	 0.000000	 5.349767
407	 9	 9	 0	 271.342184	 -1	 0.000000	 5.768035
408	 9	 9	 0	 305.082005	 -1	 0.000000	 5.591994
409	 9	 9	 0	 357.274217	 -1	 0.000000	 7.321289
410	 9	 9	 0	 403.746404	 -1	 0.000000	 6.214149
411	 9	 9	 0	 370.785781	 -1	 0.000000	 10.356295
412	 9	 9	 0	 353.521968	 -1	 0.000000	 6.624750
413	 9	 9	 0	 302.018412	 -1	 0.000000	 4.850466
414	 9	 9	 0	 347.719720	 -1	 0.000000	 5.794845
415	 9	 9	 0	 268.399474	 -1	 0.000000	 3.645216
416	 9	 9	 0	 368.501718	 -1	 0.000000	 3.774230
417	 9	 9	 0	 350.952265	 -1	 0.000000	 4.833178
418	 9	 9	 0	 369.630221	 -1	 0.000000	 5.965116
419	 9	 9	 0	 405.245295	 -1	 0.000000	 6.948029
420	 9	 9	 0	 364.825328	 -1	 0.000000	 4.178444
421	 9	 9	 0	 385.787236	 -1	 0.000000	 5.238880
422	 9	 9	 0	 333.042752	 -1	 0.000000	 9.094443
423	 9	 9	 0	 420.094646	 -1	 0.000000	 4.193359
424	 9	 9	 0	 348.918954	 -1	 0.000000	 4.746137
425	 9	 9	 0	 394.250510	 -1	 0.000000	 9.425407
426	 9	 9	 0	 334.718260	 -1	 0.000000	 6.820338
427	 9	 9	 0	 325.302630	 -1	 0.000000	 3.963361
428	 9	 9	 0	 401.370134	 -1	 0.000000	 5.169845
429	 9	 9	 0	 251.770330	 -1	 0.000000	 7.902453
430	 9	 9	 0	 422.387191	 -1	 0.000000	 2.841052
431	 9	 9	 0	 266.921239	 -1	 0.000000	 4.068365
432	 9	 9	 0	 282.963901	 -1	 0.000000	 5.858800
433	 9	 9	 0	 279.801310	 -1	 0.000000	 6.494449
434	 9	 9	 0	 368.664580	 -1	 0.000000	 9.486943
435	 9	 9	 0	 375.806064	 -1	 0.000000	 5.609447
436	 9	 9	 0	 322.036901	 -1	 0.000000	 6.906557
437	 9	 9	 0	 377.584254	 -1	 0.000000	 7.921714
438	 9	 9	 0	 392.098011	 -1	 0.000000	 5.322997
439	 9	 9	 0	 350.102753	 -1	 0.000000	 4.253955
440	 9	 9	 0	 343.414761	 -1	 0.000000	 7.561729
441	 9	 9	 0	 342.698461	 -1	 0.000000	 6.626340
442	 9	 9	 0	 343.359783	 -1	 0.000000	 6.123421
443	 9	 9	 1	 231.683243	 -1	 0.000000	 8.248216
444	 9	 9	 0	 313.421023	 -1	 0.000000	 4.224281
445	 9	 9	 0	 279.418497	 -1	 0.000000	 3.018914
446	 9	 9	 0	 366.337322	 -1	 0.000000	 3.676000
447	 9	 9	 0	 400.074474	 -1	 0.000000	 4.288713
448	 9	 9	 0	 327.670290	 -1	 0.000000	 4.876053
449	 9	 9	 0	 310.807154	 -1	 0.000000	 7.697711
450	 9	 9	 1	 251.461598	 -1	 0.000000	 3.777242
451	 9	 9	 0	 272.049822	 -1	 0.000000	 6.931215
452	 9	 9	 0	 343.877433	 -1	 0.000000	 8.106560
453	 9	 9	 0	 316.073428	 -1	 0.000000	 4.437051
454	 9	 9	 0	 301.521213	 -1	 0.000000	 5.563179
455	 9	 9	 1	 236.792649	 -1	 0.000000	 6.220355
456	 9	 9	 0	 429.465947	 -1	 0.000000	 3.729302
457	 9	 9	 1	 287.698030	 -1	 0.000000	 4.953037
458	 9	 9	 0	 393.420811	 -1	 0.000000	 5.094214
459	 9	 9	 0	 311.879379	 -1	 0.000000	 6.306452
460	 9	 9	 0	 281.213061	 -1	 0.000000	 7.124578
461	 9	 9	 0	 326.001234	 -1	 0.000000	 3.504386
462	 9	 9	 0	 363.619348	 -1	 0.000000	 3.602580
463	 9	 9	 0	 333.470854	 -1	 0.000000	 5.085979
464	 9	 9	 0	 337.201178	 -1	 0.000000	 6.396509
465	 9	 9	 0	 333.493226	 -1	 0.000000	 3.590638
466	 9	 9	 0	 335.194636	 -1	 0.000000	 7.010042
467	 9	 9	 0	 289.663477	 -1	 0.000000	 4.573597
468	 9	 9	 0	 311.715487	 -1	 0.000000	 6.170363
469	 9	 9	 0	 353.743859	 -1	 0.000000	 3.522230
470	 9	 9	 0	 306.067431	 -1	 0.000000	 3.257479
471	 9	 9	 0	 336.369663	 -1	 0.000000	 7.240172
472	 9	 9	 1	 287.897177	 -1	 0.000000	 10.511005
473	 9	 9	 0	 286.082766	 -1	 0.000000	 7.564003
474	 9	 9	 0	 316.033295	 -1	 0.000000	 5.168949
475	 9	 9	 0	 359.633134	 -1	 0.000000	 4.962852
476	 9	 9	 0	 348.582009	 -1	 0.000000	 7.238259
477	 9	 9	 1	 249.316194	 -1	 0.000000	 13.303725
478	 9	 9	 0	 246.684076	 -1	 0.000000	 5.598576
479	 9	 9	 1	 281.796218	 -1	 0.000000	 9.859636
480	 9	 9	 0	 235.512830	 -1	 0.000000	 6.556066
481	 9	 9	 0	 266.789225	 -1	 0.000000	 4.417942
482	 9	 9	 0	 347.352407	 -1	 0.000000	 5.228508
483	 9	 9	 0	 371.195621	 -1	 0.000000	 6.038773
484	 9	 9	 0	 347.927149	 -1	 0.000000	 8.676952
485	 9	 9	 0	 333.494912	 -1	 0.000000	 4.473589
486	 9	 9	 0	 393.656318	 -1	 0.000000	 3.835761
487	 9	 9	 0	 383.587539	 -1	 0.000000	 5.402120
488	 9	 9	 0	 315.623263	 -1	 0.000000	 5.483132
489	 9	 9	 0	 352.718652	 -1	 0.000000	 6.837280
490	 9	 9	 0	 304.782431	 -1	 0.000000	 6.306209
491	 9	 9	 0	 270.457205	 -1	 0.000000	 3.907565
492	 9	 9	 0	 337.343859	 -1	 0.000000	 3.843789
493	 9	 9	 0	 326.309996	 -1	 0.000000	 5.183213
494	 9	 9	 0	 351.148175	 -1	 0.000000	 6.013012
495	 9	 9	 0	 293.931283	 -1	 0.000000	 8.834128
496	 9	 9	 0	 246.627883	 -1	 0.000000	 8.956085
497	 9	 9	 0	 366.954899	 -1	 0.000000	 4.166121
498	 9	 9	 0	 341.377235	 -1	 0.000000	 4.367385
499	 9	 9	 0	 339.224771	 -1	 0.000000	 4.200133
0	 9	 9	 0	 264.163312	 -1	 0.000000	 3.747014
1	 9	 9	 0	 389.180773	 -1	 0.000000	 3.620767
2	 9	 9	 0	 390.577358	 -1	 0.000000	 9.884452
3	 9	 9	 0	 374.353983	 -1	 0.000000	 3.042888
4	 9	 9	 0	 285.767355	 -1	 0.000000	 4.250298
5	 9	 9	 0	 254.243777	 -1	 0.000000	 8.107073
6	 9	 9	 0	 255.625824	 -1	 0.000000	 5.988949
7	 9	 9	 0	 316.731139	 -1	 0.000000	 6.359727
8	 9	 9	 0	 270.445711	 -1	 0.000000	 5.849303
9	 9	 9	 0	 379.446628	 -1	 0.000000	 7.289665
10	 9	 9	 0	 356.932339	 -1	 0.000000	 7.397000
11	 9	 9	 0	 272.667823	 -1	 0.000000	 4.031206
12	 9	 9	 0	 306.603205	 -1	 0.000000	 4.582105
13	 9	 9	 0	 408.150055	 -1	 0.000000	 4.185481
14	 9	 9	 0	 414.487703	 -1	 0.000000	 3.748751
15	 9	 9	 0	 325.827366	 -1	 0.000000	 4.183785
16	 9	 9	 0	 390.803965	 -1	 0.000000	 3.085434
17	 9	 9	 0	 321.580604	 -1	 0.000000	 5.700306
18	 9	 9	 0	 372.078728	 -1	 0.000000	 6.425413
19	 9	 9	 0	 389.481857	 -1	 0.000000	 4.941129
20	 9	 9	 0	 259.575498	 -1	 0.000000	 7.256644
21	 9	 9	 0	 323.379991	 -1	 0.000000	 5.579516
22	 9	 9	 0	 307.421023	 -1	 0.000000	 4.047379
23	 9	 9	 0	 367.246143	 -1	 0.000000	 4.945489
24	 9	 9	 0	 387.617016	 -1	 0.000000	 3.802694
25	 9	 9	 0	 373.765832	 -1	 0.000000	 3.687629
26	 9	 9	 0	 294.316167	 -1	 0.000000	 4.728004
27	 9	 9	 0	 358.991382	 -1	 0.000000	 7.711205
28	 9	 9	 0	 280.124869	 -1	 0.000000	 6.348277
29	 9	 9	 0	 284.809166	 -1	 0.000000	 7.867909
30	 9	 9	 0	 317.988440	 -1	 0.000000	 13.691931
31	 9	 9	 0	 328.435157	 -1	 0.000000	 11.662622
32	 9	 9	 0	 360.876636	 -1	 0.000000	 6.180772
33	 9	 9	 0	 297.952701	 -1	 0.000000	 4.372667
34	 9	 9	 0	 286.350689	 -1	 0.000000	 10.411281
35	 9	 9	 0	 310.680328	 -1	 0.000000	 4.631452
36	 9	 9	 0	 295.200246	 -1	 0.000000	 8.232735
37	 9	 9	 0	 260.840622	 -1	 0.000000	 3.646651
38	 9	 9	 1	 266.851447	 -1	 0.000000	 6.704231
39	 9	 9	 0	 305.258531	 -1	 0.000000	 5.521499
40	 9	 9	 0	 398.016919	 -1	 0.000000	 5.051652
41	 9	 9	 0	 289.989472	 -1	 0.000000	 5.920490
42	 9	 9	 0	 347.654568	 -1	 0.000000	 6.431176
43	 9	 9	 0	 301.031202	 -1	 0.000000	 6.874680
44	 9	 9	 0	 298.671257	 -1	 0.000000	 11.576190
45	 9	 9	 1	 254.943889	 -1	 0.000000	 6.228615
46	 9	 9	 0	 266.562480	 -1	 0.000000	 5.458771
47	 9	 9	 0	 328.439996	 -1	 0.000000	 4.096970
48	 9	 9	 0	 337.460659	 -1	 0.000000	 7.025748
49	 9	 9	 0	 242.602235	 -1	 0.000000	 8.238364
50	 9	 9	 0	 356.692559	 -1	 0.000000	 4.565069
51	 9	 9	 1	 270.341423	 -1	 0.000000	 4.012904
52	 9	 9	 0	 309.393384	 -1	 0.000000	 5.633438
53	 9	 9	 0	 405.734122	 -1	 0.000000	 4.141131
54	 9	 9	 0	 412.764996	 -1	 0.000000	 4.459985
>>> gr_fir_ccf: using E
>>> gr_fir_fff: using E
gr_buffer::allocate_buffer: warning: tried to allocate
   22 items of size 2928. Due to alignment requirements
   256 were allocated.  If this isn't OK, consider padding
   your structure to a power-of-two bytes.
   On this platform, our allocation granularity is 4096 bytes.
397	 9	 9	 0	 384.990219	 -1	 0.000000	 8.856725
398	 9	 9	 0	 273.188128	 -1	 0.000000	 7.517988
399	 9	 9	 0	 276.071226	 -1	 0.000000	 7.163486
400	 9	 9	 0	 285.385220	 -1	 0.000000	 7.559147
401	 9	 9	 0	 304.166677	 -1	 0.000000	 7.036879
402	 9	 9	 0	 363.633664	 -1	 0.000000	 5.388181
403	 9	 9	 1	 243.530983	 -1	 0.000000	 7.360619
404	 9	 9	 0	 318.644677	 -1	 0.000000	 9.823287
405	 9	 9	 1	 247.581685	 -1	 0.000000	 9.746296
406	 9	 9	 0	 345.082211	 -1	 0.000000	 5.301165
407	 9	 9	 0	 348.827335	 -1	 0.000000	 10.618326
408	 9	 9	 0	 348.523341	 -1	 0.000000	 5.105036
409	 9	 9	 0	 351.543616	 -1	 0.000000	 9.521296
410	 9	 9	 0	 241.683697	 -1	 0.000000	 4.278762
411	 9	 9	 0	 416.027286	 -1	 0.000000	 3.797403
412	 9	 9	 0	 382.129237	 -1	 0.000000	 5.163925
414	 9	 9	 0	 266.921128	 -1	 0.000000	 11.280526
433	 9	 9	 0	 269.853790	 -1	 0.000000	 8.024096
466	 9	 9	 0	 307.981321	 -1	 0.000000	 5.195848
0	 11	 11	 0	 401.555924	 -1	 0.000000	 5.650168
1	 11	 11	 0	 404.691890	 -1	 0.000000	 4.597810
27	 11	 11	 0	 396.352842	 -1	 0.000000	 9.600708
28	 11	 11	 0	 456.003245	 -1	 0.000000	 6.848809
29	 11	 11	 0	 430.108366	 -1	 0.000000	 11.058423
30	 11	 11	 0	 444.200058	 -1	 0.000000	 6.198259
31	 11	 11	 0	 407.790890	 -1	 0.000000	 7.295038
32	 11	 11	 0	 437.622702	 -1	 0.000000	 3.991356
33	 11	 11	 0	 447.428195	 -1	 0.000000	 3.727396
34	 11	 11	 0	 443.045837	 -1	 0.000000	 4.863604
35	 11	 11	 0	 383.260569	 -1	 0.000000	 4.479401
36	 11	 11	 0	 424.890068	 -1	 0.000000	 7.699776
37	 11	 11	 0	 431.672921	 -1	 0.000000	 6.755224
38	 11	 11	 0	 442.231180	 -1	 0.000000	 2.932908
39	 11	 11	 0	 411.845232	 -1	 0.000000	 11.685627
40	 11	 11	 0	 409.434389	 -1	 0.000000	 5.927974
41	 11	 11	 0	 392.744761	 -1	 0.000000	 4.218626
42	 11	 11	 0	 449.438832	 -1	 0.000000	 5.359490
43	 11	 11	 0	 427.402199	 -1	 0.000000	 8.321100
44	 11	 11	 0	 428.126073	 -1	 0.000000	 5.171429
45	 11	 11	 0	 451.344423	 -1	 0.000000	 4.709999
46	 11	 11	 0	 448.216065	 -1	 0.000000	 4.623918
47	 11	 11	 0	 431.864435	 -1	 0.000000	 7.563657
48	 11	 11	 0	 404.679486	 -1	 0.000000	 4.775874
49	 11	 11	 0	 382.678194	 -1	 0.000000	 8.239954
50	 11	 11	 0	 425.330650	 -1	 0.000000	 4.589753
51	 11	 11	 0	 438.927469	 -1	 0.000000	 5.103195
52	 11	 11	 0	 448.660670	 -1	 0.000000	 2.875194
53	 11	 11	 0	 413.769431	 -1	 0.000000	 4.248083
54	 11	 11	 0	 450.436608	 -1	 0.000000	 7.388246
55	 11	 11	 0	 407.623416	 -1	 0.000000	 9.234611
56	 11	 11	 0	 416.775431	 -1	 0.000000	 8.660853
>>> gr_fir_ccf: using E
>>> gr_fir_fff: using E
gr_buffer::allocate_buffer: warning: tried to allocate
   22 items of size 2928. Due to alignment requirements
   256 were allocated.  If this isn't OK, consider padding
   your structure to a power-of-two bytes.
   On this platform, our allocation granularity is 4096 bytes.
0	 11	 11	 0	 425.407225	 -1	 0.000000	 6.814093
1	 11	 11	 0	 452.646138	 -1	 0.000000	 3.632313
>>> gr_fir_ccf: using E
>>> gr_fir_fff: using E
gr_buffer::allocate_buffer: warning: tried to allocate
   22 items of size 2928. Due to alignment requirements
   256 were allocated.  If this isn't OK, consider padding
   your structure to a power-of-two bytes.
   On this platform, our allocation granularity is 4096 bytes.
0	 10	 10	 0	 471.740136	 -1	 0.000000	 5.409751
1	 10	 10	 0	 473.470531	 -1	 0.000000	 3.122580
>>> gr_fir_ccf: using E
>>> gr_fir_fff: using E
gr_buffer::allocate_buffer: warning: tried to allocate
   22 items of size 2928. Due to alignment requirements
   256 were allocated.  If this isn't OK, consider padding
   your structure to a power-of-two bytes.
   On this platform, our allocation granularity is 4096 bytes.
0	 10	 10	 0	 476.581019	 -1	 0.000000	 7.527421
1	 10	 10	 0	 477.190517	 -1	 0.000000	 3.327579
>>> gr_fir_ccf: using E