>>> gr_fir_ccf: using E
>>> gr_fir_fff: using E
gr_buffer::allocate_buffer: warning: tried to allocate
   19 items of size 3312. Due to alignment requirements
   256 were allocated.  If this isn't OK, consider padding
   your structure to a power-of-two bytes.
   On this platform, our allocation granularity is 4096 bytes.
168	 13	 13	 1	 0.000106	 -1	 0.000000	 5.366791
169	 13	 13	 1	 0.000605	 -1	 0.000000	 5.736960
170	 13	 13	 1	 0.000580	 -1	 0.000000	 6.473243
171	 13	 13	 1	 0.002170	 -1	 0.000000	 6.454261
172	 13	 13	 1	 0.000398	 -1	 0.000000	 5.057242
173	 13	 13	 1	 0.000745	 -1	 0.000000	 5.817968
174	 13	 13	 1	 0.001239	 -1	 0.000000	 9.681084
175	 13	 13	 1	 0.000388	 -1	 0.000000	 6.191742
176	 13	 13	 1	 0.001496	 -1	 0.000000	 6.265958
177	 13	 13	 1	 0.000240	 -1	 0.000000	 8.339260
178	 13	 13	 1	 0.000516	 -1	 0.000000	 9.432095
179	 13	 13	 1	 0.001646	 -1	 0.000000	 12.759641
180	 13	 13	 1	 0.000293	 -1	 0.000000	 10.360220
181	 13	 13	 1	 0.001616	 -1	 0.000000	 5.977307
182	 13	 13	 1	 0.000130	 -1	 0.000000	 6.895739
183	 13	 13	 1	 0.000817	 -1	 0.000000	 8.361739
184	 13	 13	 1	 0.000924	 -1	 0.000000	 5.699924
185	 13	 13	 1	 0.000227	 -1	 0.000000	 9.632884
186	 13	 13	 1	 0.000180	 -1	 0.000000	 6.434265
187	 13	 13	 1	 0.000403	 -1	 0.000000	 5.401751
188	 13	 13	 1	 0.000576	 -1	 0.000000	 9.759363
189	 13	 13	 1	 0.000076	 -1	 0.000000	 7.548775
190	 13	 13	 1	 0.000396	 -1	 0.000000	 6.008476
191	 13	 13	 1	 0.000672	 -1	 0.000000	 7.669511
192	 13	 13	 1	 0.000200	 -1	 0.000000	 7.717781
193	 13	 13	 1	 0.002836	 -1	 0.000000	 7.717988
194	 13	 13	 1	 0.000443	 -1	 0.000000	 8.938140
195	 13	 13	 1	 0.001123	 -1	 0.000000	 11.621352
196	 13	 13	 1	 0.000279	 -1	 0.000000	 7.742708
197	 13	 13	 1	 0.000228	 -1	 0.000000	 7.381136
198	 13	 13	 1	 0.000030	 -1	 0.000000	 7.122502
199	 13	 13	 1	 0.000776	 -1	 0.000000	 5.757781
200	 13	 13	 1	 0.008360	 -1	 0.000000	 7.226737
201	 13	 13	 1	 0.025302	 -1	 0.000000	 11.134832
202	 13	 13	 1	 0.002480	 -1	 0.000000	 10.711767
203	 13	 13	 1	 0.000259	 -1	 0.000000	 10.689118
204	 13	 13	 1	 0.000466	 -1	 0.000000	 8.452698
205	 13	 13	 1	 0.003403	 -1	 0.000000	 7.476676
206	 13	 13	 1	 0.000433	 -1	 0.000000	 5.759998
207	 13	 13	 1	 0.003107	 -1	 0.000000	 6.526473
208	 13	 13	 1	 0.000094	 -1	 0.000000	 4.497766
209	 13	 13	 1	 0.000435	 -1	 0.000000	 8.128030
210	 13	 13	 1	 0.002904	 -1	 0.000000	 10.591284
211	 13	 13	 1	 0.000302	 -1	 0.000000	 8.678299
212	 13	 13	 1	 0.000148	 -1	 0.000000	 5.713902
213	 13	 13	 1	 0.005107	 -1	 0.000000	 6.414258
214	 13	 13	 1	 0.000335	 -1	 0.000000	 12.415593
215	 13	 13	 1	 0.000143	 -1	 0.000000	 11.376091
216	 13	 13	 1	 0.001112	 -1	 0.000000	 5.542416
217	 13	 13	 1	 0.000596	 -1	 0.000000	 8.501271
218	 13	 13	 1	 0.000251	 -1	 0.000000	 6.160806
219	 13	 13	 1	 0.000500	 -1	 0.000000	 5.684366
220	 13	 13	 1	 0.000242	 -1	 0.000000	 4.831309
221	 13	 13	 1	 0.000937	 -1	 0.000000	 6.097212
222	 13	 13	 1	 0.000100	 -1	 0.000000	 5.867877
223	 13	 13	 1	 0.000100	 -1	 0.000000	 6.797705
224	 13	 13	 1	 0.000488	 -1	 0.000000	 5.618460
225	 13	 13	 1	 0.000141	 -1	 0.000000	 5.735356
226	 13	 13	 1	 0.012723	 -1	 0.000000	 9.208989
227	 13	 13	 1	 0.000186	 -1	 0.000000	 7.583859
228	 13	 13	 1	 0.006449	 -1	 0.000000	 6.688204
229	 13	 13	 1	 0.001152	 -1	 0.000000	 6.816791
230	 13	 13	 1	 0.000193	 -1	 0.000000	 6.948421
231	 13	 13	 1	 0.016636	 -1	 0.000000	 12.748570
232	 13	 13	 1	 0.000450	 -1	 0.000000	 8.674730
233	 13	 13	 1	 0.002311	 -1	 0.000000	 6.217628
234	 13	 13	 1	 0.000205	 -1	 0.000000	 5.551100
235	 13	 13	 1	 0.000523	 -1	 0.000000	 8.038157
236	 13	 13	 1	 0.000105	 -1	 0.000000	 9.483765
237	 13	 13	 1	 0.000319	 -1	 0.000000	 4.769294
238	 13	 13	 1	 0.000448	 -1	 0.000000	 3.637021
239	 13	 13	 1	 0.000264	 -1	 0.000000	 8.715695
240	 13	 13	 1	 0.002492	 -1	 0.000000	 7.523896
241	 13	 13	 1	 0.000237	 -1	 0.000000	 6.244884
242	 13	 13	 1	 0.000254	 -1	 0.000000	 3.573233
243	 13	 13	 1	 0.001822	 -1	 0.000000	 8.938929
244	 13	 13	 1	 0.000514	 -1	 0.000000	 4.617789
245	 13	 13	 1	 0.000307	 -1	 0.000000	 6.527952
246	 13	 13	 1	 0.001802	 -1	 0.000000	 5.903116
247	 13	 13	 1	 0.000282	 -1	 0.000000	 8.455723
248	 13	 13	 1	 0.007466	 -1	 0.000000	 10.820526
249	 13	 13	 1	 0.000378	 -1	 0.000000	 8.402711
250	 13	 13	 1	 0.000791	 -1	 0.000000	 6.033143
251	 13	 13	 1	 0.000671	 -1	 0.000000	 7.354891
252	 13	 13	 1	 0.001129	 -1	 0.000000	 4.512350
253	 13	 13	 1	 0.000570	 -1	 0.000000	 6.188994
254	 13	 13	 1	 0.000346	 -1	 0.000000	 8.079072
255	 13	 13	 1	 0.000362	 -1	 0.000000	 8.229721
256	 13	 13	 1	 0.001429	 -1	 0.000000	 8.014866
257	 13	 13	 1	 0.000545	 -1	 0.000000	 12.243446
258	 13	 13	 1	 0.002705	 -1	 0.000000	 6.772953
259	 13	 13	 1	 0.005330	 -1	 0.000000	 7.457929
260	 13	 13	 1	 0.000568	 -1	 0.000000	 5.142853
261	 13	 13	 1	 0.000364	 -1	 0.000000	 4.710818
262	 13	 13	 1	 0.000857	 -1	 0.000000	 6.740325
263	 13	 13	 1	 0.000248	 -1	 0.000000	 15.481481
264	 13	 13	 1	 0.006951	 -1	 0.000000	 9.306291
265	 13	 13	 1	 0.000313	 -1	 0.000000	 7.560481
266	 13	 13	 1	 0.000255	 -1	 0.000000	 18.675110
267	 13	 13	 1	 0.000860	 -1	 0.000000	 11.596227
268	 13	 13	 1	 0.000144	 -1	 0.000000	 6.665381
269	 13	 13	 1	 0.000554	 -1	 0.000000	 7.622055
270	 13	 13	 1	 0.000285	 -1	 0.000000	 6.833195
271	 13	 13	 1	 0.000792	 -1	 0.000000	 6.014106
272	 13	 13	 1	 0.000145	 -1	 0.000000	 8.448352
273	 13	 13	 1	 0.000213	 -1	 0.000000	 9.667969
274	 13	 13	 1	 0.002052	 -1	 0.000000	 6.155942
275	 13	 13	 1	 0.000455	 -1	 0.000000	 8.591038
276	 13	 13	 1	 0.012564	 -1	 0.000000	 4.660310
>>> gr_fir_ccf: using E
>>> gr_fir_fff: using E
gr_buffer::allocate_buffer: warning: tried to allocate
   19 items of size 3312. Due to alignment requirements
   256 were allocated.  If this isn't OK, consider padding
   your structure to a power-of-two bytes.
   On this platform, our allocation granularity is 4096 bytes.
195	 13	 13	 1	 0.001527	 -1	 0.000000	 5.471004
196	 13	 13	 1	 0.001440	 -1	 0.000000	 10.315855
197	 13	 13	 1	 0.000344	 -1	 0.000000	 6.364185
198	 13	 13	 1	 0.001748	 -1	 0.000000	 5.626476
199	 13	 13	 1	 0.001240	 -1	 0.000000	 5.542349
200	 13	 13	 1	 0.004245	 -1	 0.000000	 10.261716
201	 13	 13	 1	 0.002544	 -1	 0.000000	 10.121550
202	 13	 13	 1	 0.000764	 -1	 0.000000	 5.476893
203	 13	 13	 1	 0.001208	 -1	 0.000000	 9.473486
204	 13	 13	 1	 0.000715	 -1	 0.000000	 8.098305
205	 13	 13	 1	 0.001607	 -1	 0.000000	 9.545012
206	 13	 13	 1	 0.001164	 -1	 0.000000	 9.256755
207	 13	 13	 1	 0.001391	 -1	 0.000000	 7.337785
208	 13	 13	 1	 0.003961	 -1	 0.000000	 6.015688
209	 13	 13	 1	 0.000205	 -1	 0.000000	 7.587761
210	 13	 13	 1	 0.005485	 -1	 0.000000	 9.659169
211	 13	 13	 1	 0.009491	 -1	 0.000000	 7.352117
212	 13	 13	 1	 0.000362	 -1	 0.000000	 7.596796
213	 13	 13	 1	 0.000450	 -1	 0.000000	 7.281805
214	 13	 13	 1	 0.001890	 -1	 0.000000	 13.177788
215	 13	 13	 1	 0.040903	 -1	 0.000000	 16.335232
216	 13	 13	 1	 0.000947	 -1	 0.000000	 6.145468
217	 13	 13	 1	 0.001591	 -1	 0.000000	 8.604377
218	 13	 13	 1	 0.000122	 -1	 0.000000	 7.859290
219	 13	 13	 1	 0.000159	 -1	 0.000000	 9.532491
220	 13	 13	 1	 0.002034	 -1	 0.000000	 11.340877
221	 13	 13	 1	 0.002846	 -1	 0.000000	 4.969357
222	 13	 13	 1	 0.000712	 -1	 0.000000	 3.980818
223	 13	 13	 1	 0.001860	 -1	 0.000000	 4.720563
224	 13	 13	 1	 0.000359	 -1	 0.000000	 8.129544
225	 13	 13	 1	 0.000679	 -1	 0.000000	 7.684285
226	 13	 13	 1	 0.000797	 -1	 0.000000	 6.367416
227	 13	 13	 1	 0.001530	 -1	 0.000000	 9.306052
228	 13	 13	 1	 0.001945	 -1	 0.000000	 5.337359
229	 13	 13	 1	 0.000206	 -1	 0.000000	 5.738522
230	 13	 13	 1	 0.000316	 -1	 0.000000	 8.757116
231	 13	 13	 1	 0.004349	 -1	 0.000000	 6.122560
232	 13	 13	 1	 0.039610	 -1	 0.000000	 5.153524
233	 13	 13	 1	 0.001697	 -1	 0.000000	 7.252542
234	 13	 13	 1	 0.004151	 -1	 0.000000	 4.758188
235	 13	 13	 1	 0.000554	 -1	 0.000000	 8.518949
236	 13	 13	 1	 0.000692	 -1	 0.000000	 4.303040
237	 13	 13	 1	 0.001591	 -1	 0.000000	 7.044488
238	 13	 13	 1	 0.000238	 -1	 0.000000	 7.250873
239	 13	 13	 1	 0.000446	 -1	 0.000000	 9.658891
240	 13	 13	 1	 0.000773	 -1	 0.000000	 5.464338
241	 13	 13	 1	 0.000329	 -1	 0.000000	 5.809015
242	 13	 13	 1	 0.002637	 -1	 0.000000	 13.571239
243	 13	 13	 1	 0.013368	 -1	 0.000000	 4.950194
244	 13	 13	 1	 0.001396	 -1	 0.000000	 3.815717
245	 13	 13	 1	 0.002716	 -1	 0.000000	 8.474714
246	 13	 13	 1	 0.007283	 -1	 0.000000	 6.469735
247	 13	 13	 1	 0.000201	 -1	 0.000000	 10.566350
248	 13	 13	 1	 0.000202	 -1	 0.000000	 5.674251
249	 13	 13	 1	 0.000346	 -1	 0.000000	 4.451892
250	 13	 13	 1	 0.000179	 -1	 0.000000	 8.215464
251	 13	 13	 1	 0.000954	 -1	 0.000000	 5.498912
252	 13	 13	 1	 0.005349	 -1	 0.000000	 7.021161
253	 13	 13	 1	 0.000318	 -1	 0.000000	 6.755940
254	 13	 13	 1	 0.000411	 -1	 0.000000	 4.653076
255	 13	 13	 1	 0.000959	 -1	 0.000000	 8.726480
256	 13	 13	 1	 0.046297	 -1	 0.000000	 6.384547
257	 13	 13	 1	 0.000770	 -1	 0.000000	 7.647059
258	 13	 13	 1	 0.000238	 -1	 0.000000	 5.124852
259	 13	 13	 1	 0.000800	 -1	 0.000000	 6.938102
260	 13	 13	 1	 0.005594	 -1	 0.000000	 5.937623
261	 13	 13	 1	 0.000941	 -1	 0.000000	 6.037351
262	 13	 13	 1	 0.000414	 -1	 0.000000	 6.552431
263	 13	 13	 1	 0.000584	 -1	 0.000000	 5.419309
264	 13	 13	 1	 0.001832	 -1	 0.000000	 5.959866
265	 13	 13	 1	 0.000886	 -1	 0.000000	 5.225054
266	 13	 13	 1	 0.004529	 -1	 0.000000	 6.780929
267	 13	 13	 1	 0.000504	 -1	 0.000000	 5.974317
268	 13	 13	 1	 0.003392	 -1	 0.000000	 9.113384
269	 13	 13	 1	 0.000105	 -1	 0.000000	 12.075716
270	 13	 13	 1	 0.002347	 -1	 0.000000	 5.213135
271	 13	 13	 1	 0.007251	 -1	 0.000000	 8.318683
272	 13	 13	 1	 0.000674	 -1	 0.000000	 6.751274
273	 13	 13	 1	 0.001460	 -1	 0.000000	 5.946900
274	 13	 13	 1	 0.004515	 -1	 0.000000	 7.225189
275	 13	 13	 1	 0.000256	 -1	 0.000000	 5.938461
276	 13	 13	 1	 0.002952	 -1	 0.000000	 3.739255
277	 13	 13	 1	 0.000088	 -1	 0.000000	 21.713114
278	 13	 13	 1	 0.000079	 -1	 0.000000	 14.100055
279	 13	 13	 1	 0.000308	 -1	 0.000000	 8.204970
280	 13	 13	 1	 0.000325	 -1	 0.000000	 5.525912
281	 13	 13	 1	 0.001096	 -1	 0.000000	 6.566964
282	 13	 13	 1	 0.019727	 -1	 0.000000	 6.987535
283	 13	 13	 1	 0.000202	 -1	 0.000000	 15.050492
284	 13	 13	 1	 0.000963	 -1	 0.000000	 7.839290
285	 13	 13	 1	 0.000213	 -1	 0.000000	 4.892720
286	 13	 13	 1	 0.000336	 -1	 0.000000	 11.770868
287	 13	 13	 1	 0.000447	 -1	 0.000000	 9.078299
288	 13	 13	 1	 0.000416	 -1	 0.000000	 12.858899
289	 13	 13	 1	 0.000478	 -1	 0.000000	 6.429415
290	 13	 13	 1	 0.000506	 -1	 0.000000	 6.594751
291	 13	 13	 1	 0.000224	 -1	 0.000000	 6.320512
292	 13	 13	 1	 0.002146	 -1	 0.000000	 7.470772
293	 13	 13	 1	 0.004689	 -1	 0.000000	 6.493372
294	 13	 13	 1	 0.000675	 -1	 0.000000	 7.061750
295	 13	 13	 1	 0.000379	 -1	 0.000000	 9.230512
296	 13	 13	 1	 0.000518	 -1	 0.000000	 6.146190
297	 13	 13	 1	 0.000159	 -1	 0.000000	 8.797463
298	 13	 13	 1	 0.000650	 -1	 0.000000	 6.101627
299	 13	 13	 1	 0.001225	 -1	 0.000000	 6.394225
300	 13	 13	 1	 0.000706	 -1	 0.000000	 6.043900
301	 13	 13	 1	 0.000266	 -1	 0.000000	 9.014280
302	 13	 13	 1	 0.000596	 -1	 0.000000	 6.422242
303	 13	 13	 1	 0.000186	 -1	 0.000000	 7.366312
304	 13	 13	 1	 0.000832	 -1	 0.000000	 8.021755
305	 13	 13	 1	 0.004342	 -1	 0.000000	 9.437238
306	 13	 13	 1	 0.000138	 -1	 0.000000	 12.202475
307	 13	 13	 1	 0.001073	 -1	 0.000000	 7.872005
308	 13	 13	 1	 0.000703	 -1	 0.000000	 5.855084
309	 13	 13	 1	 0.000615	 -1	 0.000000	 6.986358
310	 13	 13	 1	 0.003091	 -1	 0.000000	 4.381726
311	 13	 13	 1	 0.000473	 -1	 0.000000	 5.597474
312	 13	 13	 1	 0.001736	 -1	 0.000000	 9.239099
313	 13	 13	 1	 0.000757	 -1	 0.000000	 8.796019
314	 13	 13	 1	 0.000682	 -1	 0.000000	 6.577120
315	 13	 13	 1	 0.000757	 -1	 0.000000	 7.877258
316	 13	 13	 1	 0.012131	 -1	 0.000000	 4.874931
317	 13	 13	 1	 0.000285	 -1	 0.000000	 5.676269
318	 13	 13	 1	 0.001329	 -1	 0.000000	 6.373410
319	 13	 13	 1	 0.004873	 -1	 0.000000	 5.688446
320	 13	 13	 1	 0.003442	 -1	 0.000000	 7.322662
321	 13	 13	 1	 0.002172	 -1	 0.000000	 16.550043
322	 13	 13	 1	 0.000193	 -1	 0.000000	 7.148157
323	 13	 13	 1	 0.000325	 -1	 0.000000	 8.950493
324	 13	 13	 1	 0.000938	 -1	 0.000000	 7.034055
325	 13	 13	 1	 0.000409	 -1	 0.000000	 8.183043
326	 13	 13	 1	 0.001845	 -1	 0.000000	 8.028930
327	 13	 13	 1	 0.000756	 -1	 0.000000	 7.888403
328	 13	 13	 1	 0.000437	 -1	 0.000000	 8.334240
329	 13	 13	 1	 0.001521	 -1	 0.000000	 4.186409
330	 13	 13	 1	 0.000253	 -1	 0.000000	 6.964875
331	 13	 13	 1	 0.002065	 -1	 0.000000	 11.575426
332	 13	 13	 1	 0.000583	 -1	 0.000000	 4.487797
333	 13	 13	 1	 0.000952	 -1	 0.000000	 6.049174
334	 13	 13	 1	 0.000926	 -1	 0.000000	 5.572503
335	 13	 13	 1	 0.000387	 -1	 0.000000	 10.899659
336	 13	 13	 1	 0.000232	 -1	 0.000000	 7.201297
337	 13	 13	 1	 0.000992	 -1	 0.000000	 11.089078
338	 13	 13	 1	 0.000713	 -1	 0.000000	 6.536457
339	 13	 13	 1	 0.000384	 -1	 0.000000	 5.435138
340	 13	 13	 1	 0.002147	 -1	 0.000000	 6.312932
341	 13	 13	 1	 0.003812	 -1	 0.000000	 7.248826
342	 13	 13	 1	 0.003064	 -1	 0.000000	 4.370466
343	 13	 13	 1	 0.000732	 -1	 0.000000	 5.388264
344	 13	 13	 1	 0.001130	 -1	 0.000000	 6.608603
345	 13	 13	 1	 0.000802	 -1	 0.000000	 6.841274
346	 13	 13	 1	 0.000439	 -1	 0.000000	 4.235905
347	 13	 13	 1	 0.000310	 -1	 0.000000	 8.116639
348	 13	 13	 1	 0.000555	 -1	 0.000000	 7.438045
349	 13	 13	 1	 0.000258	 -1	 0.000000	 9.102374
350	 13	 13	 1	 0.001637	 -1	 0.000000	 6.663977
351	 13	 13	 1	 0.000789	 -1	 0.000000	 5.397105
352	 13	 13	 1	 0.000354	 -1	 0.000000	 7.063987
353	 13	 13	 1	 0.000476	 -1	 0.000000	 5.431410
354	 13	 13	 1	 0.000727	 -1	 0.000000	 5.718997
359	 13	 13	 1	 0.000419	 -1	 0.000000	 5.103726
379	 13	 13	 1	 0.000819	 -1	 0.000000	 5.494850
395	 13	 13	 1	 0.001520	 -1	 0.000000	 5.102799
424	 13	 13	 0	 1000.000000	 -1	 0.000000	 7.227768
425	 13	 13	 1	 0.001934	 -1	 0.000000	 6.004735
439	 13	 13	 1	 0.000699	 -1	 0.000000	 8.166715
455	 13	 13	 1	 0.003345	 -1	 0.000000	 7.078312
465	 13	 13	 1	 0.000489	 -1	 0.000000	 10.846516
470	 13	 13	 1	 0.000154	 -1	 0.000000	 14.604061
478	 13	 13	 1	 0.000256	 -1	 0.000000	 6.572692
>>> gr_fir_ccf: using E
>>> gr_fir_fff: using E
gr_buffer::allocate_buffer: warning: tried to allocate
   19 items of size 3312. Due to alignment requirements
   256 were allocated.  If this isn't OK, consider padding
   your structure to a power-of-two bytes.
   On this platform, our allocation granularity is 4096 bytes.
0	 15	 15	 1	 0.041951	 -1	 0.000000	 6.507744
1	 15	 15	 1	 7.815369	 -1	 0.000000	 6.137419
>>> gr_fir_ccf: using E
>>> gr_fir_fff: using E
gr_buffer::allocate_buffer: warning: tried to allocate
   19 items of size 3312. Due to alignment requirements
   256 were allocated.  If this isn't OK, consider padding
   your structure to a power-of-two bytes.
   On this platform, our allocation granularity is 4096 bytes.
>>> gr_fir_ccf: using E
>>> gr_fir_fff: using E
gr_buffer::allocate_buffer: warning: tried to allocate
   19 items of size 3312. Due to alignment requirements
   256 were allocated.  If this isn't OK, consider padding
   your structure to a power-of-two bytes.
   On this platform, our allocation granularity is 4096 bytes.
228	 5	 5	 1	 4.693375	 -1	 0.000000	 5.805945
229	 5	 5	 1	 6.613502	 -1	 0.000000	 13.738457
230	 5	 5	 1	 8.718194	 -1	 0.000000	 6.994518
231	 5	 5	 1	 4.724378	 -1	 0.000000	 6.226287
232	 5	 5	 1	 1.661762	 -1	 0.000000	 10.353507
233	 5	 5	 1	 2.909372	 -1	 0.000000	 7.394852
234	 5	 5	 1	 1.267187	 -1	 0.000000	 7.023170
235	 5	 5	 1	 1.787010	 -1	 0.000000	 8.761178
236	 5	 5	 1	 6.504921	 -1	 0.000000	 8.511485
237	 5	 5	 1	 11.343919	 -1	 0.000000	 6.855612
238	 5	 5	 1	 0.606892	 -1	 0.000000	 9.761140
239	 5	 5	 1	 3.538872	 -1	 0.000000	 6.804358
240	 5	 5	 1	 6.144582	 -1	 0.000000	 5.293401
241	 5	 5	 1	 5.835968	 -1	 0.000000	 5.196570
242	 5	 5	 1	 7.719964	 -1	 0.000000	 8.723312
243	 5	 5	 1	 10.921788	 -1	 0.000000	 5.210293
244	 5	 5	 0	 181.070102	 -1	 0.000000	 4.718393
278	 5	 5	 1	 7.509490	 -1	 0.000000	 5.996835
311	 5	 5	 1	 56.778623	 -1	 0.000000	 7.337897
343	 5	 5	 1	 9.411955	 -1	 0.000000	 5.201410
0	 5	 5	 1	 4.764592	 -1	 0.000000	 5.675314
1	 5	 5	 1	 5.085719	 -1	 0.000000	 12.108776
2	 5	 5	 1	 13.118570	 -1	 0.000000	 8.401562
36	 5	 5	 1	 6.852232	 -1	 0.000000	 5.202839
37	 5	 5	 1	 4.619167	 -1	 0.000000	 4.808636
38	 5	 5	 1	 7.710934	 -1	 0.000000	 5.820858
39	 5	 5	 1	 10.426316	 -1	 0.000000	 5.268931
40	 5	 5	 1	 0.518340	 -1	 0.000000	 8.375159
41	 5	 5	 1	 8.605895	 -1	 0.000000	 9.065739
42	 5	 5	 1	 4.037750	 -1	 0.000000	 8.074105
43	 5	 5	 1	 0.975354	 -1	 0.000000	 8.349558
44	 5	 5	 1	 3.901217	 -1	 0.000000	 8.183523
45	 5	 5	 1	 8.398026	 -1	 0.000000	 6.547561
46	 5	 5	 1	 6.388792	 -1	 0.000000	 6.256101
47	 5	 5	 1	 2.848318	 -1	 0.000000	 7.364792
48	 5	 5	 1	 1.748853	 -1	 0.000000	 14.165031
49	 5	 5	 1	 3.187487	 -1	 0.000000	 5.757757
50	 5	 5	 1	 5.564816	 -1	 0.000000	 8.126849
51	 5	 5	 1	 4.781162	 -1	 0.000000	 6.656754
52	 5	 5	 1	 8.151675	 -1	 0.000000	 8.193361
53	 5	 5	 1	 2.467786	 -1	 0.000000	 5.643522
54	 5	 5	 1	 8.505745	 -1	 0.000000	 6.667408
55	 5	 5	 1	 4.791150	 -1	 0.000000	 17.348194
56	 5	 5	 1	 2.455190	 -1	 0.000000	 5.305641
57	 5	 5	 1	 12.024283	 -1	 0.000000	 9.657611
58	 5	 5	 1	 5.846459	 -1	 0.000000	 8.590718
59	 5	 5	 1	 8.160209	 -1	 0.000000	 7.195414
60	 5	 5	 1	 4.331092	 -1	 0.000000	 6.220080
61	 5	 5	 1	 7.151799	 -1	 0.000000	 7.865916
62	 5	 5	 1	 0.989113	 -1	 0.000000	 10.446196
63	 5	 5	 1	 4.986579	 -1	 0.000000	 7.714458
64	 5	 5	 1	 5.644719	 -1	 0.000000	 9.080463
65	 5	 5	 1	 5.377444	 -1	 0.000000	 9.893970
66	 5	 5	 1	 2.584509	 -1	 0.000000	 8.256736
67	 5	 5	 1	 0.801974	 -1	 0.000000	 8.242777
68	 5	 5	 1	 3.711777	 -1	 0.000000	 6.876607
69	 5	 5	 1	 7.441420	 -1	 0.000000	 8.359159
70	 5	 5	 1	 9.971798	 -1	 0.000000	 6.740141
71	 5	 5	 1	 2.942896	 -1	 0.000000	 10.827335
72	 5	 5	 1	 5.595977	 -1	 0.000000	 6.900552
73	 5	 5	 1	 7.369245	 -1	 0.000000	 6.414819
>>> gr_fir_ccf: using E
>>> gr_fir_fff: using E
gr_buffer::allocate_buffer: warning: tried to allocate
   19 items of size 3312. Due to alignment requirements
   256 were allocated.  If this isn't OK, consider padding
   your structure to a power-of-two bytes.
   On this platform, our allocation granularity is 4096 bytes.
255	 5	 5	 1	 5.470076	 -1	 0.000000	 15.275243
256	 5	 5	 1	 1.584892	 -1	 0.000000	 6.672385
257	 5	 5	 1	 2.110965	 -1	 0.000000	 12.239585
258	 5	 5	 1	 4.399054	 -1	 0.000000	 6.815404
259	 5	 5	 1	 4.679740	 -1	 0.000000	 10.260448
260	 5	 5	 1	 11.930123	 -1	 0.000000	 18.518543
261	 5	 5	 1	 7.765908	 -1	 0.000000	 5.842562
262	 5	 5	 1	 1.069028	 -1	 0.000000	 8.055503
263	 5	 5	 1	 2.784384	 -1	 0.000000	 4.910223
264	 5	 5	 1	 6.411762	 -1	 0.000000	 8.354762
265	 5	 5	 1	 0.614030	 -1	 0.000000	 6.476783
266	 5	 5	 1	 2.384488	 -1	 0.000000	 8.479233
267	 5	 5	 1	 10.106983	 -1	 0.000000	 8.503427
268	 5	 5	 1	 5.638884	 -1	 0.000000	 7.920465
269	 5	 5	 1	 14.351751	 -1	 0.000000	 5.217484
270	 5	 5	 1	 12.608395	 -1	 0.000000	 7.045783
271	 5	 5	 0	 1000.000000	 -1	 0.000000	 11.419202
380	 5	 5	 1	 0.570408	 -1	 0.000000	 7.117325
473	 5	 5	 1	 3.256968	 -1	 0.000000	 8.164801
0	 7	 7	 1	 17.261866	 -1	 0.000000	 8.011202
1	 7	 7	 1	 15.725918	 -1	 0.000000	 7.371077
>>> gr_fir_ccf: using E
>>> gr_fir_fff: using E
gr_buffer::allocate_buffer: warning: tried to allocate
   19 items of size 3312. Due to alignment requirements
   256 were allocated.  If this isn't OK, consider padding
   your structure to a power-of-two bytes.
   On this platform, our allocation granularity is 4096 bytes.
0	 7	 7	 1	 8.759755	 -1	 0.000000	 6.001605
1	 7	 7	 1	 34.318108	 -1	 0.000000	 6.096109
>>> gr_fir_ccf: using E
>>> gr_fir_fff: using E
terminate called after throwing an instance of 'std::invalid_argument'
  what():  gr_ofdm_demod: Incorrect subcarriers allocated
>>> gr_fir_ccf: using E
>>> gr_fir_fff: using E
gr_buffer::allocate_buffer: warning: tried to allocate
   19 items of size 3312. Due to alignment requirements
   256 were allocated.  If this isn't OK, consider padding
   your structure to a power-of-two bytes.
   On this platform, our allocation granularity is 4096 bytes.
252	 9	 9	 0	 408.817728	 -1	 0.000000	 10.928212
253	 9	 9	 0	 409.753065	 -1	 0.000000	 9.177004
254	 9	 9	 0	 407.794428	 -1	 0.000000	 7.159871
255	 9	 9	 0	 393.903477	 -1	 0.000000	 8.404295
256	 9	 9	 0	 360.074146	 -1	 0.000000	 6.350176
257	 9	 9	 0	 322.146749	 -1	 0.000000	 6.030631
258	 9	 9	 0	 361.615028	 -1	 0.000000	 7.478016
259	 9	 9	 0	 371.399573	 -1	 0.000000	 5.004050
260	 9	 9	 0	 427.677941	 -1	 0.000000	 5.146247
261	 9	 9	 0	 349.334746	 -1	 0.000000	 8.384636
262	 9	 9	 0	 396.448854	 -1	 0.000000	 6.170171
263	 9	 9	 0	 367.145508	 -1	 0.000000	 6.984142
264	 9	 9	 0	 408.055649	 -1	 0.000000	 6.622901
265	 9	 9	 0	 365.264575	 -1	 0.000000	 5.290611
266	 9	 9	 0	 368.498535	 -1	 0.000000	 9.530337
267	 9	 9	 0	 393.970437	 -1	 0.000000	 6.020154
268	 9	 9	 0	 441.436712	 -1	 0.000000	 7.451622
315	 9	 9	 0	 390.966220	 -1	 0.000000	 6.661801
0	 9	 9	 0	 372.349246	 -1	 0.000000	 10.171581
1	 9	 9	 0	 411.199243	 -1	 0.000000	 6.920920
2	 9	 9	 0	 350.387590	 -1	 0.000000	 8.593244
3	 9	 9	 0	 399.939523	 -1	 0.000000	 9.483582
4	 9	 9	 0	 386.042802	 -1	 0.000000	 9.140242
5	 9	 9	 0	 335.099685	 -1	 0.000000	 7.906205
6	 9	 9	 0	 376.918184	 -1	 0.000000	 9.974033
7	 9	 9	 0	 387.140372	 -1	 0.000000	 9.067101
8	 9	 9	 0	 407.251275	 -1	 0.000000	 8.264910
9	 9	 9	 0	 394.887274	 -1	 0.000000	 6.419364
10	 9	 9	 0	 391.627688	 -1	 0.000000	 5.363998
11	 9	 9	 0	 398.365517	 -1	 0.000000	 5.700226
12	 9	 9	 0	 377.039791	 -1	 0.000000	 8.037606
13	 9	 9	 0	 366.118852	 -1	 0.000000	 5.960937
14	 9	 9	 0	 325.724315	 -1	 0.000000	 7.303876
15	 9	 9	 0	 414.134550	 -1	 0.000000	 7.864135
16	 9	 9	 0	 382.520457	 -1	 0.000000	 14.367340
17	 9	 9	 0	 421.802272	 -1	 0.000000	 5.380487
18	 9	 9	 0	 327.120800	 -1	 0.000000	 5.829582
19	 9	 9	 0	 401.760769	 -1	 0.000000	 7.610785
20	 9	 9	 0	 422.190060	 -1	 0.000000	 4.791241
21	 9	 9	 0	 421.053301	 -1	 0.000000	 5.790672
22	 9	 9	 0	 390.459518	 -1	 0.000000	 6.095174
23	 9	 9	 0	 348.385331	 -1	 0.000000	 5.842398
24	 9	 9	 0	 384.068910	 -1	 0.000000	 6.580420
25	 9	 9	 0	 408.162486	 -1	 0.000000	 9.237165
26	 9	 9	 0	 386.887753	 -1	 0.000000	 4.037389
27	 9	 9	 0	 321.819118	 -1	 0.000000	 10.765724
28	 9	 9	 0	 394.543757	 -1	 0.000000	 4.639210
29	 9	 9	 0	 373.467223	 -1	 0.000000	 9.536576
30	 9	 9	 0	 439.205641	 -1	 0.000000	 6.715539
31	 9	 9	 0	 371.949863	 -1	 0.000000	 10.232331
32	 9	 9	 0	 335.664046	 -1	 0.000000	 11.182000
33	 9	 9	 0	 415.060490	 -1	 0.000000	 6.274485
34	 9	 9	 0	 365.571146	 -1	 0.000000	 12.005120
152	 9	 9	 0	 340.126816	 -1	 0.000000	 5.957991
153	 9	 9	 0	 376.177004	 -1	 0.000000	 4.887520
154	 9	 9	 0	 388.396537	 -1	 0.000000	 5.658296
155	 9	 9	 0	 395.904968	 -1	 0.000000	 15.437576
156	 9	 9	 0	 322.371765	 -1	 0.000000	 7.602848
157	 9	 9	 0	 413.928044	 -1	 0.000000	 8.223130
158	 9	 9	 0	 380.968096	 -1	 0.000000	 8.884810
159	 9	 9	 0	 401.837478	 -1	 0.000000	 5.600267
160	 9	 9	 0	 392.154532	 -1	 0.000000	 7.709767
161	 9	 9	 0	 327.475703	 -1	 0.000000	 11.217524
162	 9	 9	 0	 402.785255	 -1	 0.000000	 9.065855
163	 9	 9	 0	 415.818807	 -1	 0.000000	 9.556639
164	 9	 9	 0	 398.141741	 -1	 0.000000	 6.889813
165	 9	 9	 0	 383.181044	 -1	 0.000000	 6.395820
166	 9	 9	 0	 362.852791	 -1	 0.000000	 7.623820
167	 9	 9	 0	 349.701542	 -1	 0.000000	 6.740250
168	 9	 9	 0	 377.651942	 -1	 0.000000	 7.108174
169	 9	 9	 0	 363.239722	 -1	 0.000000	 6.936073
170	 9	 9	 0	 429.038996	 -1	 0.000000	 5.256486
171	 9	 9	 0	 424.110735	 -1	 0.000000	 7.292533
172	 9	 9	 0	 382.746882	 -1	 0.000000	 8.668412
173	 9	 9	 0	 361.861769	 -1	 0.000000	 6.314342
174	 9	 9	 0	 416.943947	 -1	 0.000000	 4.571921
175	 9	 9	 0	 356.983410	 -1	 0.000000	 8.856097
176	 9	 9	 0	 426.312735	 -1	 0.000000	 7.404404
177	 9	 9	 0	 416.149650	 -1	 0.000000	 6.560508
178	 9	 9	 0	 387.883674	 -1	 0.000000	 8.427925
179	 9	 9	 0	 380.326278	 -1	 0.000000	 6.723619
180	 9	 9	 0	 378.673667	 -1	 0.000000	 11.309825
181	 9	 9	 0	 334.800871	 -1	 0.000000	 12.070216
182	 9	 9	 0	 377.618770	 -1	 0.000000	 12.984721
183	 9	 9	 0	 336.192966	 -1	 0.000000	 7.772249
184	 9	 9	 0	 369.645722	 -1	 0.000000	 6.468892
185	 9	 9	 0	 316.029936	 -1	 0.000000	 5.285172
186	 9	 9	 0	 331.074332	 -1	 0.000000	 8.150568
187	 9	 9	 0	 343.451764	 -1	 0.000000	 6.487027
188	 9	 9	 0	 339.689501	 -1	 0.000000	 7.190739
189	 9	 9	 0	 379.342129	 -1	 0.000000	 10.153738
190	 9	 9	 0	 331.829487	 -1	 0.000000	 8.015981
191	 9	 9	 0	 380.328942	 -1	 0.000000	 6.743463
192	 9	 9	 0	 369.185651	 -1	 0.000000	 5.259056
>>> gr_fir_ccf: using E
>>> gr_fir_fff: using E
gr_buffer::allocate_buffer: warning: tried to allocate
   19 items of size 3312. Due to alignment requirements
   256 were allocated.  If this isn't OK, consider padding
   your structure to a power-of-two bytes.
   On this platform, our allocation granularity is 4096 bytes.
282	 9	 9	 0	 397.696238	 -1	 0.000000	 9.334978
283	 9	 9	 0	 397.231555	 -1	 0.000000	 6.358540
284	 9	 9	 0	 391.436621	 -1	 0.000000	 8.653385
285	 9	 9	 0	 401.246535	 -1	 0.000000	 5.357253
286	 9	 9	 0	 414.166127	 -1	 0.000000	 9.800146
287	 9	 9	 0	 398.381085	 -1	 0.000000	 6.019449
288	 9	 9	 0	 335.917728	 -1	 0.000000	 5.530222
289	 9	 9	 0	 405.162890	 -1	 0.000000	 8.583790
290	 9	 9	 0	 440.177283	 -1	 0.000000	 5.582870
291	 9	 9	 0	 346.887221	 -1	 0.000000	 7.896043
292	 9	 9	 0	 369.111067	 -1	 0.000000	 5.683461
293	 9	 9	 0	 384.707881	 -1	 0.000000	 6.999283
294	 9	 9	 0	 378.902767	 -1	 0.000000	 6.456373
295	 9	 9	 0	 376.004394	 -1	 0.000000	 6.726837
296	 9	 9	 0	 356.256476	 -1	 0.000000	 6.538564
297	 9	 9	 0	 397.554580	 -1	 0.000000	 5.430809
298	 9	 9	 0	 311.510452	 -1	 0.000000	 11.823768
299	 9	 9	 0	 408.283601	 -1	 0.000000	 5.613290
300	 9	 9	 0	 347.435304	 -1	 0.000000	 9.181217
301	 9	 9	 0	 372.496470	 -1	 0.000000	 6.601822
302	 9	 9	 0	 430.270228	 -1	 0.000000	 9.799114
303	 9	 9	 0	 377.657019	 -1	 0.000000	 5.753171
304	 9	 9	 0	 418.219557	 -1	 0.000000	 7.436200
305	 9	 9	 0	 412.759898	 -1	 0.000000	 5.056077
306	 9	 9	 0	 397.900010	 -1	 0.000000	 4.623334
307	 9	 9	 0	 334.765986	 -1	 0.000000	 9.763551
308	 9	 9	 0	 393.279597	 -1	 0.000000	 5.742322
309	 9	 9	 0	 385.618934	 -1	 0.000000	 8.631007
310	 9	 9	 0	 315.053273	 -1	 0.000000	 6.379937
311	 9	 9	 0	 371.051840	 -1	 0.000000	 6.884542
312	 9	 9	 0	 397.439637	 -1	 0.000000	 4.101520
313	 9	 9	 0	 423.613315	 -1	 0.000000	 8.925290
314	 9	 9	 0	 385.483264	 -1	 0.000000	 8.409719
315	 9	 9	 0	 426.308842	 -1	 0.000000	 5.003926
316	 9	 9	 0	 401.075797	 -1	 0.000000	 7.466281
317	 9	 9	 0	 424.431086	 -1	 0.000000	 7.618357
318	 9	 9	 0	 330.355800	 -1	 0.000000	 17.299469
319	 9	 9	 0	 376.545314	 -1	 0.000000	 6.981121
320	 9	 9	 0	 360.701823	 -1	 0.000000	 11.281711
321	 9	 9	 0	 341.631848	 -1	 0.000000	 9.236383
322	 9	 9	 0	 345.830724	 -1	 0.000000	 5.910775
323	 9	 9	 0	 426.040028	 -1	 0.000000	 7.012691
324	 9	 9	 0	 315.311082	 -1	 0.000000	 9.303485
325	 9	 9	 0	 332.970509	 -1	 0.000000	 5.683566
326	 9	 9	 0	 431.749072	 -1	 0.000000	 6.764039
327	 9	 9	 0	 365.693330	 -1	 0.000000	 6.294826
328	 9	 9	 0	 427.212637	 -1	 0.000000	 6.652180
329	 9	 9	 0	 367.097540	 -1	 0.000000	 6.674359
330	 9	 9	 0	 318.560972	 -1	 0.000000	 7.953346
331	 9	 9	 0	 350.688253	 -1	 0.000000	 11.410617
332	 9	 9	 0	 358.122826	 -1	 0.000000	 10.459638
333	 9	 9	 0	 432.152540	 -1	 0.000000	 6.066640
334	 9	 9	 0	 335.168278	 -1	 0.000000	 8.063237
335	 9	 9	 0	 382.343970	 -1	 0.000000	 7.413445
336	 9	 9	 0	 394.000918	 -1	 0.000000	 4.725114
337	 9	 9	 0	 393.408371	 -1	 0.000000	 5.290916
338	 9	 9	 0	 323.486233	 -1	 0.000000	 7.620598
339	 9	 9	 0	 394.823600	 -1	 0.000000	 7.028512
340	 9	 9	 0	 368.569478	 -1	 0.000000	 11.433403
341	 9	 9	 0	 413.915337	 -1	 0.000000	 5.654999
342	 9	 9	 0	 384.079125	 -1	 0.000000	 5.569910
343	 9	 9	 0	 392.793941	 -1	 0.000000	 5.429646
344	 9	 9	 0	 349.455993	 -1	 0.000000	 7.574305
345	 9	 9	 0	 354.986308	 -1	 0.000000	 11.939576
346	 9	 9	 0	 353.575690	 -1	 0.000000	 6.830743
347	 9	 9	 0	 364.286975	 -1	 0.000000	 4.778891
348	 9	 9	 0	 361.965651	 -1	 0.000000	 6.896094
349	 9	 9	 0	 406.182917	 -1	 0.000000	 15.607444
350	 9	 9	 0	 397.860229	 -1	 0.000000	 6.254101
351	 9	 9	 0	 375.033536	 -1	 0.000000	 6.709150
352	 9	 9	 0	 423.865535	 -1	 0.000000	 6.991963
353	 9	 9	 0	 353.272158	 -1	 0.000000	 6.583376
354	 9	 9	 0	 378.068648	 -1	 0.000000	 5.645692
355	 9	 9	 0	 385.050508	 -1	 0.000000	 7.519685
356	 9	 9	 0	 386.141789	 -1	 0.000000	 5.506109
357	 9	 9	 0	 410.555633	 -1	 0.000000	 7.329709
358	 9	 9	 0	 393.195639	 -1	 0.000000	 9.412135
359	 9	 9	 0	 411.319240	 -1	 0.000000	 8.949672
360	 9	 9	 0	 412.688474	 -1	 0.000000	 7.764700
361	 9	 9	 0	 395.650567	 -1	 0.000000	 4.553378
362	 9	 9	 0	 374.319173	 -1	 0.000000	 20.393742
363	 9	 9	 0	 408.124936	 -1	 0.000000	 8.626270
364	 9	 9	 0	 399.427298	 -1	 0.000000	 5.831509
365	 9	 9	 0	 413.920939	 -1	 0.000000	 10.316809
366	 9	 9	 0	 364.840800	 -1	 0.000000	 8.653494
367	 9	 9	 0	 349.537019	 -1	 0.000000	 7.627678
368	 9	 9	 0	 355.845784	 -1	 0.000000	 7.938689
369	 9	 9	 0	 348.545344	 -1	 0.000000	 6.501904
370	 9	 9	 0	 422.039220	 -1	 0.000000	 7.713524
371	 9	 9	 0	 395.744392	 -1	 0.000000	 11.048631
372	 9	 9	 0	 383.124746	 -1	 0.000000	 12.281975
373	 9	 9	 0	 404.560065	 -1	 0.000000	 5.863615
374	 9	 9	 0	 454.459381	 -1	 0.000000	 8.886563
375	 9	 9	 0	 399.422366	 -1	 0.000000	 5.323884
376	 9	 9	 0	 438.514726	 -1	 0.000000	 5.386134
377	 9	 9	 0	 406.513794	 -1	 0.000000	 5.824164
378	 9	 9	 0	 419.060174	 -1	 0.000000	 9.831188
379	 9	 9	 0	 339.244836	 -1	 0.000000	 6.849449
380	 9	 9	 0	 382.200682	 -1	 0.000000	 11.624340
381	 9	 9	 0	 405.477737	 -1	 0.000000	 15.055672
382	 9	 9	 0	 387.550624	 -1	 0.000000	 7.355886
383	 9	 9	 0	 350.977556	 -1	 0.000000	 8.797253
384	 9	 9	 0	 355.291754	 -1	 0.000000	 12.768777
385	 9	 9	 0	 436.394848	 -1	 0.000000	 5.126761
386	 9	 9	 0	 358.397812	 -1	 0.000000	 6.133961
387	 9	 9	 0	 360.228567	 -1	 0.000000	 6.311697
388	 9	 9	 0	 395.619730	 -1	 0.000000	 5.706217
389	 9	 9	 0	 420.799247	 -1	 0.000000	 5.023194
390	 9	 9	 0	 363.970262	 -1	 0.000000	 8.010975
391	 9	 9	 0	 370.164944	 -1	 0.000000	 13.975368
392	 9	 9	 0	 401.196332	 -1	 0.000000	 5.209364
393	 9	 9	 0	 381.347721	 -1	 0.000000	 6.939305
394	 9	 9	 0	 372.483766	 -1	 0.000000	 11.269001
395	 9	 9	 0	 359.970444	 -1	 0.000000	 13.038264
396	 9	 9	 0	 440.326814	 -1	 0.000000	 9.953923
397	 9	 9	 0	 390.867621	 -1	 0.000000	 5.894006
398	 9	 9	 0	 375.546155	 -1	 0.000000	 7.335261
399	 9	 9	 0	 417.502827	 -1	 0.000000	 6.622956
400	 9	 9	 0	 361.756172	 -1	 0.000000	 8.498832
401	 9	 9	 0	 364.566956	 -1	 0.000000	 5.790725
402	 9	 9	 0	 367.094499	 -1	 0.000000	 11.314577
403	 9	 9	 0	 382.334734	 -1	 0.000000	 9.863879
404	 9	 9	 0	 323.374856	 -1	 0.000000	 10.453240
405	 9	 9	 0	 367.987309	 -1	 0.000000	 10.125798
406	 9	 9	 0	 449.260330	 -1	 0.000000	 7.165242
407	 9	 9	 0	 400.403522	 -1	 0.000000	 5.694661
408	 9	 9	 0	 363.077349	 -1	 0.000000	 7.993168
409	 9	 9	 0	 350.204148	 -1	 0.000000	 10.306177
410	 9	 9	 0	 429.444072	 -1	 0.000000	 5.977067
411	 9	 9	 0	 385.030356	 -1	 0.000000	 5.529255
412	 9	 9	 0	 390.955827	 -1	 0.000000	 12.010899
413	 9	 9	 0	 341.031971	 -1	 0.000000	 7.643337
414	 9	 9	 0	 363.111728	 -1	 0.000000	 7.497952
415	 9	 9	 0	 370.804184	 -1	 0.000000	 6.362442
416	 9	 9	 0	 379.187379	 -1	 0.000000	 8.038749
417	 9	 9	 0	 427.312945	 -1	 0.000000	 6.534428
418	 9	 9	 0	 384.699801	 -1	 0.000000	 5.975019
419	 9	 9	 0	 368.185143	 -1	 0.000000	 7.845685
420	 9	 9	 0	 420.806349	 -1	 0.000000	 6.370792
421	 9	 9	 0	 336.242350	 -1	 0.000000	 6.876518
422	 9	 9	 0	 365.780775	 -1	 0.000000	 5.941029
423	 9	 9	 0	 378.046621	 -1	 0.000000	 5.476136
424	 9	 9	 0	 390.871205	 -1	 0.000000	 8.702351
425	 9	 9	 0	 394.690280	 -1	 0.000000	 7.575604
426	 9	 9	 0	 373.869717	 -1	 0.000000	 19.920444
427	 9	 9	 0	 401.100475	 -1	 0.000000	 17.158239
428	 9	 9	 0	 362.242418	 -1	 0.000000	 7.823455
429	 9	 9	 0	 400.649727	 -1	 0.000000	 6.455439
430	 9	 9	 0	 396.609125	 -1	 0.000000	 5.084712
431	 9	 9	 0	 350.580569	 -1	 0.000000	 7.286807
432	 9	 9	 0	 372.041438	 -1	 0.000000	 7.819034
433	 9	 9	 0	 342.954067	 -1	 0.000000	 5.982642
434	 9	 9	 0	 393.203671	 -1	 0.000000	 6.934000
435	 9	 9	 0	 385.730911	 -1	 0.000000	 16.812920
436	 9	 9	 0	 336.896087	 -1	 0.000000	 8.510633
437	 9	 9	 0	 366.234193	 -1	 0.000000	 6.029838
438	 9	 9	 0	 388.816863	 -1	 0.000000	 5.246326
439	 9	 9	 0	 362.572487	 -1	 0.000000	 14.018807
440	 9	 9	 0	 437.378308	 -1	 0.000000	 5.893579
441	 9	 9	 0	 365.235881	 -1	 0.000000	 10.441071
442	 9	 9	 0	 367.035652	 -1	 0.000000	 7.390159
443	 9	 9	 0	 362.812547	 -1	 0.000000	 10.415572
444	 9	 9	 0	 334.921907	 -1	 0.000000	 7.846801
445	 9	 9	 0	 342.884220	 -1	 0.000000	 5.861362
446	 9	 9	 0	 361.259201	 -1	 0.000000	 9.737322
447	 9	 9	 0	 345.539404	 -1	 0.000000	 6.410051
448	 9	 9	 0	 353.942851	 -1	 0.000000	 9.728241
449	 9	 9	 0	 435.927934	 -1	 0.000000	 6.618629
466	 9	 9	 0	 423.027327	 -1	 0.000000	 5.617500
487	 9	 9	 0	 318.917716	 -1	 0.000000	 6.042059
488	 9	 9	 0	 376.112967	 -1	 0.000000	 6.481213
489	 9	 9	 0	 422.857135	 -1	 0.000000	 7.567332
499	 9	 9	 0	 347.997171	 -1	 0.000000	 9.137800
0	 11	 11	 0	 412.628211	 -1	 0.000000	 5.576747
1	 11	 11	 0	 437.415198	 -1	 0.000000	 10.774541
>>> gr_fir_ccf: using E
>>> gr_fir_fff: using E
gr_buffer::allocate_buffer: warning: tried to allocate
   19 items of size 3312. Due to alignment requirements
   256 were allocated.  If this isn't OK, consider padding
   your structure to a power-of-two bytes.
   On this platform, our allocation granularity is 4096 bytes.
>>> gr_fir_ccf: using E
>>> gr_fir_fff: using E
terminate called after throwing an instance of 'std::invalid_argument'
  what():  gr_ofdm_demod: Incorrect subcarriers allocated
>>> gr_fir_ccf: using E
>>> gr_fir_fff: using E
gr_buffer::allocate_buffer: warning: tried to allocate
   19 items of size 3312. Due to alignment requirements
   256 were allocated.  If this isn't OK, consider padding
   your structure to a power-of-two bytes.
   On this platform, our allocation granularity is 4096 bytes.
0	 10	 10	 0	 470.718642	 -1	 0.000000	 7.981046
1	 10	 10	 0	 476.714922	 -1	 0.000000	 6.435607
>>> gr_fir_ccf: using E
>>> gr_fir_fff: using E
gr_buffer::allocate_buffer: warning: tried to allocate
   19 items of size 3312. Due to alignment requirements
   256 were allocated.  If this isn't OK, consider padding
   your structure to a power-of-two bytes.
   On this platform, our allocation granularity is 4096 bytes.
