>>> gr_fir_ccf: using E
>>> gr_fir_fff: using E
terminate called after throwing an instance of 'std::invalid_argument'
  what():  gr_ofdm_demod: Incorrect subcarriers allocated
>>> gr_fir_ccf: using E
>>> gr_fir_fff: using E
gr_buffer::allocate_buffer: warning: tried to allocate
   19 items of size 3312. Due to alignment requirements
   256 were allocated.  If this isn't OK, consider padding
   your structure to a power-of-two bytes.
   On this platform, our allocation granularity is 4096 bytes.
0	 15	 15	 1	 0.060643	 -1	 0.000000	 7.671187
1	 15	 15	 1	 0.540587	 -1	 0.000000	 4.099445
>>> gr_fir_ccf: using E
>>> gr_fir_fff: using E
gr_buffer::allocate_buffer: warning: tried to allocate
   19 items of size 3312. Due to alignment requirements
   256 were allocated.  If this isn't OK, consider padding
   your structure to a power-of-two bytes.
   On this platform, our allocation granularity is 4096 bytes.
>>> gr_fir_ccf: using E
>>> gr_fir_fff: using E
gr_buffer::allocate_buffer: warning: tried to allocate
   19 items of size 3312. Due to alignment requirements
   256 were allocated.  If this isn't OK, consider padding
   your structure to a power-of-two bytes.
   On this platform, our allocation granularity is 4096 bytes.
109	 15	 15	 1	 0.097815	 -1	 0.000000	 4.157299
110	 15	 15	 1	 2.115054	 -1	 0.000000	 6.086645
111	 15	 15	 1	 0.029317	 -1	 0.000000	 5.174326
112	 15	 15	 1	 0.253623	 -1	 0.000000	 6.305851
113	 15	 15	 1	 0.050002	 -1	 0.000000	 5.474833
114	 15	 15	 1	 0.001397	 -1	 0.000000	 7.361597
115	 15	 15	 1	 0.037777	 -1	 0.000000	 7.972614
116	 15	 15	 1	 0.000364	 -1	 0.000000	 10.923360
117	 15	 15	 1	 0.015017	 -1	 0.000000	 7.452487
118	 15	 15	 1	 0.054422	 -1	 0.000000	 5.890284
119	 15	 15	 1	 0.408632	 -1	 0.000000	 12.660225
120	 15	 15	 1	 0.024050	 -1	 0.000000	 6.851352
121	 15	 15	 1	 0.008672	 -1	 0.000000	 5.891575
122	 15	 15	 1	 1.697958	 -1	 0.000000	 5.358066
123	 15	 15	 1	 0.004543	 -1	 0.000000	 5.061962
124	 15	 15	 1	 0.107029	 -1	 0.000000	 6.160783
125	 15	 15	 1	 0.049791	 -1	 0.000000	 9.446651
126	 15	 15	 1	 0.011411	 -1	 0.000000	 7.378240
127	 15	 15	 1	 0.003437	 -1	 0.000000	 6.351712
128	 15	 15	 1	 0.014288	 -1	 0.000000	 8.494802
129	 15	 15	 1	 0.080125	 -1	 0.000000	 3.458378
130	 15	 15	 1	 0.005424	 -1	 0.000000	 6.720284
131	 15	 15	 1	 0.482114	 -1	 0.000000	 10.244321
132	 15	 15	 1	 0.013328	 -1	 0.000000	 8.887085
133	 15	 15	 1	 0.010140	 -1	 0.000000	 8.247652
134	 15	 15	 1	 0.017579	 -1	 0.000000	 6.006906
135	 15	 15	 1	 0.147825	 -1	 0.000000	 5.638566
136	 15	 15	 1	 0.085343	 -1	 0.000000	 7.343834
137	 15	 15	 1	 0.014260	 -1	 0.000000	 4.743365
138	 15	 15	 1	 0.004508	 -1	 0.000000	 7.538188
139	 15	 15	 1	 0.172181	 -1	 0.000000	 7.206314
140	 15	 15	 1	 0.021117	 -1	 0.000000	 8.661351
141	 15	 15	 1	 0.167702	 -1	 0.000000	 7.962510
142	 15	 15	 1	 0.001465	 -1	 0.000000	 5.192739
143	 15	 15	 1	 0.511100	 -1	 0.000000	 5.792823
144	 15	 15	 1	 0.002792	 -1	 0.000000	 8.149035
145	 15	 15	 1	 0.001733	 -1	 0.000000	 7.072832
146	 15	 15	 1	 0.039627	 -1	 0.000000	 6.399137
147	 15	 15	 1	 0.031567	 -1	 0.000000	 4.717939
148	 15	 15	 1	 0.885805	 -1	 0.000000	 7.938848
149	 15	 15	 1	 0.120907	 -1	 0.000000	 5.977772
150	 15	 15	 1	 0.011551	 -1	 0.000000	 5.571826
151	 15	 15	 1	 0.004269	 -1	 0.000000	 5.481497
152	 15	 15	 1	 0.006100	 -1	 0.000000	 8.574357
153	 15	 15	 1	 0.580893	 -1	 0.000000	 5.490796
154	 15	 15	 1	 0.001953	 -1	 0.000000	 6.807218
155	 15	 15	 1	 0.165642	 -1	 0.000000	 5.850375
156	 15	 15	 1	 0.029518	 -1	 0.000000	 5.757794
>>> gr_fir_ccf: using E
>>> gr_fir_fff: using E
gr_buffer::allocate_buffer: warning: tried to allocate
   19 items of size 3312. Due to alignment requirements
   256 were allocated.  If this isn't OK, consider padding
   your structure to a power-of-two bytes.
   On this platform, our allocation granularity is 4096 bytes.
88	 5	 5	 1	 5.292367	 -1	 0.000000	 9.179495
89	 5	 5	 1	 2.078001	 -1	 0.000000	 4.199219
90	 5	 5	 1	 7.780443	 -1	 0.000000	 9.196673
91	 5	 5	 1	 9.348154	 -1	 0.000000	 5.007174
92	 5	 5	 1	 15.122333	 -1	 0.000000	 6.158915
93	 5	 5	 1	 27.315043	 -1	 0.000000	 5.686722
94	 5	 5	 1	 6.898733	 -1	 0.000000	 3.279032
95	 5	 5	 1	 14.713608	 -1	 0.000000	 10.397337
96	 5	 5	 1	 6.872421	 -1	 0.000000	 6.266670
97	 5	 5	 1	 8.821935	 -1	 0.000000	 11.824516
98	 5	 5	 1	 5.485743	 -1	 0.000000	 6.155839
99	 5	 5	 1	 11.698478	 -1	 0.000000	 4.722472
100	 5	 5	 1	 6.364012	 -1	 0.000000	 6.398947
101	 5	 5	 1	 5.122015	 -1	 0.000000	 10.148129
102	 5	 5	 1	 7.351011	 -1	 0.000000	 13.306025
103	 5	 5	 1	 8.442403	 -1	 0.000000	 7.518057
104	 5	 5	 1	 6.759508	 -1	 0.000000	 9.406624
105	 5	 5	 1	 16.717209	 -1	 0.000000	 9.713471
106	 5	 5	 1	 5.759730	 -1	 0.000000	 5.367404
107	 5	 5	 1	 3.038889	 -1	 0.000000	 4.437045
108	 5	 5	 1	 6.094280	 -1	 0.000000	 5.906774
109	 5	 5	 1	 11.087358	 -1	 0.000000	 6.228304
110	 5	 5	 1	 2.421562	 -1	 0.000000	 7.190567
111	 5	 5	 1	 4.239221	 -1	 0.000000	 9.374773
112	 5	 5	 1	 6.767467	 -1	 0.000000	 4.848395
113	 5	 5	 1	 9.109030	 -1	 0.000000	 9.245849
114	 5	 5	 1	 16.135442	 -1	 0.000000	 4.702596
115	 5	 5	 1	 4.439502	 -1	 0.000000	 4.888932
116	 5	 5	 1	 6.613364	 -1	 0.000000	 6.422634
117	 5	 5	 1	 12.170869	 -1	 0.000000	 7.481978
118	 5	 5	 1	 6.244317	 -1	 0.000000	 11.801373
119	 5	 5	 1	 6.900976	 -1	 0.000000	 13.402394
120	 5	 5	 1	 14.886559	 -1	 0.000000	 8.562466
121	 5	 5	 1	 11.664871	 -1	 0.000000	 10.196702
122	 5	 5	 1	 9.681448	 -1	 0.000000	 5.212839
123	 5	 5	 1	 6.519385	 -1	 0.000000	 7.164484
124	 5	 5	 1	 15.625499	 -1	 0.000000	 5.624554
125	 5	 5	 1	 3.622744	 -1	 0.000000	 10.140343
126	 5	 5	 1	 8.873259	 -1	 0.000000	 5.328137
127	 5	 5	 1	 2.962497	 -1	 0.000000	 8.433797
128	 5	 5	 1	 2.603902	 -1	 0.000000	 6.620893
129	 5	 5	 1	 9.994712	 -1	 0.000000	 6.677042
130	 5	 5	 1	 4.700269	 -1	 0.000000	 7.773060
131	 5	 5	 1	 7.005752	 -1	 0.000000	 3.298949
132	 5	 5	 1	 3.734788	 -1	 0.000000	 6.631896
133	 5	 5	 1	 7.286025	 -1	 0.000000	 5.406188
134	 5	 5	 1	 3.416090	 -1	 0.000000	 5.367082
135	 5	 5	 1	 1.381350	 -1	 0.000000	 6.506562
136	 5	 5	 1	 2.637157	 -1	 0.000000	 4.248827
137	 5	 5	 1	 8.520149	 -1	 0.000000	 6.522336
138	 5	 5	 1	 13.341795	 -1	 0.000000	 4.069184
139	 5	 5	 1	 6.140498	 -1	 0.000000	 5.781272
140	 5	 5	 1	 6.282861	 -1	 0.000000	 7.445933
141	 5	 5	 1	 10.818805	 -1	 0.000000	 8.374969
142	 5	 5	 1	 7.088727	 -1	 0.000000	 11.537041
143	 5	 5	 1	 13.928247	 -1	 0.000000	 10.447297
144	 5	 5	 1	 6.729169	 -1	 0.000000	 4.731453
145	 5	 5	 1	 0.363973	 -1	 0.000000	 3.846345
146	 5	 5	 1	 9.316597	 -1	 0.000000	 8.356432
147	 5	 5	 1	 2.075292	 -1	 0.000000	 6.653069
148	 5	 5	 1	 17.923983	 -1	 0.000000	 6.297155
149	 5	 5	 1	 4.780689	 -1	 0.000000	 6.746775
150	 5	 5	 1	 3.747280	 -1	 0.000000	 8.087325
151	 5	 5	 1	 3.939759	 -1	 0.000000	 5.586180
152	 5	 5	 1	 6.880661	 -1	 0.000000	 10.129706
153	 5	 5	 1	 4.124932	 -1	 0.000000	 6.069222
154	 5	 5	 1	 4.944785	 -1	 0.000000	 7.049611
155	 5	 5	 1	 5.533262	 -1	 0.000000	 8.964894
156	 5	 5	 1	 5.293087	 -1	 0.000000	 5.200612
157	 5	 5	 1	 10.268284	 -1	 0.000000	 7.862723
158	 5	 5	 1	 7.134859	 -1	 0.000000	 8.690330
159	 5	 5	 1	 4.798013	 -1	 0.000000	 5.905265
160	 5	 5	 1	 5.032514	 -1	 0.000000	 6.389937
161	 5	 5	 1	 3.403398	 -1	 0.000000	 5.551045
162	 5	 5	 1	 2.709601	 -1	 0.000000	 6.684278
163	 5	 5	 1	 33.013911	 -1	 0.000000	 4.500449
164	 5	 5	 1	 4.684055	 -1	 0.000000	 9.418149
165	 5	 5	 1	 9.594942	 -1	 0.000000	 7.849220
166	 5	 5	 1	 18.016278	 -1	 0.000000	 7.780174
167	 5	 5	 1	 4.197125	 -1	 0.000000	 3.584757
168	 5	 5	 1	 7.559085	 -1	 0.000000	 6.229686
169	 5	 5	 1	 4.112898	 -1	 0.000000	 7.377493
170	 5	 5	 1	 11.719219	 -1	 0.000000	 4.257067
>>> gr_fir_ccf: using E
>>> gr_fir_fff: using E
gr_buffer::allocate_buffer: warning: tried to allocate
   19 items of size 3312. Due to alignment requirements
   256 were allocated.  If this isn't OK, consider padding
   your structure to a power-of-two bytes.
   On this platform, our allocation granularity is 4096 bytes.
130	 5	 5	 1	 9.628518	 -1	 0.000000	 4.463752
131	 5	 5	 1	 5.767116	 -1	 0.000000	 9.191813
132	 5	 5	 1	 5.807174	 -1	 0.000000	 3.955760
133	 5	 5	 1	 1.824797	 -1	 0.000000	 6.155145
134	 5	 5	 1	 7.441819	 -1	 0.000000	 5.610983
135	 5	 5	 1	 5.192168	 -1	 0.000000	 8.720212
136	 5	 5	 1	 7.297445	 -1	 0.000000	 6.828588
137	 5	 5	 1	 8.431623	 -1	 0.000000	 8.893682
138	 5	 5	 1	 1.700914	 -1	 0.000000	 9.193367
139	 5	 5	 1	 3.428443	 -1	 0.000000	 11.676165
140	 5	 5	 1	 3.768715	 -1	 0.000000	 5.488413
141	 5	 5	 1	 8.888120	 -1	 0.000000	 6.355467
142	 5	 5	 1	 3.732146	 -1	 0.000000	 4.738862
143	 5	 5	 1	 5.445768	 -1	 0.000000	 9.605409
144	 5	 5	 1	 7.241046	 -1	 0.000000	 11.242489
145	 5	 5	 1	 2.981807	 -1	 0.000000	 6.436685
146	 5	 5	 1	 0.250491	 -1	 0.000000	 5.495922
147	 5	 5	 1	 3.809496	 -1	 0.000000	 4.898651
148	 5	 5	 1	 12.151839	 -1	 0.000000	 7.111660
149	 5	 5	 1	 0.983709	 -1	 0.000000	 6.775253
150	 5	 5	 1	 3.671096	 -1	 0.000000	 5.172490
151	 5	 5	 1	 1.901944	 -1	 0.000000	 5.536022
152	 5	 5	 1	 4.167078	 -1	 0.000000	 4.963571
153	 5	 5	 1	 0.305765	 -1	 0.000000	 9.737054
154	 5	 5	 1	 4.098489	 -1	 0.000000	 8.366717
155	 5	 5	 1	 6.387999	 -1	 0.000000	 6.293467
156	 5	 5	 1	 2.760444	 -1	 0.000000	 6.169891
157	 5	 5	 1	 0.847174	 -1	 0.000000	 8.318727
158	 5	 5	 1	 5.813104	 -1	 0.000000	 11.891791
159	 5	 5	 1	 5.729282	 -1	 0.000000	 3.970186
160	 5	 5	 1	 6.719601	 -1	 0.000000	 6.731471
161	 5	 5	 1	 4.475588	 -1	 0.000000	 13.508337
162	 5	 5	 1	 2.524917	 -1	 0.000000	 7.689462
163	 5	 5	 1	 0.369621	 -1	 0.000000	 8.274082
164	 5	 5	 1	 6.304772	 -1	 0.000000	 5.300721
165	 5	 5	 1	 13.096775	 -1	 0.000000	 6.484437
166	 5	 5	 1	 5.648698	 -1	 0.000000	 9.657822
167	 5	 5	 1	 2.045719	 -1	 0.000000	 8.853218
168	 5	 5	 1	 2.633920	 -1	 0.000000	 12.123866
169	 5	 5	 1	 2.857105	 -1	 0.000000	 5.895765
170	 5	 5	 1	 3.073553	 -1	 0.000000	 4.772188
171	 5	 5	 1	 15.869499	 -1	 0.000000	 9.723618
172	 5	 5	 1	 11.909626	 -1	 0.000000	 5.995819
173	 5	 5	 1	 1.790795	 -1	 0.000000	 7.228076
174	 5	 5	 1	 7.655670	 -1	 0.000000	 6.166892
175	 5	 5	 1	 6.592287	 -1	 0.000000	 7.818908
176	 5	 5	 1	 5.308097	 -1	 0.000000	 13.655770
177	 5	 5	 1	 2.478310	 -1	 0.000000	 8.790942
178	 5	 5	 1	 8.634935	 -1	 0.000000	 7.496582
179	 5	 5	 1	 7.364131	 -1	 0.000000	 6.535382
180	 5	 5	 1	 1.676976	 -1	 0.000000	 6.915367
181	 5	 5	 1	 0.621617	 -1	 0.000000	 6.227370
182	 5	 5	 1	 3.057080	 -1	 0.000000	 11.545453
183	 5	 5	 1	 5.482555	 -1	 0.000000	 4.938164
184	 5	 5	 1	 0.651585	 -1	 0.000000	 13.383731
185	 5	 5	 1	 1.637339	 -1	 0.000000	 4.426054
186	 5	 5	 1	 0.814060	 -1	 0.000000	 8.117573
187	 5	 5	 1	 5.247084	 -1	 0.000000	 7.625157
188	 5	 5	 1	 2.985502	 -1	 0.000000	 7.028300
189	 5	 5	 1	 1.203437	 -1	 0.000000	 5.396506
190	 5	 5	 1	 1.677573	 -1	 0.000000	 7.423895
191	 5	 5	 1	 2.895174	 -1	 0.000000	 7.696403
192	 5	 5	 1	 5.763487	 -1	 0.000000	 5.465911
193	 5	 5	 1	 8.822191	 -1	 0.000000	 6.167487
194	 5	 5	 1	 3.465724	 -1	 0.000000	 9.030317
195	 5	 5	 1	 6.930110	 -1	 0.000000	 11.236839
196	 5	 5	 1	 5.813820	 -1	 0.000000	 5.698680
197	 5	 5	 1	 11.987374	 -1	 0.000000	 6.177701
198	 5	 5	 1	 7.096786	 -1	 0.000000	 8.908219
199	 5	 5	 1	 2.496464	 -1	 0.000000	 11.595129
200	 5	 5	 1	 1.980124	 -1	 0.000000	 6.817301
201	 5	 5	 1	 9.735308	 -1	 0.000000	 5.167425
202	 5	 5	 1	 8.200827	 -1	 0.000000	 9.639085
203	 5	 5	 1	 5.300641	 -1	 0.000000	 6.038508
204	 5	 5	 1	 11.711788	 -1	 0.000000	 6.704013
205	 5	 5	 1	 3.446234	 -1	 0.000000	 7.225215
206	 5	 5	 1	 9.536338	 -1	 0.000000	 4.661204
207	 5	 5	 1	 6.474252	 -1	 0.000000	 8.759172
208	 5	 5	 1	 4.755863	 -1	 0.000000	 9.164497
209	 5	 5	 1	 1.639712	 -1	 0.000000	 7.049782
>>> gr_fir_ccf: using E
>>> gr_fir_fff: using E
gr_buffer::allocate_buffer: warning: tried to allocate
   19 items of size 3312. Due to alignment requirements
   256 were allocated.  If this isn't OK, consider padding
   your structure to a power-of-two bytes.
   On this platform, our allocation granularity is 4096 bytes.
>>> gr_fir_ccf: using E
>>> gr_fir_fff: using E
gr_buffer::allocate_buffer: warning: tried to allocate
   19 items of size 3312. Due to alignment requirements
   256 were allocated.  If this isn't OK, consider padding
   your structure to a power-of-two bytes.
   On this platform, our allocation granularity is 4096 bytes.
>>> gr_fir_ccf: using E
>>> gr_fir_fff: using E
gr_buffer::allocate_buffer: warning: tried to allocate
   19 items of size 3312. Due to alignment requirements
   256 were allocated.  If this isn't OK, consider padding
   your structure to a power-of-two bytes.
   On this platform, our allocation granularity is 4096 bytes.
150	 9	 9	 0	 282.261549	 -1	 0.000000	 7.074005
151	 9	 9	 0	 365.247948	 -1	 0.000000	 5.539830
152	 9	 9	 0	 382.655105	 -1	 0.000000	 12.090130
153	 9	 9	 0	 368.473887	 -1	 0.000000	 9.227914
154	 9	 9	 0	 362.830739	 -1	 0.000000	 9.921942
155	 9	 9	 0	 341.369513	 -1	 0.000000	 14.622138
156	 9	 9	 0	 314.147089	 -1	 0.000000	 9.193961
157	 9	 9	 0	 378.567498	 -1	 0.000000	 7.807204
158	 9	 9	 0	 311.298594	 -1	 0.000000	 7.491803
159	 9	 9	 0	 384.874939	 -1	 0.000000	 9.792665
160	 9	 9	 0	 345.047250	 -1	 0.000000	 10.884684
161	 9	 9	 0	 275.767343	 -1	 0.000000	 11.593879
162	 9	 9	 0	 336.411549	 -1	 0.000000	 4.199669
163	 9	 9	 0	 411.506657	 -1	 0.000000	 6.374207
164	 9	 9	 0	 396.996904	 -1	 0.000000	 5.835625
165	 9	 9	 1	 275.839866	 -1	 0.000000	 9.405169
166	 9	 9	 0	 346.488096	 -1	 0.000000	 6.160339
167	 9	 9	 0	 369.668967	 -1	 0.000000	 5.980201
168	 9	 9	 0	 328.089908	 -1	 0.000000	 5.789506
169	 9	 9	 0	 352.188808	 -1	 0.000000	 8.886724
170	 9	 9	 0	 346.209897	 -1	 0.000000	 10.524951
171	 9	 9	 0	 306.769562	 -1	 0.000000	 5.557461
172	 9	 9	 0	 303.109949	 -1	 0.000000	 5.672159
173	 9	 9	 0	 358.799343	 -1	 0.000000	 6.185696
174	 9	 9	 0	 305.489641	 -1	 0.000000	 10.501228
175	 9	 9	 0	 296.426438	 -1	 0.000000	 5.561121
176	 9	 9	 0	 330.148433	 -1	 0.000000	 4.502788
177	 9	 9	 0	 366.741980	 -1	 0.000000	 5.669419
178	 9	 9	 0	 289.426477	 -1	 0.000000	 10.104222
179	 9	 9	 1	 335.829453	 -1	 0.000000	 5.134291
180	 9	 9	 0	 298.806083	 -1	 0.000000	 4.283685
181	 9	 9	 0	 366.729816	 -1	 0.000000	 9.444747
182	 9	 9	 0	 358.677163	 -1	 0.000000	 7.405453
183	 9	 9	 0	 320.343902	 -1	 0.000000	 6.136673
184	 9	 9	 0	 438.146731	 -1	 0.000000	 4.123945
185	 9	 9	 0	 384.658947	 -1	 0.000000	 4.617066
186	 9	 9	 0	 314.746190	 -1	 0.000000	 13.214218
187	 9	 9	 0	 334.307448	 -1	 0.000000	 7.132946
188	 9	 9	 0	 338.721394	 -1	 0.000000	 6.396105
189	 9	 9	 0	 323.336406	 -1	 0.000000	 5.916761
190	 9	 9	 0	 376.535370	 -1	 0.000000	 4.944250
191	 9	 9	 0	 280.308247	 -1	 0.000000	 13.539559
192	 9	 9	 0	 350.143472	 -1	 0.000000	 6.316146
193	 9	 9	 0	 412.834514	 -1	 0.000000	 6.157863
194	 9	 9	 0	 280.225978	 -1	 0.000000	 8.046787
195	 9	 9	 0	 390.674633	 -1	 0.000000	 6.372224
196	 9	 9	 1	 281.043978	 -1	 0.000000	 5.571694
197	 9	 9	 0	 411.796759	 -1	 0.000000	 4.963377
198	 9	 9	 0	 321.333468	 -1	 0.000000	 4.188382
199	 9	 9	 0	 310.342318	 -1	 0.000000	 6.768146
200	 9	 9	 0	 295.590498	 -1	 0.000000	 8.182861
201	 9	 9	 0	 336.995218	 -1	 0.000000	 8.836243
202	 9	 9	 0	 340.204154	 -1	 0.000000	 4.679536
203	 9	 9	 0	 351.016961	 -1	 0.000000	 6.315056
204	 9	 9	 0	 300.513592	 -1	 0.000000	 7.630934
205	 9	 9	 0	 297.982799	 -1	 0.000000	 4.821074
206	 9	 9	 0	 373.895561	 -1	 0.000000	 9.983829
207	 9	 9	 0	 334.365285	 -1	 0.000000	 6.510793
208	 9	 9	 0	 305.733895	 -1	 0.000000	 10.082641
209	 9	 9	 0	 349.822507	 -1	 0.000000	 5.326630
210	 9	 9	 0	 338.635415	 -1	 0.000000	 7.314457
211	 9	 9	 1	 311.974444	 -1	 0.000000	 6.764469
212	 9	 9	 0	 352.959955	 -1	 0.000000	 5.080404
213	 9	 9	 0	 383.431999	 -1	 0.000000	 8.067369
214	 9	 9	 0	 371.289272	 -1	 0.000000	 5.819635
215	 9	 9	 0	 372.438280	 -1	 0.000000	 4.699675
216	 9	 9	 0	 388.672526	 -1	 0.000000	 13.157579
217	 9	 9	 0	 451.796405	 -1	 0.000000	 5.685007
218	 9	 9	 0	 358.323884	 -1	 0.000000	 6.990023
219	 9	 9	 0	 310.185267	 -1	 0.000000	 6.071253
220	 9	 9	 0	 307.155610	 -1	 0.000000	 6.993323
221	 9	 9	 0	 407.434594	 -1	 0.000000	 4.682318
222	 9	 9	 0	 389.047119	 -1	 0.000000	 6.142715
223	 9	 9	 1	 280.032491	 -1	 0.000000	 5.330295
224	 9	 9	 0	 293.168587	 -1	 0.000000	 6.241267
225	 9	 9	 0	 306.774918	 -1	 0.000000	 6.344839
226	 9	 9	 0	 432.374419	 -1	 0.000000	 13.636906
227	 9	 9	 0	 382.884299	 -1	 0.000000	 7.468184
228	 9	 9	 0	 311.998729	 -1	 0.000000	 9.373313
229	 9	 9	 0	 286.906187	 -1	 0.000000	 6.065681
230	 9	 9	 0	 388.810643	 -1	 0.000000	 5.365105
231	 9	 9	 0	 300.629545	 -1	 0.000000	 7.133482
232	 9	 9	 0	 372.857924	 -1	 0.000000	 8.543070
233	 9	 9	 1	 272.673697	 -1	 0.000000	 6.124465
234	 9	 9	 0	 319.950899	 -1	 0.000000	 6.215063
235	 9	 9	 0	 420.521002	 -1	 0.000000	 8.996329
236	 9	 9	 0	 381.927593	 -1	 0.000000	 6.467910
237	 9	 9	 0	 312.594833	 -1	 0.000000	 10.907362
238	 9	 9	 0	 373.828126	 -1	 0.000000	 8.097745
239	 9	 9	 0	 375.368135	 -1	 0.000000	 6.236168
240	 9	 9	 0	 342.083812	 -1	 0.000000	 5.583516
241	 9	 9	 1	 272.973942	 -1	 0.000000	 8.876240
242	 9	 9	 0	 370.847258	 -1	 0.000000	 9.048758
243	 9	 9	 1	 293.183322	 -1	 0.000000	 6.242159
244	 9	 9	 0	 431.889372	 -1	 0.000000	 5.417417
245	 9	 9	 0	 302.428619	 -1	 0.000000	 5.954814
246	 9	 9	 1	 267.404019	 -1	 0.000000	 6.227415
247	 9	 9	 0	 382.050795	 -1	 0.000000	 6.725854
248	 9	 9	 0	 332.568253	 -1	 0.000000	 7.453665
249	 9	 9	 0	 346.727799	 -1	 0.000000	 4.876386
250	 9	 9	 0	 398.729603	 -1	 0.000000	 11.904429
251	 9	 9	 0	 372.537685	 -1	 0.000000	 5.602617
252	 9	 9	 0	 298.081508	 -1	 0.000000	 8.840242
253	 9	 9	 0	 363.853515	 -1	 0.000000	 7.026789
254	 9	 9	 0	 300.768692	 -1	 0.000000	 10.173732
255	 9	 9	 0	 398.393072	 -1	 0.000000	 7.208795
256	 9	 9	 0	 375.534834	 -1	 0.000000	 6.382308
257	 9	 9	 0	 336.332755	 -1	 0.000000	 5.129763
258	 9	 9	 0	 376.575711	 -1	 0.000000	 4.976935
259	 9	 9	 0	 353.948358	 -1	 0.000000	 7.623813
260	 9	 9	 0	 402.287313	 -1	 0.000000	 12.764058
261	 9	 9	 0	 365.666682	 -1	 0.000000	 5.557868
262	 9	 9	 0	 288.759220	 -1	 0.000000	 9.803105
263	 9	 9	 0	 382.245929	 -1	 0.000000	 7.714146
264	 9	 9	 0	 334.712048	 -1	 0.000000	 5.422862
265	 9	 9	 0	 383.920264	 -1	 0.000000	 9.305787
>>> gr_fir_ccf: using E
>>> gr_fir_fff: using E
gr_buffer::allocate_buffer: warning: tried to allocate
   19 items of size 3312. Due to alignment requirements
   256 were allocated.  If this isn't OK, consider padding
   your structure to a power-of-two bytes.
   On this platform, our allocation granularity is 4096 bytes.
176	 9	 9	 0	 343.395231	 -1	 0.000000	 8.665852
177	 9	 9	 0	 357.062035	 -1	 0.000000	 6.758322
178	 9	 9	 0	 321.277610	 -1	 0.000000	 5.223639
179	 9	 9	 0	 422.309717	 -1	 0.000000	 3.474920
180	 9	 9	 0	 303.486953	 -1	 0.000000	 5.078400
181	 9	 9	 0	 389.714614	 -1	 0.000000	 6.600923
182	 9	 9	 0	 282.314863	 -1	 0.000000	 6.539608
183	 9	 9	 0	 297.766844	 -1	 0.000000	 5.512985
184	 9	 9	 0	 444.517060	 -1	 0.000000	 7.513479
185	 9	 9	 0	 296.474123	 -1	 0.000000	 9.440054
186	 9	 9	 0	 261.951606	 -1	 0.000000	 5.463394
187	 9	 9	 0	 385.334086	 -1	 0.000000	 6.261222
188	 9	 9	 0	 403.047307	 -1	 0.000000	 9.093342
189	 9	 9	 0	 293.320736	 -1	 0.000000	 6.824722
190	 9	 9	 0	 413.729417	 -1	 0.000000	 7.388094
191	 9	 9	 0	 287.994212	 -1	 0.000000	 7.832654
192	 9	 9	 0	 325.265911	 -1	 0.000000	 18.083830
193	 9	 9	 0	 425.687142	 -1	 0.000000	 5.135396
194	 9	 9	 0	 335.870174	 -1	 0.000000	 8.596424
195	 9	 9	 0	 395.983471	 -1	 0.000000	 4.962708
196	 9	 9	 0	 378.040711	 -1	 0.000000	 6.291711
197	 9	 9	 0	 323.074847	 -1	 0.000000	 10.907532
198	 9	 9	 0	 387.294169	 -1	 0.000000	 4.367757
199	 9	 9	 0	 386.129695	 -1	 0.000000	 8.313481
200	 9	 9	 0	 374.308224	 -1	 0.000000	 5.930676
201	 9	 9	 0	 311.782082	 -1	 0.000000	 6.281692
202	 9	 9	 0	 281.590795	 -1	 0.000000	 9.122893
203	 9	 9	 0	 292.724270	 -1	 0.000000	 6.075005
204	 9	 9	 0	 290.573392	 -1	 0.000000	 5.906377
205	 9	 9	 0	 250.377626	 -1	 0.000000	 6.808047
206	 9	 9	 0	 436.437662	 -1	 0.000000	 8.632225
207	 9	 9	 0	 343.408808	 -1	 0.000000	 10.391470
208	 9	 9	 0	 332.567542	 -1	 0.000000	 6.338306
209	 9	 9	 0	 395.855322	 -1	 0.000000	 4.975325
210	 9	 9	 0	 263.135711	 -1	 0.000000	 4.752851
211	 9	 9	 0	 309.098005	 -1	 0.000000	 4.042501
212	 9	 9	 0	 388.047150	 -1	 0.000000	 11.538655
213	 9	 9	 0	 372.838308	 -1	 0.000000	 12.868042
214	 9	 9	 0	 389.261167	 -1	 0.000000	 5.966372
215	 9	 9	 0	 333.188485	 -1	 0.000000	 9.214740
216	 9	 9	 0	 404.696378	 -1	 0.000000	 5.612689
217	 9	 9	 0	 385.299326	 -1	 0.000000	 4.333769
218	 9	 9	 0	 404.107663	 -1	 0.000000	 7.826875
219	 9	 9	 0	 418.254325	 -1	 0.000000	 6.365122
220	 9	 9	 0	 291.496344	 -1	 0.000000	 9.681427
221	 9	 9	 0	 295.229597	 -1	 0.000000	 7.688747
222	 9	 9	 0	 364.360633	 -1	 0.000000	 6.039130
223	 9	 9	 0	 413.289252	 -1	 0.000000	 7.234886
224	 9	 9	 1	 288.528017	 -1	 0.000000	 7.687836
225	 9	 9	 0	 346.935904	 -1	 0.000000	 9.553591
226	 9	 9	 0	 417.439408	 -1	 0.000000	 10.569749
227	 9	 9	 0	 350.090017	 -1	 0.000000	 6.466349
228	 9	 9	 0	 376.767289	 -1	 0.000000	 5.380126
229	 9	 9	 0	 374.525323	 -1	 0.000000	 5.613564
230	 9	 9	 0	 298.387878	 -1	 0.000000	 8.838296
231	 9	 9	 0	 382.405397	 -1	 0.000000	 6.778966
232	 9	 9	 0	 315.025730	 -1	 0.000000	 5.773119
233	 9	 9	 0	 389.881338	 -1	 0.000000	 6.371161
234	 9	 9	 0	 309.179922	 -1	 0.000000	 4.824852
235	 9	 9	 0	 302.407521	 -1	 0.000000	 7.428401
236	 9	 9	 0	 319.032360	 -1	 0.000000	 5.684246
237	 9	 9	 0	 426.850583	 -1	 0.000000	 4.137557
238	 9	 9	 0	 418.681090	 -1	 0.000000	 7.706815
239	 9	 9	 0	 370.727009	 -1	 0.000000	 4.724668
240	 9	 9	 0	 366.107637	 -1	 0.000000	 8.526095
241	 9	 9	 0	 368.325162	 -1	 0.000000	 3.891038
242	 9	 9	 0	 331.258427	 -1	 0.000000	 4.880597
243	 9	 9	 0	 330.702209	 -1	 0.000000	 8.121187
244	 9	 9	 0	 316.446604	 -1	 0.000000	 5.569781
245	 9	 9	 0	 320.811804	 -1	 0.000000	 5.408896
246	 9	 9	 1	 311.185550	 -1	 0.000000	 6.299780
247	 9	 9	 0	 345.986070	 -1	 0.000000	 12.685957
248	 9	 9	 0	 260.015437	 -1	 0.000000	 10.453690
249	 9	 9	 0	 385.693132	 -1	 0.000000	 4.810425
250	 9	 9	 0	 381.768881	 -1	 0.000000	 7.527876
251	 9	 9	 1	 293.293895	 -1	 0.000000	 6.064190
252	 9	 9	 0	 319.225391	 -1	 0.000000	 9.200029
>>> gr_fir_ccf: using E
>>> gr_fir_fff: using E
gr_buffer::allocate_buffer: warning: tried to allocate
   19 items of size 3312. Due to alignment requirements
   256 were allocated.  If this isn't OK, consider padding
   your structure to a power-of-two bytes.
   On this platform, our allocation granularity is 4096 bytes.
155	 11	 11	 0	 421.783053	 -1	 0.000000	 6.216429
156	 11	 11	 0	 426.429900	 -1	 0.000000	 13.869973
157	 11	 11	 0	 403.276578	 -1	 0.000000	 10.452223
158	 11	 11	 0	 457.632953	 -1	 0.000000	 13.358555
159	 11	 11	 0	 410.753927	 -1	 0.000000	 12.865877
160	 11	 11	 0	 412.262112	 -1	 0.000000	 5.758960
161	 11	 11	 0	 441.588437	 -1	 0.000000	 3.948782
162	 11	 11	 0	 444.010491	 -1	 0.000000	 4.401388
163	 11	 11	 0	 407.496537	 -1	 0.000000	 10.816294
164	 11	 11	 0	 397.763753	 -1	 0.000000	 5.819276
165	 11	 11	 0	 431.294147	 -1	 0.000000	 8.441030
166	 11	 11	 0	 354.309443	 -1	 0.000000	 8.273410
167	 11	 11	 0	 428.061086	 -1	 0.000000	 12.542222
168	 11	 11	 0	 440.261532	 -1	 0.000000	 7.668214
169	 11	 11	 0	 419.393976	 -1	 0.000000	 7.709994
170	 11	 11	 0	 447.204983	 -1	 0.000000	 4.349025
171	 11	 11	 0	 446.948047	 -1	 0.000000	 4.999842
172	 11	 11	 0	 437.529589	 -1	 0.000000	 6.659509
173	 11	 11	 0	 377.838178	 -1	 0.000000	 8.165734
174	 11	 11	 0	 422.101575	 -1	 0.000000	 4.493391
175	 11	 11	 0	 434.386192	 -1	 0.000000	 8.910206
176	 11	 11	 0	 425.394433	 -1	 0.000000	 6.368629
177	 11	 11	 0	 428.436531	 -1	 0.000000	 8.092801
178	 11	 11	 0	 430.980752	 -1	 0.000000	 5.683755
179	 11	 11	 0	 394.281782	 -1	 0.000000	 7.639912
180	 11	 11	 0	 416.602108	 -1	 0.000000	 6.481279
181	 11	 11	 0	 419.570611	 -1	 0.000000	 6.505360
182	 11	 11	 0	 428.113590	 -1	 0.000000	 7.062337
183	 11	 11	 0	 433.058440	 -1	 0.000000	 8.028922
184	 11	 11	 0	 380.029421	 -1	 0.000000	 4.677193
185	 11	 11	 0	 415.637082	 -1	 0.000000	 7.283842
186	 11	 11	 0	 400.845870	 -1	 0.000000	 5.397795
187	 11	 11	 0	 421.845878	 -1	 0.000000	 4.448673
188	 11	 11	 0	 455.083306	 -1	 0.000000	 7.196384
189	 11	 11	 0	 445.685693	 -1	 0.000000	 9.487226
190	 11	 11	 0	 426.926198	 -1	 0.000000	 7.808856
191	 11	 11	 0	 408.926888	 -1	 0.000000	 11.706975
192	 11	 11	 0	 445.936931	 -1	 0.000000	 7.871999
193	 11	 11	 0	 382.959837	 -1	 0.000000	 5.912283
194	 11	 11	 0	 417.723275	 -1	 0.000000	 8.286331
195	 11	 11	 0	 415.724628	 -1	 0.000000	 6.196438
196	 11	 11	 0	 447.115147	 -1	 0.000000	 6.310406
197	 11	 11	 0	 397.121565	 -1	 0.000000	 12.005899
198	 11	 11	 0	 391.468401	 -1	 0.000000	 10.723395
199	 11	 11	 0	 370.450343	 -1	 0.000000	 4.719771
200	 11	 11	 0	 440.911828	 -1	 0.000000	 4.892697
201	 11	 11	 0	 448.918293	 -1	 0.000000	 8.174198
202	 11	 11	 0	 426.123259	 -1	 0.000000	 5.592697
203	 11	 11	 0	 340.729997	 -1	 0.000000	 4.823739
204	 11	 11	 0	 430.745442	 -1	 0.000000	 4.927574
205	 11	 11	 0	 451.270309	 -1	 0.000000	 6.214794
206	 11	 11	 0	 432.803679	 -1	 0.000000	 6.481525
207	 11	 11	 0	 439.359640	 -1	 0.000000	 5.449366
208	 11	 11	 0	 447.231019	 -1	 0.000000	 6.719285
209	 11	 11	 0	 439.191487	 -1	 0.000000	 3.696637
210	 11	 11	 0	 428.493564	 -1	 0.000000	 8.255723
211	 11	 11	 0	 429.463021	 -1	 0.000000	 6.475947
212	 11	 11	 0	 444.005037	 -1	 0.000000	 9.125713
213	 11	 11	 0	 366.568347	 -1	 0.000000	 6.263622
214	 11	 11	 0	 444.830651	 -1	 0.000000	 5.520876
215	 11	 11	 0	 412.573958	 -1	 0.000000	 6.427990
216	 11	 11	 0	 451.852727	 -1	 0.000000	 5.430850
217	 11	 11	 0	 413.475904	 -1	 0.000000	 5.979610
218	 11	 11	 0	 403.266781	 -1	 0.000000	 6.827597
219	 11	 11	 0	 439.670293	 -1	 0.000000	 10.254244
220	 11	 11	 0	 390.205173	 -1	 0.000000	 5.695601
221	 11	 11	 0	 442.381617	 -1	 0.000000	 8.423596
222	 11	 11	 0	 395.426684	 -1	 0.000000	 5.873316
223	 11	 11	 0	 416.796776	 -1	 0.000000	 5.141923
224	 11	 11	 0	 429.783967	 -1	 0.000000	 4.748892
225	 11	 11	 0	 443.630171	 -1	 0.000000	 4.751500
226	 11	 11	 1	 390.367629	 -1	 0.000000	 8.224399
227	 11	 11	 0	 419.981050	 -1	 0.000000	 5.369040
228	 11	 11	 0	 421.411864	 -1	 0.000000	 11.762815
229	 11	 11	 0	 415.547397	 -1	 0.000000	 6.610711
230	 11	 11	 0	 433.609896	 -1	 0.000000	 3.884154
231	 11	 11	 0	 426.552658	 -1	 0.000000	 8.346451
232	 11	 11	 0	 362.029887	 -1	 0.000000	 5.136570
233	 11	 11	 0	 439.340078	 -1	 0.000000	 5.926067
234	 11	 11	 0	 429.431737	 -1	 0.000000	 8.178977
235	 11	 11	 0	 428.095496	 -1	 0.000000	 7.942930
236	 11	 11	 0	 448.858734	 -1	 0.000000	 5.836533
237	 11	 11	 0	 440.266531	 -1	 0.000000	 4.601214
238	 11	 11	 0	 380.680335	 -1	 0.000000	 7.436607
239	 11	 11	 0	 437.795652	 -1	 0.000000	 4.160475
240	 11	 11	 0	 437.266748	 -1	 0.000000	 5.003574
241	 11	 11	 0	 443.622158	 -1	 0.000000	 8.140548
242	 11	 11	 0	 382.121059	 -1	 0.000000	 4.907140
243	 11	 11	 0	 409.610192	 -1	 0.000000	 4.118279
244	 11	 11	 0	 427.540712	 -1	 0.000000	 5.683245
245	 11	 11	 0	 407.639433	 -1	 0.000000	 6.861098
246	 11	 11	 0	 433.851525	 -1	 0.000000	 6.968636
247	 11	 11	 0	 423.850762	 -1	 0.000000	 8.216290
248	 11	 11	 0	 461.122987	 -1	 0.000000	 5.693473
249	 11	 11	 0	 423.734041	 -1	 0.000000	 8.364935
250	 11	 11	 0	 391.436836	 -1	 0.000000	 6.902990
251	 11	 11	 0	 415.637263	 -1	 0.000000	 5.448742
252	 11	 11	 0	 378.038739	 -1	 0.000000	 7.259210
253	 11	 11	 0	 416.511143	 -1	 0.000000	 6.252506
254	 11	 11	 0	 427.960241	 -1	 0.000000	 6.472694
255	 11	 11	 0	 445.763059	 -1	 0.000000	 11.938837
256	 11	 11	 0	 443.743650	 -1	 0.000000	 5.713848
257	 11	 11	 0	 442.707949	 -1	 0.000000	 5.733408
258	 11	 11	 0	 415.607198	 -1	 0.000000	 7.739203
259	 11	 11	 0	 472.599697	 -1	 0.000000	 7.451468
260	 11	 11	 0	 431.672153	 -1	 0.000000	 4.489547
261	 11	 11	 0	 454.258689	 -1	 0.000000	 4.173635
262	 11	 11	 0	 432.916329	 -1	 0.000000	 8.399818
263	 11	 11	 0	 414.006955	 -1	 0.000000	 7.275490
264	 11	 11	 0	 432.735897	 -1	 0.000000	 6.273650
265	 11	 11	 0	 436.859687	 -1	 0.000000	 9.820050
266	 11	 11	 0	 433.615637	 -1	 0.000000	 6.379538
267	 11	 11	 0	 369.993140	 -1	 0.000000	 6.281973
268	 11	 11	 0	 405.107871	 -1	 0.000000	 7.138317
269	 11	 11	 0	 422.108580	 -1	 0.000000	 11.443914
270	 11	 11	 0	 433.404055	 -1	 0.000000	 13.347631
271	 11	 11	 0	 409.853774	 -1	 0.000000	 6.035745
272	 11	 11	 0	 439.635943	 -1	 0.000000	 5.382346
273	 11	 11	 0	 433.565261	 -1	 0.000000	 7.161108
274	 11	 11	 0	 443.396422	 -1	 0.000000	 11.263162
275	 11	 11	 0	 425.993005	 -1	 0.000000	 8.415234
276	 11	 11	 0	 435.292090	 -1	 0.000000	 5.018859
277	 11	 11	 0	 446.468509	 -1	 0.000000	 6.495097
278	 11	 11	 0	 364.357340	 -1	 0.000000	 8.521411
279	 11	 11	 0	 424.857599	 -1	 0.000000	 4.594340
280	 11	 11	 0	 439.300423	 -1	 0.000000	 5.365894
281	 11	 11	 0	 354.656640	 -1	 0.000000	 5.421331
282	 11	 11	 0	 434.053069	 -1	 0.000000	 4.940677
283	 11	 11	 0	 428.389718	 -1	 0.000000	 6.777097
284	 11	 11	 0	 424.360481	 -1	 0.000000	 8.206473
285	 11	 11	 0	 387.545708	 -1	 0.000000	 8.604927
286	 11	 11	 0	 444.369650	 -1	 0.000000	 6.938426
287	 11	 11	 0	 431.712239	 -1	 0.000000	 6.827951
288	 11	 11	 0	 420.393172	 -1	 0.000000	 4.275829
289	 11	 11	 0	 386.532054	 -1	 0.000000	 4.714724
290	 11	 11	 0	 384.751452	 -1	 0.000000	 12.574770
291	 11	 11	 0	 441.300646	 -1	 0.000000	 4.480631
292	 11	 11	 0	 430.394853	 -1	 0.000000	 5.744579
293	 11	 11	 0	 413.765133	 -1	 0.000000	 5.754253
294	 11	 11	 0	 448.123422	 -1	 0.000000	 7.461372
295	 11	 11	 0	 402.911627	 -1	 0.000000	 6.582315
296	 11	 11	 0	 405.200892	 -1	 0.000000	 4.753112
297	 11	 11	 0	 456.788064	 -1	 0.000000	 5.038141
298	 11	 11	 0	 409.879771	 -1	 0.000000	 14.835402
299	 11	 11	 0	 437.759296	 -1	 0.000000	 7.068172
300	 11	 11	 0	 451.030742	 -1	 0.000000	 4.490259
301	 11	 11	 0	 428.938497	 -1	 0.000000	 4.485342
302	 11	 11	 0	 450.378814	 -1	 0.000000	 7.192097
303	 11	 11	 0	 385.068099	 -1	 0.000000	 6.178325
304	 11	 11	 0	 333.628357	 -1	 0.000000	 6.006575
305	 11	 11	 0	 414.064509	 -1	 0.000000	 6.479336
306	 11	 11	 0	 439.366659	 -1	 0.000000	 4.795734
307	 11	 11	 0	 376.551455	 -1	 0.000000	 6.814977
308	 11	 11	 0	 424.953303	 -1	 0.000000	 6.772259
309	 11	 11	 0	 448.983471	 -1	 0.000000	 5.584995
310	 11	 11	 0	 416.425009	 -1	 0.000000	 7.230352
311	 11	 11	 0	 435.808539	 -1	 0.000000	 7.741451
312	 11	 11	 0	 427.827538	 -1	 0.000000	 7.905955
313	 11	 11	 0	 403.349777	 -1	 0.000000	 4.488306
316	 11	 11	 0	 432.143726	 -1	 0.000000	 4.291401
319	 11	 11	 0	 396.887850	 -1	 0.000000	 6.858475
320	 11	 11	 0	 404.427508	 -1	 0.000000	 5.860582
321	 11	 11	 0	 419.662607	 -1	 0.000000	 5.955112
>>> gr_fir_ccf: using E
>>> gr_fir_fff: using E
gr_buffer::allocate_buffer: warning: tried to allocate
   19 items of size 3312. Due to alignment requirements
   256 were allocated.  If this isn't OK, consider padding
   your structure to a power-of-two bytes.
   On this platform, our allocation granularity is 4096 bytes.
>>> gr_fir_ccf: using E
>>> gr_fir_fff: using E
gr_buffer::allocate_buffer: warning: tried to allocate
   19 items of size 3312. Due to alignment requirements
   256 were allocated.  If this isn't OK, consider padding
   your structure to a power-of-two bytes.
   On this platform, our allocation granularity is 4096 bytes.
>>> gr_fir_ccf: using E
>>> gr_fir_fff: using E
gr_buffer::allocate_buffer: warning: tried to allocate
   19 items of size 3312. Due to alignment requirements
   256 were allocated.  If this isn't OK, consider padding
   your structure to a power-of-two bytes.