>>> gr_fir_ccf: using E
>>> gr_fir_fff: using E
gr_buffer::allocate_buffer: warning: tried to allocate
   19 items of size 3312. Due to alignment requirements
   256 were allocated.  If this isn't OK, consider padding
   your structure to a power-of-two bytes.
   On this platform, our allocation granularity is 4096 bytes.
70	 13	 13	 1	 0.000299	 -1	 0.000000	 4.521855
71	 13	 13	 1	 0.000157	 -1	 0.000000	 4.360690
72	 13	 13	 1	 0.004424	 -1	 0.000000	 7.145205
73	 13	 13	 1	 0.000486	 -1	 0.000000	 5.056970
74	 13	 13	 1	 0.000974	 -1	 0.000000	 8.413222
75	 13	 13	 1	 0.000515	 -1	 0.000000	 5.723380
76	 13	 13	 1	 0.077833	 -1	 0.000000	 4.668736
77	 13	 13	 1	 0.001498	 -1	 0.000000	 8.674924
78	 13	 13	 1	 0.027499	 -1	 0.000000	 6.314307
79	 13	 13	 1	 0.000412	 -1	 0.000000	 4.827841
80	 13	 13	 1	 0.014024	 -1	 0.000000	 4.103955
81	 13	 13	 1	 0.000337	 -1	 0.000000	 3.348825
82	 13	 13	 1	 0.032164	 -1	 0.000000	 9.432637
83	 13	 13	 1	 0.032911	 -1	 0.000000	 5.285526
84	 13	 13	 1	 0.017114	 -1	 0.000000	 3.091767
85	 13	 13	 1	 0.003329	 -1	 0.000000	 5.036831
356	 13	 13	 1	 0.304561	 -1	 0.000000	 9.930534
357	 13	 13	 1	 0.022814	 -1	 0.000000	 7.288013
358	 13	 13	 1	 0.021707	 -1	 0.000000	 4.124066
359	 13	 13	 1	 0.029603	 -1	 0.000000	 6.916146
360	 13	 13	 1	 0.258733	 -1	 0.000000	 7.638820
361	 13	 13	 1	 0.048548	 -1	 0.000000	 5.549509
362	 13	 13	 1	 1.628059	 -1	 0.000000	 6.266139
363	 13	 13	 1	 1.000910	 -1	 0.000000	 6.336647
364	 13	 13	 1	 0.092498	 -1	 0.000000	 7.380082
365	 13	 13	 1	 0.026067	 -1	 0.000000	 16.547823
366	 13	 13	 1	 0.269072	 -1	 0.000000	 6.172103
367	 13	 13	 1	 0.065131	 -1	 0.000000	 7.248281
368	 13	 13	 1	 0.002073	 -1	 0.000000	 6.902517
369	 13	 13	 1	 0.008033	 -1	 0.000000	 2.926206
370	 13	 13	 1	 0.574167	 -1	 0.000000	 5.425823
371	 13	 13	 1	 0.008577	 -1	 0.000000	 5.181406
372	 13	 13	 1	 0.002875	 -1	 0.000000	 5.431638
373	 13	 13	 1	 0.212041	 -1	 0.000000	 7.062039
374	 13	 13	 1	 0.012214	 -1	 0.000000	 6.068428
375	 13	 13	 1	 0.138469	 -1	 0.000000	 17.245546
376	 13	 13	 1	 0.072202	 -1	 0.000000	 7.944553
377	 13	 13	 1	 0.063744	 -1	 0.000000	 6.311736
378	 13	 13	 1	 0.021602	 -1	 0.000000	 9.766943
379	 13	 13	 1	 0.007485	 -1	 0.000000	 4.230404
380	 13	 13	 1	 0.006862	 -1	 0.000000	 4.781192
381	 13	 13	 1	 0.112526	 -1	 0.000000	 5.169878
382	 13	 13	 1	 0.001386	 -1	 0.000000	 5.685311
383	 13	 13	 1	 0.023776	 -1	 0.000000	 10.011288
384	 13	 13	 1	 0.003655	 -1	 0.000000	 6.026558
385	 13	 13	 1	 0.014724	 -1	 0.000000	 9.115737
386	 13	 13	 1	 0.212409	 -1	 0.000000	 5.812976
387	 13	 13	 1	 1.450406	 -1	 0.000000	 5.595446
388	 13	 13	 1	 0.020510	 -1	 0.000000	 5.736494
389	 13	 13	 1	 0.024317	 -1	 0.000000	 7.547863
390	 13	 13	 1	 0.104694	 -1	 0.000000	 10.572656
391	 13	 13	 1	 0.000440	 -1	 0.000000	 4.959360
392	 13	 13	 1	 0.227708	 -1	 0.000000	 4.369169
393	 13	 13	 1	 1.042690	 -1	 0.000000	 7.176895
394	 13	 13	 1	 0.014818	 -1	 0.000000	 5.555507
395	 13	 13	 1	 0.003123	 -1	 0.000000	 5.105203
396	 13	 13	 1	 0.000410	 -1	 0.000000	 2.602339
397	 13	 13	 1	 0.063614	 -1	 0.000000	 6.102647
398	 13	 13	 1	 0.026457	 -1	 0.000000	 6.094422
399	 13	 13	 1	 0.002245	 -1	 0.000000	 7.708429
400	 13	 13	 1	 0.084151	 -1	 0.000000	 3.320028
401	 13	 13	 1	 0.200788	 -1	 0.000000	 6.683148
402	 13	 13	 1	 0.008073	 -1	 0.000000	 4.855279
403	 13	 13	 1	 0.009061	 -1	 0.000000	 4.387210
404	 13	 13	 1	 0.023985	 -1	 0.000000	 3.424032
405	 13	 13	 1	 0.025096	 -1	 0.000000	 5.405936
406	 13	 13	 1	 0.013171	 -1	 0.000000	 8.096585
407	 13	 13	 1	 0.297405	 -1	 0.000000	 5.689082
408	 13	 13	 1	 0.004455	 -1	 0.000000	 4.506138
409	 13	 13	 1	 0.000687	 -1	 0.000000	 9.098597
410	 13	 13	 1	 0.001247	 -1	 0.000000	 6.234481
411	 13	 13	 1	 0.126559	 -1	 0.000000	 3.187137
412	 13	 13	 1	 0.136204	 -1	 0.000000	 4.808558
413	 13	 13	 1	 0.006131	 -1	 0.000000	 5.386652
414	 13	 13	 1	 0.423392	 -1	 0.000000	 5.594953
415	 13	 13	 1	 0.001405	 -1	 0.000000	 10.416226
416	 13	 13	 1	 0.025087	 -1	 0.000000	 6.694911
417	 13	 13	 1	 0.000454	 -1	 0.000000	 5.787488
418	 13	 13	 1	 1.285280	 -1	 0.000000	 6.968562
419	 13	 13	 1	 0.003505	 -1	 0.000000	 6.604092
420	 13	 13	 1	 0.346876	 -1	 0.000000	 3.558537
>>> gr_fir_ccf: using E
>>> gr_fir_fff: using E
gr_buffer::allocate_buffer: warning: tried to allocate
   19 items of size 3312. Due to alignment requirements
   256 were allocated.  If this isn't OK, consider padding
   your structure to a power-of-two bytes.
   On this platform, our allocation granularity is 4096 bytes.
0	 15	 15	 1	 0.080415	 -1	 0.000000	 5.081592
1	 15	 15	 1	 4.926489	 -1	 0.000000	 11.785933
>>> gr_fir_ccf: using E
>>> gr_fir_fff: using E
gr_buffer::allocate_buffer: warning: tried to allocate
   19 items of size 3312. Due to alignment requirements
   256 were allocated.  If this isn't OK, consider padding
   your structure to a power-of-two bytes.
   On this platform, our allocation granularity is 4096 bytes.
0	 15	 15	 1	 0.002549	 -1	 0.000000	 14.130740
1	 15	 15	 1	 0.005228	 -1	 0.000000	 6.929678
>>> gr_fir_ccf: using E
>>> gr_fir_fff: using E
terminate called after throwing an instance of 'std::invalid_argument'
  what():  gr_ofdm_demod: Incorrect subcarriers allocated
>>> gr_fir_ccf: using E
>>> gr_fir_fff: using E
gr_buffer::allocate_buffer: warning: tried to allocate
   19 items of size 3312. Due to alignment requirements
   256 were allocated.  If this isn't OK, consider padding
   your structure to a power-of-two bytes.
   On this platform, our allocation granularity is 4096 bytes.
78	 5	 5	 1	 31.191693	 -1	 0.000000	 4.607863
79	 5	 5	 1	 22.306156	 -1	 0.000000	 11.504368
80	 5	 5	 1	 19.217533	 -1	 0.000000	 7.906366
81	 5	 5	 1	 22.680798	 -1	 0.000000	 4.010506
82	 5	 5	 1	 25.205980	 -1	 0.000000	 4.471550
83	 5	 5	 1	 25.213947	 -1	 0.000000	 8.852944
84	 5	 5	 1	 26.023684	 -1	 0.000000	 7.478308
85	 5	 5	 1	 38.043027	 -1	 0.000000	 3.646325
86	 5	 5	 1	 34.549348	 -1	 0.000000	 7.825285
87	 5	 5	 1	 22.230260	 -1	 0.000000	 4.827380
88	 5	 5	 1	 18.576460	 -1	 0.000000	 4.568351
89	 5	 5	 1	 18.896415	 -1	 0.000000	 5.327201
90	 5	 5	 1	 33.117170	 -1	 0.000000	 7.298710
91	 5	 5	 1	 8.112952	 -1	 0.000000	 5.461260
92	 5	 5	 1	 11.400837	 -1	 0.000000	 5.224336
93	 5	 5	 1	 24.776815	 -1	 0.000000	 5.366254
94	 5	 5	 1	 15.350933	 -1	 0.000000	 8.910575
95	 5	 5	 1	 17.464913	 -1	 0.000000	 3.592913
96	 5	 5	 1	 23.808287	 -1	 0.000000	 6.635203
97	 5	 5	 1	 25.203007	 -1	 0.000000	 5.413301
98	 5	 5	 1	 23.117339	 -1	 0.000000	 5.060759
99	 5	 5	 1	 24.772645	 -1	 0.000000	 6.876287
100	 5	 5	 1	 17.169425	 -1	 0.000000	 11.027462
101	 5	 5	 1	 16.438574	 -1	 0.000000	 10.101524
102	 5	 5	 1	 21.026175	 -1	 0.000000	 6.431652
103	 5	 5	 1	 28.478592	 -1	 0.000000	 3.899815
104	 5	 5	 1	 30.617811	 -1	 0.000000	 3.946487
105	 5	 5	 1	 4.160242	 -1	 0.000000	 6.409691
106	 5	 5	 1	 26.120928	 -1	 0.000000	 3.216125
107	 5	 5	 1	 18.666332	 -1	 0.000000	 3.311239
108	 5	 5	 1	 30.217879	 -1	 0.000000	 6.016820
109	 5	 5	 1	 27.752694	 -1	 0.000000	 5.841895
110	 5	 5	 1	 15.498754	 -1	 0.000000	 7.910214
111	 5	 5	 1	 28.553731	 -1	 0.000000	 6.350682
112	 5	 5	 1	 26.675168	 -1	 0.000000	 6.393426
113	 5	 5	 1	 25.675564	 -1	 0.000000	 5.313510
114	 5	 5	 1	 78.945038	 -1	 0.000000	 8.707329
115	 5	 5	 1	 15.562612	 -1	 0.000000	 18.340401
116	 5	 5	 1	 22.329774	 -1	 0.000000	 4.261384
117	 5	 5	 1	 16.882094	 -1	 0.000000	 8.696040
118	 5	 5	 1	 18.775581	 -1	 0.000000	 6.370752
119	 5	 5	 1	 43.146385	 -1	 0.000000	 6.739785
120	 5	 5	 1	 26.036893	 -1	 0.000000	 5.438198
121	 5	 5	 1	 25.672849	 -1	 0.000000	 5.878280
122	 5	 5	 1	 107.062428	 -1	 0.000000	 4.907184
123	 5	 5	 1	 41.124994	 -1	 0.000000	 3.750434
124	 5	 5	 1	 68.377675	 -1	 0.000000	 4.551315
125	 5	 5	 1	 40.383975	 -1	 0.000000	 4.347593
126	 5	 5	 1	 54.648842	 -1	 0.000000	 3.769499
127	 5	 5	 1	 15.845472	 -1	 0.000000	 10.714221
128	 5	 5	 1	 42.463389	 -1	 0.000000	 8.748819
129	 5	 5	 1	 16.084995	 -1	 0.000000	 9.252708
130	 5	 5	 1	 9.312828	 -1	 0.000000	 12.872660
131	 5	 5	 1	 19.694314	 -1	 0.000000	 3.941360
132	 5	 5	 1	 23.143202	 -1	 0.000000	 6.240235
133	 5	 5	 1	 16.705814	 -1	 0.000000	 8.945505
134	 5	 5	 1	 21.994033	 -1	 0.000000	 8.919509
135	 5	 5	 1	 25.682287	 -1	 0.000000	 7.707349
136	 5	 5	 1	 15.764075	 -1	 0.000000	 5.829687
137	 5	 5	 1	 19.642779	 -1	 0.000000	 3.340205
138	 5	 5	 1	 13.649145	 -1	 0.000000	 4.975002
139	 5	 5	 1	 22.476216	 -1	 0.000000	 5.684602
140	 5	 5	 1	 12.309280	 -1	 0.000000	 5.044324
141	 5	 5	 1	 28.094417	 -1	 0.000000	 8.653786
142	 5	 5	 1	 20.846816	 -1	 0.000000	 5.160870
143	 5	 5	 1	 24.172261	 -1	 0.000000	 7.858285
144	 5	 5	 1	 36.196009	 -1	 0.000000	 9.583834
145	 5	 5	 1	 25.626241	 -1	 0.000000	 9.209946
146	 5	 5	 1	 25.081617	 -1	 0.000000	 3.789722
147	 5	 5	 1	 13.912693	 -1	 0.000000	 6.167019
148	 5	 5	 1	 24.907867	 -1	 0.000000	 7.383274
149	 5	 5	 1	 17.916012	 -1	 0.000000	 3.399547
150	 5	 5	 1	 23.002431	 -1	 0.000000	 4.908244
151	 5	 5	 1	 21.073897	 -1	 0.000000	 8.700429
152	 5	 5	 1	 21.165191	 -1	 0.000000	 6.487954
153	 5	 5	 1	 40.718338	 -1	 0.000000	 8.802454
154	 5	 5	 1	 8.175799	 -1	 0.000000	 6.190411
155	 5	 5	 1	 26.245704	 -1	 0.000000	 9.420278
156	 5	 5	 1	 26.570068	 -1	 0.000000	 3.978338
157	 5	 5	 1	 36.896067	 -1	 0.000000	 4.138593
158	 5	 5	 1	 32.803142	 -1	 0.000000	 8.373828
159	 5	 5	 1	 31.611168	 -1	 0.000000	 5.277665
160	 5	 5	 1	 28.959204	 -1	 0.000000	 5.212821
>>> gr_fir_ccf: using E
>>> gr_fir_fff: using E
gr_buffer::allocate_buffer: warning: tried to allocate
   19 items of size 3312. Due to alignment requirements
   256 were allocated.  If this isn't OK, consider padding
   your structure to a power-of-two bytes.
   On this platform, our allocation granularity is 4096 bytes.
90	 5	 5	 1	 13.741829	 -1	 0.000000	 9.653344
91	 5	 5	 1	 49.838883	 -1	 0.000000	 6.581090
92	 5	 5	 1	 21.625765	 -1	 0.000000	 10.766405
93	 5	 5	 1	 10.766035	 -1	 0.000000	 5.153041
94	 5	 5	 1	 12.261467	 -1	 0.000000	 5.818266
95	 5	 5	 1	 65.351048	 -1	 0.000000	 6.057003
96	 5	 5	 1	 28.114072	 -1	 0.000000	 6.782467
97	 5	 5	 1	 39.887413	 -1	 0.000000	 5.005992
98	 5	 5	 1	 28.603181	 -1	 0.000000	 4.681847
99	 5	 5	 1	 91.451330	 -1	 0.000000	 4.619123
100	 5	 5	 1	 41.865546	 -1	 0.000000	 6.607863
101	 5	 5	 1	 25.920074	 -1	 0.000000	 4.224601
102	 5	 5	 1	 29.463794	 -1	 0.000000	 5.673034
103	 5	 5	 1	 35.764490	 -1	 0.000000	 2.779443
104	 5	 5	 1	 13.511176	 -1	 0.000000	 4.464401
105	 5	 5	 1	 20.372213	 -1	 0.000000	 3.769751
106	 5	 5	 1	 25.359154	 -1	 0.000000	 4.632565
107	 5	 5	 1	 15.891309	 -1	 0.000000	 7.775438
108	 5	 5	 1	 26.767213	 -1	 0.000000	 6.427574
109	 5	 5	 1	 20.319587	 -1	 0.000000	 6.973321
110	 5	 5	 1	 42.805375	 -1	 0.000000	 7.788752
111	 5	 5	 1	 21.547045	 -1	 0.000000	 11.406507
112	 5	 5	 1	 16.015221	 -1	 0.000000	 5.353847
113	 5	 5	 1	 25.028669	 -1	 0.000000	 6.515505
114	 5	 5	 1	 20.694930	 -1	 0.000000	 6.366475
115	 5	 5	 1	 41.858587	 -1	 0.000000	 6.474112
116	 5	 5	 1	 41.648760	 -1	 0.000000	 4.076396
117	 5	 5	 0	 247.868669	 -1	 0.000000	 3.128189
118	 5	 5	 1	 24.301302	 -1	 0.000000	 7.137976
119	 5	 5	 1	 12.706071	 -1	 0.000000	 3.728435
120	 5	 5	 1	 14.243741	 -1	 0.000000	 7.145673
121	 5	 5	 1	 11.918158	 -1	 0.000000	 6.557403
122	 5	 5	 1	 15.775698	 -1	 0.000000	 10.347176
123	 5	 5	 1	 13.031683	 -1	 0.000000	 4.542743
124	 5	 5	 1	 26.685160	 -1	 0.000000	 5.111128
125	 5	 5	 1	 12.371899	 -1	 0.000000	 8.116723
126	 5	 5	 1	 78.610377	 -1	 0.000000	 9.879634
127	 5	 5	 1	 16.894302	 -1	 0.000000	 3.734668
128	 5	 5	 1	 34.119532	 -1	 0.000000	 10.004010
129	 5	 5	 1	 12.850431	 -1	 0.000000	 10.233199
130	 5	 5	 1	 14.573970	 -1	 0.000000	 6.559633
131	 5	 5	 1	 24.170642	 -1	 0.000000	 6.117411
132	 5	 5	 1	 10.743762	 -1	 0.000000	 6.334982
133	 5	 5	 1	 13.165289	 -1	 0.000000	 4.704743
134	 5	 5	 1	 15.025197	 -1	 0.000000	 5.541558
135	 5	 5	 1	 21.305762	 -1	 0.000000	 11.270020
136	 5	 5	 1	 30.806420	 -1	 0.000000	 7.081833
137	 5	 5	 1	 22.201065	 -1	 0.000000	 6.469678
138	 5	 5	 1	 31.724827	 -1	 0.000000	 6.168293
139	 5	 5	 1	 13.920917	 -1	 0.000000	 5.349271
140	 5	 5	 1	 48.612004	 -1	 0.000000	 4.475178
141	 5	 5	 1	 39.076896	 -1	 0.000000	 6.829598
142	 5	 5	 1	 20.867369	 -1	 0.000000	 6.943100
143	 5	 5	 1	 29.667166	 -1	 0.000000	 6.916886
144	 5	 5	 1	 22.300400	 -1	 0.000000	 4.760226
145	 5	 5	 1	 5.916918	 -1	 0.000000	 13.659646
146	 5	 5	 1	 10.689181	 -1	 0.000000	 4.101618
147	 5	 5	 1	 42.341844	 -1	 0.000000	 8.701806
148	 5	 5	 1	 29.573937	 -1	 0.000000	 8.432692
149	 5	 5	 1	 23.860356	 -1	 0.000000	 6.344822
150	 5	 5	 1	 24.312482	 -1	 0.000000	 9.062905
151	 5	 5	 1	 30.625755	 -1	 0.000000	 4.489813
152	 5	 5	 1	 49.367189	 -1	 0.000000	 6.839421
153	 5	 5	 1	 16.602838	 -1	 0.000000	 7.803609
154	 5	 5	 1	 20.355905	 -1	 0.000000	 5.488447
155	 5	 5	 1	 135.459296	 -1	 0.000000	 9.128202
156	 5	 5	 1	 12.872155	 -1	 0.000000	 12.625513
157	 5	 5	 1	 25.124799	 -1	 0.000000	 6.494606
158	 5	 5	 1	 41.386134	 -1	 0.000000	 5.613218
159	 5	 5	 1	 18.354309	 -1	 0.000000	 14.745429
160	 5	 5	 1	 33.007872	 -1	 0.000000	 7.612163
161	 5	 5	 1	 16.354627	 -1	 0.000000	 5.051956
162	 5	 5	 1	 25.738682	 -1	 0.000000	 4.028788
163	 5	 5	 1	 12.560474	 -1	 0.000000	 4.444212
164	 5	 5	 1	 28.404968	 -1	 0.000000	 4.015692
165	 5	 5	 1	 28.331919	 -1	 0.000000	 6.853614
166	 5	 5	 1	 27.579080	 -1	 0.000000	 6.774331
167	 5	 5	 1	 34.851640	 -1	 0.000000	 5.244332
168	 5	 5	 1	 25.247165	 -1	 0.000000	 4.624877
169	 5	 5	 1	 25.872289	 -1	 0.000000	 4.604809
170	 5	 5	 1	 17.926008	 -1	 0.000000	 5.217180
171	 5	 5	 1	 29.776458	 -1	 0.000000	 6.614121
172	 5	 5	 1	 121.148599	 -1	 0.000000	 3.554167
173	 5	 5	 1	 20.632519	 -1	 0.000000	 5.129771
174	 5	 5	 1	 18.671383	 -1	 0.000000	 6.028634
175	 5	 5	 1	 28.440015	 -1	 0.000000	 3.278723
176	 5	 5	 1	 12.211049	 -1	 0.000000	 5.679646
177	 5	 5	 1	 19.571386	 -1	 0.000000	 6.006848
178	 5	 5	 1	 12.894375	 -1	 0.000000	 6.398336
179	 5	 5	 1	 19.327160	 -1	 0.000000	 5.969511
180	 5	 5	 1	 23.994052	 -1	 0.000000	 5.250327
181	 5	 5	 1	 25.779884	 -1	 0.000000	 9.248899
182	 5	 5	 1	 17.922782	 -1	 0.000000	 5.380676
183	 5	 5	 1	 22.165583	 -1	 0.000000	 5.966023
184	 5	 5	 1	 32.052076	 -1	 0.000000	 4.602400
185	 5	 5	 1	 19.154699	 -1	 0.000000	 6.854610
186	 5	 5	 1	 8.162164	 -1	 0.000000	 5.507461
187	 5	 5	 1	 24.732793	 -1	 0.000000	 5.354607
188	 5	 5	 1	 12.466278	 -1	 0.000000	 7.523118
189	 5	 5	 1	 21.030513	 -1	 0.000000	 6.227739
190	 5	 5	 1	 28.928214	 -1	 0.000000	 9.942933
191	 5	 5	 1	 22.220979	 -1	 0.000000	 6.487257
192	 5	 5	 1	 26.065080	 -1	 0.000000	 7.296654
193	 5	 5	 1	 26.204025	 -1	 0.000000	 7.695884
>>> gr_fir_ccf: using E
>>> gr_fir_fff: using E
gr_buffer::allocate_buffer: warning: tried to allocate
   19 items of size 3312. Due to alignment requirements
   256 were allocated.  If this isn't OK, consider padding
   your structure to a power-of-two bytes.
   On this platform, our allocation granularity is 4096 bytes.
>>> gr_fir_ccf: using E
>>> gr_fir_fff: using E
gr_buffer::allocate_buffer: warning: tried to allocate
   19 items of size 3312. Due to alignment requirements
   256 were allocated.  If this isn't OK, consider padding
   your structure to a power-of-two bytes.
   On this platform, our allocation granularity is 4096 bytes.
>>> gr_fir_ccf: using E
>>> gr_fir_fff: using E
gr_buffer::allocate_buffer: warning: tried to allocate
   19 items of size 3312. Due to alignment requirements
   256 were allocated.  If this isn't OK, consider padding
   your structure to a power-of-two bytes.
   On this platform, our allocation granularity is 4096 bytes.
109	 9	 9	 0	 424.270865	 -1	 0.000000	 3.868403
110	 9	 9	 0	 384.933334	 -1	 0.000000	 6.236112
111	 9	 9	 0	 372.529264	 -1	 0.000000	 5.828670
112	 9	 9	 0	 330.421348	 -1	 0.000000	 5.918858
113	 9	 9	 0	 410.018494	 -1	 0.000000	 3.343043
114	 9	 9	 1	 279.468833	 -1	 0.000000	 11.251244
115	 9	 9	 0	 387.323238	 -1	 0.000000	 6.097970
116	 9	 9	 0	 399.655581	 -1	 0.000000	 7.145049
117	 9	 9	 0	 429.334706	 -1	 0.000000	 4.070376
118	 9	 9	 0	 431.530117	 -1	 0.000000	 5.793839
119	 9	 9	 0	 393.395255	 -1	 0.000000	 4.511782
120	 9	 9	 0	 384.942813	 -1	 0.000000	 7.327265
121	 9	 9	 0	 347.807702	 -1	 0.000000	 4.771780
122	 9	 9	 0	 404.917338	 -1	 0.000000	 6.072029
123	 9	 9	 0	 365.056150	 -1	 0.000000	 5.591319
124	 9	 9	 0	 376.072933	 -1	 0.000000	 5.649888
125	 9	 9	 0	 400.816321	 -1	 0.000000	 3.528572
126	 9	 9	 0	 419.962178	 -1	 0.000000	 5.604637
127	 9	 9	 0	 398.829443	 -1	 0.000000	 5.717598
128	 9	 9	 0	 436.998318	 -1	 0.000000	 9.395802
129	 9	 9	 0	 417.641090	 -1	 0.000000	 3.716790
130	 9	 9	 0	 307.640768	 -1	 0.000000	 7.470927
131	 9	 9	 0	 414.464222	 -1	 0.000000	 5.420756
132	 9	 9	 0	 425.404292	 -1	 0.000000	 4.024748
133	 9	 9	 0	 359.996267	 -1	 0.000000	 9.546315
134	 9	 9	 0	 362.739621	 -1	 0.000000	 6.116930
135	 9	 9	 0	 435.664462	 -1	 0.000000	 6.432292
136	 9	 9	 0	 378.889484	 -1	 0.000000	 4.732478
137	 9	 9	 0	 345.541533	 -1	 0.000000	 4.692184
138	 9	 9	 0	 430.137733	 -1	 0.000000	 5.655066
139	 9	 9	 0	 378.271850	 -1	 0.000000	 5.456558
140	 9	 9	 0	 437.537684	 -1	 0.000000	 7.608172
141	 9	 9	 0	 411.561545	 -1	 0.000000	 8.639675
142	 9	 9	 0	 425.140834	 -1	 0.000000	 5.724075
143	 9	 9	 0	 387.500437	 -1	 0.000000	 7.017678
144	 9	 9	 0	 401.089751	 -1	 0.000000	 5.835536
145	 9	 9	 0	 371.993017	 -1	 0.000000	 3.480783
146	 9	 9	 0	 419.825397	 -1	 0.000000	 5.579897
147	 9	 9	 0	 380.182785	 -1	 0.000000	 3.990240
148	 9	 9	 0	 342.245214	 -1	 0.000000	 6.640072
149	 9	 9	 0	 381.072425	 -1	 0.000000	 4.313815
150	 9	 9	 0	 333.555450	 -1	 0.000000	 4.795200
151	 9	 9	 0	 413.290580	 -1	 0.000000	 5.131582
152	 9	 9	 0	 386.400190	 -1	 0.000000	 7.408601
153	 9	 9	 0	 408.246537	 -1	 0.000000	 5.724847
154	 9	 9	 0	 428.611036	 -1	 0.000000	 6.406891
155	 9	 9	 0	 341.386716	 -1	 0.000000	 8.751267
156	 9	 9	 0	 398.044891	 -1	 0.000000	 5.721232
157	 9	 9	 0	 446.143393	 -1	 0.000000	 6.955432
158	 9	 9	 0	 405.649550	 -1	 0.000000	 6.435025
159	 9	 9	 0	 307.079805	 -1	 0.000000	 7.202621
160	 9	 9	 0	 341.560299	 -1	 0.000000	 7.425109
161	 9	 9	 0	 404.148326	 -1	 0.000000	 9.517647
162	 9	 9	 0	 403.102140	 -1	 0.000000	 4.598280
163	 9	 9	 0	 423.038071	 -1	 0.000000	 8.087481
164	 9	 9	 0	 325.660063	 -1	 0.000000	 5.403934
165	 9	 9	 0	 356.053775	 -1	 0.000000	 4.706496
166	 9	 9	 0	 321.233837	 -1	 0.000000	 5.127897
167	 9	 9	 0	 418.413785	 -1	 0.000000	 6.906393
168	 9	 9	 0	 421.306614	 -1	 0.000000	 11.347233
169	 9	 9	 0	 324.138511	 -1	 0.000000	 5.427768
170	 9	 9	 0	 352.029262	 -1	 0.000000	 7.888320
171	 9	 9	 1	 281.999304	 -1	 0.000000	 5.867215
172	 9	 9	 0	 373.822675	 -1	 0.000000	 13.417198
173	 9	 9	 0	 337.847752	 -1	 0.000000	 8.172056
174	 9	 9	 0	 366.509188	 -1	 0.000000	 8.035800
175	 9	 9	 0	 341.744873	 -1	 0.000000	 7.219279
176	 9	 9	 0	 441.813474	 -1	 0.000000	 13.727768
177	 9	 9	 0	 401.929748	 -1	 0.000000	 7.396978
178	 9	 9	 0	 400.169130	 -1	 0.000000	 3.290658
179	 9	 9	 0	 352.948230	 -1	 0.000000	 7.163316
180	 9	 9	 0	 352.453681	 -1	 0.000000	 6.376165
181	 9	 9	 0	 400.504915	 -1	 0.000000	 5.699552
182	 9	 9	 0	 341.860828	 -1	 0.000000	 10.575447
183	 9	 9	 0	 391.867487	 -1	 0.000000	 5.034675
184	 9	 9	 0	 421.487743	 -1	 0.000000	 6.426329
185	 9	 9	 0	 351.506447	 -1	 0.000000	 7.399772
186	 9	 9	 0	 433.678298	 -1	 0.000000	 4.463062
187	 9	 9	 0	 347.150261	 -1	 0.000000	 7.818898
188	 9	 9	 0	 346.729856	 -1	 0.000000	 4.724943
189	 9	 9	 0	 303.189268	 -1	 0.000000	 3.913553
190	 9	 9	 0	 424.492747	 -1	 0.000000	 4.873096
191	 9	 9	 0	 428.991554	 -1	 0.000000	 6.091333
192	 9	 9	 0	 360.451443	 -1	 0.000000	 6.148268
193	 9	 9	 0	 445.836042	 -1	 0.000000	 3.352189
194	 9	 9	 0	 420.484303	 -1	 0.000000	 3.282752
195	 9	 9	 0	 442.502226	 -1	 0.000000	 5.913596
196	 9	 9	 0	 328.144737	 -1	 0.000000	 7.187545
197	 9	 9	 0	 416.335545	 -1	 0.000000	 5.714627
198	 9	 9	 0	 319.741259	 -1	 0.000000	 5.357711
199	 9	 9	 0	 365.247617	 -1	 0.000000	 4.480006
200	 9	 9	 0	 264.532768	 -1	 0.000000	 7.510441
201	 9	 9	 0	 415.747488	 -1	 0.000000	 3.568745
202	 9	 9	 0	 350.296415	 -1	 0.000000	 4.714923
203	 9	 9	 0	 400.822081	 -1	 0.000000	 2.843474
204	 9	 9	 0	 417.823597	 -1	 0.000000	 5.821844
205	 9	 9	 0	 440.035057	 -1	 0.000000	 7.231390
206	 9	 9	 0	 282.980150	 -1	 0.000000	 7.811620
207	 9	 9	 0	 462.438801	 -1	 0.000000	 4.534781
208	 9	 9	 0	 413.295482	 -1	 0.000000	 5.238811
209	 9	 9	 0	 358.689054	 -1	 0.000000	 5.414519
210	 9	 9	 0	 364.595773	 -1	 0.000000	 12.063304
211	 9	 9	 0	 411.643652	 -1	 0.000000	 5.020242
212	 9	 9	 0	 351.555653	 -1	 0.000000	 5.640857
213	 9	 9	 0	 388.190471	 -1	 0.000000	 3.593398
214	 9	 9	 0	 439.615647	 -1	 0.000000	 3.220527
215	 9	 9	 0	 393.031237	 -1	 0.000000	 10.856445
216	 9	 9	 0	 444.323161	 -1	 0.000000	 6.369534
217	 9	 9	 0	 429.575333	 -1	 0.000000	 4.764542
218	 9	 9	 0	 328.851455	 -1	 0.000000	 6.969558
219	 9	 9	 0	 461.185018	 -1	 0.000000	 6.526585
220	 9	 9	 0	 453.238304	 -1	 0.000000	 3.850791
221	 9	 9	 0	 337.190916	 -1	 0.000000	 7.034343
222	 9	 9	 0	 389.147226	 -1	 0.000000	 4.767481
223	 9	 9	 0	 437.479627	 -1	 0.000000	 6.920235
224	 9	 9	 0	 353.569108	 -1	 0.000000	 6.900252
225	 9	 9	 0	 440.105825	 -1	 0.000000	 6.671357
226	 9	 9	 0	 371.334567	 -1	 0.000000	 6.573052
227	 9	 9	 0	 328.951756	 -1	 0.000000	 8.492122
228	 9	 9	 0	 405.679029	 -1	 0.000000	 6.976773
229	 9	 9	 0	 424.443109	 -1	 0.000000	 8.541602
230	 9	 9	 0	 365.624904	 -1	 0.000000	 8.081051
>>> gr_fir_ccf: using E
>>> gr_fir_fff: using E
gr_buffer::allocate_buffer: warning: tried to allocate
   19 items of size 3312. Due to alignment requirements
   256 were allocated.  If this isn't OK, consider padding
   your structure to a power-of-two bytes.
   On this platform, our allocation granularity is 4096 bytes.
135	 9	 9	 0	 416.946398	 -1	 0.000000	 5.351947
136	 9	 9	 0	 334.563079	 -1	 0.000000	 4.831207
137	 9	 9	 0	 435.154372	 -1	 0.000000	 3.604882
138	 9	 9	 0	 406.818655	 -1	 0.000000	 4.450890
139	 9	 9	 0	 402.721197	 -1	 0.000000	 4.689721
140	 9	 9	 0	 352.172442	 -1	 0.000000	 5.022360
141	 9	 9	 0	 359.851184	 -1	 0.000000	 11.595780
142	 9	 9	 0	 327.013585	 -1	 0.000000	 7.510562
143	 9	 9	 0	 408.987309	 -1	 0.000000	 5.846272
144	 9	 9	 0	 363.836795	 -1	 0.000000	 8.224925
145	 9	 9	 0	 435.830944	 -1	 0.000000	 3.913820
146	 9	 9	 0	 449.332117	 -1	 0.000000	 8.285505
147	 9	 9	 0	 321.852568	 -1	 0.000000	 8.779628
148	 9	 9	 0	 429.055635	 -1	 0.000000	 4.224351
149	 9	 9	 0	 354.767403	 -1	 0.000000	 7.442912
150	 9	 9	 0	 328.173630	 -1	 0.000000	 4.961920
151	 9	 9	 0	 424.842955	 -1	 0.000000	 5.436156
152	 9	 9	 0	 440.782392	 -1	 0.000000	 6.125419
153	 9	 9	 0	 411.258807	 -1	 0.000000	 3.713425
154	 9	 9	 0	 341.236271	 -1	 0.000000	 4.820653
155	 9	 9	 0	 312.819175	 -1	 0.000000	 4.602968
156	 9	 9	 0	 406.459775	 -1	 0.000000	 5.282960
157	 9	 9	 0	 425.074545	 -1	 0.000000	 3.831964
158	 9	 9	 0	 425.533189	 -1	 0.000000	 4.265715
159	 9	 9	 0	 340.562895	 -1	 0.000000	 8.176960
160	 9	 9	 0	 426.260341	 -1	 0.000000	 2.945253
161	 9	 9	 1	 337.162936	 -1	 0.000000	 4.007447
162	 9	 9	 0	 418.262779	 -1	 0.000000	 7.624354
163	 9	 9	 0	 418.421119	 -1	 0.000000	 4.571467
164	 9	 9	 0	 363.556998	 -1	 0.000000	 6.945637
165	 9	 9	 0	 381.861212	 -1	 0.000000	 4.243115
166	 9	 9	 0	 431.149551	 -1	 0.000000	 5.231867
167	 9	 9	 0	 386.831220	 -1	 0.000000	 8.396932
168	 9	 9	 0	 362.345879	 -1	 0.000000	 3.994389
169	 9	 9	 0	 357.919312	 -1	 0.000000	 10.359456
170	 9	 9	 0	 360.836437	 -1	 0.000000	 3.146395
171	 9	 9	 0	 360.675862	 -1	 0.000000	 4.259032
172	 9	 9	 0	 256.151030	 -1	 0.000000	 6.047739
173	 9	 9	 0	 417.413913	 -1	 0.000000	 7.370400
174	 9	 9	 0	 424.777337	 -1	 0.000000	 3.376681
175	 9	 9	 0	 372.570359	 -1	 0.000000	 6.733570
176	 9	 9	 0	 422.903673	 -1	 0.000000	 6.013220
177	 9	 9	 0	 426.544588	 -1	 0.000000	 6.673541
178	 9	 9	 0	 374.002339	 -1	 0.000000	 5.994378
179	 9	 9	 0	 335.828487	 -1	 0.000000	 16.921789
180	 9	 9	 0	 347.761028	 -1	 0.000000	 4.935942
181	 9	 9	 0	 309.582188	 -1	 0.000000	 7.106981
182	 9	 9	 0	 352.410488	 -1	 0.000000	 9.964974
183	 9	 9	 0	 391.313181	 -1	 0.000000	 9.903573
184	 9	 9	 0	 358.458746	 -1	 0.000000	 3.613465
185	 9	 9	 0	 409.185810	 -1	 0.000000	 4.747849
186	 9	 9	 0	 414.433283	 -1	 0.000000	 8.219606
187	 9	 9	 0	 369.469793	 -1	 0.000000	 6.581827
188	 9	 9	 0	 454.615219	 -1	 0.000000	 9.010987
189	 9	 9	 0	 353.010270	 -1	 0.000000	 9.393572
190	 9	 9	 0	 392.043797	 -1	 0.000000	 6.220633
191	 9	 9	 0	 312.378845	 -1	 0.000000	 5.943798
192	 9	 9	 0	 361.083588	 -1	 0.000000	 6.698480
193	 9	 9	 0	 398.466277	 -1	 0.000000	 7.579257
194	 9	 9	 0	 425.745823	 -1	 0.000000	 4.189473
195	 9	 9	 0	 405.979426	 -1	 0.000000	 5.737452
196	 9	 9	 0	 418.142161	 -1	 0.000000	 6.004313
197	 9	 9	 0	 361.531918	 -1	 0.000000	 6.383759
198	 9	 9	 0	 401.525211	 -1	 0.000000	 5.771936
199	 9	 9	 0	 379.442340	 -1	 0.000000	 4.551203
200	 9	 9	 0	 366.811718	 -1	 0.000000	 4.437500
201	 9	 9	 0	 354.651850	 -1	 0.000000	 9.297411
202	 9	 9	 0	 417.996068	 -1	 0.000000	 9.942898
203	 9	 9	 0	 378.726714	 -1	 0.000000	 6.775669
204	 9	 9	 0	 368.712960	 -1	 0.000000	 4.552654
205	 9	 9	 0	 421.232370	 -1	 0.000000	 7.223307
206	 9	 9	 0	 368.992278	 -1	 0.000000	 20.698006
207	 9	 9	 0	 356.115910	 -1	 0.000000	 5.929216
208	 9	 9	 0	 423.235835	 -1	 0.000000	 4.109157
209	 9	 9	 0	 424.538995	 -1	 0.000000	 4.645517
210	 9	 9	 0	 312.357370	 -1	 0.000000	 7.247711
211	 9	 9	 0	 395.572667	 -1	 0.000000	 4.601805
212	 9	 9	 0	 417.831349	 -1	 0.000000	 10.690611
213	 9	 9	 0	 426.735145	 -1	 0.000000	 5.231534
214	 9	 9	 0	 319.209650	 -1	 0.000000	 10.698909
215	 9	 9	 0	 331.436448	 -1	 0.000000	 7.474974
216	 9	 9	 0	 424.401089	 -1	 0.000000	 4.154908
217	 9	 9	 0	 341.799688	 -1	 0.000000	 2.653933
218	 9	 9	 0	 417.692690	 -1	 0.000000	 6.556505
219	 9	 9	 0	 435.659402	 -1	 0.000000	 10.313732
220	 9	 9	 0	 393.810086	 -1	 0.000000	 9.167610
221	 9	 9	 0	 360.111866	 -1	 0.000000	 9.988633
222	 9	 9	 0	 445.725050	 -1	 0.000000	 5.837205
223	 9	 9	 0	 347.376667	 -1	 0.000000	 10.002905
224	 9	 9	 0	 349.160585	 -1	 0.000000	 6.137517
225	 9	 9	 0	 348.755640	 -1	 0.000000	 7.353230
226	 9	 9	 0	 357.634684	 -1	 0.000000	 8.185609
227	 9	 9	 0	 314.532004	 -1	 0.000000	 3.927017
228	 9	 9	 0	 433.906709	 -1	 0.000000	 5.147747
229	 9	 9	 0	 321.846648	 -1	 0.000000	 6.217803
230	 9	 9	 0	 353.076313	 -1	 0.000000	 4.964193
231	 9	 9	 0	 313.848615	 -1	 0.000000	 6.659616
232	 9	 9	 0	 330.169024	 -1	 0.000000	 9.277807
233	 9	 9	 0	 438.475144	 -1	 0.000000	 3.752583
234	 9	 9	 0	 437.969444	 -1	 0.000000	 6.421162
235	 9	 9	 0	 376.263931	 -1	 0.000000	 5.632796
236	 9	 9	 0	 443.270444	 -1	 0.000000	 4.040248
237	 9	 9	 0	 397.136517	 -1	 0.000000	 4.845306
238	 9	 9	 0	 429.437224	 -1	 0.000000	 3.591240
239	 9	 9	 0	 435.734308	 -1	 0.000000	 5.499701
240	 9	 9	 0	 443.906889	 -1	 0.000000	 5.433123
241	 9	 9	 0	 391.726993	 -1	 0.000000	 3.313665
242	 9	 9	 0	 429.129849	 -1	 0.000000	 4.529288
243	 9	 9	 0	 370.623424	 -1	 0.000000	 4.901963
244	 9	 9	 0	 356.986514	 -1	 0.000000	 7.910056
245	 9	 9	 0	 420.549043	 -1	 0.000000	 5.339759
246	 9	 9	 0	 320.343466	 -1	 0.000000	 6.570304
247	 9	 9	 0	 365.703681	 -1	 0.000000	 8.884203
248	 9	 9	 0	 454.177012	 -1	 0.000000	 6.521719
249	 9	 9	 0	 426.059140	 -1	 0.000000	 4.389818
250	 9	 9	 0	 428.171956	 -1	 0.000000	 5.451268
251	 9	 9	 0	 389.554496	 -1	 0.000000	 9.241802
252	 9	 9	 0	 378.782375	 -1	 0.000000	 8.080402
253	 9	 9	 0	 345.502492	 -1	 0.000000	 7.265184
254	 9	 9	 0	 401.127858	 -1	 0.000000	 5.084939
255	 9	 9	 0	 422.341525	 -1	 0.000000	 6.570834
256	 9	 9	 0	 383.135420	 -1	 0.000000	 4.046404
257	 9	 9	 0	 425.125455	 -1	 0.000000	 26.980623
258	 9	 9	 0	 328.747977	 -1	 0.000000	 4.176613
259	 9	 9	 0	 351.991945	 -1	 0.000000	 8.020504
260	 9	 9	 0	 312.321745	 -1	 0.000000	 7.327421
261	 9	 9	 0	 447.729902	 -1	 0.000000	 4.460710
262	 9	 9	 0	 339.675940	 -1	 0.000000	 6.485573
263	 9	 9	 0	 291.591685	 -1	 0.000000	 4.300596
264	 9	 9	 0	 279.831226	 -1	 0.000000	 3.940717
265	 9	 9	 0	 329.156637	 -1	 0.000000	 4.000402
266	 9	 9	 0	 352.398846	 -1	 0.000000	 6.213423
267	 9	 9	 0	 390.447419	 -1	 0.000000	 6.221919
268	 9	 9	 0	 408.030184	 -1	 0.000000	 2.955009
269	 9	 9	 0	 438.922012	 -1	 0.000000	 4.058906
270	 9	 9	 0	 440.353732	 -1	 0.000000	 7.157803
271	 9	 9	 0	 383.338076	 -1	 0.000000	 4.999944
272	 9	 9	 0	 318.051383	 -1	 0.000000	 6.779775
273	 9	 9	 0	 380.149352	 -1	 0.000000	 9.441722
274	 9	 9	 0	 415.866349	 -1	 0.000000	 5.638631
275	 9	 9	 0	 335.703615	 -1	 0.000000	 8.001922
276	 9	 9	 0	 357.205280	 -1	 0.000000	 4.037942
277	 9	 9	 0	 354.495987	 -1	 0.000000	 11.332948
278	 9	 9	 0	 317.944904	 -1	 0.000000	 6.168598
279	 9	 9	 0	 397.862995	 -1	 0.000000	 4.747753
280	 9	 9	 0	 392.899849	 -1	 0.000000	 5.562522
281	 9	 9	 0	 313.852829	 -1	 0.000000	 7.231018
282	 9	 9	 0	 413.843645	 -1	 0.000000	 6.197827
283	 9	 9	 0	 443.590280	 -1	 0.000000	 4.631654
284	 9	 9	 0	 333.086492	 -1	 0.000000	 7.339528
285	 9	 9	 0	 398.561641	 -1	 0.000000	 7.875644
286	 9	 9	 0	 319.224096	 -1	 0.000000	 5.462549
287	 9	 9	 0	 430.989883	 -1	 0.000000	 5.021294
288	 9	 9	 0	 431.298771	 -1	 0.000000	 5.872988
289	 9	 9	 0	 412.141818	 -1	 0.000000	 6.123340
290	 9	 9	 0	 435.294898	 -1	 0.000000	 3.947834
291	 9	 9	 0	 418.862475	 -1	 0.000000	 6.510841
292	 9	 9	 0	 363.791340	 -1	 0.000000	 4.679753
294	 9	 9	 0	 425.804884	 -1	 0.000000	 5.462969
>>> gr_fir_ccf: using E
>>> gr_fir_fff: using E
gr_buffer::allocate_buffer: warning: tried to allocate
   19 items of size 3312. Due to alignment requirements
   256 were allocated.  If this isn't OK, consider padding
   your structure to a power-of-two bytes.
   On this platform, our allocation granularity is 4096 bytes.
>>> gr_fir_ccf: using E
>>> gr_fir_fff: using E
gr_buffer::allocate_buffer: warning: tried to allocate
   19 items of size 3312. Due to alignment requirements
   256 were allocated.  If this isn't OK, consider padding
   your structure to a power-of-two bytes.
   On this platform, our allocation granularity is 4096 bytes.
>>> gr_fir_ccf: using E
>>> gr_fir_fff: using E
gr_buffer::allocate_buffer: warning: tried to allocate
   19 items of size 3312. Due to alignment requirements
   256 were allocated.  If this isn't OK, consider padding
   your structure to a power-of-two bytes.
   On this platform, our allocation granularity is 4096 bytes.
>>> gr_fir_ccf: using E
>>> gr_fir_fff: using E
gr_buffer::allocate_buffer: warning: tried to allocate
   19 items of size 3312. Due to alignment requirements
   256 were allocated.  If this isn't OK, consider padding
   your structure to a power-of-two bytes.
   On this platform, our allocation granularity is 4096 bytes.
