>>> gr_fir_ccf: using E
>>> gr_fir_fff: using E
gr_buffer::allocate_buffer: warning: tried to allocate
   17 items of size 3696. Due to alignment requirements
   256 were allocated.  If this isn't OK, consider padding
   your structure to a power-of-two bytes.
   On this platform, our allocation granularity is 4096 bytes.
0	 13	 13	 1	 0.000807	 -1	 0.000000	 6.278864
1	 13	 13	 1	 0.000708	 -1	 0.000000	 6.795042
2	 13	 13	 1	 0.000237	 -1	 0.000000	 5.185814
3	 13	 13	 1	 0.001466	 -1	 0.000000	 6.636338
4	 13	 13	 1	 0.001191	 -1	 0.000000	 15.277388
5	 13	 13	 1	 0.000863	 -1	 0.000000	 6.938069
6	 13	 13	 1	 0.022306	 -1	 0.000000	 10.802185
7	 13	 13	 1	 0.000377	 -1	 0.000000	 7.721816
8	 13	 13	 1	 0.000371	 -1	 0.000000	 5.414464
9	 13	 13	 1	 0.033699	 -1	 0.000000	 5.715253
10	 13	 13	 1	 0.001027	 -1	 0.000000	 6.705130
11	 13	 13	 1	 0.008522	 -1	 0.000000	 5.806525
12	 13	 13	 1	 0.000745	 -1	 0.000000	 5.726679
13	 13	 13	 1	 0.003425	 -1	 0.000000	 6.232100
14	 13	 13	 1	 0.010605	 -1	 0.000000	 6.433898
15	 13	 13	 1	 0.040362	 -1	 0.000000	 8.364500
16	 13	 13	 1	 0.003387	 -1	 0.000000	 5.743485
17	 13	 13	 1	 0.044176	 -1	 0.000000	 6.972508
18	 13	 13	 1	 0.000753	 -1	 0.000000	 4.174528
19	 13	 13	 1	 0.000517	 -1	 0.000000	 5.617146
20	 13	 13	 1	 0.000073	 -1	 0.000000	 16.399673
21	 13	 13	 1	 0.007966	 -1	 0.000000	 7.227404
22	 13	 13	 1	 0.002587	 -1	 0.000000	 5.701653
23	 13	 13	 1	 0.002297	 -1	 0.000000	 6.730838
24	 13	 13	 1	 0.005744	 -1	 0.000000	 4.937310
25	 13	 13	 1	 0.008470	 -1	 0.000000	 5.655519
26	 13	 13	 1	 0.002493	 -1	 0.000000	 5.413992
27	 13	 13	 1	 0.000769	 -1	 0.000000	 4.903538
28	 13	 13	 1	 0.012363	 -1	 0.000000	 5.194106
29	 13	 13	 1	 0.051714	 -1	 0.000000	 5.682223
30	 13	 13	 1	 0.000281	 -1	 0.000000	 4.728626
31	 13	 13	 1	 0.002899	 -1	 0.000000	 7.134784
32	 13	 13	 1	 0.001274	 -1	 0.000000	 6.227407
33	 13	 13	 1	 0.000437	 -1	 0.000000	 6.954223
34	 13	 13	 1	 0.000388	 -1	 0.000000	 5.116099
35	 13	 13	 1	 0.000227	 -1	 0.000000	 5.203969
36	 13	 13	 1	 0.006604	 -1	 0.000000	 6.288729
37	 13	 13	 1	 0.004078	 -1	 0.000000	 10.371300
38	 13	 13	 1	 0.000082	 -1	 0.000000	 6.255810
39	 13	 13	 1	 0.001360	 -1	 0.000000	 8.090635
40	 13	 13	 1	 0.000629	 -1	 0.000000	 8.729300
41	 13	 13	 1	 0.005475	 -1	 0.000000	 9.117912
42	 13	 13	 1	 0.000169	 -1	 0.000000	 7.867440
43	 13	 13	 1	 0.000892	 -1	 0.000000	 5.502724
44	 13	 13	 1	 0.001100	 -1	 0.000000	 9.053448
45	 13	 13	 1	 0.012645	 -1	 0.000000	 8.940490
46	 13	 13	 1	 0.007958	 -1	 0.000000	 9.337513
47	 13	 13	 1	 0.006343	 -1	 0.000000	 10.879921
48	 13	 13	 1	 0.001763	 -1	 0.000000	 4.893939
49	 13	 13	 1	 0.003315	 -1	 0.000000	 5.575887
50	 13	 13	 1	 0.000535	 -1	 0.000000	 6.276468
51	 13	 13	 1	 0.000257	 -1	 0.000000	 8.158844
52	 13	 13	 1	 0.003461	 -1	 0.000000	 5.695843
53	 13	 13	 1	 0.000161	 -1	 0.000000	 7.733704
54	 13	 13	 1	 0.000170	 -1	 0.000000	 9.236105
55	 13	 13	 1	 0.001523	 -1	 0.000000	 4.779769
56	 13	 13	 1	 0.003000	 -1	 0.000000	 5.994434
57	 13	 13	 1	 0.004642	 -1	 0.000000	 5.548542
58	 13	 13	 1	 0.000874	 -1	 0.000000	 7.077697
59	 13	 13	 1	 0.000162	 -1	 0.000000	 7.910841
60	 13	 13	 1	 0.000366	 -1	 0.000000	 6.848922
61	 13	 13	 1	 0.000190	 -1	 0.000000	 11.376209
62	 13	 13	 1	 0.016360	 -1	 0.000000	 6.024025
63	 13	 13	 1	 0.000561	 -1	 0.000000	 9.711913
64	 13	 13	 1	 0.000102	 -1	 0.000000	 6.170766
65	 13	 13	 1	 0.002221	 -1	 0.000000	 6.116788
66	 13	 13	 1	 0.014264	 -1	 0.000000	 7.589123
67	 13	 13	 1	 0.000538	 -1	 0.000000	 10.701522
68	 13	 13	 1	 0.001814	 -1	 0.000000	 12.842270
69	 13	 13	 1	 0.010349	 -1	 0.000000	 8.156666
70	 13	 13	 1	 0.000649	 -1	 0.000000	 15.188975
71	 13	 13	 1	 0.000815	 -1	 0.000000	 9.175838
72	 13	 13	 1	 0.000087	 -1	 0.000000	 9.965700
73	 13	 13	 1	 0.000187	 -1	 0.000000	 14.305053
74	 13	 13	 1	 0.000248	 -1	 0.000000	 5.441576
75	 13	 13	 1	 0.000211	 -1	 0.000000	 7.056857
76	 13	 13	 1	 0.002435	 -1	 0.000000	 7.353956
77	 13	 13	 1	 0.048828	 -1	 0.000000	 6.295061
78	 13	 13	 1	 0.000644	 -1	 0.000000	 5.858423
79	 13	 13	 1	 0.000391	 -1	 0.000000	 6.014142
80	 13	 13	 1	 0.000171	 -1	 0.000000	 10.230137
81	 13	 13	 1	 0.000107	 -1	 0.000000	 7.927829
82	 13	 13	 1	 0.000853	 -1	 0.000000	 4.224096
83	 13	 13	 1	 0.000248	 -1	 0.000000	 7.254691
84	 13	 13	 1	 0.000228	 -1	 0.000000	 5.848412
85	 13	 13	 1	 0.030885	 -1	 0.000000	 6.139510
86	 13	 13	 1	 0.029591	 -1	 0.000000	 4.190273
87	 13	 13	 1	 0.000121	 -1	 0.000000	 9.781703
88	 13	 13	 1	 0.001098	 -1	 0.000000	 15.769213
89	 13	 13	 1	 0.000239	 -1	 0.000000	 6.547903
90	 13	 13	 1	 0.000209	 -1	 0.000000	 13.445807
91	 13	 13	 1	 0.000852	 -1	 0.000000	 8.770452
92	 13	 13	 1	 0.001505	 -1	 0.000000	 4.896785
93	 13	 13	 1	 0.003772	 -1	 0.000000	 5.459372
94	 13	 13	 1	 0.000375	 -1	 0.000000	 5.272892
95	 13	 13	 1	 0.000118	 -1	 0.000000	 7.537996
96	 13	 13	 1	 0.005601	 -1	 0.000000	 8.340033
97	 13	 13	 1	 0.000240	 -1	 0.000000	 9.052499
98	 13	 13	 1	 0.000281	 -1	 0.000000	 9.816881
99	 13	 13	 1	 0.000271	 -1	 0.000000	 6.310084
100	 13	 13	 1	 0.000320	 -1	 0.000000	 6.887156
101	 13	 13	 1	 0.000134	 -1	 0.000000	 12.529585
102	 13	 13	 1	 0.000473	 -1	 0.000000	 5.709301
103	 13	 13	 1	 0.001607	 -1	 0.000000	 8.180150
104	 13	 13	 1	 0.010402	 -1	 0.000000	 5.941838
105	 13	 13	 1	 0.000106	 -1	 0.000000	 7.477149
106	 13	 13	 1	 0.000327	 -1	 0.000000	 9.180210
107	 13	 13	 1	 0.000183	 -1	 0.000000	 9.239174
108	 13	 13	 1	 0.001216	 -1	 0.000000	 5.408831
109	 13	 13	 1	 0.000068	 -1	 0.000000	 8.852420
110	 13	 13	 1	 0.000170	 -1	 0.000000	 7.572352
111	 13	 13	 1	 0.008157	 -1	 0.000000	 8.437471
112	 13	 13	 1	 0.002745	 -1	 0.000000	 9.626396
113	 13	 13	 1	 0.049639	 -1	 0.000000	 6.590674
114	 13	 13	 1	 0.065385	 -1	 0.000000	 9.508161
115	 13	 13	 1	 0.000634	 -1	 0.000000	 8.691292
116	 13	 13	 1	 0.017352	 -1	 0.000000	 6.576738
117	 13	 13	 1	 0.000630	 -1	 0.000000	 8.766883
118	 13	 13	 1	 0.000339	 -1	 0.000000	 4.993158
119	 13	 13	 1	 0.000265	 -1	 0.000000	 6.693593
120	 13	 13	 1	 0.001613	 -1	 0.000000	 7.534995
121	 13	 13	 1	 0.000565	 -1	 0.000000	 9.453492
122	 13	 13	 1	 0.000909	 -1	 0.000000	 9.756564
123	 13	 13	 1	 0.008528	 -1	 0.000000	 9.817505
124	 13	 13	 1	 0.004836	 -1	 0.000000	 12.770330
125	 13	 13	 1	 0.001406	 -1	 0.000000	 10.895712
126	 13	 13	 1	 0.000316	 -1	 0.000000	 11.156588
127	 13	 13	 1	 0.000271	 -1	 0.000000	 8.411391
128	 13	 13	 1	 0.004626	 -1	 0.000000	 5.605190
129	 13	 13	 1	 0.000459	 -1	 0.000000	 8.091766
130	 13	 13	 1	 0.000090	 -1	 0.000000	 8.830597
131	 13	 13	 1	 0.000081	 -1	 0.000000	 9.359017
132	 13	 13	 1	 0.002440	 -1	 0.000000	 12.070578
133	 13	 13	 1	 0.001944	 -1	 0.000000	 10.916123
134	 13	 13	 1	 0.000181	 -1	 0.000000	 5.609798
135	 13	 13	 1	 0.000684	 -1	 0.000000	 11.178523
136	 13	 13	 1	 0.000268	 -1	 0.000000	 6.760974
137	 13	 13	 1	 0.000998	 -1	 0.000000	 4.832304
138	 13	 13	 1	 0.000447	 -1	 0.000000	 13.450735
139	 13	 13	 1	 0.000970	 -1	 0.000000	 6.170625
140	 13	 13	 1	 0.000820	 -1	 0.000000	 10.299889
141	 13	 13	 1	 0.000284	 -1	 0.000000	 4.430737
142	 13	 13	 1	 0.002582	 -1	 0.000000	 9.998809
143	 13	 13	 1	 0.000133	 -1	 0.000000	 6.080159
144	 13	 13	 1	 0.000208	 -1	 0.000000	 6.706144
145	 13	 13	 1	 0.000424	 -1	 0.000000	 7.755677
146	 13	 13	 1	 0.000121	 -1	 0.000000	 4.848786
147	 13	 13	 1	 0.005741	 -1	 0.000000	 5.900727
148	 13	 13	 1	 0.003706	 -1	 0.000000	 8.446548
149	 13	 13	 1	 0.000262	 -1	 0.000000	 5.860827
150	 13	 13	 1	 0.000538	 -1	 0.000000	 7.986951
151	 13	 13	 1	 0.005119	 -1	 0.000000	 10.131398
152	 13	 13	 1	 0.004848	 -1	 0.000000	 6.545834
153	 13	 13	 1	 0.003541	 -1	 0.000000	 9.171718
154	 13	 13	 1	 0.004326	 -1	 0.000000	 8.077968
155	 13	 13	 1	 0.001930	 -1	 0.000000	 9.829700
156	 13	 13	 1	 0.006981	 -1	 0.000000	 5.287796
157	 13	 13	 1	 0.001450	 -1	 0.000000	 5.797464
158	 13	 13	 1	 0.002945	 -1	 0.000000	 11.055196
159	 13	 13	 1	 0.008883	 -1	 0.000000	 9.444508
160	 13	 13	 1	 0.002535	 -1	 0.000000	 6.915901
161	 13	 13	 1	 0.000565	 -1	 0.000000	 5.985147
162	 13	 13	 1	 0.006853	 -1	 0.000000	 8.101457
163	 13	 13	 1	 0.001371	 -1	 0.000000	 9.831849
164	 13	 13	 1	 0.000362	 -1	 0.000000	 9.103701
165	 13	 13	 1	 0.001944	 -1	 0.000000	 12.554031
166	 13	 13	 1	 0.002365	 -1	 0.000000	 11.848831
167	 13	 13	 1	 0.008559	 -1	 0.000000	 4.832788
168	 13	 13	 1	 0.001561	 -1	 0.000000	 9.075126
169	 13	 13	 1	 0.000175	 -1	 0.000000	 6.648708
170	 13	 13	 1	 0.003061	 -1	 0.000000	 5.163657
171	 13	 13	 1	 0.000379	 -1	 0.000000	 8.842773
172	 13	 13	 1	 0.006461	 -1	 0.000000	 6.105528
173	 13	 13	 1	 0.018002	 -1	 0.000000	 11.120487
174	 13	 13	 1	 0.000574	 -1	 0.000000	 5.482460
175	 13	 13	 1	 0.000149	 -1	 0.000000	 10.027422
189	 13	 13	 1	 0.002421	 -1	 0.000000	 6.447907
194	 13	 13	 1	 0.010845	 -1	 0.000000	 15.252931
196	 13	 13	 0	 1000.000000	 -1	 0.000000	 7.837381
215	 13	 13	 1	 0.024789	 -1	 0.000000	 7.953002
219	 13	 13	 1	 0.000083	 -1	 0.000000	 6.420949
220	 13	 13	 1	 0.002499	 -1	 0.000000	 4.940388
221	 13	 13	 1	 0.000616	 -1	 0.000000	 6.268688
222	 13	 13	 1	 0.003473	 -1	 0.000000	 5.774408
223	 13	 13	 1	 2.785780	 -1	 0.000000	 4.730734
226	 13	 13	 1	 0.014058	 -1	 0.000000	 7.444245
244	 13	 13	 1	 0.000396	 -1	 0.000000	 7.088068
245	 13	 13	 1	 0.001442	 -1	 0.000000	 6.755182
246	 13	 13	 1	 0.004518	 -1	 0.000000	 7.938068
251	 13	 13	 1	 0.002621	 -1	 0.000000	 7.676153
252	 13	 13	 0	 329.798432	 -1	 0.000000	 11.159528
270	 13	 13	 1	 0.005048	 -1	 0.000000	 10.171922
275	 13	 13	 1	 0.001974	 -1	 0.000000	 10.434223
276	 13	 13	 1	 0.003736	 -1	 0.000000	 3.837738
291	 13	 13	 1	 0.000199	 -1	 0.000000	 11.032620
292	 13	 13	 1	 0.000219	 -1	 0.000000	 4.908545
293	 13	 13	 1	 0.000466	 -1	 0.000000	 6.118120
294	 13	 13	 1	 0.001154	 -1	 0.000000	 7.088977
316	 13	 13	 1	 0.002061	 -1	 0.000000	 10.583190
323	 13	 13	 1	 0.001223	 -1	 0.000000	 19.446407
329	 13	 13	 0	 1000.000000	 -1	 0.000000	 4.501200
330	 13	 13	 0	 1000.000000	 -1	 0.000000	 6.053209
347	 13	 13	 1	 0.003445	 -1	 0.000000	 6.504179
348	 13	 13	 1	 0.061724	 -1	 0.000000	 5.063371
349	 13	 13	 1	 0.001094	 -1	 0.000000	 6.303363
356	 13	 13	 1	 0.000329	 -1	 0.000000	 7.006005
372	 13	 13	 1	 0.006403	 -1	 0.000000	 5.438615
373	 13	 13	 1	 0.002774	 -1	 0.000000	 6.466250
374	 13	 13	 1	 0.000740	 -1	 0.000000	 12.439051
375	 13	 13	 1	 0.000342	 -1	 0.000000	 13.522215
380	 13	 13	 1	 0.000223	 -1	 0.000000	 10.029408
394	 13	 13	 1	 0.004242	 -1	 0.000000	 6.995485
398	 13	 13	 1	 0.007299	 -1	 0.000000	 10.299664
414	 13	 13	 1	 0.001030	 -1	 0.000000	 6.149738
415	 13	 13	 1	 0.000274	 -1	 0.000000	 8.605817
416	 13	 13	 1	 0.002096	 -1	 0.000000	 6.990207
422	 13	 13	 1	 0.001597	 -1	 0.000000	 5.494129
423	 13	 13	 0	 372.614697	 -1	 0.000000	 12.668452
439	 13	 13	 1	 0.003797	 -1	 0.000000	 5.123432
440	 13	 13	 1	 0.003701	 -1	 0.000000	 6.282193
441	 13	 13	 1	 0.003428	 -1	 0.000000	 9.278735
447	 13	 13	 1	 0.007897	 -1	 0.000000	 6.421422
465	 13	 13	 1	 0.002186	 -1	 0.000000	 9.610544
466	 13	 13	 1	 0.000191	 -1	 0.000000	 6.158637
467	 13	 13	 1	 0.001544	 -1	 0.000000	 5.868480
472	 13	 13	 1	 0.002746	 -1	 0.000000	 8.359314
473	 13	 13	 1	 3.652863	 -1	 0.000000	 6.800162
489	 13	 13	 1	 0.000172	 -1	 0.000000	 7.928507
490	 13	 13	 1	 0.002367	 -1	 0.000000	 7.424437
491	 13	 13	 1	 0.092993	 -1	 0.000000	 4.265150
>>> gr_fir_ccf: using E
>>> gr_fir_fff: using E
gr_buffer::allocate_buffer: warning: tried to allocate
   17 items of size 3696. Due to alignment requirements
   256 were allocated.  If this isn't OK, consider padding
   your structure to a power-of-two bytes.
   On this platform, our allocation granularity is 4096 bytes.
12	 13	 13	 1	 0.001102	 -1	 0.000000	 5.790809
13	 13	 13	 1	 0.006323	 -1	 0.000000	 5.512246
14	 13	 13	 1	 0.000401	 -1	 0.000000	 12.885296
15	 13	 13	 1	 0.002438	 -1	 0.000000	 8.759375
16	 13	 13	 1	 0.003375	 -1	 0.000000	 7.456565
17	 13	 13	 1	 0.011511	 -1	 0.000000	 4.731120
18	 13	 13	 1	 0.000295	 -1	 0.000000	 8.462668
19	 13	 13	 1	 0.000706	 -1	 0.000000	 6.181651
20	 13	 13	 1	 0.029489	 -1	 0.000000	 10.271068
21	 13	 13	 1	 0.001762	 -1	 0.000000	 6.480377
22	 13	 13	 1	 0.000562	 -1	 0.000000	 3.914232
23	 13	 13	 1	 0.001954	 -1	 0.000000	 6.646387
24	 13	 13	 1	 0.004601	 -1	 0.000000	 5.910398
25	 13	 13	 1	 0.011306	 -1	 0.000000	 8.916466
26	 13	 13	 1	 0.001584	 -1	 0.000000	 6.738628
27	 13	 13	 1	 0.000189	 -1	 0.000000	 9.743120
28	 13	 13	 1	 0.000307	 -1	 0.000000	 7.489580
29	 13	 13	 1	 0.000668	 -1	 0.000000	 8.086723
30	 13	 13	 1	 0.000985	 -1	 0.000000	 8.593294
31	 13	 13	 1	 0.001407	 -1	 0.000000	 12.058061
32	 13	 13	 1	 0.001143	 -1	 0.000000	 11.769628
33	 13	 13	 1	 0.000267	 -1	 0.000000	 6.231450
34	 13	 13	 1	 0.014324	 -1	 0.000000	 10.104568
35	 13	 13	 1	 0.003889	 -1	 0.000000	 7.250943
36	 13	 13	 1	 0.000507	 -1	 0.000000	 7.017621
37	 13	 13	 1	 0.000399	 -1	 0.000000	 6.883740
38	 13	 13	 1	 0.002377	 -1	 0.000000	 5.560441
39	 13	 13	 1	 0.006548	 -1	 0.000000	 7.585093
40	 13	 13	 1	 0.000109	 -1	 0.000000	 6.218284
41	 13	 13	 1	 0.011395	 -1	 0.000000	 6.740327
42	 13	 13	 1	 0.004786	 -1	 0.000000	 7.913621
43	 13	 13	 1	 0.013875	 -1	 0.000000	 5.485983
44	 13	 13	 1	 0.015233	 -1	 0.000000	 10.880855
45	 13	 13	 1	 0.002478	 -1	 0.000000	 4.462960
46	 13	 13	 1	 0.001654	 -1	 0.000000	 11.120412
47	 13	 13	 1	 0.005828	 -1	 0.000000	 5.519679
48	 13	 13	 1	 0.017052	 -1	 0.000000	 10.060775
49	 13	 13	 1	 0.000397	 -1	 0.000000	 9.851211
50	 13	 13	 1	 0.023999	 -1	 0.000000	 7.739270
51	 13	 13	 1	 0.002343	 -1	 0.000000	 8.272047
52	 13	 13	 1	 0.001865	 -1	 0.000000	 6.544985
53	 13	 13	 1	 0.006290	 -1	 0.000000	 5.590090
54	 13	 13	 1	 0.003090	 -1	 0.000000	 6.089790
55	 13	 13	 1	 0.000387	 -1	 0.000000	 6.050442
56	 13	 13	 1	 0.000407	 -1	 0.000000	 7.356992
57	 13	 13	 1	 0.001398	 -1	 0.000000	 11.603757
58	 13	 13	 1	 0.106369	 -1	 0.000000	 11.337397
59	 13	 13	 1	 0.005203	 -1	 0.000000	 6.212609
60	 13	 13	 1	 0.002400	 -1	 0.000000	 6.320178
61	 13	 13	 1	 0.001341	 -1	 0.000000	 7.035502
62	 13	 13	 1	 0.000823	 -1	 0.000000	 7.268196
63	 13	 13	 1	 0.011807	 -1	 0.000000	 4.932392
64	 13	 13	 1	 0.004322	 -1	 0.000000	 7.725671
65	 13	 13	 1	 0.002316	 -1	 0.000000	 5.291788
66	 13	 13	 1	 0.008497	 -1	 0.000000	 7.085414
67	 13	 13	 1	 0.062241	 -1	 0.000000	 6.105474
68	 13	 13	 1	 0.000241	 -1	 0.000000	 8.613315
69	 13	 13	 1	 0.002412	 -1	 0.000000	 10.034451
70	 13	 13	 1	 0.001120	 -1	 0.000000	 10.536160
71	 13	 13	 1	 0.020007	 -1	 0.000000	 7.747530
72	 13	 13	 1	 0.000557	 -1	 0.000000	 7.639134
73	 13	 13	 1	 0.000444	 -1	 0.000000	 12.232361
74	 13	 13	 1	 0.000627	 -1	 0.000000	 6.852364
75	 13	 13	 1	 0.007632	 -1	 0.000000	 5.831264
76	 13	 13	 1	 0.000653	 -1	 0.000000	 6.245649
77	 13	 13	 1	 0.000384	 -1	 0.000000	 6.445662
78	 13	 13	 1	 0.033551	 -1	 0.000000	 7.517769
79	 13	 13	 1	 0.000456	 -1	 0.000000	 5.124435
80	 13	 13	 1	 0.003209	 -1	 0.000000	 5.224574
81	 13	 13	 1	 0.001954	 -1	 0.000000	 8.316217
82	 13	 13	 1	 0.015256	 -1	 0.000000	 4.611364
83	 13	 13	 1	 0.004874	 -1	 0.000000	 3.664465
84	 13	 13	 1	 0.003971	 -1	 0.000000	 9.513739
85	 13	 13	 1	 0.000916	 -1	 0.000000	 6.332194
86	 13	 13	 1	 0.001736	 -1	 0.000000	 8.351644
87	 13	 13	 1	 0.001751	 -1	 0.000000	 5.623097
88	 13	 13	 1	 0.001472	 -1	 0.000000	 7.123343
89	 13	 13	 1	 0.000502	 -1	 0.000000	 6.115117
90	 13	 13	 1	 0.001590	 -1	 0.000000	 9.441890
91	 13	 13	 1	 0.000208	 -1	 0.000000	 5.382473
92	 13	 13	 1	 0.006505	 -1	 0.000000	 8.296042
93	 13	 13	 1	 0.000871	 -1	 0.000000	 6.809936
94	 13	 13	 1	 0.000745	 -1	 0.000000	 5.013066
95	 13	 13	 1	 0.002703	 -1	 0.000000	 6.824117
96	 13	 13	 1	 0.003217	 -1	 0.000000	 6.443674
97	 13	 13	 1	 0.000956	 -1	 0.000000	 14.426689
98	 13	 13	 1	 0.002388	 -1	 0.000000	 6.635341
99	 13	 13	 1	 0.000753	 -1	 0.000000	 13.173827
100	 13	 13	 1	 0.002297	 -1	 0.000000	 8.720993
101	 13	 13	 1	 0.001521	 -1	 0.000000	 8.809150
102	 13	 13	 1	 0.008301	 -1	 0.000000	 7.841024
103	 13	 13	 1	 0.006530	 -1	 0.000000	 7.967973
104	 13	 13	 1	 0.007820	 -1	 0.000000	 10.033835
105	 13	 13	 1	 0.014320	 -1	 0.000000	 11.932955
106	 13	 13	 1	 0.000438	 -1	 0.000000	 7.228466
107	 13	 13	 1	 0.001358	 -1	 0.000000	 9.026955
108	 13	 13	 1	 0.002321	 -1	 0.000000	 7.517127
109	 13	 13	 1	 0.000150	 -1	 0.000000	 10.147385
110	 13	 13	 1	 0.001755	 -1	 0.000000	 5.895510
111	 13	 13	 1	 0.004207	 -1	 0.000000	 9.155702
112	 13	 13	 1	 0.000777	 -1	 0.000000	 6.155941
113	 13	 13	 1	 0.008825	 -1	 0.000000	 9.423632
114	 13	 13	 1	 0.002141	 -1	 0.000000	 7.722754
115	 13	 13	 1	 0.040650	 -1	 0.000000	 10.294475
116	 13	 13	 1	 0.000327	 -1	 0.000000	 5.338817
117	 13	 13	 1	 0.000944	 -1	 0.000000	 5.340003
118	 13	 13	 1	 0.000567	 -1	 0.000000	 4.953456
119	 13	 13	 1	 0.002728	 -1	 0.000000	 8.004040
120	 13	 13	 1	 0.000153	 -1	 0.000000	 6.644511
121	 13	 13	 1	 0.000705	 -1	 0.000000	 7.362413
122	 13	 13	 1	 0.004393	 -1	 0.000000	 6.854172
123	 13	 13	 1	 0.001477	 -1	 0.000000	 4.972207
124	 13	 13	 1	 0.994854	 -1	 0.000000	 5.162863
125	 13	 13	 1	 0.021702	 -1	 0.000000	 8.416563
126	 13	 13	 1	 0.000778	 -1	 0.000000	 13.723503
127	 13	 13	 1	 0.001675	 -1	 0.000000	 6.755978
128	 13	 13	 1	 0.000491	 -1	 0.000000	 5.871843
129	 13	 13	 1	 0.000376	 -1	 0.000000	 7.666905
130	 13	 13	 1	 0.002193	 -1	 0.000000	 7.997572
131	 13	 13	 1	 0.004492	 -1	 0.000000	 4.395416
132	 13	 13	 1	 0.007162	 -1	 0.000000	 6.523590
133	 13	 13	 1	 0.001394	 -1	 0.000000	 6.030556
134	 13	 13	 1	 0.002713	 -1	 0.000000	 7.617242
135	 13	 13	 1	 0.006810	 -1	 0.000000	 6.081525
136	 13	 13	 1	 0.001831	 -1	 0.000000	 6.320616
137	 13	 13	 1	 0.018209	 -1	 0.000000	 4.003682
138	 13	 13	 1	 0.000264	 -1	 0.000000	 9.121925
139	 13	 13	 1	 0.005183	 -1	 0.000000	 6.553084
140	 13	 13	 1	 0.000282	 -1	 0.000000	 5.310932
141	 13	 13	 1	 0.005374	 -1	 0.000000	 5.952384
142	 13	 13	 1	 0.034219	 -1	 0.000000	 6.792800
143	 13	 13	 1	 0.002310	 -1	 0.000000	 5.472802
144	 13	 13	 1	 0.000172	 -1	 0.000000	 7.191702
145	 13	 13	 1	 0.000542	 -1	 0.000000	 8.652307
146	 13	 13	 1	 0.001186	 -1	 0.000000	 4.387576
147	 13	 13	 1	 0.001193	 -1	 0.000000	 5.573065
148	 13	 13	 1	 0.000171	 -1	 0.000000	 12.005075
149	 13	 13	 1	 0.000389	 -1	 0.000000	 5.800322
150	 13	 13	 1	 0.001610	 -1	 0.000000	 9.361513
151	 13	 13	 1	 0.110992	 -1	 0.000000	 6.096614
152	 13	 13	 1	 0.001027	 -1	 0.000000	 4.817375
153	 13	 13	 1	 0.001083	 -1	 0.000000	 5.749615
154	 13	 13	 1	 0.000564	 -1	 0.000000	 8.199688
155	 13	 13	 1	 0.001046	 -1	 0.000000	 6.244032
156	 13	 13	 1	 0.004924	 -1	 0.000000	 7.437866
157	 13	 13	 1	 0.001747	 -1	 0.000000	 6.599858
158	 13	 13	 1	 0.000212	 -1	 0.000000	 8.293858
159	 13	 13	 1	 0.001711	 -1	 0.000000	 5.407216
160	 13	 13	 1	 0.006612	 -1	 0.000000	 9.822935
161	 13	 13	 1	 0.001075	 -1	 0.000000	 6.687695
162	 13	 13	 1	 0.001644	 -1	 0.000000	 12.069291
163	 13	 13	 1	 0.004810	 -1	 0.000000	 5.642818
164	 13	 13	 1	 0.001053	 -1	 0.000000	 8.519597
165	 13	 13	 1	 0.109471	 -1	 0.000000	 7.534091
166	 13	 13	 1	 0.008811	 -1	 0.000000	 5.116969
167	 13	 13	 1	 0.020897	 -1	 0.000000	 10.272117
168	 13	 13	 1	 0.000478	 -1	 0.000000	 7.399412
169	 13	 13	 1	 0.000533	 -1	 0.000000	 6.893195
170	 13	 13	 1	 0.000964	 -1	 0.000000	 6.220068
171	 13	 13	 1	 0.001609	 -1	 0.000000	 4.884592
172	 13	 13	 1	 0.002380	 -1	 0.000000	 10.224585
173	 13	 13	 1	 0.001097	 -1	 0.000000	 8.702211
174	 13	 13	 1	 0.000290	 -1	 0.000000	 4.590277
175	 13	 13	 1	 0.000489	 -1	 0.000000	 5.336830
176	 13	 13	 1	 0.000238	 -1	 0.000000	 5.496198
177	 13	 13	 1	 0.000398	 -1	 0.000000	 10.454906
178	 13	 13	 1	 0.000173	 -1	 0.000000	 15.081685
179	 13	 13	 1	 0.000226	 -1	 0.000000	 7.675436
180	 13	 13	 1	 0.000738	 -1	 0.000000	 7.104258
181	 13	 13	 1	 0.000158	 -1	 0.000000	 10.225183
182	 13	 13	 1	 0.000357	 -1	 0.000000	 7.634270
183	 13	 13	 1	 0.012390	 -1	 0.000000	 4.390982
184	 13	 13	 1	 0.000184	 -1	 0.000000	 5.421834
185	 13	 13	 1	 0.001054	 -1	 0.000000	 4.995268
186	 13	 13	 1	 0.004952	 -1	 0.000000	 6.386554
187	 13	 13	 1	 0.002756	 -1	 0.000000	 8.094709
188	 13	 13	 1	 0.000211	 -1	 0.000000	 5.798407
189	 13	 13	 1	 0.000843	 -1	 0.000000	 6.855660
190	 13	 13	 1	 0.003286	 -1	 0.000000	 5.980522
191	 13	 13	 1	 0.000508	 -1	 0.000000	 8.374640
192	 13	 13	 1	 0.000095	 -1	 0.000000	 7.217238
205	 13	 13	 1	 0.010403	 -1	 0.000000	 5.015646
206	 13	 13	 1	 0.000327	 -1	 0.000000	 7.038976
207	 13	 13	 1	 0.030240	 -1	 0.000000	 5.088249
208	 13	 13	 1	 0.000213	 -1	 0.000000	 9.265141
224	 13	 13	 1	 0.007623	 -1	 0.000000	 8.039433
229	 13	 13	 1	 0.032744	 -1	 0.000000	 5.729167
230	 13	 13	 1	 0.001005	 -1	 0.000000	 7.432700
231	 13	 13	 1	 0.004517	 -1	 0.000000	 7.103977
232	 13	 13	 1	 0.002446	 -1	 0.000000	 4.216295
252	 13	 13	 1	 0.001327	 -1	 0.000000	 5.362680
253	 13	 13	 1	 0.003466	 -1	 0.000000	 6.068150
254	 13	 13	 1	 0.000111	 -1	 0.000000	 6.138386
255	 13	 13	 1	 0.000211	 -1	 0.000000	 6.129189
275	 13	 13	 0	 1000.000000	 -1	 0.000000	 6.196007
277	 13	 13	 1	 0.000384	 -1	 0.000000	 9.627676
278	 13	 13	 1	 0.001565	 -1	 0.000000	 6.970024
294	 13	 13	 0	 1000.000000	 -1	 0.000000	 4.993011
300	 13	 13	 1	 0.003716	 -1	 0.000000	 7.044292
301	 13	 13	 1	 0.001031	 -1	 0.000000	 7.391383
303	 13	 13	 1	 0.000329	 -1	 0.000000	 5.918523
324	 13	 13	 1	 0.001586	 -1	 0.000000	 5.190802
325	 13	 13	 1	 0.004626	 -1	 0.000000	 5.888830
326	 13	 13	 0	 1000.000000	 -1	 0.000000	 7.294808
340	 13	 13	 1	 0.001684	 -1	 0.000000	 7.524122
356	 13	 13	 1	 0.001524	 -1	 0.000000	 9.619843
362	 13	 13	 1	 0.006782	 -1	 0.000000	 5.775346
363	 13	 13	 1	 0.008559	 -1	 0.000000	 8.187697
364	 13	 13	 1	 0.009857	 -1	 0.000000	 5.169115
380	 13	 13	 1	 0.000144	 -1	 0.000000	 5.559694
387	 13	 13	 1	 0.009535	 -1	 0.000000	 6.358497
388	 13	 13	 1	 0.001495	 -1	 0.000000	 4.483658
389	 13	 13	 1	 0.000476	 -1	 0.000000	 6.716628
390	 13	 13	 1	 0.002753	 -1	 0.000000	 3.579020
409	 13	 13	 1	 0.003713	 -1	 0.000000	 7.462418
411	 13	 13	 1	 0.000698	 -1	 0.000000	 5.341972
412	 13	 13	 1	 0.000348	 -1	 0.000000	 6.458606
413	 13	 13	 1	 0.001709	 -1	 0.000000	 6.444735
425	 13	 13	 1	 0.000541	 -1	 0.000000	 5.362120
431	 13	 13	 1	 48.392587	 -1	 0.000000	 4.631425
432	 13	 13	 1	 0.000096	 -1	 0.000000	 9.929399
433	 13	 13	 1	 0.001239	 -1	 0.000000	 8.127900
434	 13	 13	 1	 0.000490	 -1	 0.000000	 13.665042
450	 13	 13	 1	 0.001973	 -1	 0.000000	 8.181623
455	 13	 13	 1	 0.001870	 -1	 0.000000	 7.677428
456	 13	 13	 1	 0.010082	 -1	 0.000000	 6.562160
457	 13	 13	 1	 0.001374	 -1	 0.000000	 10.919094
458	 13	 13	 1	 0.001429	 -1	 0.000000	 5.771329
478	 13	 13	 1	 0.007585	 -1	 0.000000	 9.576741
479	 13	 13	 1	 0.000640	 -1	 0.000000	 6.963891
480	 13	 13	 1	 0.000378	 -1	 0.000000	 5.815862
481	 13	 13	 1	 0.001709	 -1	 0.000000	 5.431017
>>> gr_fir_ccf: using E
>>> gr_fir_fff: using E
gr_buffer::allocate_buffer: warning: tried to allocate
   17 items of size 3696. Due to alignment requirements
   256 were allocated.  If this isn't OK, consider padding
   your structure to a power-of-two bytes.
   On this platform, our allocation granularity is 4096 bytes.
>>> gr_fir_ccf: using E
>>> gr_fir_fff: using E
gr_buffer::allocate_buffer: warning: tried to allocate
   17 items of size 3696. Due to alignment requirements
   256 were allocated.  If this isn't OK, consider padding
   your structure to a power-of-two bytes.
   On this platform, our allocation granularity is 4096 bytes.
>>> gr_fir_ccf: using E
>>> gr_fir_fff: using E
gr_buffer::allocate_buffer: warning: tried to allocate
   17 items of size 3696. Due to alignment requirements
   256 were allocated.  If this isn't OK, consider padding
   your structure to a power-of-two bytes.
   On this platform, our allocation granularity is 4096 bytes.
46	 5	 5	 1	 13.026310	 -1	 0.000000	 4.395402
47	 5	 5	 1	 5.131966	 -1	 0.000000	 9.774097
48	 5	 5	 1	 22.130424	 -1	 0.000000	 10.007313
49	 5	 5	 1	 3.443177	 -1	 0.000000	 8.435595
50	 5	 5	 1	 3.223894	 -1	 0.000000	 6.723546
51	 5	 5	 1	 5.694752	 -1	 0.000000	 10.301071
52	 5	 5	 1	 3.940231	 -1	 0.000000	 9.880633
53	 5	 5	 1	 4.599004	 -1	 0.000000	 7.388334
54	 5	 5	 1	 10.939644	 -1	 0.000000	 7.020087
55	 5	 5	 1	 14.085213	 -1	 0.000000	 7.913725
56	 5	 5	 1	 14.149891	 -1	 0.000000	 6.151019
57	 5	 5	 1	 5.219280	 -1	 0.000000	 5.183152
58	 5	 5	 1	 3.730925	 -1	 0.000000	 7.997347
59	 5	 5	 1	 2.529082	 -1	 0.000000	 7.534027
60	 5	 5	 1	 8.887108	 -1	 0.000000	 5.280205
61	 5	 5	 1	 3.952401	 -1	 0.000000	 6.983928
62	 5	 5	 1	 3.362243	 -1	 0.000000	 10.719857
63	 5	 5	 1	 1.633581	 -1	 0.000000	 6.376091
64	 5	 5	 1	 5.202621	 -1	 0.000000	 8.804455
65	 5	 5	 1	 2.909348	 -1	 0.000000	 9.813970
66	 5	 5	 1	 0.742796	 -1	 0.000000	 11.995879
67	 5	 5	 1	 3.315604	 -1	 0.000000	 9.890045
68	 5	 5	 1	 3.896113	 -1	 0.000000	 5.747462
69	 5	 5	 1	 8.369948	 -1	 0.000000	 8.276496
70	 5	 5	 1	 13.613777	 -1	 0.000000	 5.704213
71	 5	 5	 1	 9.460568	 -1	 0.000000	 6.308671
72	 5	 5	 1	 4.173960	 -1	 0.000000	 6.518510
73	 5	 5	 1	 3.573792	 -1	 0.000000	 12.893633
74	 5	 5	 1	 4.661342	 -1	 0.000000	 10.644954
75	 5	 5	 1	 16.956338	 -1	 0.000000	 6.761499
76	 5	 5	 1	 2.591021	 -1	 0.000000	 9.095025
77	 5	 5	 1	 5.515204	 -1	 0.000000	 6.329169
78	 5	 5	 1	 2.775375	 -1	 0.000000	 18.733664
79	 5	 5	 1	 1.598909	 -1	 0.000000	 7.478072
80	 5	 5	 1	 1.193713	 -1	 0.000000	 3.784518
81	 5	 5	 1	 2.760268	 -1	 0.000000	 4.703454
82	 5	 5	 1	 7.580884	 -1	 0.000000	 9.469304
83	 5	 5	 1	 4.497391	 -1	 0.000000	 6.857218
84	 5	 5	 1	 5.839194	 -1	 0.000000	 5.748003
85	 5	 5	 1	 6.580763	 -1	 0.000000	 5.501532
86	 5	 5	 1	 5.309313	 -1	 0.000000	 6.571500
87	 5	 5	 1	 1.659750	 -1	 0.000000	 12.920369
88	 5	 5	 1	 6.293653	 -1	 0.000000	 6.982035
89	 5	 5	 1	 7.715315	 -1	 0.000000	 5.519374
90	 5	 5	 1	 4.920282	 -1	 0.000000	 10.669885
91	 5	 5	 1	 7.631587	 -1	 0.000000	 8.385144
92	 5	 5	 1	 5.532937	 -1	 0.000000	 6.739786
93	 5	 5	 1	 2.829186	 -1	 0.000000	 6.100365
94	 5	 5	 1	 12.260501	 -1	 0.000000	 5.729614
95	 5	 5	 1	 6.940198	 -1	 0.000000	 6.803916
96	 5	 5	 1	 5.572886	 -1	 0.000000	 5.653897
97	 5	 5	 1	 2.509947	 -1	 0.000000	 5.386853
98	 5	 5	 1	 5.035120	 -1	 0.000000	 12.487639
99	 5	 5	 1	 4.114725	 -1	 0.000000	 9.129916
100	 5	 5	 1	 5.923756	 -1	 0.000000	 8.830633
101	 5	 5	 1	 6.029759	 -1	 0.000000	 11.765746
102	 5	 5	 1	 1.794697	 -1	 0.000000	 6.629360
103	 5	 5	 1	 2.140236	 -1	 0.000000	 6.535104
104	 5	 5	 1	 6.358712	 -1	 0.000000	 6.433711
105	 5	 5	 1	 1.453116	 -1	 0.000000	 17.157633
106	 5	 5	 1	 10.017162	 -1	 0.000000	 9.069101
107	 5	 5	 1	 4.439057	 -1	 0.000000	 5.723559
108	 5	 5	 1	 4.150278	 -1	 0.000000	 6.180978
109	 5	 5	 1	 3.301265	 -1	 0.000000	 9.444042
110	 5	 5	 1	 10.649008	 -1	 0.000000	 5.080237
111	 5	 5	 1	 3.283657	 -1	 0.000000	 7.553156
112	 5	 5	 1	 3.142688	 -1	 0.000000	 6.127472
113	 5	 5	 1	 7.585847	 -1	 0.000000	 5.962476
114	 5	 5	 1	 0.848542	 -1	 0.000000	 5.016446
115	 5	 5	 1	 11.830240	 -1	 0.000000	 5.484120
116	 5	 5	 1	 7.693260	 -1	 0.000000	 6.327918
117	 5	 5	 1	 13.993424	 -1	 0.000000	 8.518114
118	 5	 5	 1	 15.744138	 -1	 0.000000	 9.005774
119	 5	 5	 1	 1.507183	 -1	 0.000000	 6.957496
120	 5	 5	 1	 6.804250	 -1	 0.000000	 5.124122
121	 5	 5	 1	 2.900841	 -1	 0.000000	 6.142148
122	 5	 5	 1	 6.182766	 -1	 0.000000	 8.835268
123	 5	 5	 1	 1.574948	 -1	 0.000000	 6.435748
124	 5	 5	 1	 9.274573	 -1	 0.000000	 8.149186
125	 5	 5	 1	 1.750304	 -1	 0.000000	 5.849587
126	 5	 5	 1	 5.001648	 -1	 0.000000	 8.597494
127	 5	 5	 1	 6.114216	 -1	 0.000000	 6.986162
128	 5	 5	 1	 4.121409	 -1	 0.000000	 4.803297
129	 5	 5	 1	 18.372925	 -1	 0.000000	 4.558795
130	 5	 5	 1	 2.604854	 -1	 0.000000	 8.935988
131	 5	 5	 1	 1.441037	 -1	 0.000000	 6.446491
132	 5	 5	 1	 4.264733	 -1	 0.000000	 7.428926
133	 5	 5	 1	 1.507648	 -1	 0.000000	 8.588444
134	 5	 5	 1	 7.189073	 -1	 0.000000	 5.557806
135	 5	 5	 1	 3.833777	 -1	 0.000000	 5.341877
136	 5	 5	 1	 9.270893	 -1	 0.000000	 9.752685
137	 5	 5	 1	 5.363753	 -1	 0.000000	 5.422207
138	 5	 5	 1	 1.459363	 -1	 0.000000	 11.048261
139	 5	 5	 1	 10.411536	 -1	 0.000000	 5.689485
140	 5	 5	 1	 4.863277	 -1	 0.000000	 6.124046
141	 5	 5	 1	 8.175510	 -1	 0.000000	 6.214739
142	 5	 5	 1	 2.822005	 -1	 0.000000	 9.286777
143	 5	 5	 1	 13.190202	 -1	 0.000000	 6.831926
144	 5	 5	 1	 8.436244	 -1	 0.000000	 8.719118
145	 5	 5	 1	 3.896892	 -1	 0.000000	 8.205898
146	 5	 5	 1	 22.926577	 -1	 0.000000	 7.817426
147	 5	 5	 1	 3.306004	 -1	 0.000000	 6.775112
148	 5	 5	 1	 27.060301	 -1	 0.000000	 8.358980
149	 5	 5	 1	 9.612549	 -1	 0.000000	 5.212150
150	 5	 5	 1	 1.174274	 -1	 0.000000	 8.990859
151	 5	 5	 1	 2.903940	 -1	 0.000000	 6.330482
152	 5	 5	 1	 6.366293	 -1	 0.000000	 12.089549
153	 5	 5	 1	 6.599133	 -1	 0.000000	 5.759613
154	 5	 5	 1	 3.333208	 -1	 0.000000	 5.049377
155	 5	 5	 1	 7.650686	 -1	 0.000000	 8.877404
156	 5	 5	 1	 10.656471	 -1	 0.000000	 12.647671
157	 5	 5	 1	 3.871409	 -1	 0.000000	 6.011443
158	 5	 5	 1	 3.232130	 -1	 0.000000	 8.026690
159	 5	 5	 1	 1.546660	 -1	 0.000000	 13.454005
160	 5	 5	 1	 15.060469	 -1	 0.000000	 5.527384
161	 5	 5	 1	 3.217105	 -1	 0.000000	 5.637468
162	 5	 5	 1	 1.621301	 -1	 0.000000	 8.251694
163	 5	 5	 1	 6.872057	 -1	 0.000000	 5.144446
164	 5	 5	 1	 10.502255	 -1	 0.000000	 4.254518
165	 5	 5	 1	 6.012072	 -1	 0.000000	 5.418211
166	 5	 5	 1	 5.960380	 -1	 0.000000	 15.160531
167	 5	 5	 1	 1.060826	 -1	 0.000000	 10.047746
168	 5	 5	 1	 8.798896	 -1	 0.000000	 8.052408
169	 5	 5	 1	 4.245129	 -1	 0.000000	 6.530909
170	 5	 5	 1	 6.782082	 -1	 0.000000	 5.838433
171	 5	 5	 1	 15.834243	 -1	 0.000000	 8.317522
172	 5	 5	 1	 15.327019	 -1	 0.000000	 5.716506
173	 5	 5	 1	 3.098730	 -1	 0.000000	 5.222002
174	 5	 5	 1	 7.515001	 -1	 0.000000	 5.286496
175	 5	 5	 1	 3.059865	 -1	 0.000000	 6.026337
176	 5	 5	 1	 10.602786	 -1	 0.000000	 6.201744
177	 5	 5	 1	 3.604625	 -1	 0.000000	 11.136137
178	 5	 5	 1	 7.573332	 -1	 0.000000	 7.384854
179	 5	 5	 1	 7.263036	 -1	 0.000000	 9.952959
180	 5	 5	 1	 7.488851	 -1	 0.000000	 8.498381
181	 5	 5	 1	 2.126638	 -1	 0.000000	 7.699213
182	 5	 5	 1	 6.959554	 -1	 0.000000	 9.686046
183	 5	 5	 1	 5.067095	 -1	 0.000000	 10.032908
184	 5	 5	 1	 4.930244	 -1	 0.000000	 7.313337
185	 5	 5	 1	 8.048478	 -1	 0.000000	 3.286398
186	 5	 5	 1	 0.748753	 -1	 0.000000	 6.940042
187	 5	 5	 1	 10.210491	 -1	 0.000000	 17.886782
188	 5	 5	 1	 10.464521	 -1	 0.000000	 5.436958
189	 5	 5	 1	 0.519227	 -1	 0.000000	 7.265023
190	 5	 5	 1	 5.280703	 -1	 0.000000	 7.578668
191	 5	 5	 1	 6.925016	 -1	 0.000000	 5.008847
192	 5	 5	 1	 7.051297	 -1	 0.000000	 5.656718
193	 5	 5	 1	 6.086625	 -1	 0.000000	 4.966165
194	 5	 5	 1	 2.013644	 -1	 0.000000	 5.614347
195	 5	 5	 1	 4.090645	 -1	 0.000000	 6.553869
196	 5	 5	 1	 0.851113	 -1	 0.000000	 5.210682
197	 5	 5	 1	 8.251468	 -1	 0.000000	 6.612439
198	 5	 5	 1	 11.571996	 -1	 0.000000	 9.584110
199	 5	 5	 1	 7.108413	 -1	 0.000000	 7.523185
200	 5	 5	 1	 7.356861	 -1	 0.000000	 7.282098
201	 5	 5	 1	 6.665829	 -1	 0.000000	 8.652201
202	 5	 5	 1	 2.674255	 -1	 0.000000	 5.159282
203	 5	 5	 1	 2.655042	 -1	 0.000000	 9.008081
204	 5	 5	 1	 47.761665	 -1	 0.000000	 8.581809
205	 5	 5	 1	 4.726875	 -1	 0.000000	 5.822215
206	 5	 5	 1	 7.547162	 -1	 0.000000	 6.430419
211	 5	 5	 1	 172.440218	 -1	 0.000000	 10.166917
213	 5	 5	 1	 8.176589	 -1	 0.000000	 10.502354
214	 5	 5	 1	 5.242600	 -1	 0.000000	 4.848884
216	 5	 5	 0	 495.320912	 -1	 0.000000	 7.782277
217	 5	 5	 1	 1.189209	 -1	 0.000000	 6.014534
237	 5	 5	 1	 12.138903	 -1	 0.000000	 6.654201
244	 5	 5	 1	 6.171367	 -1	 0.000000	 8.680141
246	 5	 5	 1	 171.728089	 -1	 0.000000	 5.693645
247	 5	 5	 1	 12.204176	 -1	 0.000000	 8.821808
262	 5	 5	 0	 409.052566	 -1	 0.000000	 5.626178
268	 5	 5	 1	 9.627223	 -1	 0.000000	 11.650822
288	 5	 5	 1	 7.525282	 -1	 0.000000	 7.905532
294	 5	 5	 1	 6.122370	 -1	 0.000000	 4.983446
295	 5	 5	 1	 6.170850	 -1	 0.000000	 5.425806
296	 5	 5	 1	 10.472447	 -1	 0.000000	 7.093737
302	 5	 5	 1	 148.846637	 -1	 0.000000	 6.959191
317	 5	 5	 1	 6.188312	 -1	 0.000000	 5.606696
318	 5	 5	 1	 5.575603	 -1	 0.000000	 8.904389
319	 5	 5	 1	 8.374682	 -1	 0.000000	 12.745898
320	 5	 5	 1	 1.824473	 -1	 0.000000	 13.656064
322	 5	 5	 1	 9.395801	 -1	 0.000000	 9.604289
324	 5	 5	 1	 5.125440	 -1	 0.000000	 6.338748
338	 5	 5	 1	 7.146112	 -1	 0.000000	 9.954397
339	 5	 5	 1	 2.816531	 -1	 0.000000	 5.822410
348	 5	 5	 1	 2.095120	 -1	 0.000000	 4.590788
355	 5	 5	 1	 41.949925	 -1	 0.000000	 11.359377
362	 5	 5	 1	 2.252879	 -1	 0.000000	 8.489864
370	 5	 5	 1	 5.756912	 -1	 0.000000	 10.840833
371	 5	 5	 1	 6.108786	 -1	 0.000000	 5.299283
386	 5	 5	 1	 7.385336	 -1	 0.000000	 9.106714
390	 5	 5	 1	 1.083623	 -1	 0.000000	 6.211188
405	 5	 5	 1	 4.653498	 -1	 0.000000	 7.128233
406	 5	 5	 1	 3.825875	 -1	 0.000000	 7.392543
407	 5	 5	 1	 7.717559	 -1	 0.000000	 6.151942
410	 5	 5	 0	 394.644884	 -1	 0.000000	 3.933211
414	 5	 5	 0	 1000.000000	 -1	 0.000000	 9.169374
425	 5	 5	 1	 0.784527	 -1	 0.000000	 5.434457
426	 5	 5	 1	 2.995315	 -1	 0.000000	 7.728002
445	 5	 5	 0	 494.417000	 -1	 0.000000	 4.621056
458	 5	 5	 1	 5.918061	 -1	 0.000000	 6.561427
0	 5	 5	 1	 12.364922	 -1	 0.000000	 4.427083
1	 5	 5	 1	 4.180748	 -1	 0.000000	 7.928162
>>> gr_fir_ccf: using E
>>> gr_fir_fff: using E
gr_buffer::allocate_buffer: warning: tried to allocate
   17 items of size 3696. Due to alignment requirements
   256 were allocated.  If this isn't OK, consider padding
   your structure to a power-of-two bytes.
   On this platform, our allocation granularity is 4096 bytes.
88	 5	 5	 1	 6.188860	 -1	 0.000000	 6.221133
89	 5	 5	 1	 0.747702	 -1	 0.000000	 6.633851
90	 5	 5	 1	 5.223942	 -1	 0.000000	 9.617821
91	 5	 5	 1	 4.915684	 -1	 0.000000	 4.460698
92	 5	 5	 1	 3.114250	 -1	 0.000000	 6.458212
93	 5	 5	 1	 3.521622	 -1	 0.000000	 5.367893
94	 5	 5	 1	 6.548580	 -1	 0.000000	 4.729500
95	 5	 5	 1	 0.960110	 -1	 0.000000	 7.599084
96	 5	 5	 1	 11.406483	 -1	 0.000000	 6.049724
97	 5	 5	 1	 16.975712	 -1	 0.000000	 5.755850
98	 5	 5	 1	 3.303184	 -1	 0.000000	 12.264647
99	 5	 5	 1	 3.912955	 -1	 0.000000	 5.906520
100	 5	 5	 1	 10.318536	 -1	 0.000000	 12.776999
101	 5	 5	 1	 10.898253	 -1	 0.000000	 6.023839
102	 5	 5	 1	 4.340309	 -1	 0.000000	 12.912770
103	 5	 5	 1	 0.648712	 -1	 0.000000	 7.410288
104	 5	 5	 1	 2.401515	 -1	 0.000000	 7.505865
105	 5	 5	 1	 13.204194	 -1	 0.000000	 9.045456
106	 5	 5	 1	 9.344970	 -1	 0.000000	 9.338225
107	 5	 5	 1	 5.355806	 -1	 0.000000	 5.994304
108	 5	 5	 1	 7.791173	 -1	 0.000000	 10.273347
109	 5	 5	 1	 2.535368	 -1	 0.000000	 8.496516
110	 5	 5	 1	 1.184501	 -1	 0.000000	 8.150259
111	 5	 5	 1	 0.673816	 -1	 0.000000	 7.976384
112	 5	 5	 1	 0.813788	 -1	 0.000000	 5.734105
113	 5	 5	 1	 8.110974	 -1	 0.000000	 6.816550
114	 5	 5	 1	 3.144844	 -1	 0.000000	 7.027298
115	 5	 5	 1	 4.950649	 -1	 0.000000	 6.314507
116	 5	 5	 1	 3.054561	 -1	 0.000000	 8.874291
117	 5	 5	 1	 3.513172	 -1	 0.000000	 5.094387
118	 5	 5	 1	 8.207604	 -1	 0.000000	 6.448994
119	 5	 5	 1	 1.718171	 -1	 0.000000	 8.454334
120	 5	 5	 1	 1.310256	 -1	 0.000000	 6.042748
121	 5	 5	 1	 4.577706	 -1	 0.000000	 7.498924
122	 5	 5	 1	 2.622593	 -1	 0.000000	 7.517656
123	 5	 5	 1	 4.163702	 -1	 0.000000	 5.276830
124	 5	 5	 1	 1.532426	 -1	 0.000000	 4.560174
125	 5	 5	 1	 0.632146	 -1	 0.000000	 7.089725
126	 5	 5	 1	 0.467504	 -1	 0.000000	 6.163700
127	 5	 5	 1	 4.007010	 -1	 0.000000	 6.363830
128	 5	 5	 1	 2.659146	 -1	 0.000000	 7.873052
129	 5	 5	 1	 5.724898	 -1	 0.000000	 8.236980
130	 5	 5	 1	 1.295772	 -1	 0.000000	 8.590293
131	 5	 5	 1	 11.473154	 -1	 0.000000	 7.778569
132	 5	 5	 1	 9.504408	 -1	 0.000000	 8.737065
133	 5	 5	 1	 2.580277	 -1	 0.000000	 5.692021
134	 5	 5	 1	 5.759759	 -1	 0.000000	 5.958021
135	 5	 5	 1	 0.699225	 -1	 0.000000	 10.719087
136	 5	 5	 1	 0.404849	 -1	 0.000000	 6.660291
137	 5	 5	 1	 2.108348	 -1	 0.000000	 5.063485
138	 5	 5	 1	 1.629667	 -1	 0.000000	 14.722004
139	 5	 5	 1	 4.061746	 -1	 0.000000	 5.371944
140	 5	 5	 1	 1.086027	 -1	 0.000000	 9.052604
141	 5	 5	 1	 0.619102	 -1	 0.000000	 6.396951
142	 5	 5	 1	 1.041515	 -1	 0.000000	 6.505455
143	 5	 5	 1	 5.669653	 -1	 0.000000	 7.088563
144	 5	 5	 1	 1.313391	 -1	 0.000000	 5.421498
145	 5	 5	 1	 7.879979	 -1	 0.000000	 7.251177
146	 5	 5	 1	 3.192911	 -1	 0.000000	 5.641388
147	 5	 5	 1	 7.325907	 -1	 0.000000	 7.207517
148	 5	 5	 1	 0.465028	 -1	 0.000000	 7.292734
149	 5	 5	 1	 14.096341	 -1	 0.000000	 8.270313
150	 5	 5	 1	 1.581728	 -1	 0.000000	 11.256719
151	 5	 5	 1	 5.313082	 -1	 0.000000	 12.018739
152	 5	 5	 1	 0.452366	 -1	 0.000000	 6.868678
153	 5	 5	 1	 2.798110	 -1	 0.000000	 5.863046
154	 5	 5	 1	 4.659409	 -1	 0.000000	 8.449400
155	 5	 5	 1	 4.323990	 -1	 0.000000	 6.845140
156	 5	 5	 1	 17.015691	 -1	 0.000000	 6.417746
157	 5	 5	 1	 5.665506	 -1	 0.000000	 14.162423
158	 5	 5	 1	 1.474267	 -1	 0.000000	 8.157773
159	 5	 5	 1	 8.904459	 -1	 0.000000	 5.577414
160	 5	 5	 1	 3.877433	 -1	 0.000000	 7.745396
161	 5	 5	 1	 5.145751	 -1	 0.000000	 9.935822
162	 5	 5	 1	 7.907379	 -1	 0.000000	 10.564355
163	 5	 5	 1	 8.927564	 -1	 0.000000	 6.936754
164	 5	 5	 1	 17.149409	 -1	 0.000000	 4.128830
165	 5	 5	 1	 9.876098	 -1	 0.000000	 8.468005
166	 5	 5	 1	 2.532576	 -1	 0.000000	 7.016466
167	 5	 5	 1	 3.487330	 -1	 0.000000	 6.585828
168	 5	 5	 1	 5.659777	 -1	 0.000000	 7.543701
169	 5	 5	 1	 2.184252	 -1	 0.000000	 12.275745
170	 5	 5	 1	 1.028963	 -1	 0.000000	 6.498636
171	 5	 5	 1	 1.506631	 -1	 0.000000	 6.248512
172	 5	 5	 1	 3.659426	 -1	 0.000000	 5.657475
173	 5	 5	 1	 11.935084	 -1	 0.000000	 9.279438
174	 5	 5	 1	 1.991182	 -1	 0.000000	 5.460445
175	 5	 5	 1	 5.167682	 -1	 0.000000	 6.657581
176	 5	 5	 1	 1.146702	 -1	 0.000000	 4.598859
177	 5	 5	 1	 13.144396	 -1	 0.000000	 7.055392
178	 5	 5	 1	 6.898607	 -1	 0.000000	 7.251533
179	 5	 5	 1	 3.823071	 -1	 0.000000	 9.434084
180	 5	 5	 1	 2.011459	 -1	 0.000000	 9.112814
181	 5	 5	 1	 1.199636	 -1	 0.000000	 11.143941
182	 5	 5	 1	 4.305489	 -1	 0.000000	 6.172609
183	 5	 5	 1	 1.158408	 -1	 0.000000	 10.153710
184	 5	 5	 1	 5.614457	 -1	 0.000000	 6.345885
185	 5	 5	 1	 6.684662	 -1	 0.000000	 6.053485
186	 5	 5	 1	 2.583585	 -1	 0.000000	 6.672089
187	 5	 5	 1	 1.079741	 -1	 0.000000	 10.718292
188	 5	 5	 1	 2.746480	 -1	 0.000000	 9.228016
189	 5	 5	 1	 3.438020	 -1	 0.000000	 5.354164
190	 5	 5	 1	 2.801258	 -1	 0.000000	 7.408793
191	 5	 5	 1	 7.221983	 -1	 0.000000	 12.813167
192	 5	 5	 1	 2.477422	 -1	 0.000000	 5.709532
193	 5	 5	 1	 6.067954	 -1	 0.000000	 7.045285
194	 5	 5	 1	 16.798794	 -1	 0.000000	 3.973601
195	 5	 5	 1	 2.234952	 -1	 0.000000	 5.498292
196	 5	 5	 1	 7.000099	 -1	 0.000000	 6.707340
197	 5	 5	 1	 7.927090	 -1	 0.000000	 9.016715
198	 5	 5	 1	 4.265757	 -1	 0.000000	 5.240442
199	 5	 5	 1	 2.102957	 -1	 0.000000	 4.966460
200	 5	 5	 1	 2.348397	 -1	 0.000000	 7.198331
201	 5	 5	 1	 2.793901	 -1	 0.000000	 11.442093
202	 5	 5	 1	 2.042670	 -1	 0.000000	 6.514199
203	 5	 5	 1	 2.887509	 -1	 0.000000	 4.232390
204	 5	 5	 1	 5.000827	 -1	 0.000000	 9.308764
205	 5	 5	 1	 4.358714	 -1	 0.000000	 5.689705
206	 5	 5	 1	 5.434826	 -1	 0.000000	 8.562541
207	 5	 5	 1	 8.809181	 -1	 0.000000	 13.552270
208	 5	 5	 1	 1.757125	 -1	 0.000000	 6.094212
209	 5	 5	 1	 2.024725	 -1	 0.000000	 7.600833
210	 5	 5	 1	 4.427109	 -1	 0.000000	 8.207603
211	 5	 5	 1	 3.046988	 -1	 0.000000	 5.439486
212	 5	 5	 1	 0.903850	 -1	 0.000000	 12.168887
213	 5	 5	 1	 8.358438	 -1	 0.000000	 6.299471
214	 5	 5	 1	 3.404971	 -1	 0.000000	 10.912959
215	 5	 5	 1	 3.375831	 -1	 0.000000	 7.236758
216	 5	 5	 1	 1.687319	 -1	 0.000000	 7.680192
217	 5	 5	 1	 0.999268	 -1	 0.000000	 7.814941
218	 5	 5	 1	 0.422442	 -1	 0.000000	 7.398700
219	 5	 5	 1	 0.721429	 -1	 0.000000	 7.734125
220	 5	 5	 1	 3.233501	 -1	 0.000000	 8.524121
221	 5	 5	 1	 5.822258	 -1	 0.000000	 7.490876
>>> gr_fir_ccf: using E
>>> gr_fir_fff: using E
gr_buffer::allocate_buffer: warning: tried to allocate
   17 items of size 3696. Due to alignment requirements
   256 were allocated.  If this isn't OK, consider padding
   your structure to a power-of-two bytes.
   On this platform, our allocation granularity is 4096 bytes.
0	 7	 7	 1	 59.980499	 -1	 0.000000	 7.169040
1	 7	 7	 1	 12.264849	 -1	 0.000000	 7.818480
>>> gr_fir_ccf: using E
>>> gr_fir_fff: using E
gr_buffer::allocate_buffer: warning: tried to allocate
   17 items of size 3696. Due to alignment requirements
   256 were allocated.  If this isn't OK, consider padding
   your structure to a power-of-two bytes.
   On this platform, our allocation granularity is 4096 bytes.
0	 9	 9	 0	 407.530425	 -1	 0.000000	 7.243672
1	 9	 9	 0	 411.273901	 -1	 0.000000	 6.722443
2	 9	 9	 0	 408.607323	 -1	 0.000000	 8.046293
3	 9	 9	 0	 392.768364	 -1	 0.000000	 7.609889
4	 9	 9	 0	 398.326481	 -1	 0.000000	 8.915105
5	 9	 9	 0	 423.358215	 -1	 0.000000	 6.644225
6	 9	 9	 0	 397.216659	 -1	 0.000000	 11.026791
7	 9	 9	 0	 372.981096	 -1	 0.000000	 6.440236
8	 9	 9	 0	 345.521557	 -1	 0.000000	 5.674632
9	 9	 9	 0	 429.178753	 -1	 0.000000	 14.334131
10	 9	 9	 0	 445.813059	 -1	 0.000000	 5.207051
11	 9	 9	 0	 387.258373	 -1	 0.000000	 14.677220
12	 9	 9	 0	 442.224851	 -1	 0.000000	 4.884735
13	 9	 9	 0	 387.984498	 -1	 0.000000	 7.319913
14	 9	 9	 0	 386.993885	 -1	 0.000000	 12.555489
15	 9	 9	 0	 345.767236	 -1	 0.000000	 6.867673
16	 9	 9	 0	 425.284585	 -1	 0.000000	 6.976245
17	 9	 9	 0	 426.001737	 -1	 0.000000	 8.428909
18	 9	 9	 0	 413.642169	 -1	 0.000000	 8.302241
19	 9	 9	 0	 377.032786	 -1	 0.000000	 10.559395
20	 9	 9	 0	 367.259390	 -1	 0.000000	 6.865469
21	 9	 9	 0	 353.394347	 -1	 0.000000	 8.790297
22	 9	 9	 0	 438.839583	 -1	 0.000000	 9.562528
23	 9	 9	 0	 402.695250	 -1	 0.000000	 6.782959
>>> gr_fir_ccf: using E
>>> gr_fir_fff: using E
gr_buffer::allocate_buffer: warning: tried to allocate
   17 items of size 3696. Due to alignment requirements
   256 were allocated.  If this isn't OK, consider padding
   your structure to a power-of-two bytes.
   On this platform, our allocation granularity is 4096 bytes.
105	 9	 9	 0	 378.135101	 -1	 0.000000	 5.751904
106	 9	 9	 0	 382.365812	 -1	 0.000000	 4.723419
107	 9	 9	 0	 433.751063	 -1	 0.000000	 5.940428
108	 9	 9	 0	 445.097561	 -1	 0.000000	 10.264300
109	 9	 9	 0	 445.440165	 -1	 0.000000	 5.306422
110	 9	 9	 0	 429.501030	 -1	 0.000000	 7.424668
111	 9	 9	 0	 429.061382	 -1	 0.000000	 7.958366
112	 9	 9	 0	 439.877345	 -1	 0.000000	 5.412010
113	 9	 9	 0	 420.514884	 -1	 0.000000	 6.970177
114	 9	 9	 0	 409.313261	 -1	 0.000000	 8.298211
115	 9	 9	 0	 391.089503	 -1	 0.000000	 7.984557
116	 9	 9	 0	 442.214362	 -1	 0.000000	 3.929630
117	 9	 9	 0	 410.901086	 -1	 0.000000	 12.037171
118	 9	 9	 0	 398.710949	 -1	 0.000000	 6.008699
119	 9	 9	 0	 416.892942	 -1	 0.000000	 6.926837
120	 9	 9	 0	 382.056354	 -1	 0.000000	 6.857863
121	 9	 9	 0	 402.375077	 -1	 0.000000	 7.775220
122	 9	 9	 0	 360.993908	 -1	 0.000000	 8.146148
123	 9	 9	 0	 439.338655	 -1	 0.000000	 7.856395
124	 9	 9	 0	 372.432720	 -1	 0.000000	 6.421901
125	 9	 9	 0	 371.760412	 -1	 0.000000	 7.596628
126	 9	 9	 0	 379.481085	 -1	 0.000000	 9.457978
127	 9	 9	 0	 353.831870	 -1	 0.000000	 5.154011
128	 9	 9	 0	 414.604119	 -1	 0.000000	 9.391073
129	 9	 9	 0	 415.106787	 -1	 0.000000	 7.259106
130	 9	 9	 0	 385.087121	 -1	 0.000000	 7.908993
131	 9	 9	 0	 423.964705	 -1	 0.000000	 7.643486
132	 9	 9	 0	 388.019427	 -1	 0.000000	 7.031340
133	 9	 9	 0	 443.452203	 -1	 0.000000	 5.429798
134	 9	 9	 0	 453.375951	 -1	 0.000000	 6.504615
135	 9	 9	 0	 373.963306	 -1	 0.000000	 11.292233
136	 9	 9	 0	 386.790200	 -1	 0.000000	 7.288210
137	 9	 9	 0	 427.715096	 -1	 0.000000	 6.441296
138	 9	 9	 0	 403.382488	 -1	 0.000000	 9.436826
139	 9	 9	 0	 385.341120	 -1	 0.000000	 4.793509
140	 9	 9	 0	 422.995911	 -1	 0.000000	 8.851775
141	 9	 9	 0	 443.712779	 -1	 0.000000	 10.542081
142	 9	 9	 0	 398.683958	 -1	 0.000000	 7.208888
143	 9	 9	 0	 367.054122	 -1	 0.000000	 6.494633
144	 9	 9	 0	 419.863840	 -1	 0.000000	 5.577567
145	 9	 9	 0	 428.680271	 -1	 0.000000	 5.468420
146	 9	 9	 0	 389.730617	 -1	 0.000000	 8.771663
147	 9	 9	 0	 398.838281	 -1	 0.000000	 6.197770
148	 9	 9	 0	 423.035470	 -1	 0.000000	 8.022724
149	 9	 9	 0	 424.395571	 -1	 0.000000	 6.342364
150	 9	 9	 0	 439.396474	 -1	 0.000000	 7.244811
151	 9	 9	 0	 439.388082	 -1	 0.000000	 8.853696
152	 9	 9	 0	 427.864692	 -1	 0.000000	 16.056383
153	 9	 9	 0	 426.217303	 -1	 0.000000	 8.213226
154	 9	 9	 0	 422.012969	 -1	 0.000000	 9.612406
155	 9	 9	 0	 380.189302	 -1	 0.000000	 6.046530
156	 9	 9	 0	 404.895790	 -1	 0.000000	 7.976161
157	 9	 9	 0	 399.628185	 -1	 0.000000	 8.148633
158	 9	 9	 0	 388.963871	 -1	 0.000000	 6.119720
159	 9	 9	 0	 406.334319	 -1	 0.000000	 5.663592
160	 9	 9	 0	 392.727094	 -1	 0.000000	 7.306887
161	 9	 9	 0	 416.920975	 -1	 0.000000	 8.546745
162	 9	 9	 0	 385.952434	 -1	 0.000000	 6.944666
163	 9	 9	 0	 413.628760	 -1	 0.000000	 11.519676
164	 9	 9	 0	 456.013744	 -1	 0.000000	 4.688841
165	 9	 9	 0	 378.021378	 -1	 0.000000	 8.091064
166	 9	 9	 0	 366.093899	 -1	 0.000000	 6.373166
167	 9	 9	 0	 426.712667	 -1	 0.000000	 5.542070
168	 9	 9	 0	 402.170103	 -1	 0.000000	 5.751885
169	 9	 9	 0	 421.640653	 -1	 0.000000	 11.009753
170	 9	 9	 0	 441.608447	 -1	 0.000000	 5.176869
171	 9	 9	 0	 421.866666	 -1	 0.000000	 6.349225
172	 9	 9	 0	 434.836988	 -1	 0.000000	 7.687763
173	 9	 9	 0	 397.146376	 -1	 0.000000	 5.653167
174	 9	 9	 0	 401.858873	 -1	 0.000000	 6.521076
175	 9	 9	 0	 426.011244	 -1	 0.000000	 7.735049
176	 9	 9	 0	 370.191949	 -1	 0.000000	 5.454667
177	 9	 9	 0	 408.585633	 -1	 0.000000	 11.664983
178	 9	 9	 0	 379.580725	 -1	 0.000000	 5.714798
179	 9	 9	 0	 424.060621	 -1	 0.000000	 9.186041
180	 9	 9	 0	 399.747793	 -1	 0.000000	 10.490632
181	 9	 9	 0	 374.937043	 -1	 0.000000	 8.265928
182	 9	 9	 0	 413.980056	 -1	 0.000000	 6.191981
183	 9	 9	 0	 395.969120	 -1	 0.000000	 9.745896
184	 9	 9	 0	 416.193083	 -1	 0.000000	 6.947635
185	 9	 9	 0	 422.421243	 -1	 0.000000	 7.902043
186	 9	 9	 0	 354.303194	 -1	 0.000000	 7.676529
187	 9	 9	 0	 382.600169	 -1	 0.000000	 5.843198
188	 9	 9	 0	 415.011823	 -1	 0.000000	 8.047357
189	 9	 9	 0	 415.880452	 -1	 0.000000	 6.626479
190	 9	 9	 0	 377.253733	 -1	 0.000000	 8.706098
191	 9	 9	 0	 396.665661	 -1	 0.000000	 6.768039
192	 9	 9	 0	 431.809307	 -1	 0.000000	 4.522348
193	 9	 9	 0	 432.269886	 -1	 0.000000	 12.041166
194	 9	 9	 0	 393.721167	 -1	 0.000000	 5.915317
195	 9	 9	 0	 388.131799	 -1	 0.000000	 7.466515
196	 9	 9	 0	 384.625491	 -1	 0.000000	 6.913587
197	 9	 9	 0	 343.080695	 -1	 0.000000	 5.175570
198	 9	 9	 0	 401.157380	 -1	 0.000000	 6.134241
199	 9	 9	 0	 385.436073	 -1	 0.000000	 6.614711
200	 9	 9	 0	 426.627671	 -1	 0.000000	 10.703573
201	 9	 9	 0	 426.975674	 -1	 0.000000	 5.945998
202	 9	 9	 0	 409.132383	 -1	 0.000000	 10.876659
203	 9	 9	 0	 440.708858	 -1	 0.000000	 6.034083
204	 9	 9	 0	 435.927600	 -1	 0.000000	 6.505091
205	 9	 9	 0	 424.089734	 -1	 0.000000	 7.028790
206	 9	 9	 0	 426.156562	 -1	 0.000000	 6.323248
207	 9	 9	 0	 408.026785	 -1	 0.000000	 13.752859
208	 9	 9	 0	 381.537214	 -1	 0.000000	 6.118186
209	 9	 9	 0	 390.781212	 -1	 0.000000	 8.913006
210	 9	 9	 0	 416.236958	 -1	 0.000000	 5.689304
211	 9	 9	 0	 434.181322	 -1	 0.000000	 7.819558
212	 9	 9	 0	 439.965968	 -1	 0.000000	 13.925111
213	 9	 9	 0	 371.399947	 -1	 0.000000	 8.209955
214	 9	 9	 0	 411.631289	 -1	 0.000000	 8.431489
215	 9	 9	 0	 388.427494	 -1	 0.000000	 11.138177
216	 9	 9	 0	 434.808962	 -1	 0.000000	 6.069162
217	 9	 9	 0	 374.756681	 -1	 0.000000	 9.466471
218	 9	 9	 0	 386.663915	 -1	 0.000000	 6.146262
219	 9	 9	 0	 398.276670	 -1	 0.000000	 6.153080
220	 9	 9	 0	 360.303216	 -1	 0.000000	 10.846011
221	 9	 9	 0	 450.335033	 -1	 0.000000	 5.980485
222	 9	 9	 0	 429.599714	 -1	 0.000000	 6.900299
223	 9	 9	 0	 398.838523	 -1	 0.000000	 7.108075
224	 9	 9	 0	 387.705110	 -1	 0.000000	 12.700965
225	 9	 9	 0	 318.128944	 -1	 0.000000	 6.296075
226	 9	 9	 0	 389.113904	 -1	 0.000000	 5.272561
227	 9	 9	 0	 433.572354	 -1	 0.000000	 7.091035
228	 9	 9	 0	 398.764891	 -1	 0.000000	 7.628758
229	 9	 9	 0	 343.538746	 -1	 0.000000	 10.341966
230	 9	 9	 0	 395.151440	 -1	 0.000000	 6.631949
231	 9	 9	 0	 402.797703	 -1	 0.000000	 8.795064
232	 9	 9	 0	 411.395602	 -1	 0.000000	 7.922956
233	 9	 9	 0	 363.010416	 -1	 0.000000	 8.165944
234	 9	 9	 0	 385.117645	 -1	 0.000000	 7.600026
235	 9	 9	 0	 346.968007	 -1	 0.000000	 12.339549
236	 9	 9	 0	 389.989734	 -1	 0.000000	 7.195984
237	 9	 9	 0	 437.367261	 -1	 0.000000	 4.503192
238	 9	 9	 0	 370.418673	 -1	 0.000000	 7.184897
239	 9	 9	 0	 411.891215	 -1	 0.000000	 7.368413
240	 9	 9	 0	 415.340688	 -1	 0.000000	 7.225106
241	 9	 9	 0	 373.330996	 -1	 0.000000	 9.031359
242	 9	 9	 0	 403.479947	 -1	 0.000000	 9.058940
243	 9	 9	 0	 394.488279	 -1	 0.000000	 5.468424
244	 9	 9	 0	 437.643653	 -1	 0.000000	 9.085544
245	 9	 9	 0	 394.397084	 -1	 0.000000	 8.618349
246	 9	 9	 0	 426.061961	 -1	 0.000000	 10.601130
247	 9	 9	 0	 405.089617	 -1	 0.000000	 8.361997
248	 9	 9	 0	 444.926509	 -1	 0.000000	 4.857929
249	 9	 9	 0	 397.273948	 -1	 0.000000	 8.574751
250	 9	 9	 0	 430.090351	 -1	 0.000000	 5.314575
251	 9	 9	 0	 437.294771	 -1	 0.000000	 5.938716
252	 9	 9	 0	 387.658794	 -1	 0.000000	 5.758177
253	 9	 9	 0	 428.478683	 -1	 0.000000	 5.886516
254	 9	 9	 0	 378.097531	 -1	 0.000000	 4.486201
255	 9	 9	 0	 372.934661	 -1	 0.000000	 7.550806
256	 9	 9	 0	 427.812653	 -1	 0.000000	 7.702054
257	 9	 9	 0	 392.468492	 -1	 0.000000	 6.268367
258	 9	 9	 0	 392.922643	 -1	 0.000000	 8.171849
259	 9	 9	 0	 417.628688	 -1	 0.000000	 5.079942
260	 9	 9	 0	 444.279397	 -1	 0.000000	 4.478070
261	 9	 9	 0	 433.447971	 -1	 0.000000	 5.357109
262	 9	 9	 0	 423.961506	 -1	 0.000000	 8.916441
263	 9	 9	 0	 409.260906	 -1	 0.000000	 9.097581
264	 9	 9	 0	 398.089283	 -1	 0.000000	 14.132036
265	 9	 9	 0	 402.974823	 -1	 0.000000	 7.997077
266	 9	 9	 0	 422.248557	 -1	 0.000000	 9.046503
267	 9	 9	 0	 402.017817	 -1	 0.000000	 4.899656
268	 9	 9	 0	 425.219730	 -1	 0.000000	 8.366434
269	 9	 9	 0	 449.056203	 -1	 0.000000	 7.222005
270	 9	 9	 0	 382.477223	 -1	 0.000000	 7.138626
271	 9	 9	 0	 402.316147	 -1	 0.000000	 8.172404
272	 9	 9	 0	 406.259766	 -1	 0.000000	 7.206862
273	 9	 9	 0	 412.455828	 -1	 0.000000	 7.304300
274	 9	 9	 0	 363.954935	 -1	 0.000000	 7.845851
275	 9	 9	 0	 414.601185	 -1	 0.000000	 9.039509
276	 9	 9	 0	 438.842214	 -1	 0.000000	 5.271999
277	 9	 9	 0	 416.310432	 -1	 0.000000	 5.170237
278	 9	 9	 0	 396.186313	 -1	 0.000000	 9.514014
279	 9	 9	 0	 449.816347	 -1	 0.000000	 7.180551
280	 9	 9	 0	 439.465294	 -1	 0.000000	 5.104763
281	 9	 9	 0	 376.039253	 -1	 0.000000	 5.955203
282	 9	 9	 0	 428.263540	 -1	 0.000000	 6.844073
283	 9	 9	 0	 376.949301	 -1	 0.000000	 5.688719
284	 9	 9	 0	 422.921162	 -1	 0.000000	 6.180986
285	 9	 9	 0	 440.193295	 -1	 0.000000	 5.356374
290	 9	 9	 0	 397.042077	 -1	 0.000000	 6.333504
299	 9	 9	 0	 419.618124	 -1	 0.000000	 3.276526
308	 9	 9	 0	 398.614045	 -1	 0.000000	 8.749057
322	 9	 9	 0	 419.540748	 -1	 0.000000	 9.412535
>>> gr_fir_ccf: using E
>>> gr_fir_fff: using E
gr_buffer::allocate_buffer: warning: tried to allocate
   17 items of size 3696. Due to alignment requirements
   256 were allocated.  If this isn't OK, consider padding
   your structure to a power-of-two bytes.
   On this platform, our allocation granularity is 4096 bytes.
131	 9	 9	 0	 359.658167	 -1	 0.000000	 4.927840
132	 9	 9	 0	 419.562200	 -1	 0.000000	 8.645368
133	 9	 9	 0	 402.461384	 -1	 0.000000	 4.791276
134	 9	 9	 0	 405.978392	 -1	 0.000000	 7.287785
135	 9	 9	 0	 383.020774	 -1	 0.000000	 7.564169
136	 9	 9	 0	 449.278219	 -1	 0.000000	 5.111233
137	 9	 9	 0	 441.572564	 -1	 0.000000	 6.552523
138	 9	 9	 0	 382.968894	 -1	 0.000000	 8.251382
139	 9	 9	 0	 434.944233	 -1	 0.000000	 6.911904
140	 9	 9	 0	 408.869334	 -1	 0.000000	 5.085265
141	 9	 9	 0	 393.002042	 -1	 0.000000	 6.061184
142	 9	 9	 0	 391.582765	 -1	 0.000000	 5.001416
143	 9	 9	 0	 425.406671	 -1	 0.000000	 9.922744
144	 9	 9	 0	 392.980220	 -1	 0.000000	 5.999914
145	 9	 9	 0	 413.364330	 -1	 0.000000	 5.667703
146	 9	 9	 0	 393.775416	 -1	 0.000000	 7.582138
331	 9	 9	 0	 414.950864	 -1	 0.000000	 5.921585
332	 9	 9	 0	 422.852241	 -1	 0.000000	 4.275599
333	 9	 9	 0	 370.035732	 -1	 0.000000	 8.021471
334	 9	 9	 0	 437.899133	 -1	 0.000000	 8.790833
335	 9	 9	 0	 398.851176	 -1	 0.000000	 6.806666
336	 9	 9	 0	 411.068665	 -1	 0.000000	 6.213394
337	 9	 9	 0	 423.780911	 -1	 0.000000	 6.642294
338	 9	 9	 0	 415.980818	 -1	 0.000000	 4.996119
339	 9	 9	 0	 380.807948	 -1	 0.000000	 13.399657
340	 9	 9	 0	 390.814773	 -1	 0.000000	 11.568173
341	 9	 9	 0	 387.617283	 -1	 0.000000	 6.093399
342	 9	 9	 0	 411.518283	 -1	 0.000000	 6.520332
343	 9	 9	 0	 391.476569	 -1	 0.000000	 8.475419
344	 9	 9	 0	 359.385511	 -1	 0.000000	 6.637736
345	 9	 9	 0	 383.785926	 -1	 0.000000	 6.316278
346	 9	 9	 0	 407.119854	 -1	 0.000000	 5.392354
347	 9	 9	 0	 431.904122	 -1	 0.000000	 8.725365
348	 9	 9	 0	 430.044692	 -1	 0.000000	 7.486614
349	 9	 9	 0	 397.260773	 -1	 0.000000	 8.504759
350	 9	 9	 0	 433.050247	 -1	 0.000000	 6.453379
351	 9	 9	 0	 347.763364	 -1	 0.000000	 9.180786
352	 9	 9	 0	 363.345769	 -1	 0.000000	 9.350336
353	 9	 9	 0	 413.264603	 -1	 0.000000	 4.612659
354	 9	 9	 0	 438.978005	 -1	 0.000000	 8.234923
355	 9	 9	 0	 392.440071	 -1	 0.000000	 5.020196
356	 9	 9	 0	 401.668949	 -1	 0.000000	 7.060846
357	 9	 9	 0	 410.173930	 -1	 0.000000	 7.312538
358	 9	 9	 0	 402.980850	 -1	 0.000000	 8.036454
359	 9	 9	 0	 398.443368	 -1	 0.000000	 15.859182
360	 9	 9	 0	 411.486305	 -1	 0.000000	 5.690469
361	 9	 9	 0	 443.202245	 -1	 0.000000	 5.271180
362	 9	 9	 0	 395.346866	 -1	 0.000000	 9.416030
363	 9	 9	 0	 409.278523	 -1	 0.000000	 6.875000
364	 9	 9	 0	 402.249143	 -1	 0.000000	 7.252004
365	 9	 9	 0	 362.651759	 -1	 0.000000	 10.391654
366	 9	 9	 0	 395.318398	 -1	 0.000000	 9.323946
367	 9	 9	 0	 426.180785	 -1	 0.000000	 5.584278
368	 9	 9	 0	 408.703639	 -1	 0.000000	 5.581903
369	 9	 9	 0	 457.733310	 -1	 0.000000	 7.207628
370	 9	 9	 0	 416.522415	 -1	 0.000000	 5.674583
371	 9	 9	 0	 417.254330	 -1	 0.000000	 7.449475
372	 9	 9	 0	 358.225368	 -1	 0.000000	 6.585604
373	 9	 9	 0	 416.196309	 -1	 0.000000	 6.625934
374	 9	 9	 0	 392.955475	 -1	 0.000000	 6.200742
375	 9	 9	 0	 392.645889	 -1	 0.000000	 8.588813
376	 9	 9	 0	 383.320449	 -1	 0.000000	 9.723747
377	 9	 9	 0	 435.930497	 -1	 0.000000	 5.056222
378	 9	 9	 0	 431.767490	 -1	 0.000000	 7.162043
379	 9	 9	 0	 427.289967	 -1	 0.000000	 8.169452
380	 9	 9	 0	 376.596764	 -1	 0.000000	 7.063416
381	 9	 9	 0	 415.447442	 -1	 0.000000	 9.699697
382	 9	 9	 0	 426.990642	 -1	 0.000000	 4.727781
383	 9	 9	 0	 374.034208	 -1	 0.000000	 6.858903
384	 9	 9	 0	 426.070998	 -1	 0.000000	 5.648396
385	 9	 9	 0	 415.571764	 -1	 0.000000	 5.750652
386	 9	 9	 0	 402.677107	 -1	 0.000000	 9.068384
387	 9	 9	 0	 432.207296	 -1	 0.000000	 7.596397
388	 9	 9	 0	 443.472761	 -1	 0.000000	 5.583517
389	 9	 9	 0	 370.296199	 -1	 0.000000	 9.837422
390	 9	 9	 0	 380.291851	 -1	 0.000000	 4.481339
391	 9	 9	 0	 394.461634	 -1	 0.000000	 6.830359
392	 9	 9	 0	 382.822570	 -1	 0.000000	 7.191724
393	 9	 9	 0	 427.029237	 -1	 0.000000	 13.563892
394	 9	 9	 0	 361.090448	 -1	 0.000000	 6.179773
395	 9	 9	 0	 365.292139	 -1	 0.000000	 5.788481
396	 9	 9	 0	 433.284072	 -1	 0.000000	 6.821583
397	 9	 9	 0	 390.506129	 -1	 0.000000	 9.479737
398	 9	 9	 0	 417.377261	 -1	 0.000000	 6.470244
399	 9	 9	 0	 393.552667	 -1	 0.000000	 5.494081
400	 9	 9	 0	 356.324682	 -1	 0.000000	 6.829828
401	 9	 9	 0	 417.241876	 -1	 0.000000	 3.975696
402	 9	 9	 0	 417.654503	 -1	 0.000000	 6.605556
403	 9	 9	 0	 441.434781	 -1	 0.000000	 6.279640
404	 9	 9	 0	 419.956785	 -1	 0.000000	 7.961892
405	 9	 9	 0	 399.933994	 -1	 0.000000	 5.160997
406	 9	 9	 0	 392.614007	 -1	 0.000000	 5.821617
407	 9	 9	 0	 424.309114	 -1	 0.000000	 7.270244
408	 9	 9	 0	 441.617210	 -1	 0.000000	 8.361678
409	 9	 9	 0	 405.148284	 -1	 0.000000	 5.366666
410	 9	 9	 0	 421.289326	 -1	 0.000000	 7.915474
411	 9	 9	 0	 427.086159	 -1	 0.000000	 6.505032
412	 9	 9	 0	 452.372797	 -1	 0.000000	 5.022715
413	 9	 9	 0	 407.957524	 -1	 0.000000	 6.231386
414	 9	 9	 0	 349.779717	 -1	 0.000000	 6.314720
415	 9	 9	 0	 391.280480	 -1	 0.000000	 8.114038
416	 9	 9	 0	 428.078266	 -1	 0.000000	 6.038171
417	 9	 9	 0	 420.752452	 -1	 0.000000	 4.206181
418	 9	 9	 0	 380.424196	 -1	 0.000000	 6.866730
419	 9	 9	 0	 409.155146	 -1	 0.000000	 9.621011
420	 9	 9	 0	 399.704119	 -1	 0.000000	 9.120446
421	 9	 9	 0	 382.267300	 -1	 0.000000	 6.855188
422	 9	 9	 0	 408.780738	 -1	 0.000000	 6.518543
423	 9	 9	 0	 447.199733	 -1	 0.000000	 7.214567
424	 9	 9	 0	 391.646502	 -1	 0.000000	 6.737346
425	 9	 9	 0	 377.677629	 -1	 0.000000	 9.848863
426	 9	 9	 0	 358.576238	 -1	 0.000000	 4.636397
427	 9	 9	 0	 414.111470	 -1	 0.000000	 8.739097
428	 9	 9	 0	 413.586874	 -1	 0.000000	 4.951918
429	 9	 9	 0	 404.263515	 -1	 0.000000	 7.735380
>>> gr_fir_ccf: using E
>>> gr_fir_fff: using E
terminate called after throwing an instance of 'std::invalid_argument'
  what():  gr_ofdm_demod: Incorrect subcarriers allocated
>>> gr_fir_ccf: using E
>>> gr_fir_fff: using E
gr_buffer::allocate_buffer: warning: tried to allocate
   17 items of size 3696. Due to alignment requirements
   256 were allocated.  If this isn't OK, consider padding
   your structure to a power-of-two bytes.
   On this platform, our allocation granularity is 4096 bytes.
>>> gr_fir_ccf: using E
>>> gr_fir_fff: using E
gr_buffer::allocate_buffer: warning: tried to allocate
   17 items of size 3696. Due to alignment requirements
   256 were allocated.  If this isn't OK, consider padding
   your structure to a power-of-two bytes.
   On this platform, our allocation granularity is 4096 bytes.
>>> gr_fir_ccf: using E
>>> gr_fir_fff: using E
gr_buffer::allocate_buffer: warning: tried to allocate
   17 items of size 3696. Due to alignment requirements
   256 were allocated.  If this isn't OK, consider padding
   your structure to a power-of-two bytes.
   On this platform, our allocation granularity is 4096 bytes.
