>>> gr_fir_ccf: using E
>>> gr_fir_fff: using E
gr_buffer::allocate_buffer: warning: tried to allocate
   17 items of size 3696. Due to alignment requirements
   256 were allocated.  If this isn't OK, consider padding
   your structure to a power-of-two bytes.
   On this platform, our allocation granularity is 4096 bytes.
0	 13	 13	 1	 0.000162	 -1	 0.000000	 8.078894
1	 13	 13	 1	 0.000363	 -1	 0.000000	 8.833872
2	 13	 13	 1	 0.000940	 -1	 0.000000	 8.289947
3	 13	 13	 1	 0.000258	 -1	 0.000000	 7.553828
4	 13	 13	 1	 0.014841	 -1	 0.000000	 5.964966
5	 13	 13	 1	 0.023521	 -1	 0.000000	 7.325924
6	 13	 13	 1	 0.003776	 -1	 0.000000	 12.104120
7	 13	 13	 1	 0.000482	 -1	 0.000000	 8.340903
8	 13	 13	 1	 0.090604	 -1	 0.000000	 7.273488
9	 13	 13	 1	 0.000343	 -1	 0.000000	 5.934386
10	 13	 13	 1	 0.021347	 -1	 0.000000	 4.866419
11	 13	 13	 1	 0.000393	 -1	 0.000000	 6.157547
12	 13	 13	 1	 0.001492	 -1	 0.000000	 4.616770
13	 13	 13	 1	 0.000911	 -1	 0.000000	 6.675903
14	 13	 13	 1	 0.000132	 -1	 0.000000	 6.215581
15	 13	 13	 1	 0.008916	 -1	 0.000000	 4.579001
16	 13	 13	 1	 0.000107	 -1	 0.000000	 4.987335
17	 13	 13	 1	 0.000553	 -1	 0.000000	 6.840470
18	 13	 13	 1	 0.012012	 -1	 0.000000	 9.485082
19	 13	 13	 1	 0.000056	 -1	 0.000000	 13.118105
20	 13	 13	 1	 0.001511	 -1	 0.000000	 10.072197
21	 13	 13	 1	 0.000447	 -1	 0.000000	 8.072491
22	 13	 13	 1	 0.000513	 -1	 0.000000	 6.675763
23	 13	 13	 1	 0.000193	 -1	 0.000000	 9.224638
24	 13	 13	 1	 0.000837	 -1	 0.000000	 8.089213
25	 13	 13	 1	 0.002723	 -1	 0.000000	 8.700681
26	 13	 13	 1	 0.003591	 -1	 0.000000	 6.559747
27	 13	 13	 1	 0.000271	 -1	 0.000000	 7.451804
28	 13	 13	 1	 0.013538	 -1	 0.000000	 9.254316
29	 13	 13	 1	 0.000311	 -1	 0.000000	 9.859393
30	 13	 13	 1	 0.028153	 -1	 0.000000	 10.976889
31	 13	 13	 1	 0.008223	 -1	 0.000000	 7.246424
32	 13	 13	 1	 0.011260	 -1	 0.000000	 6.208997
33	 13	 13	 1	 0.005046	 -1	 0.000000	 9.434383
34	 13	 13	 1	 0.000633	 -1	 0.000000	 9.990562
35	 13	 13	 1	 0.000373	 -1	 0.000000	 7.144173
36	 13	 13	 1	 0.039504	 -1	 0.000000	 6.471553
37	 13	 13	 1	 0.000123	 -1	 0.000000	 8.938439
38	 13	 13	 1	 0.003765	 -1	 0.000000	 6.269215
39	 13	 13	 1	 0.024161	 -1	 0.000000	 8.713665
40	 13	 13	 1	 0.001632	 -1	 0.000000	 7.187864
41	 13	 13	 1	 0.000375	 -1	 0.000000	 5.778625
42	 13	 13	 1	 0.001212	 -1	 0.000000	 8.708174
43	 13	 13	 1	 0.012285	 -1	 0.000000	 9.096851
44	 13	 13	 1	 0.002300	 -1	 0.000000	 8.333879
45	 13	 13	 1	 0.001536	 -1	 0.000000	 6.151576
46	 13	 13	 1	 0.000104	 -1	 0.000000	 5.665058
47	 13	 13	 1	 0.000786	 -1	 0.000000	 9.877049
48	 13	 13	 1	 0.000428	 -1	 0.000000	 5.206886
49	 13	 13	 1	 0.000512	 -1	 0.000000	 7.299937
50	 13	 13	 1	 0.002654	 -1	 0.000000	 7.751699
51	 13	 13	 1	 0.005725	 -1	 0.000000	 11.281834
52	 13	 13	 1	 0.005862	 -1	 0.000000	 12.924811
53	 13	 13	 1	 0.001685	 -1	 0.000000	 7.002609
54	 13	 13	 1	 0.000788	 -1	 0.000000	 5.469578
55	 13	 13	 1	 0.009931	 -1	 0.000000	 8.850320
56	 13	 13	 1	 0.000484	 -1	 0.000000	 5.600900
57	 13	 13	 1	 0.005980	 -1	 0.000000	 13.321114
58	 13	 13	 1	 0.001024	 -1	 0.000000	 4.559209
59	 13	 13	 1	 0.000411	 -1	 0.000000	 7.895900
60	 13	 13	 1	 0.001496	 -1	 0.000000	 6.403342
61	 13	 13	 1	 0.000858	 -1	 0.000000	 5.531137
62	 13	 13	 1	 0.007304	 -1	 0.000000	 12.714623
63	 13	 13	 1	 0.005301	 -1	 0.000000	 4.767548
64	 13	 13	 1	 0.007489	 -1	 0.000000	 4.518443
65	 13	 13	 1	 0.009281	 -1	 0.000000	 5.132318
66	 13	 13	 1	 0.002873	 -1	 0.000000	 6.080957
67	 13	 13	 1	 0.002988	 -1	 0.000000	 5.318870
68	 13	 13	 1	 0.004705	 -1	 0.000000	 7.271521
69	 13	 13	 1	 0.007739	 -1	 0.000000	 6.438397
70	 13	 13	 1	 0.004770	 -1	 0.000000	 6.505806
71	 13	 13	 1	 0.003553	 -1	 0.000000	 6.061863
72	 13	 13	 1	 0.007722	 -1	 0.000000	 4.733464
73	 13	 13	 1	 0.001432	 -1	 0.000000	 7.604208
74	 13	 13	 1	 0.025213	 -1	 0.000000	 5.551547
75	 13	 13	 1	 0.002030	 -1	 0.000000	 9.389557
76	 13	 13	 1	 0.003923	 -1	 0.000000	 5.712099
77	 13	 13	 1	 0.006114	 -1	 0.000000	 7.962238
78	 13	 13	 1	 0.002608	 -1	 0.000000	 11.655932
79	 13	 13	 1	 0.001512	 -1	 0.000000	 7.296393
80	 13	 13	 1	 0.000540	 -1	 0.000000	 7.218691
81	 13	 13	 1	 0.000374	 -1	 0.000000	 8.659803
82	 13	 13	 1	 0.005643	 -1	 0.000000	 8.806051
83	 13	 13	 1	 0.010526	 -1	 0.000000	 8.355444
84	 13	 13	 1	 0.000541	 -1	 0.000000	 8.208778
85	 13	 13	 1	 0.014530	 -1	 0.000000	 6.562923
86	 13	 13	 1	 0.007049	 -1	 0.000000	 6.836490
87	 13	 13	 1	 0.002055	 -1	 0.000000	 4.829060
88	 13	 13	 1	 0.000186	 -1	 0.000000	 5.283940
89	 13	 13	 1	 0.016666	 -1	 0.000000	 8.262969
90	 13	 13	 1	 0.012403	 -1	 0.000000	 12.158091
91	 13	 13	 1	 0.002811	 -1	 0.000000	 6.521362
92	 13	 13	 1	 0.017396	 -1	 0.000000	 6.438591
93	 13	 13	 1	 0.002675	 -1	 0.000000	 4.276051
94	 13	 13	 1	 0.000168	 -1	 0.000000	 6.943576
95	 13	 13	 1	 0.037728	 -1	 0.000000	 5.812237
96	 13	 13	 1	 0.000126	 -1	 0.000000	 12.785073
97	 13	 13	 1	 0.007716	 -1	 0.000000	 5.290836
98	 13	 13	 1	 0.004384	 -1	 0.000000	 9.551510
99	 13	 13	 1	 0.008600	 -1	 0.000000	 7.288289
100	 13	 13	 1	 0.000607	 -1	 0.000000	 8.395207
101	 13	 13	 1	 0.000486	 -1	 0.000000	 6.439329
102	 13	 13	 1	 0.002502	 -1	 0.000000	 13.584558
103	 13	 13	 1	 0.000186	 -1	 0.000000	 4.236254
104	 13	 13	 1	 0.002122	 -1	 0.000000	 5.762659
105	 13	 13	 1	 0.006096	 -1	 0.000000	 5.939292
106	 13	 13	 1	 0.000944	 -1	 0.000000	 7.651978
107	 13	 13	 1	 0.002937	 -1	 0.000000	 3.604241
108	 13	 13	 1	 0.001183	 -1	 0.000000	 4.296942
109	 13	 13	 1	 0.000969	 -1	 0.000000	 7.448790
110	 13	 13	 1	 0.002794	 -1	 0.000000	 6.635519
111	 13	 13	 1	 0.000282	 -1	 0.000000	 5.358377
112	 13	 13	 1	 0.000226	 -1	 0.000000	 6.747602
113	 13	 13	 1	 0.000221	 -1	 0.000000	 8.998726
114	 13	 13	 1	 0.000124	 -1	 0.000000	 5.154296
115	 13	 13	 1	 0.000411	 -1	 0.000000	 12.733362
116	 13	 13	 1	 0.001629	 -1	 0.000000	 9.547237
117	 13	 13	 1	 0.000284	 -1	 0.000000	 5.197640
118	 13	 13	 1	 0.002176	 -1	 0.000000	 8.979565
119	 13	 13	 1	 0.000640	 -1	 0.000000	 8.763417
120	 13	 13	 1	 0.001756	 -1	 0.000000	 8.100639
121	 13	 13	 1	 0.000140	 -1	 0.000000	 7.634080
122	 13	 13	 1	 0.000482	 -1	 0.000000	 7.535447
123	 13	 13	 1	 0.000047	 -1	 0.000000	 15.406301
124	 13	 13	 1	 0.012612	 -1	 0.000000	 5.766204
125	 13	 13	 1	 0.000968	 -1	 0.000000	 4.882572
126	 13	 13	 1	 0.000267	 -1	 0.000000	 7.523565
127	 13	 13	 1	 0.000111	 -1	 0.000000	 6.443920
128	 13	 13	 1	 0.015225	 -1	 0.000000	 7.793544
129	 13	 13	 1	 0.002515	 -1	 0.000000	 9.511138
130	 13	 13	 1	 0.039192	 -1	 0.000000	 5.468430
131	 13	 13	 1	 0.001977	 -1	 0.000000	 9.633785
132	 13	 13	 1	 0.003922	 -1	 0.000000	 4.562067
133	 13	 13	 1	 0.007335	 -1	 0.000000	 6.418772
134	 13	 13	 1	 0.000727	 -1	 0.000000	 7.173037
135	 13	 13	 1	 0.000694	 -1	 0.000000	 5.304221
136	 13	 13	 1	 0.000978	 -1	 0.000000	 9.390199
137	 13	 13	 1	 0.000981	 -1	 0.000000	 6.778433
138	 13	 13	 1	 0.002959	 -1	 0.000000	 6.621460
139	 13	 13	 1	 0.002964	 -1	 0.000000	 9.035643
140	 13	 13	 1	 0.008473	 -1	 0.000000	 4.710481
141	 13	 13	 1	 0.014383	 -1	 0.000000	 9.796298
142	 13	 13	 1	 0.001461	 -1	 0.000000	 5.910125
143	 13	 13	 1	 0.001460	 -1	 0.000000	 10.615738
144	 13	 13	 1	 0.026226	 -1	 0.000000	 9.171989
145	 13	 13	 1	 0.011999	 -1	 0.000000	 5.865751
146	 13	 13	 1	 0.021145	 -1	 0.000000	 10.621159
147	 13	 13	 1	 0.015965	 -1	 0.000000	 5.974453
148	 13	 13	 1	 0.135432	 -1	 0.000000	 8.442972
149	 13	 13	 1	 0.008179	 -1	 0.000000	 6.602939
150	 13	 13	 1	 0.007316	 -1	 0.000000	 12.599184
151	 13	 13	 1	 0.002539	 -1	 0.000000	 6.051918
152	 13	 13	 1	 0.001892	 -1	 0.000000	 10.551388
153	 13	 13	 1	 0.000311	 -1	 0.000000	 6.259957
154	 13	 13	 1	 0.074920	 -1	 0.000000	 7.948651
155	 13	 13	 1	 0.028838	 -1	 0.000000	 8.863787
156	 13	 13	 1	 0.002347	 -1	 0.000000	 8.438126
157	 13	 13	 1	 0.003068	 -1	 0.000000	 6.616267
158	 13	 13	 1	 0.007497	 -1	 0.000000	 8.604652
159	 13	 13	 1	 0.004120	 -1	 0.000000	 10.311357
160	 13	 13	 1	 0.001406	 -1	 0.000000	 5.690715
161	 13	 13	 1	 0.000391	 -1	 0.000000	 6.816707
162	 13	 13	 1	 0.000110	 -1	 0.000000	 5.321032
163	 13	 13	 1	 0.011789	 -1	 0.000000	 6.091035
>>> gr_fir_ccf: using E
>>> gr_fir_fff: using E
gr_buffer::allocate_buffer: warning: tried to allocate
   17 items of size 3696. Due to alignment requirements
   256 were allocated.  If this isn't OK, consider padding
   your structure to a power-of-two bytes.
   On this platform, our allocation granularity is 4096 bytes.
37	 13	 13	 1	 0.003362	 -1	 0.000000	 7.340853
38	 13	 13	 1	 0.004144	 -1	 0.000000	 5.740574
39	 13	 13	 1	 0.000449	 -1	 0.000000	 7.018324
40	 13	 13	 1	 0.076239	 -1	 0.000000	 11.203118
41	 13	 13	 1	 0.066458	 -1	 0.000000	 6.030808
42	 13	 13	 1	 0.005118	 -1	 0.000000	 6.051522
43	 13	 13	 1	 0.003670	 -1	 0.000000	 18.256950
44	 13	 13	 1	 0.001699	 -1	 0.000000	 7.849817
45	 13	 13	 1	 0.003254	 -1	 0.000000	 9.407247
46	 13	 13	 1	 0.002972	 -1	 0.000000	 12.282096
47	 13	 13	 1	 0.005904	 -1	 0.000000	 7.448631
48	 13	 13	 1	 0.015279	 -1	 0.000000	 6.949143
49	 13	 13	 1	 0.069970	 -1	 0.000000	 7.016657
50	 13	 13	 1	 0.002886	 -1	 0.000000	 5.231869
51	 13	 13	 1	 0.009982	 -1	 0.000000	 8.487374
52	 13	 13	 1	 0.040352	 -1	 0.000000	 5.995917
53	 13	 13	 1	 0.012339	 -1	 0.000000	 11.571404
54	 13	 13	 1	 0.001369	 -1	 0.000000	 5.887642
55	 13	 13	 1	 0.005026	 -1	 0.000000	 9.317058
56	 13	 13	 1	 0.020969	 -1	 0.000000	 5.940541
57	 13	 13	 1	 0.001423	 -1	 0.000000	 9.632468
58	 13	 13	 1	 0.005638	 -1	 0.000000	 5.793307
59	 13	 13	 1	 0.040397	 -1	 0.000000	 4.687707
60	 13	 13	 1	 0.005365	 -1	 0.000000	 10.721356
61	 13	 13	 1	 0.012845	 -1	 0.000000	 4.709324
62	 13	 13	 1	 0.001568	 -1	 0.000000	 5.885152
63	 13	 13	 1	 0.025556	 -1	 0.000000	 5.132883
64	 13	 13	 1	 0.069103	 -1	 0.000000	 5.962057
65	 13	 13	 1	 0.319984	 -1	 0.000000	 5.636075
66	 13	 13	 1	 0.090206	 -1	 0.000000	 9.386089
67	 13	 13	 1	 0.000987	 -1	 0.000000	 5.568927
68	 13	 13	 1	 0.014256	 -1	 0.000000	 7.453847
69	 13	 13	 1	 0.003822	 -1	 0.000000	 7.356317
70	 13	 13	 1	 0.010844	 -1	 0.000000	 5.269346
71	 13	 13	 1	 0.025523	 -1	 0.000000	 9.294274
72	 13	 13	 1	 0.000760	 -1	 0.000000	 7.904058
73	 13	 13	 1	 0.005072	 -1	 0.000000	 7.308117
74	 13	 13	 1	 0.010422	 -1	 0.000000	 8.760665
75	 13	 13	 1	 0.005665	 -1	 0.000000	 8.583732
76	 13	 13	 1	 0.000326	 -1	 0.000000	 6.683168
77	 13	 13	 1	 0.004358	 -1	 0.000000	 7.742307
78	 13	 13	 1	 0.000103	 -1	 0.000000	 7.488915
79	 13	 13	 1	 0.001509	 -1	 0.000000	 5.475671
80	 13	 13	 1	 0.001984	 -1	 0.000000	 4.726157
81	 13	 13	 1	 0.002746	 -1	 0.000000	 19.784157
82	 13	 13	 1	 0.010157	 -1	 0.000000	 5.025354
83	 13	 13	 1	 0.001057	 -1	 0.000000	 6.189307
84	 13	 13	 1	 0.007520	 -1	 0.000000	 6.428294
85	 13	 13	 1	 0.001331	 -1	 0.000000	 7.383183
86	 13	 13	 1	 0.006538	 -1	 0.000000	 9.364417
87	 13	 13	 1	 0.002465	 -1	 0.000000	 6.555395
88	 13	 13	 1	 0.002373	 -1	 0.000000	 7.111551
89	 13	 13	 1	 0.000073	 -1	 0.000000	 9.576629
90	 13	 13	 1	 0.009280	 -1	 0.000000	 11.901696
91	 13	 13	 1	 0.001143	 -1	 0.000000	 9.332881
92	 13	 13	 1	 0.004510	 -1	 0.000000	 6.053406
93	 13	 13	 1	 0.000815	 -1	 0.000000	 5.389425
94	 13	 13	 1	 0.001228	 -1	 0.000000	 7.207027
95	 13	 13	 1	 0.003506	 -1	 0.000000	 7.534534
96	 13	 13	 1	 0.002725	 -1	 0.000000	 10.164739
97	 13	 13	 1	 0.001678	 -1	 0.000000	 6.801246
98	 13	 13	 1	 0.071006	 -1	 0.000000	 6.410800
99	 13	 13	 1	 0.002095	 -1	 0.000000	 5.084528
100	 13	 13	 1	 0.001029	 -1	 0.000000	 8.809029
101	 13	 13	 1	 0.004020	 -1	 0.000000	 4.779294
102	 13	 13	 1	 0.000852	 -1	 0.000000	 5.876964
103	 13	 13	 1	 0.007038	 -1	 0.000000	 7.467537
104	 13	 13	 1	 0.000972	 -1	 0.000000	 4.856399
105	 13	 13	 1	 0.001395	 -1	 0.000000	 6.812005
106	 13	 13	 1	 0.000455	 -1	 0.000000	 5.344708
107	 13	 13	 1	 0.011502	 -1	 0.000000	 6.426948
108	 13	 13	 1	 0.165829	 -1	 0.000000	 12.690342
>>> gr_fir_ccf: using E
>>> gr_fir_fff: using E
gr_buffer::allocate_buffer: warning: tried to allocate
   17 items of size 3696. Due to alignment requirements
   256 were allocated.  If this isn't OK, consider padding
   your structure to a power-of-two bytes.
   On this platform, our allocation granularity is 4096 bytes.
>>> gr_fir_ccf: using E
>>> gr_fir_fff: using E
gr_buffer::allocate_buffer: warning: tried to allocate
   17 items of size 3696. Due to alignment requirements
   256 were allocated.  If this isn't OK, consider padding
   your structure to a power-of-two bytes.
   On this platform, our allocation granularity is 4096 bytes.
43	 15	 15	 1	 0.160737	 -1	 0.000000	 7.352968
44	 15	 15	 1	 6.400967	 -1	 0.000000	 6.658526
45	 15	 15	 1	 0.807809	 -1	 0.000000	 7.699954
46	 15	 15	 1	 6.203669	 -1	 0.000000	 5.716633
47	 15	 15	 1	 0.989478	 -1	 0.000000	 6.387181
48	 15	 15	 1	 0.101868	 -1	 0.000000	 5.604290
49	 15	 15	 1	 2.449771	 -1	 0.000000	 8.788223
50	 15	 15	 1	 0.046734	 -1	 0.000000	 5.908904
51	 15	 15	 1	 0.253686	 -1	 0.000000	 9.015375
52	 15	 15	 1	 0.002253	 -1	 0.000000	 8.378004
53	 15	 15	 1	 0.172942	 -1	 0.000000	 8.465153
54	 15	 15	 1	 0.110441	 -1	 0.000000	 4.971066
>>> gr_fir_ccf: using E
>>> gr_fir_fff: using E
gr_buffer::allocate_buffer: warning: tried to allocate
   17 items of size 3696. Due to alignment requirements
   256 were allocated.  If this isn't OK, consider padding
   your structure to a power-of-two bytes.
   On this platform, our allocation granularity is 4096 bytes.
0	 5	 5	 1	 7.007283	 -1	 0.000000	 5.857977
1	 5	 5	 1	 1.312469	 -1	 0.000000	 10.555493
2	 5	 5	 1	 14.027184	 -1	 0.000000	 12.639821
3	 5	 5	 1	 1.712657	 -1	 0.000000	 7.697123
4	 5	 5	 1	 8.133804	 -1	 0.000000	 10.043679
>>> gr_fir_ccf: using E
>>> gr_fir_fff: using E
gr_buffer::allocate_buffer: warning: tried to allocate
   17 items of size 3696. Due to alignment requirements
   256 were allocated.  If this isn't OK, consider padding
   your structure to a power-of-two bytes.
   On this platform, our allocation granularity is 4096 bytes.
64	 5	 5	 1	 9.172647	 -1	 0.000000	 5.331538
65	 5	 5	 1	 2.314130	 -1	 0.000000	 10.639577
66	 5	 5	 1	 9.069407	 -1	 0.000000	 9.510428
67	 5	 5	 1	 0.942315	 -1	 0.000000	 6.823675
68	 5	 5	 1	 0.941059	 -1	 0.000000	 10.920243
69	 5	 5	 1	 0.574162	 -1	 0.000000	 6.990751
70	 5	 5	 1	 0.238051	 -1	 0.000000	 9.304864
71	 5	 5	 1	 2.755137	 -1	 0.000000	 12.605796
72	 5	 5	 1	 2.846829	 -1	 0.000000	 5.573277
73	 5	 5	 1	 4.433137	 -1	 0.000000	 6.457530
74	 5	 5	 1	 2.300927	 -1	 0.000000	 8.060421
75	 5	 5	 1	 1.810722	 -1	 0.000000	 6.303303
76	 5	 5	 1	 6.448027	 -1	 0.000000	 5.807520
77	 5	 5	 1	 5.125299	 -1	 0.000000	 11.952898
78	 5	 5	 1	 5.505703	 -1	 0.000000	 7.314127
79	 5	 5	 1	 12.401735	 -1	 0.000000	 6.292867
80	 5	 5	 1	 8.329530	 -1	 0.000000	 5.440920
81	 5	 5	 1	 2.456360	 -1	 0.000000	 11.641685
82	 5	 5	 1	 4.923824	 -1	 0.000000	 11.248696
83	 5	 5	 1	 8.257843	 -1	 0.000000	 6.952902
84	 5	 5	 1	 12.684038	 -1	 0.000000	 11.366252
85	 5	 5	 1	 3.645227	 -1	 0.000000	 7.737792
86	 5	 5	 1	 4.733899	 -1	 0.000000	 5.743620
87	 5	 5	 1	 6.711204	 -1	 0.000000	 4.621792
88	 5	 5	 1	 2.624850	 -1	 0.000000	 12.613502
89	 5	 5	 1	 5.400769	 -1	 0.000000	 14.394253
90	 5	 5	 1	 11.207302	 -1	 0.000000	 4.795874
91	 5	 5	 1	 3.083519	 -1	 0.000000	 6.632051
92	 5	 5	 1	 4.158825	 -1	 0.000000	 19.988171
93	 5	 5	 1	 3.114916	 -1	 0.000000	 7.195042
94	 5	 5	 1	 3.510680	 -1	 0.000000	 5.793336
95	 5	 5	 1	 2.703698	 -1	 0.000000	 7.296947
96	 5	 5	 1	 1.313959	 -1	 0.000000	 7.196305
97	 5	 5	 1	 5.989351	 -1	 0.000000	 6.043672
98	 5	 5	 1	 2.643450	 -1	 0.000000	 8.353481
99	 5	 5	 1	 1.552081	 -1	 0.000000	 5.664081
100	 5	 5	 1	 10.571892	 -1	 0.000000	 8.192870
101	 5	 5	 1	 4.742480	 -1	 0.000000	 5.232138
102	 5	 5	 1	 2.985619	 -1	 0.000000	 8.524105
103	 5	 5	 1	 5.168518	 -1	 0.000000	 7.515424
104	 5	 5	 1	 2.875219	 -1	 0.000000	 6.531456
105	 5	 5	 1	 1.952117	 -1	 0.000000	 7.107208
106	 5	 5	 1	 6.590011	 -1	 0.000000	 8.739982
107	 5	 5	 1	 0.690403	 -1	 0.000000	 14.301145
108	 5	 5	 1	 4.705139	 -1	 0.000000	 7.888800
109	 5	 5	 1	 0.981102	 -1	 0.000000	 9.565057
110	 5	 5	 1	 5.751686	 -1	 0.000000	 4.468798
111	 5	 5	 1	 6.831882	 -1	 0.000000	 6.265967
112	 5	 5	 1	 8.158775	 -1	 0.000000	 6.788343
113	 5	 5	 1	 2.182421	 -1	 0.000000	 4.842606
114	 5	 5	 1	 4.881439	 -1	 0.000000	 8.514266
115	 5	 5	 1	 4.171831	 -1	 0.000000	 8.157903
116	 5	 5	 1	 11.061218	 -1	 0.000000	 10.388004
117	 5	 5	 1	 4.323134	 -1	 0.000000	 6.618032
118	 5	 5	 1	 2.059587	 -1	 0.000000	 6.441567
119	 5	 5	 1	 2.193445	 -1	 0.000000	 7.855423
120	 5	 5	 1	 11.105994	 -1	 0.000000	 8.581896
121	 5	 5	 1	 0.392252	 -1	 0.000000	 6.950336
122	 5	 5	 1	 0.765896	 -1	 0.000000	 6.111450
123	 5	 5	 1	 1.700313	 -1	 0.000000	 6.408959
124	 5	 5	 1	 3.510913	 -1	 0.000000	 5.748200
125	 5	 5	 1	 2.762080	 -1	 0.000000	 7.571011
126	 5	 5	 1	 7.901365	 -1	 0.000000	 5.526248
127	 5	 5	 1	 3.971849	 -1	 0.000000	 6.881549
128	 5	 5	 1	 0.638347	 -1	 0.000000	 8.816924
129	 5	 5	 1	 0.481153	 -1	 0.000000	 6.050093
130	 5	 5	 1	 2.140083	 -1	 0.000000	 7.501496
131	 5	 5	 1	 0.865625	 -1	 0.000000	 6.303637
132	 5	 5	 1	 5.317123	 -1	 0.000000	 7.516606
133	 5	 5	 1	 0.694378	 -1	 0.000000	 11.179340
134	 5	 5	 1	 1.223377	 -1	 0.000000	 16.549189
135	 5	 5	 1	 0.564495	 -1	 0.000000	 8.117238
136	 5	 5	 1	 1.481566	 -1	 0.000000	 5.783148
137	 5	 5	 1	 5.304880	 -1	 0.000000	 6.794373
138	 5	 5	 1	 1.924567	 -1	 0.000000	 7.069151
139	 5	 5	 1	 1.652945	 -1	 0.000000	 12.671043
140	 5	 5	 1	 0.323893	 -1	 0.000000	 7.559886
141	 5	 5	 1	 2.742764	 -1	 0.000000	 7.298967
142	 5	 5	 1	 1.086943	 -1	 0.000000	 6.179159
143	 5	 5	 1	 1.554878	 -1	 0.000000	 5.562593
144	 5	 5	 1	 3.072069	 -1	 0.000000	 7.869707
145	 5	 5	 1	 3.571149	 -1	 0.000000	 5.564416
146	 5	 5	 1	 5.896657	 -1	 0.000000	 6.151400
147	 5	 5	 1	 3.841098	 -1	 0.000000	 6.579996
148	 5	 5	 1	 4.284750	 -1	 0.000000	 6.780991
149	 5	 5	 1	 2.229396	 -1	 0.000000	 7.657883
150	 5	 5	 1	 2.452435	 -1	 0.000000	 8.601831
151	 5	 5	 1	 8.618764	 -1	 0.000000	 9.249925
152	 5	 5	 1	 3.945182	 -1	 0.000000	 5.565313
153	 5	 5	 1	 0.839691	 -1	 0.000000	 6.021784
154	 5	 5	 1	 0.407808	 -1	 0.000000	 8.024551
155	 5	 5	 1	 4.880203	 -1	 0.000000	 6.346408
156	 5	 5	 1	 0.805062	 -1	 0.000000	 11.222283
157	 5	 5	 1	 5.335386	 -1	 0.000000	 13.528834
158	 5	 5	 1	 1.742705	 -1	 0.000000	 8.365421
159	 5	 5	 1	 9.300748	 -1	 0.000000	 5.251449
160	 5	 5	 1	 5.697213	 -1	 0.000000	 5.229917
161	 5	 5	 1	 5.919268	 -1	 0.000000	 4.974894
162	 5	 5	 1	 10.427303	 -1	 0.000000	 5.702600
163	 5	 5	 1	 1.490069	 -1	 0.000000	 6.342281
164	 5	 5	 1	 17.201830	 -1	 0.000000	 5.297092
165	 5	 5	 1	 4.183930	 -1	 0.000000	 5.952972
166	 5	 5	 1	 7.034129	 -1	 0.000000	 5.130666
167	 5	 5	 1	 10.348886	 -1	 0.000000	 6.663932
168	 5	 5	 1	 11.947113	 -1	 0.000000	 6.716400
169	 5	 5	 1	 5.596851	 -1	 0.000000	 9.667253
170	 5	 5	 1	 1.054528	 -1	 0.000000	 14.414462
171	 5	 5	 1	 7.989042	 -1	 0.000000	 5.317650
172	 5	 5	 1	 2.382754	 -1	 0.000000	 10.051553
173	 5	 5	 1	 2.047868	 -1	 0.000000	 7.143389
174	 5	 5	 1	 1.014000	 -1	 0.000000	 10.452730
175	 5	 5	 1	 3.564445	 -1	 0.000000	 9.161297
176	 5	 5	 1	 6.327112	 -1	 0.000000	 4.513712
177	 5	 5	 1	 4.412958	 -1	 0.000000	 6.473635
178	 5	 5	 1	 3.621571	 -1	 0.000000	 6.063248
179	 5	 5	 1	 2.654873	 -1	 0.000000	 5.587147
180	 5	 5	 1	 1.062534	 -1	 0.000000	 6.611581
181	 5	 5	 1	 3.613526	 -1	 0.000000	 9.353420
182	 5	 5	 1	 1.998267	 -1	 0.000000	 5.917542
183	 5	 5	 1	 8.447091	 -1	 0.000000	 5.418949
184	 5	 5	 1	 8.836651	 -1	 0.000000	 6.703869
185	 5	 5	 1	 4.041722	 -1	 0.000000	 6.046529
186	 5	 5	 1	 1.304816	 -1	 0.000000	 5.205634
187	 5	 5	 1	 0.526121	 -1	 0.000000	 8.627201
188	 5	 5	 1	 1.848260	 -1	 0.000000	 6.079849
189	 5	 5	 1	 9.834798	 -1	 0.000000	 5.939353
190	 5	 5	 1	 3.101061	 -1	 0.000000	 8.939878
191	 5	 5	 1	 6.128793	 -1	 0.000000	 8.573808
192	 5	 5	 1	 4.437603	 -1	 0.000000	 7.450289
193	 5	 5	 1	 4.166995	 -1	 0.000000	 7.168546
194	 5	 5	 1	 1.185881	 -1	 0.000000	 5.365620
195	 5	 5	 1	 2.074306	 -1	 0.000000	 5.002848
196	 5	 5	 1	 0.558290	 -1	 0.000000	 9.305545
197	 5	 5	 1	 4.306204	 -1	 0.000000	 7.662711
198	 5	 5	 1	 1.367740	 -1	 0.000000	 8.019449
199	 5	 5	 1	 8.493945	 -1	 0.000000	 6.924296
200	 5	 5	 1	 3.963196	 -1	 0.000000	 6.677461
201	 5	 5	 1	 3.418240	 -1	 0.000000	 9.324022
202	 5	 5	 1	 4.249281	 -1	 0.000000	 4.147302
203	 5	 5	 1	 0.326344	 -1	 0.000000	 10.929688
204	 5	 5	 1	 8.771232	 -1	 0.000000	 9.965896
205	 5	 5	 1	 6.218890	 -1	 0.000000	 5.247622
206	 5	 5	 1	 2.617475	 -1	 0.000000	 8.315836
207	 5	 5	 1	 1.613271	 -1	 0.000000	 5.493464
208	 5	 5	 1	 11.865498	 -1	 0.000000	 4.663648
209	 5	 5	 1	 3.498706	 -1	 0.000000	 7.521759
210	 5	 5	 1	 8.907864	 -1	 0.000000	 6.135434
211	 5	 5	 1	 3.578961	 -1	 0.000000	 6.403238
212	 5	 5	 1	 1.668832	 -1	 0.000000	 10.433637
213	 5	 5	 1	 3.744079	 -1	 0.000000	 11.101615
214	 5	 5	 1	 2.048618	 -1	 0.000000	 5.011585
215	 5	 5	 1	 1.790520	 -1	 0.000000	 8.067820
216	 5	 5	 1	 2.653962	 -1	 0.000000	 11.835597
217	 5	 5	 1	 2.877158	 -1	 0.000000	 6.378428
218	 5	 5	 1	 3.390718	 -1	 0.000000	 9.602911
219	 5	 5	 1	 1.158624	 -1	 0.000000	 6.956196
220	 5	 5	 1	 7.802041	 -1	 0.000000	 3.743819
221	 5	 5	 1	 4.980312	 -1	 0.000000	 4.020682
222	 5	 5	 1	 4.205363	 -1	 0.000000	 8.429096
223	 5	 5	 1	 0.420607	 -1	 0.000000	 10.189222
224	 5	 5	 1	 2.955821	 -1	 0.000000	 8.537571
225	 5	 5	 1	 7.163925	 -1	 0.000000	 7.131388
226	 5	 5	 1	 4.436213	 -1	 0.000000	 7.844930
227	 5	 5	 1	 4.206949	 -1	 0.000000	 7.947076
233	 5	 5	 1	 2.168185	 -1	 0.000000	 5.577024
235	 5	 5	 1	 5.882912	 -1	 0.000000	 7.465034
236	 5	 5	 1	 4.050447	 -1	 0.000000	 4.989269
258	 5	 5	 0	 405.363390	 -1	 0.000000	 6.794683
260	 5	 5	 1	 219.259025	 -1	 0.000000	 5.720155
261	 5	 5	 1	 3.207909	 -1	 0.000000	 7.052964
262	 5	 5	 0	 1000.000000	 -1	 0.000000	 4.542020
277	 5	 5	 1	 0.417465	 -1	 0.000000	 8.570237
285	 5	 5	 1	 1.185687	 -1	 0.000000	 9.290698
287	 5	 5	 1	 0.598535	 -1	 0.000000	 15.328683
302	 5	 5	 1	 0.712116	 -1	 0.000000	 8.668572
307	 5	 5	 1	 5.110480	 -1	 0.000000	 5.664278
308	 5	 5	 1	 0.488330	 -1	 0.000000	 7.805525
309	 5	 5	 1	 1.114077	 -1	 0.000000	 6.943473
310	 5	 5	 1	 13.237677	 -1	 0.000000	 8.270640
315	 5	 5	 0	 1000.000000	 -1	 0.000000	 6.079689
324	 5	 5	 1	 0.545047	 -1	 0.000000	 5.923694
330	 5	 5	 1	 26.611203	 -1	 0.000000	 7.490461
2603	 7	 7	 0	 472.997571	 -1	 0.000000	 8.481109
333	 5	 5	 1	 2.608823	 -1	 0.000000	 4.506107
334	 5	 5	 1	 0.956971	 -1	 0.000000	 4.606627
354	 5	 5	 1	 148.889556	 -1	 0.000000	 7.078410
355	 5	 5	 1	 8.154383	 -1	 0.000000	 6.156287
356	 5	 5	 1	 1.763998	 -1	 0.000000	 7.775074
357	 5	 5	 1	 6.751476	 -1	 0.000000	 4.202681
363	 5	 5	 1	 3.376983	 -1	 0.000000	 5.244182
372	 5	 5	 1	 6.121379	 -1	 0.000000	 6.228570
378	 5	 5	 1	 1.211765	 -1	 0.000000	 6.655130
379	 5	 5	 1	 4.124602	 -1	 0.000000	 7.187741
380	 5	 5	 1	 11.284028	 -1	 0.000000	 8.055337
394	 5	 5	 1	 8.167099	 -1	 0.000000	 6.805731
401	 5	 5	 1	 5.200258	 -1	 0.000000	 4.427218
402	 5	 5	 1	 1.606168	 -1	 0.000000	 6.075778
403	 5	 5	 1	 1.603631	 -1	 0.000000	 6.602745
423	 5	 5	 1	 5.361604	 -1	 0.000000	 8.316522
425	 5	 5	 1	 3.181716	 -1	 0.000000	 6.453219
426	 5	 5	 1	 1.761618	 -1	 0.000000	 4.870495
448	 5	 5	 1	 2.410190	 -1	 0.000000	 5.970948
450	 5	 5	 1	 2.672214	 -1	 0.000000	 4.929012
451	 5	 5	 1	 0.863150	 -1	 0.000000	 6.423057
457	 5	 5	 1	 0.452181	 -1	 0.000000	 5.503857
466	 5	 5	 1	 3.020106	 -1	 0.000000	 8.888969
471	 5	 5	 1	 3.562509	 -1	 0.000000	 6.853933
472	 5	 5	 1	 0.878412	 -1	 0.000000	 8.881026
488	 5	 5	 1	 5.426120	 -1	 0.000000	 10.103537
0	 7	 7	 1	 1.990963	 -1	 0.000000	 9.946423
>>> gr_fir_ccf: using E
>>> gr_fir_fff: using E
gr_buffer::allocate_buffer: warning: tried to allocate
   17 items of size 3696. Due to alignment requirements
   256 were allocated.  If this isn't OK, consider padding
   your structure to a power-of-two bytes.
   On this platform, our allocation granularity is 4096 bytes.
>>> gr_fir_ccf: using E
>>> gr_fir_fff: using E
gr_buffer::allocate_buffer: warning: tried to allocate
   17 items of size 3696. Due to alignment requirements
   256 were allocated.  If this isn't OK, consider padding
   your structure to a power-of-two bytes.
   On this platform, our allocation granularity is 4096 bytes.
>>> gr_fir_ccf: using E
>>> gr_fir_fff: using E
gr_buffer::allocate_buffer: warning: tried to allocate
   17 items of size 3696. Due to alignment requirements
   256 were allocated.  If this isn't OK, consider padding
   your structure to a power-of-two bytes.
   On this platform, our allocation granularity is 4096 bytes.
80	 9	 9	 0	 439.171197	 -1	 0.000000	 7.165215
81	 9	 9	 0	 424.954283	 -1	 0.000000	 4.621637
82	 9	 9	 0	 423.717267	 -1	 0.000000	 11.067101
83	 9	 9	 0	 361.982256	 -1	 0.000000	 7.316370
84	 9	 9	 0	 423.689230	 -1	 0.000000	 8.106367
85	 9	 9	 0	 410.616590	 -1	 0.000000	 6.148444
86	 9	 9	 0	 444.251913	 -1	 0.000000	 3.956633
87	 9	 9	 0	 399.958356	 -1	 0.000000	 10.120729
88	 9	 9	 0	 428.278261	 -1	 0.000000	 10.355758
89	 9	 9	 0	 399.859034	 -1	 0.000000	 10.520116
90	 9	 9	 0	 383.926207	 -1	 0.000000	 6.919348
91	 9	 9	 0	 367.492767	 -1	 0.000000	 12.770061
92	 9	 9	 0	 414.065721	 -1	 0.000000	 9.055324
93	 9	 9	 0	 405.319624	 -1	 0.000000	 4.441121
94	 9	 9	 0	 396.855435	 -1	 0.000000	 5.836420
95	 9	 9	 0	 385.688949	 -1	 0.000000	 7.036866
96	 9	 9	 0	 398.136674	 -1	 0.000000	 7.168419
97	 9	 9	 0	 437.030000	 -1	 0.000000	 4.243364
98	 9	 9	 0	 366.459296	 -1	 0.000000	 5.477390
99	 9	 9	 0	 380.739558	 -1	 0.000000	 12.794536
100	 9	 9	 0	 409.996269	 -1	 0.000000	 5.093578
101	 9	 9	 0	 440.603435	 -1	 0.000000	 4.973186
102	 9	 9	 0	 431.625261	 -1	 0.000000	 4.731724
103	 9	 9	 0	 320.061844	 -1	 0.000000	 9.421370
104	 9	 9	 0	 359.716142	 -1	 0.000000	 9.312402
105	 9	 9	 0	 359.577615	 -1	 0.000000	 8.040560
106	 9	 9	 0	 396.646779	 -1	 0.000000	 6.282945
107	 9	 9	 0	 346.805249	 -1	 0.000000	 6.025820
108	 9	 9	 0	 333.909457	 -1	 0.000000	 6.491128
109	 9	 9	 0	 353.261376	 -1	 0.000000	 13.364056
110	 9	 9	 0	 333.299407	 -1	 0.000000	 8.039184
111	 9	 9	 0	 442.718844	 -1	 0.000000	 5.936769
112	 9	 9	 0	 363.087042	 -1	 0.000000	 10.495458
113	 9	 9	 0	 434.723628	 -1	 0.000000	 4.983064
114	 9	 9	 0	 379.369808	 -1	 0.000000	 6.678237
115	 9	 9	 0	 438.887374	 -1	 0.000000	 5.799979
116	 9	 9	 0	 381.935447	 -1	 0.000000	 5.739511
117	 9	 9	 0	 438.212889	 -1	 0.000000	 5.301033
118	 9	 9	 0	 367.726593	 -1	 0.000000	 7.281189
119	 9	 9	 0	 428.908853	 -1	 0.000000	 5.372365
120	 9	 9	 0	 428.671825	 -1	 0.000000	 5.165923
121	 9	 9	 0	 355.764587	 -1	 0.000000	 9.177274
122	 9	 9	 0	 414.783039	 -1	 0.000000	 7.089478
123	 9	 9	 0	 368.075441	 -1	 0.000000	 9.398350
124	 9	 9	 0	 441.170515	 -1	 0.000000	 6.612656
125	 9	 9	 0	 407.156044	 -1	 0.000000	 5.411616
126	 9	 9	 0	 372.679734	 -1	 0.000000	 6.941287
127	 9	 9	 0	 393.556075	 -1	 0.000000	 12.893092
128	 9	 9	 0	 389.707312	 -1	 0.000000	 12.397876
129	 9	 9	 0	 397.152311	 -1	 0.000000	 5.144857
130	 9	 9	 0	 350.424562	 -1	 0.000000	 6.629238
131	 9	 9	 0	 382.568598	 -1	 0.000000	 5.334646
132	 9	 9	 0	 390.418436	 -1	 0.000000	 4.686519
133	 9	 9	 0	 354.392296	 -1	 0.000000	 8.626000
134	 9	 9	 0	 402.050111	 -1	 0.000000	 4.271327
135	 9	 9	 0	 410.221224	 -1	 0.000000	 7.685542
136	 9	 9	 0	 381.589160	 -1	 0.000000	 7.605401
137	 9	 9	 0	 350.014087	 -1	 0.000000	 10.052621
138	 9	 9	 0	 365.983350	 -1	 0.000000	 9.726009
139	 9	 9	 0	 385.037101	 -1	 0.000000	 11.275666
140	 9	 9	 0	 378.740539	 -1	 0.000000	 6.710035
141	 9	 9	 0	 393.410139	 -1	 0.000000	 4.883826
142	 9	 9	 0	 349.607779	 -1	 0.000000	 8.990444
143	 9	 9	 0	 375.319569	 -1	 0.000000	 6.569310
144	 9	 9	 0	 394.926143	 -1	 0.000000	 6.754654
145	 9	 9	 0	 436.406340	 -1	 0.000000	 5.563125
146	 9	 9	 0	 417.788570	 -1	 0.000000	 4.822703
147	 9	 9	 0	 421.050810	 -1	 0.000000	 10.639827
148	 9	 9	 0	 409.241701	 -1	 0.000000	 4.639264
149	 9	 9	 0	 319.505095	 -1	 0.000000	 7.962960
150	 9	 9	 0	 322.141800	 -1	 0.000000	 5.269314
151	 9	 9	 0	 373.260660	 -1	 0.000000	 8.882319
152	 9	 9	 0	 442.439063	 -1	 0.000000	 5.449017
153	 9	 9	 0	 331.190113	 -1	 0.000000	 7.100422
154	 9	 9	 0	 382.391948	 -1	 0.000000	 6.421304
155	 9	 9	 0	 371.024151	 -1	 0.000000	 7.165246
156	 9	 9	 0	 426.588387	 -1	 0.000000	 4.840582
157	 9	 9	 0	 382.340355	 -1	 0.000000	 12.320156
158	 9	 9	 0	 315.323478	 -1	 0.000000	 7.895377
159	 9	 9	 0	 408.853455	 -1	 0.000000	 6.673646
160	 9	 9	 0	 364.111536	 -1	 0.000000	 8.285595
161	 9	 9	 0	 425.349547	 -1	 0.000000	 5.288903
>>> gr_fir_ccf: using E
>>> gr_fir_fff: using E
gr_buffer::allocate_buffer: warning: tried to allocate
   17 items of size 3696. Due to alignment requirements
   256 were allocated.  If this isn't OK, consider padding
   your structure to a power-of-two bytes.
   On this platform, our allocation granularity is 4096 bytes.
108	 9	 9	 0	 432.183939	 -1	 0.000000	 15.573830
109	 9	 9	 0	 425.948484	 -1	 0.000000	 4.096035
110	 9	 9	 0	 391.136179	 -1	 0.000000	 12.599204
111	 9	 9	 0	 404.990902	 -1	 0.000000	 5.868133
112	 9	 9	 0	 403.550714	 -1	 0.000000	 10.247655
113	 9	 9	 0	 442.328961	 -1	 0.000000	 4.024513
114	 9	 9	 0	 426.073889	 -1	 0.000000	 7.446265
115	 9	 9	 0	 371.728417	 -1	 0.000000	 8.041845
116	 9	 9	 0	 404.113493	 -1	 0.000000	 4.995671
117	 9	 9	 0	 351.393259	 -1	 0.000000	 7.095105
118	 9	 9	 0	 413.620806	 -1	 0.000000	 6.280062
119	 9	 9	 0	 408.760739	 -1	 0.000000	 8.946268
120	 9	 9	 0	 388.273115	 -1	 0.000000	 8.072719
121	 9	 9	 0	 350.841230	 -1	 0.000000	 7.358568
122	 9	 9	 0	 402.704393	 -1	 0.000000	 10.400732
123	 9	 9	 0	 433.888403	 -1	 0.000000	 10.499108
124	 9	 9	 0	 429.679204	 -1	 0.000000	 4.938463
125	 9	 9	 0	 406.863756	 -1	 0.000000	 6.979152
126	 9	 9	 0	 444.387117	 -1	 0.000000	 4.440992
127	 9	 9	 0	 359.355294	 -1	 0.000000	 7.153583
128	 9	 9	 0	 425.961005	 -1	 0.000000	 6.746730
129	 9	 9	 0	 401.451000	 -1	 0.000000	 5.179574
130	 9	 9	 0	 419.874862	 -1	 0.000000	 5.330822
131	 9	 9	 0	 384.675522	 -1	 0.000000	 6.313485
132	 9	 9	 0	 371.210591	 -1	 0.000000	 7.468687
133	 9	 9	 0	 421.095067	 -1	 0.000000	 9.652221
134	 9	 9	 0	 416.610194	 -1	 0.000000	 15.583033
135	 9	 9	 0	 365.902682	 -1	 0.000000	 9.567180
136	 9	 9	 0	 397.644860	 -1	 0.000000	 9.183057
137	 9	 9	 0	 395.094533	 -1	 0.000000	 12.033800
138	 9	 9	 0	 398.057178	 -1	 0.000000	 6.449883
139	 9	 9	 0	 421.101136	 -1	 0.000000	 8.889907
140	 9	 9	 0	 372.708379	 -1	 0.000000	 8.403177
141	 9	 9	 0	 407.632542	 -1	 0.000000	 6.464715
142	 9	 9	 0	 408.490867	 -1	 0.000000	 11.622053
143	 9	 9	 0	 367.340038	 -1	 0.000000	 7.308693
144	 9	 9	 0	 427.838922	 -1	 0.000000	 5.024212
145	 9	 9	 0	 360.688765	 -1	 0.000000	 10.742647
146	 9	 9	 0	 372.677577	 -1	 0.000000	 5.654080
147	 9	 9	 0	 427.516528	 -1	 0.000000	 5.569603
148	 9	 9	 0	 373.786919	 -1	 0.000000	 7.604456
149	 9	 9	 0	 331.545451	 -1	 0.000000	 12.689026
150	 9	 9	 1	 316.318316	 -1	 0.000000	 12.186718
151	 9	 9	 0	 359.248580	 -1	 0.000000	 11.976926
152	 9	 9	 0	 399.333707	 -1	 0.000000	 6.680120
153	 9	 9	 0	 420.629299	 -1	 0.000000	 9.520816
154	 9	 9	 0	 426.086023	 -1	 0.000000	 5.795475
155	 9	 9	 0	 339.007514	 -1	 0.000000	 6.263275
156	 9	 9	 0	 455.262608	 -1	 0.000000	 8.874784
157	 9	 9	 0	 371.375394	 -1	 0.000000	 6.145427
158	 9	 9	 0	 310.992920	 -1	 0.000000	 7.518470
159	 9	 9	 0	 431.771455	 -1	 0.000000	 7.035823
160	 9	 9	 0	 415.048540	 -1	 0.000000	 5.754537
161	 9	 9	 0	 446.001118	 -1	 0.000000	 5.883511
162	 9	 9	 0	 381.927124	 -1	 0.000000	 5.217823
163	 9	 9	 0	 347.930945	 -1	 0.000000	 9.054687
164	 9	 9	 0	 409.864878	 -1	 0.000000	 4.654664
165	 9	 9	 0	 364.395838	 -1	 0.000000	 6.437806
166	 9	 9	 0	 358.228009	 -1	 0.000000	 9.983970
167	 9	 9	 0	 394.160710	 -1	 0.000000	 13.904337
168	 9	 9	 0	 413.481358	 -1	 0.000000	 5.718544
169	 9	 9	 0	 399.814176	 -1	 0.000000	 6.862802
170	 9	 9	 0	 382.830949	 -1	 0.000000	 7.258391
171	 9	 9	 0	 330.089367	 -1	 0.000000	 9.088889
172	 9	 9	 0	 422.613412	 -1	 0.000000	 8.599990
173	 9	 9	 0	 428.181525	 -1	 0.000000	 9.685457
174	 9	 9	 0	 418.450068	 -1	 0.000000	 8.489259
175	 9	 9	 0	 399.286593	 -1	 0.000000	 8.695542
176	 9	 9	 0	 339.734317	 -1	 0.000000	 8.354905
177	 9	 9	 0	 431.031158	 -1	 0.000000	 9.037864
178	 9	 9	 0	 433.610580	 -1	 0.000000	 6.174594
179	 9	 9	 0	 419.636991	 -1	 0.000000	 6.961709
180	 9	 9	 0	 442.612770	 -1	 0.000000	 4.970550
181	 9	 9	 0	 355.750609	 -1	 0.000000	 11.537436
182	 9	 9	 0	 442.547174	 -1	 0.000000	 5.306855
183	 9	 9	 0	 425.719891	 -1	 0.000000	 6.569777
>>> gr_fir_ccf: using E
>>> gr_fir_fff: using E
terminate called after throwing an instance of 'std::invalid_argument'
  what():  gr_ofdm_demod: Incorrect subcarriers allocated
>>> gr_fir_ccf: using E
>>> gr_fir_fff: using E
gr_buffer::allocate_buffer: warning: tried to allocate
   17 items of size 3696. Due to alignment requirements
   256 were allocated.  If this isn't OK, consider padding
   your structure to a power-of-two bytes.
   On this platform, our allocation granularity is 4096 bytes.
>>> gr_fir_ccf: using E
>>> gr_fir_fff: using E
gr_buffer::allocate_buffer: warning: tried to allocate
   17 items of size 3696. Due to alignment requirements
   256 were allocated.  If this isn't OK, consider padding
   your structure to a power-of-two bytes.
   On this platform, our allocation granularity is 4096 bytes.
0	 10	 10	 0	 468.724042	 -1	 0.000000	 12.608052
1	 10	 10	 0	 475.154320	 -1	 0.000000	 9.055048
>>> gr_fir_ccf: using E
>>> gr_fir_fff: using E
gr_buffer::allocate_buffer: warning: tried to allocate
   17 items of size 3696. Due to alignment requirements
   256 were allocated.  If this isn't OK, consider padding
   your structure to a power-of-two bytes.
   On this platform, our allocation granularity is 4096 bytes.
