>>> gr_fir_ccf: using E
>>> gr_fir_fff: using E
gr_buffer::allocate_buffer: warning: tried to allocate
   47 items of size 1392. Due to alignment requirements
   256 were allocated.  If this isn't OK, consider padding
   your structure to a power-of-two bytes.
   On this platform, our allocation granularity is 4096 bytes.
120	 13	 13	 1	 0.000001	 -1	 0.000000	 6.679947
121	 13	 13	 1	 0.000002	 -1	 0.000000	 6.581928
122	 13	 13	 1	 0.000002	 -1	 0.000000	 7.870572
123	 13	 13	 1	 0.000001	 -1	 0.000000	 7.486504
124	 13	 13	 0	 124.321965	 -1	 0.000000	 12.046580
125	 13	 13	 1	 0.000002	 -1	 0.000000	 6.797428
126	 13	 13	 1	 0.000001	 -1	 0.000000	 7.517314
127	 13	 13	 1	 0.000001	 -1	 0.000000	 6.715520
128	 13	 13	 1	 2.113910	 -1	 0.000000	 7.936221
129	 13	 13	 1	 0.000001	 -1	 0.000000	 7.428540
130	 13	 13	 1	 0.000002	 -1	 0.000000	 7.569327
132	 13	 13	 1	 0.000003	 -1	 0.000000	 6.769602
133	 13	 13	 1	 0.000003	 -1	 0.000000	 8.650719
134	 13	 13	 1	 0.000002	 -1	 0.000000	 7.417124
135	 13	 13	 1	 0.000001	 -1	 0.000000	 6.336873
136	 13	 13	 1	 0.000002	 -1	 0.000000	 7.833700
137	 13	 13	 1	 0.000001	 -1	 0.000000	 6.611923
138	 13	 13	 1	 0.000002	 -1	 0.000000	 7.624466
139	 13	 13	 1	 0.000002	 -1	 0.000000	 7.919460
140	 13	 13	 1	 0.000001	 -1	 0.000000	 8.068199
141	 13	 13	 1	 0.000002	 -1	 0.000000	 7.255744
142	 13	 13	 1	 0.000002	 -1	 0.000000	 10.723780
143	 13	 13	 1	 0.000001	 -1	 0.000000	 8.943698
144	 13	 13	 1	 0.000001	 -1	 0.000000	 7.361718
146	 13	 13	 1	 0.000001	 -1	 0.000000	 7.113423
112	 13	 13	 1	 0.000001	 -1	 0.000000	 9.608422
113	 13	 13	 1	 0.000002	 -1	 0.000000	 7.244609
114	 13	 13	 1	 0.000001	 -1	 0.000000	 7.160813
115	 13	 13	 1	 23.576893	 -1	 0.000000	 9.847333
116	 13	 13	 1	 0.000001	 -1	 0.000000	 8.530768
117	 13	 13	 1	 0.000001	 -1	 0.000000	 8.775262
119	 13	 13	 1	 0.000002	 -1	 0.000000	 6.530071
120	 13	 13	 1	 0.000001	 -1	 0.000000	 6.603370
121	 13	 13	 1	 0.000001	 -1	 0.000000	 10.083852
122	 13	 13	 1	 0.000001	 -1	 0.000000	 6.783736
123	 13	 13	 1	 0.000001	 -1	 0.000000	 8.058104
124	 13	 13	 1	 0.000003	 -1	 0.000000	 7.705643
125	 13	 13	 1	 0.000003	 -1	 0.000000	 9.739717
126	 13	 13	 1	 0.000002	 -1	 0.000000	 7.558767
127	 13	 13	 1	 0.000001	 -1	 0.000000	 7.577934
128	 13	 13	 1	 0.000002	 -1	 0.000000	 7.900594
129	 13	 13	 1	 0.000002	 -1	 0.000000	 7.603939
130	 13	 13	 1	 0.000001	 -1	 0.000000	 8.633553
131	 13	 13	 1	 0.000002	 -1	 0.000000	 6.150386
132	 13	 13	 1	 0.000001	 -1	 0.000000	 6.729441
134	 13	 13	 1	 0.000002	 -1	 0.000000	 8.153132
135	 13	 13	 1	 0.000002	 -1	 0.000000	 7.067299
136	 13	 13	 1	 0.000001	 -1	 0.000000	 7.303069
137	 13	 13	 1	 0.000003	 -1	 0.000000	 7.779388
138	 13	 13	 1	 0.000002	 -1	 0.000000	 8.630190
139	 13	 13	 1	 0.000001	 -1	 0.000000	 7.440473
140	 13	 13	 1	 0.000001	 -1	 0.000000	 7.918284
142	 13	 13	 1	 0.000001	 -1	 0.000000	 8.192976
143	 13	 13	 1	 0.000001	 -1	 0.000000	 6.822852
146	 13	 13	 1	 0.000001	 -1	 0.000000	 7.654967
147	 13	 13	 1	 0.000001	 -1	 0.000000	 6.559106
148	 13	 13	 1	 0.000001	 -1	 0.000000	 8.327508
149	 13	 13	 1	 0.000002	 -1	 0.000000	 7.811623
150	 13	 13	 1	 0.000002	 -1	 0.000000	 7.576943
151	 13	 13	 1	 0.000001	 -1	 0.000000	 9.665414
152	 13	 13	 1	 0.000004	 -1	 0.000000	 8.136374
153	 13	 13	 1	 0.000001	 -1	 0.000000	 8.378505
154	 13	 13	 1	 0.000001	 -1	 0.000000	 6.727794
155	 13	 13	 1	 0.000002	 -1	 0.000000	 8.262387
156	 13	 13	 1	 0.000001	 -1	 0.000000	 5.926368
157	 13	 13	 1	 0.000001	 -1	 0.000000	 6.570005
158	 13	 13	 1	 0.000002	 -1	 0.000000	 6.829081
159	 13	 13	 1	 0.000001	 -1	 0.000000	 10.494092
161	 13	 13	 1	 0.000003	 -1	 0.000000	 7.103252
162	 13	 13	 1	 0.000002	 -1	 0.000000	 6.425846
163	 13	 13	 1	 0.000001	 -1	 0.000000	 6.512971
164	 13	 13	 1	 0.000001	 -1	 0.000000	 8.617543
165	 13	 13	 1	 0.000001	 -1	 0.000000	 6.901320
166	 13	 13	 1	 0.000002	 -1	 0.000000	 10.439091
168	 13	 13	 1	 0.000001	 -1	 0.000000	 6.866711
169	 13	 13	 1	 0.000001	 -1	 0.000000	 6.425040
170	 13	 13	 1	 0.000003	 -1	 0.000000	 8.847738
172	 13	 13	 1	 0.000001	 -1	 0.000000	 8.387839
173	 13	 13	 1	 0.000003	 -1	 0.000000	 6.661878
174	 13	 13	 1	 0.000001	 -1	 0.000000	 7.734949
175	 13	 13	 1	 0.000001	 -1	 0.000000	 6.895942
176	 13	 13	 1	 0.000003	 -1	 0.000000	 8.066081
178	 13	 13	 1	 0.000002	 -1	 0.000000	 7.672886
179	 13	 13	 1	 0.000001	 -1	 0.000000	 6.696358
180	 13	 13	 1	 0.000000	 -1	 0.000000	 7.852582
181	 13	 13	 1	 0.000002	 -1	 0.000000	 7.387331
182	 13	 13	 1	 0.000001	 -1	 0.000000	 7.389310
184	 13	 13	 1	 0.000001	 -1	 0.000000	 7.576504
185	 13	 13	 1	 0.000001	 -1	 0.000000	 8.729473
186	 13	 13	 1	 0.000002	 -1	 0.000000	 10.069921
187	 13	 13	 1	 0.000003	 -1	 0.000000	 7.483849
188	 13	 13	 1	 0.011387	 -1	 0.000000	 6.282980
189	 13	 13	 1	 0.000001	 -1	 0.000000	 7.646215
190	 13	 13	 1	 0.000001	 -1	 0.000000	 6.236833
191	 13	 13	 1	 19.514120	 -1	 0.000000	 10.482888
192	 13	 13	 1	 0.000001	 -1	 0.000000	 7.369704
193	 13	 13	 1	 0.000004	 -1	 0.000000	 7.116315
194	 13	 13	 1	 0.000002	 -1	 0.000000	 11.141707
195	 13	 13	 1	 0.000002	 -1	 0.000000	 7.762103
196	 13	 13	 1	 0.000003	 -1	 0.000000	 7.722729
197	 13	 13	 1	 0.000001	 -1	 0.000000	 10.147210
198	 13	 13	 1	 0.000001	 -1	 0.000000	 7.490326
199	 13	 13	 1	 0.000002	 -1	 0.000000	 6.877011
200	 13	 13	 1	 0.000001	 -1	 0.000000	 7.182538
201	 13	 13	 1	 0.000002	 -1	 0.000000	 7.007371
202	 13	 13	 1	 0.000002	 -1	 0.000000	 7.015223
203	 13	 13	 1	 0.000001	 -1	 0.000000	 7.017410
204	 13	 13	 1	 0.000002	 -1	 0.000000	 7.820777
205	 13	 13	 1	 0.000002	 -1	 0.000000	 9.719313
206	 13	 13	 1	 0.000001	 -1	 0.000000	 8.732822
207	 13	 13	 1	 0.000001	 -1	 0.000000	 8.040183
208	 13	 13	 1	 0.005000	 -1	 0.000000	 10.867138
210	 13	 13	 1	 0.000001	 -1	 0.000000	 8.222285
211	 13	 13	 1	 0.000002	 -1	 0.000000	 6.524794
212	 13	 13	 1	 0.000002	 -1	 0.000000	 7.005913
213	 13	 13	 1	 0.000001	 -1	 0.000000	 8.426226
214	 13	 13	 1	 0.000001	 -1	 0.000000	 7.690339
215	 13	 13	 1	 0.000001	 -1	 0.000000	 9.200914
216	 13	 13	 1	 0.000003	 -1	 0.000000	 7.745786
217	 13	 13	 1	 0.000002	 -1	 0.000000	 6.177432
218	 13	 13	 1	 0.000001	 -1	 0.000000	 7.907320
219	 13	 13	 1	 0.000001	 -1	 0.000000	 6.821118
220	 13	 13	 1	 0.000002	 -1	 0.000000	 8.158000
223	 13	 13	 1	 0.000001	 -1	 0.000000	 8.222042
224	 13	 13	 1	 0.000001	 -1	 0.000000	 7.883092
225	 13	 13	 1	 0.000001	 -1	 0.000000	 6.964732
226	 13	 13	 1	 0.000001	 -1	 0.000000	 8.115524
227	 13	 13	 1	 0.000001	 -1	 0.000000	 6.513340
228	 13	 13	 1	 0.000001	 -1	 0.000000	 7.424128
229	 13	 13	 1	 0.000001	 -1	 0.000000	 6.463817
230	 13	 13	 1	 0.000001	 -1	 0.000000	 8.333760
231	 13	 13	 1	 0.000001	 -1	 0.000000	 8.402252
232	 13	 13	 1	 0.000001	 -1	 0.000000	 7.082350
233	 13	 13	 1	 0.000000	 -1	 0.000000	 8.687536
234	 13	 13	 1	 0.000002	 -1	 0.000000	 7.832942
235	 13	 13	 1	 0.000993	 -1	 0.000000	 6.885719
236	 13	 13	 1	 0.000001	 -1	 0.000000	 8.228319
237	 13	 13	 1	 0.000001	 -1	 0.000000	 6.965951
238	 13	 13	 1	 0.000001	 -1	 0.000000	 7.415701
240	 13	 13	 1	 0.000002	 -1	 0.000000	 6.965157
241	 13	 13	 1	 0.000001	 -1	 0.000000	 7.270530
242	 13	 13	 1	 0.000003	 -1	 0.000000	 7.668544
243	 13	 13	 1	 0.000001	 -1	 0.000000	 7.446414
244	 13	 13	 1	 0.000001	 -1	 0.000000	 7.628197
245	 13	 13	 1	 0.000001	 -1	 0.000000	 7.241710
246	 13	 13	 1	 0.000003	 -1	 0.000000	 6.703364
247	 13	 13	 1	 0.000001	 -1	 0.000000	 7.999122
248	 13	 13	 1	 0.000001	 -1	 0.000000	 8.189075
249	 13	 13	 1	 0.000001	 -1	 0.000000	 7.883244
250	 13	 13	 1	 0.000001	 -1	 0.000000	 9.052708
252	 13	 13	 1	 0.000002	 -1	 0.000000	 8.103417
253	 13	 13	 1	 0.000002	 -1	 0.000000	 6.470908
254	 13	 13	 1	 0.000002	 -1	 0.000000	 7.138335
255	 13	 13	 1	 0.000001	 -1	 0.000000	 7.992661
256	 13	 13	 1	 0.000002	 -1	 0.000000	 8.043296
257	 13	 13	 1	 0.000003	 -1	 0.000000	 7.430996
258	 13	 13	 1	 0.000002	 -1	 0.000000	 7.055733
259	 13	 13	 1	 0.000001	 -1	 0.000000	 7.321125
260	 13	 13	 1	 10.892264	 -1	 0.000000	 9.323265
261	 13	 13	 1	 0.000001	 -1	 0.000000	 6.346832
262	 13	 13	 1	 0.000001	 -1	 0.000000	 7.425605
263	 13	 13	 1	 0.000000	 -1	 0.000000	 7.802438
264	 13	 13	 1	 0.000002	 -1	 0.000000	 6.928720
265	 13	 13	 1	 0.000002	 -1	 0.000000	 7.778677
266	 13	 13	 1	 0.000003	 -1	 0.000000	 6.775232
267	 13	 13	 1	 0.000001	 -1	 0.000000	 7.420421
268	 13	 13	 1	 0.000002	 -1	 0.000000	 7.299425
270	 13	 13	 1	 0.000002	 -1	 0.000000	 7.291682
271	 13	 13	 1	 0.000001	 -1	 0.000000	 7.286819
272	 13	 13	 1	 0.000002	 -1	 0.000000	 7.032314
273	 13	 13	 1	 0.000001	 -1	 0.000000	 8.613838
274	 13	 13	 1	 0.000001	 -1	 0.000000	 8.042665
275	 13	 13	 1	 0.000001	 -1	 0.000000	 8.523925
278	 13	 13	 1	 0.000001	 -1	 0.000000	 7.029444
279	 13	 13	 1	 0.000002	 -1	 0.000000	 8.968019
280	 13	 13	 1	 0.000001	 -1	 0.000000	 7.866505
281	 13	 13	 1	 0.000001	 -1	 0.000000	 7.383729
282	 13	 13	 1	 0.000002	 -1	 0.000000	 8.198000
284	 13	 13	 1	 0.000000	 -1	 0.000000	 7.615749
285	 13	 13	 1	 0.000001	 -1	 0.000000	 6.867620
287	 13	 13	 1	 0.000002	 -1	 0.000000	 7.554513
288	 13	 13	 1	 0.000002	 -1	 0.000000	 7.885785
289	 13	 13	 1	 0.000000	 -1	 0.000000	 6.969254
290	 13	 13	 1	 0.000001	 -1	 0.000000	 9.965921
291	 13	 13	 1	 0.000001	 -1	 0.000000	 7.397774
292	 13	 13	 1	 0.000002	 -1	 0.000000	 6.957593
293	 13	 13	 1	 0.000002	 -1	 0.000000	 7.366670
294	 13	 13	 1	 0.000002	 -1	 0.000000	 8.116608
295	 13	 13	 1	 0.000001	 -1	 0.000000	 8.998435
296	 13	 13	 1	 0.000002	 -1	 0.000000	 7.896750
297	 13	 13	 1	 0.000003	 -1	 0.000000	 8.527855
299	 13	 13	 1	 0.000002	 -1	 0.000000	 8.494812
301	 13	 13	 1	 0.000001	 -1	 0.000000	 7.415164
302	 13	 13	 1	 0.000001	 -1	 0.000000	 7.796264
303	 13	 13	 1	 0.000002	 -1	 0.000000	 6.746920
304	 13	 13	 1	 0.000001	 -1	 0.000000	 7.733840
306	 13	 13	 1	 0.000001	 -1	 0.000000	 7.055623
307	 13	 13	 0	 274.123439	 -1	 0.000000	 7.719963
308	 13	 13	 1	 75.577617	 -1	 0.000000	 6.685943
309	 13	 13	 1	 0.000001	 -1	 0.000000	 7.703248
310	 13	 13	 1	 0.000002	 -1	 0.000000	 6.894939
311	 13	 13	 1	 0.000002	 -1	 0.000000	 6.879632
312	 13	 13	 1	 0.000001	 -1	 0.000000	 7.539156
314	 13	 13	 1	 0.000002	 -1	 0.000000	 8.251429
315	 13	 13	 1	 0.000002	 -1	 0.000000	 7.467706
316	 13	 13	 1	 0.000001	 -1	 0.000000	 9.580654
317	 13	 13	 1	 0.000001	 -1	 0.000000	 7.870963
318	 13	 13	 1	 0.000002	 -1	 0.000000	 7.243491
319	 13	 13	 1	 0.000002	 -1	 0.000000	 8.907985
320	 13	 13	 0	 161.128214	 -1	 0.000000	 7.752034
322	 13	 13	 1	 0.000001	 -1	 0.000000	 7.655776
323	 13	 13	 0	 165.626066	 -1	 0.000000	 8.410627
324	 13	 13	 1	 0.000001	 -1	 0.000000	 7.490870
326	 13	 13	 1	 0.000001	 -1	 0.000000	 7.900578
327	 13	 13	 1	 0.000001	 -1	 0.000000	 8.390310
328	 13	 13	 1	 0.000002	 -1	 0.000000	 9.016257
329	 13	 13	 0	 250.465266	 -1	 0.000000	 7.513983
330	 13	 13	 1	 0.000002	 -1	 0.000000	 6.854296
331	 13	 13	 1	 0.000002	 -1	 0.000000	 7.643586
332	 13	 13	 1	 0.000002	 -1	 0.000000	 7.459889
333	 13	 13	 1	 61.972453	 -1	 0.000000	 8.381716
334	 13	 13	 1	 0.000001	 -1	 0.000000	 6.304381
335	 13	 13	 1	 0.000003	 -1	 0.000000	 7.396579
336	 13	 13	 1	 0.000001	 -1	 0.000000	 6.863826
337	 13	 13	 1	 0.000001	 -1	 0.000000	 7.400400
338	 13	 13	 1	 0.000001	 -1	 0.000000	 7.628666
339	 13	 13	 1	 0.000002	 -1	 0.000000	 6.876570
343	 13	 13	 1	 0.000004	 -1	 0.000000	 9.066169
344	 13	 13	 1	 0.000001	 -1	 0.000000	 6.396234
347	 13	 13	 0	 225.594550	 -1	 0.000000	 8.045598
348	 13	 13	 0	 305.911653	 -1	 0.000000	 7.071556
352	 13	 13	 1	 0.000002	 -1	 0.000000	 6.904958
353	 13	 13	 1	 0.000003	 -1	 0.000000	 7.104679
355	 13	 13	 1	 0.000001	 -1	 0.000000	 6.812134
356	 13	 13	 1	 0.000001	 -1	 0.000000	 7.463192
357	 13	 13	 1	 0.000001	 -1	 0.000000	 8.518957
358	 13	 13	 1	 0.000002	 -1	 0.000000	 7.036310
362	 13	 13	 0	 261.133144	 -1	 0.000000	 7.433692
363	 13	 13	 1	 0.000005	 -1	 0.000000	 7.454593
403	 13	 13	 1	 0.000003	 -1	 0.000000	 9.400611
405	 13	 13	 1	 0.000002	 -1	 0.000000	 8.292164
406	 13	 13	 1	 0.000002	 -1	 0.000000	 9.259867
407	 13	 13	 1	 0.000002	 -1	 0.000000	 6.415696
408	 13	 13	 1	 0.000002	 -1	 0.000000	 9.746166
409	 13	 13	 1	 0.000001	 -1	 0.000000	 7.241594
410	 13	 13	 1	 0.000001	 -1	 0.000000	 6.656524
411	 13	 13	 1	 0.000001	 -1	 0.000000	 8.195172
412	 13	 13	 1	 0.000002	 -1	 0.000000	 7.790755
413	 13	 13	 1	 0.000002	 -1	 0.000000	 8.201439
414	 13	 13	 1	 0.000001	 -1	 0.000000	 11.299385
415	 13	 13	 1	 0.000001	 -1	 0.000000	 9.109354
416	 13	 13	 1	 0.000002	 -1	 0.000000	 7.066694
417	 13	 13	 1	 0.000001	 -1	 0.000000	 7.234324
418	 13	 13	 1	 0.903770	 -1	 0.000000	 8.657472
419	 13	 13	 1	 0.000002	 -1	 0.000000	 6.754191
420	 13	 13	 1	 0.000001	 -1	 0.000000	 6.488994
421	 13	 13	 1	 0.000001	 -1	 0.000000	 7.593705
422	 13	 13	 1	 0.000002	 -1	 0.000000	 8.463110
432	 13	 13	 1	 0.000004	 -1	 0.000000	 7.134766
433	 13	 13	 1	 0.000002	 -1	 0.000000	 8.700417
434	 13	 13	 1	 0.000001	 -1	 0.000000	 7.715108
435	 13	 13	 1	 0.000001	 -1	 0.000000	 7.647722
436	 13	 13	 1	 0.000001	 -1	 0.000000	 6.644921
438	 13	 13	 1	 0.000002	 -1	 0.000000	 7.484360
439	 13	 13	 1	 0.000002	 -1	 0.000000	 7.318621
401	 13	 13	 1	 53.086580	 -1	 0.000000	 9.368049
440	 13	 13	 1	 0.000002	 -1	 0.000000	 7.240534
441	 13	 13	 1	 0.000003	 -1	 0.000000	 8.451902
442	 13	 13	 1	 0.000003	 -1	 0.000000	 7.565984
443	 13	 13	 1	 0.000001	 -1	 0.000000	 7.938426
444	 13	 13	 1	 0.000001	 -1	 0.000000	 6.885400
445	 13	 13	 1	 0.000001	 -1	 0.000000	 8.288338
446	 13	 13	 1	 0.000002	 -1	 0.000000	 6.884492
447	 13	 13	 1	 0.000001	 -1	 0.000000	 6.668639
448	 13	 13	 1	 0.000002	 -1	 0.000000	 7.726751
449	 13	 13	 1	 0.000001	 -1	 0.000000	 8.487135
450	 13	 13	 1	 0.000001	 -1	 0.000000	 7.681131
451	 13	 13	 1	 0.000000	 -1	 0.000000	 7.592152
452	 13	 13	 1	 0.000003	 -1	 0.000000	 7.436678
453	 13	 13	 1	 0.000005	 -1	 0.000000	 8.472898
454	 13	 13	 1	 0.000003	 -1	 0.000000	 7.803200
455	 13	 13	 1	 0.000004	 -1	 0.000000	 7.064361
456	 13	 13	 1	 0.000004	 -1	 0.000000	 7.168839
457	 13	 13	 1	 0.000002	 -1	 0.000000	 9.684958
458	 13	 13	 1	 0.000001	 -1	 0.000000	 6.741896
459	 13	 13	 1	 0.000001	 -1	 0.000000	 8.171972
460	 13	 13	 1	 0.000001	 -1	 0.000000	 7.748289
464	 13	 13	 0	 315.294053	 -1	 0.000000	 7.200075
466	 13	 13	 1	 0.000001	 -1	 0.000000	 7.928987
467	 13	 13	 1	 0.000001	 -1	 0.000000	 11.365009
468	 13	 13	 1	 0.000002	 -1	 0.000000	 7.044559
469	 13	 13	 1	 0.000001	 -1	 0.000000	 8.422679
470	 13	 13	 1	 0.000002	 -1	 0.000000	 9.753669
471	 13	 13	 1	 0.000001	 -1	 0.000000	 8.033636
478	 13	 13	 1	 0.000001	 -1	 0.000000	 7.186529
479	 13	 13	 1	 0.000002	 -1	 0.000000	 7.349459
480	 13	 13	 1	 0.000003	 -1	 0.000000	 7.175334
481	 13	 13	 1	 0.000001	 -1	 0.000000	 8.420450
482	 13	 13	 1	 0.000002	 -1	 0.000000	 6.916459
483	 13	 13	 1	 0.000001	 -1	 0.000000	 6.869205
484	 13	 13	 1	 0.000001	 -1	 0.000000	 6.496822
485	 13	 13	 1	 0.000002	 -1	 0.000000	 8.796395
486	 13	 13	 1	 0.000002	 -1	 0.000000	 5.879896
487	 13	 13	 1	 0.000001	 -1	 0.000000	 11.836580
488	 13	 13	 1	 0.000000	 -1	 0.000000	 7.719198
489	 13	 13	 1	 0.000004	 -1	 0.000000	 6.810991
490	 13	 13	 1	 0.000002	 -1	 0.000000	 7.377596
491	 13	 13	 1	 0.000001	 -1	 0.000000	 8.035925
492	 13	 13	 1	 0.000001	 -1	 0.000000	 8.091649
493	 13	 13	 1	 0.000001	 -1	 0.000000	 9.304313
494	 13	 13	 1	 0.000001	 -1	 0.000000	 8.625701
496	 13	 13	 1	 0.000002	 -1	 0.000000	 7.979271
497	 13	 13	 1	 0.000001	 -1	 0.000000	 6.679979
463	 13	 13	 0	 448.217227	 -1	 0.000000	 7.527325
>>> gr_fir_ccf: using E
>>> gr_fir_fff: using E
gr_buffer::allocate_buffer: warning: tried to allocate
   47 items of size 1392. Due to alignment requirements
   256 were allocated.  If this isn't OK, consider padding
   your structure to a power-of-two bytes.
   On this platform, our allocation granularity is 4096 bytes.
0	 15	 15	 1	 0.000010	 -1	 0.000000	 8.970604
1	 15	 15	 1	 0.000009	 -1	 0.000000	 8.921598
2	 15	 15	 1	 0.000006	 -1	 0.000000	 6.339778
3	 15	 15	 1	 0.000012	 -1	 0.000000	 7.066470
4	 15	 15	 1	 0.000020	 -1	 0.000000	 8.205469
5	 15	 15	 1	 0.000010	 -1	 0.000000	 7.936718
6	 15	 15	 1	 0.000015	 -1	 0.000000	 8.502568
7	 15	 15	 1	 0.000012	 -1	 0.000000	 7.717441
8	 15	 15	 1	 0.000010	 -1	 0.000000	 7.543198
9	 15	 15	 1	 0.000017	 -1	 0.000000	 6.645307
10	 15	 15	 1	 0.000014	 -1	 0.000000	 7.170844
11	 15	 15	 1	 0.000013	 -1	 0.000000	 7.873029
13	 15	 15	 1	 0.000006	 -1	 0.000000	 6.142644
14	 15	 15	 1	 0.000012	 -1	 0.000000	 7.392350
15	 15	 15	 1	 0.000014	 -1	 0.000000	 6.721869
16	 15	 15	 1	 0.000015	 -1	 0.000000	 6.647773
17	 15	 15	 1	 0.000017	 -1	 0.000000	 6.795750
18	 15	 15	 1	 0.000017	 -1	 0.000000	 7.160903
19	 15	 15	 1	 0.000013	 -1	 0.000000	 7.359503
20	 15	 15	 1	 0.000011	 -1	 0.000000	 7.559583
21	 15	 15	 1	 0.000012	 -1	 0.000000	 6.985818
22	 15	 15	 1	 0.000012	 -1	 0.000000	 8.865170
23	 15	 15	 1	 0.000012	 -1	 0.000000	 6.691283
5	 11	 11	 0	 448.699329	 -1	 0.000000	 8.150334
24	 15	 15	 1	 0.000017	 -1	 0.000000	 7.728264
25	 15	 15	 1	 0.000010	 -1	 0.000000	 7.621329
27	 15	 15	 1	 48.421464	 -1	 0.000000	 8.186635
28	 15	 15	 1	 0.000011	 -1	 0.000000	 7.673381
29	 15	 15	 1	 0.000015	 -1	 0.000000	 7.340187
30	 15	 15	 1	 0.000008	 -1	 0.000000	 9.691770
31	 15	 15	 1	 0.000011	 -1	 0.000000	 8.235788
32	 15	 15	 1	 0.000009	 -1	 0.000000	 9.561333
33	 15	 15	 1	 0.000013	 -1	 0.000000	 7.466941
34	 15	 15	 1	 0.000013	 -1	 0.000000	 6.904056
35	 15	 15	 1	 0.000012	 -1	 0.000000	 7.920030
36	 15	 15	 1	 0.000017	 -1	 0.000000	 7.061026
37	 15	 15	 1	 0.000013	 -1	 0.000000	 6.249952
38	 15	 15	 1	 0.000010	 -1	 0.000000	 9.042512
39	 15	 15	 1	 0.000011	 -1	 0.000000	 7.590443
40	 15	 15	 1	 0.000014	 -1	 0.000000	 7.138322
41	 15	 15	 1	 0.000013	 -1	 0.000000	 7.616613
42	 15	 15	 1	 0.000012	 -1	 0.000000	 6.916938
43	 15	 15	 1	 0.000012	 -1	 0.000000	 7.880671
44	 15	 15	 1	 0.000011	 -1	 0.000000	 7.703693
45	 15	 15	 1	 0.000013	 -1	 0.000000	 7.041717
46	 15	 15	 1	 0.000016	 -1	 0.000000	 6.925394
47	 15	 15	 1	 0.000019	 -1	 0.000000	 7.876571
48	 15	 15	 1	 0.000014	 -1	 0.000000	 8.651579
49	 15	 15	 1	 0.000011	 -1	 0.000000	 17.743509
50	 15	 15	 1	 0.000019	 -1	 0.000000	 6.762679
51	 15	 15	 1	 0.000015	 -1	 0.000000	 7.679965
52	 15	 15	 1	 0.000015	 -1	 0.000000	 7.482553
53	 15	 15	 1	 0.000012	 -1	 0.000000	 9.030875
54	 15	 15	 1	 0.000014	 -1	 0.000000	 7.173630
55	 15	 15	 1	 0.000012	 -1	 0.000000	 9.671211
56	 15	 15	 1	 0.000010	 -1	 0.000000	 8.681200
57	 15	 15	 1	 0.000015	 -1	 0.000000	 8.693936
58	 15	 15	 1	 0.000013	 -1	 0.000000	 9.992490
60	 15	 15	 1	 0.000013	 -1	 0.000000	 6.695391
61	 15	 15	 1	 0.000011	 -1	 0.000000	 9.046951
62	 15	 15	 1	 0.000021	 -1	 0.000000	 8.351476
63	 15	 15	 1	 0.000012	 -1	 0.000000	 6.832242
64	 15	 15	 1	 0.000015	 -1	 0.000000	 7.892120
65	 15	 15	 1	 0.000012	 -1	 0.000000	 8.440704
66	 15	 15	 1	 0.000011	 -1	 0.000000	 7.475435
67	 15	 15	 1	 0.000013	 -1	 0.000000	 6.499641
68	 15	 15	 1	 0.000015	 -1	 0.000000	 6.189585
69	 15	 15	 1	 0.000014	 -1	 0.000000	 6.513944
70	 15	 15	 1	 0.000015	 -1	 0.000000	 8.150859
71	 15	 15	 1	 0.000014	 -1	 0.000000	 7.086306
72	 15	 15	 1	 0.000016	 -1	 0.000000	 7.665834
73	 15	 15	 1	 0.000011	 -1	 0.000000	 6.843478
74	 15	 15	 1	 0.000013	 -1	 0.000000	 7.866047
75	 15	 15	 1	 0.000013	 -1	 0.000000	 8.647005
76	 15	 15	 1	 0.000013	 -1	 0.000000	 7.002930
77	 15	 15	 1	 0.000017	 -1	 0.000000	 6.794289
78	 15	 15	 1	 0.000011	 -1	 0.000000	 7.099630
79	 15	 15	 1	 0.000010	 -1	 0.000000	 8.752162
81	 15	 15	 1	 0.000014	 -1	 0.000000	 6.951434
82	 15	 15	 1	 0.000012	 -1	 0.000000	 6.987550
83	 15	 15	 1	 0.000013	 -1	 0.000000	 7.249784
84	 15	 15	 1	 0.000011	 -1	 0.000000	 8.485085
85	 15	 15	 1	 0.000009	 -1	 0.000000	 7.030106
86	 15	 15	 0	 195.927290	 -1	 0.000000	 11.191269
87	 15	 15	 1	 0.000011	 -1	 0.000000	 7.842037
88	 15	 15	 1	 0.000012	 -1	 0.000000	 7.691081
89	 15	 15	 1	 0.000019	 -1	 0.000000	 6.262492
90	 15	 15	 1	 0.000019	 -1	 0.000000	 6.468076
92	 15	 15	 1	 0.000011	 -1	 0.000000	 7.088349
93	 15	 15	 1	 0.000010	 -1	 0.000000	 8.386518
94	 15	 15	 1	 0.000015	 -1	 0.000000	 6.605789
95	 15	 15	 1	 0.000011	 -1	 0.000000	 7.749847
96	 15	 15	 1	 0.000017	 -1	 0.000000	 7.998469
97	 15	 15	 1	 0.000016	 -1	 0.000000	 6.138752
98	 15	 15	 1	 0.000015	 -1	 0.000000	 7.160668
>>> gr_fir_ccf: using E
>>> gr_fir_fff: using E
gr_buffer::allocate_buffer: warning: tried to allocate
   47 items of size 1392. Due to alignment requirements
   256 were allocated.  If this isn't OK, consider padding
   your structure to a power-of-two bytes.
   On this platform, our allocation granularity is 4096 bytes.
121	 15	 15	 1	 0.000013	 -1	 0.000000	 7.148980
122	 15	 15	 1	 0.000017	 -1	 0.000000	 6.363908
123	 15	 15	 1	 0.000017	 -1	 0.000000	 6.932242
124	 15	 15	 1	 0.000005	 -1	 0.000000	 6.133119
125	 15	 15	 1	 0.000016	 -1	 0.000000	 8.365814
126	 15	 15	 1	 0.000014	 -1	 0.000000	 6.626791
127	 15	 15	 1	 0.000012	 -1	 0.000000	 8.165635
128	 15	 15	 1	 0.000015	 -1	 0.000000	 6.596490
129	 15	 15	 1	 0.000010	 -1	 0.000000	 9.706364
130	 15	 15	 1	 0.000010	 -1	 0.000000	 11.874539
131	 15	 15	 1	 0.000011	 -1	 0.000000	 6.939342
132	 15	 15	 1	 0.000012	 -1	 0.000000	 7.477691
133	 15	 15	 1	 0.000016	 -1	 0.000000	 7.064371
134	 15	 15	 1	 0.000012	 -1	 0.000000	 7.259454
135	 15	 15	 1	 0.000014	 -1	 0.000000	 7.047571
136	 15	 15	 1	 0.000011	 -1	 0.000000	 7.562521
137	 15	 15	 1	 0.000010	 -1	 0.000000	 9.259753
138	 15	 15	 1	 0.000012	 -1	 0.000000	 7.732563
139	 15	 15	 1	 0.000014	 -1	 0.000000	 7.415646
140	 15	 15	 1	 0.000012	 -1	 0.000000	 8.302556
141	 15	 15	 1	 0.000012	 -1	 0.000000	 8.221581
142	 15	 15	 1	 0.000017	 -1	 0.000000	 7.590620
143	 15	 15	 1	 0.000013	 -1	 0.000000	 6.402951
144	 15	 15	 1	 0.000014	 -1	 0.000000	 7.733484
145	 15	 15	 1	 0.000014	 -1	 0.000000	 6.340791
146	 15	 15	 1	 0.000016	 -1	 0.000000	 6.652579
147	 15	 15	 1	 0.000019	 -1	 0.000000	 6.289319
148	 15	 15	 1	 0.000018	 -1	 0.000000	 7.298250
149	 15	 15	 1	 0.000012	 -1	 0.000000	 8.286969
150	 15	 15	 1	 0.000010	 -1	 0.000000	 9.286237
151	 15	 15	 1	 0.000010	 -1	 0.000000	 7.536188
152	 15	 15	 1	 0.000013	 -1	 0.000000	 7.189175
154	 15	 15	 1	 0.000012	 -1	 0.000000	 8.375710
155	 15	 15	 1	 0.000013	 -1	 0.000000	 6.972404
156	 15	 15	 1	 0.000017	 -1	 0.000000	 9.362475
157	 15	 15	 1	 0.000022	 -1	 0.000000	 7.640497
158	 15	 15	 1	 0.000015	 -1	 0.000000	 7.961422
159	 15	 15	 1	 0.000018	 -1	 0.000000	 7.283912
160	 15	 15	 1	 0.000012	 -1	 0.000000	 6.452317
161	 15	 15	 1	 0.000014	 -1	 0.000000	 8.603236
162	 15	 15	 1	 0.000011	 -1	 0.000000	 8.356254
163	 15	 15	 1	 0.000011	 -1	 0.000000	 9.638296
164	 15	 15	 1	 0.000016	 -1	 0.000000	 7.404468
165	 15	 15	 1	 0.000016	 -1	 0.000000	 6.133883
166	 15	 15	 1	 0.000013	 -1	 0.000000	 7.640968
167	 15	 15	 1	 0.000013	 -1	 0.000000	 7.790252
168	 15	 15	 1	 0.000013	 -1	 0.000000	 10.503132
169	 15	 15	 1	 0.000013	 -1	 0.000000	 7.499323
170	 15	 15	 1	 0.000012	 -1	 0.000000	 6.919767
171	 15	 15	 1	 0.000014	 -1	 0.000000	 7.249329
172	 15	 15	 1	 0.000016	 -1	 0.000000	 8.117999
173	 15	 15	 1	 0.000017	 -1	 0.000000	 6.828153
174	 15	 15	 1	 0.000012	 -1	 0.000000	 8.410459
175	 15	 15	 1	 0.000012	 -1	 0.000000	 6.774870
176	 15	 15	 1	 0.000011	 -1	 0.000000	 7.375587
177	 15	 15	 1	 0.000013	 -1	 0.000000	 7.872924
178	 15	 15	 1	 0.000012	 -1	 0.000000	 7.836034
179	 15	 15	 1	 0.000013	 -1	 0.000000	 7.176559
180	 15	 15	 1	 0.000010	 -1	 0.000000	 6.983808
181	 15	 15	 1	 0.000011	 -1	 0.000000	 7.263434
182	 15	 15	 1	 0.000015	 -1	 0.000000	 6.875153
183	 15	 15	 1	 0.000013	 -1	 0.000000	 9.524799
184	 15	 15	 1	 0.000010	 -1	 0.000000	 7.846018
185	 15	 15	 1	 0.000010	 -1	 0.000000	 8.893098
186	 15	 15	 1	 0.000013	 -1	 0.000000	 6.276231
187	 15	 15	 1	 0.000012	 -1	 0.000000	 7.193332
188	 15	 15	 1	 0.000012	 -1	 0.000000	 7.012647
189	 15	 15	 1	 0.000013	 -1	 0.000000	 7.886990
190	 15	 15	 1	 0.000010	 -1	 0.000000	 8.066326
191	 15	 15	 1	 0.000018	 -1	 0.000000	 6.046718
192	 15	 15	 1	 0.000012	 -1	 0.000000	 8.845543
193	 15	 15	 1	 0.000018	 -1	 0.000000	 7.733488
194	 15	 15	 1	 0.000013	 -1	 0.000000	 7.058354
195	 15	 15	 1	 0.000010	 -1	 0.000000	 8.734694
196	 15	 15	 1	 0.000011	 -1	 0.000000	 8.594666
197	 15	 15	 1	 0.000011	 -1	 0.000000	 7.446788
198	 15	 15	 1	 0.000013	 -1	 0.000000	 7.569496
199	 15	 15	 1	 0.000010	 -1	 0.000000	 8.782734
200	 15	 15	 1	 0.000011	 -1	 0.000000	 10.978650
201	 15	 15	 1	 0.000018	 -1	 0.000000	 7.722707
202	 15	 15	 1	 0.000016	 -1	 0.000000	 7.327110
203	 15	 15	 1	 0.000013	 -1	 0.000000	 7.150434
204	 15	 15	 1	 0.000010	 -1	 0.000000	 19.918034
205	 15	 15	 1	 0.000011	 -1	 0.000000	 8.251577
206	 15	 15	 1	 0.000018	 -1	 0.000000	 6.495010
207	 15	 15	 1	 0.000013	 -1	 0.000000	 8.319584
208	 15	 15	 1	 0.000011	 -1	 0.000000	 11.726117
209	 15	 15	 1	 0.000015	 -1	 0.000000	 7.130003
210	 15	 15	 1	 0.000015	 -1	 0.000000	 7.201667
211	 15	 15	 1	 0.000013	 -1	 0.000000	 8.236376
212	 15	 15	 1	 0.000015	 -1	 0.000000	 7.333309
213	 15	 15	 1	 0.000014	 -1	 0.000000	 7.060237
214	 15	 15	 1	 0.000013	 -1	 0.000000	 9.200020
215	 15	 15	 1	 0.000015	 -1	 0.000000	 8.653355
216	 15	 15	 1	 0.000012	 -1	 0.000000	 8.332664
217	 15	 15	 1	 0.000013	 -1	 0.000000	 7.868289
218	 15	 15	 1	 0.000015	 -1	 0.000000	 7.153531
219	 15	 15	 1	 0.000013	 -1	 0.000000	 7.262305
220	 15	 15	 1	 0.000020	 -1	 0.000000	 6.350924
221	 15	 15	 1	 0.000013	 -1	 0.000000	 7.877985
222	 15	 15	 1	 0.000013	 -1	 0.000000	 7.259272
223	 15	 15	 1	 0.000014	 -1	 0.000000	 7.323267
224	 15	 15	 1	 0.000017	 -1	 0.000000	 7.020398
225	 15	 15	 1	 0.000007	 -1	 0.000000	 5.976794
226	 15	 15	 1	 0.000004	 -1	 0.000000	 7.404696
227	 15	 15	 1	 0.000017	 -1	 0.000000	 7.564116
228	 15	 15	 1	 0.000016	 -1	 0.000000	 7.110083
229	 15	 15	 1	 0.000011	 -1	 0.000000	 7.126299
230	 15	 15	 1	 0.000017	 -1	 0.000000	 5.998870
231	 15	 15	 1	 0.000010	 -1	 0.000000	 7.143193
232	 15	 15	 1	 0.000005	 -1	 0.000000	 6.597789
233	 15	 15	 1	 0.000013	 -1	 0.000000	 6.977927
234	 15	 15	 1	 0.000015	 -1	 0.000000	 6.793932
235	 15	 15	 1	 0.000012	 -1	 0.000000	 7.872791
236	 15	 15	 1	 0.000018	 -1	 0.000000	 6.745244
237	 15	 15	 1	 0.000014	 -1	 0.000000	 7.846363
238	 15	 15	 1	 0.000015	 -1	 0.000000	 7.719243
239	 15	 15	 1	 0.000008	 -1	 0.000000	 8.892281
241	 15	 15	 1	 0.000015	 -1	 0.000000	 8.247474
242	 15	 15	 1	 0.000013	 -1	 0.000000	 8.027912
243	 15	 15	 1	 0.000013	 -1	 0.000000	 8.326151
244	 15	 15	 1	 0.000011	 -1	 0.000000	 7.108838
245	 15	 15	 1	 0.000013	 -1	 0.000000	 9.029900
246	 15	 15	 1	 0.000011	 -1	 0.000000	 8.322415
247	 15	 15	 1	 0.000015	 -1	 0.000000	 7.453205
248	 15	 15	 1	 0.000014	 -1	 0.000000	 7.477440
249	 15	 15	 1	 0.000013	 -1	 0.000000	 6.876997
250	 15	 15	 1	 0.000016	 -1	 0.000000	 7.268186
251	 15	 15	 1	 0.000011	 -1	 0.000000	 6.970943
252	 15	 15	 1	 0.000016	 -1	 0.000000	 6.615800
253	 15	 15	 1	 0.000011	 -1	 0.000000	 10.500744
254	 15	 15	 1	 0.000017	 -1	 0.000000	 6.672784
255	 15	 15	 1	 0.000012	 -1	 0.000000	 6.738282
256	 15	 15	 1	 0.000017	 -1	 0.000000	 6.912857
257	 15	 15	 1	 0.000016	 -1	 0.000000	 6.516875
258	 15	 15	 1	 0.000013	 -1	 0.000000	 7.434365
259	 15	 15	 1	 0.000012	 -1	 0.000000	 8.829727
260	 15	 15	 1	 0.000009	 -1	 0.000000	 6.972094
261	 15	 15	 1	 0.000015	 -1	 0.000000	 8.934643
262	 15	 15	 1	 0.000014	 -1	 0.000000	 7.229214
263	 15	 15	 1	 0.000013	 -1	 0.000000	 6.741395
264	 15	 15	 1	 0.000012	 -1	 0.000000	 10.758543
265	 15	 15	 1	 0.000016	 -1	 0.000000	 7.225369
266	 15	 15	 1	 0.000010	 -1	 0.000000	 8.067835
267	 15	 15	 1	 0.000011	 -1	 0.000000	 6.927898
268	 15	 15	 1	 0.000012	 -1	 0.000000	 6.213530
269	 15	 15	 1	 0.000015	 -1	 0.000000	 7.309758
270	 15	 15	 1	 0.000011	 -1	 0.000000	 7.503070
271	 15	 15	 1	 0.000010	 -1	 0.000000	 8.075700
272	 15	 15	 1	 0.000013	 -1	 0.000000	 9.358789
273	 15	 15	 1	 0.000010	 -1	 0.000000	 8.150727
274	 15	 15	 1	 0.000017	 -1	 0.000000	 6.384495
275	 15	 15	 1	 0.000021	 -1	 0.000000	 6.660239
276	 15	 15	 1	 0.000016	 -1	 0.000000	 7.090425
277	 15	 15	 1	 0.000010	 -1	 0.000000	 9.159049
278	 15	 15	 1	 0.000012	 -1	 0.000000	 6.753264
279	 15	 15	 1	 0.000014	 -1	 0.000000	 7.308640
280	 15	 15	 1	 0.000013	 -1	 0.000000	 7.464135
281	 15	 15	 1	 0.000011	 -1	 0.000000	 13.416518
282	 15	 15	 1	 0.000015	 -1	 0.000000	 7.983711
283	 15	 15	 1	 0.000011	 -1	 0.000000	 6.779626
284	 15	 15	 1	 0.000012	 -1	 0.000000	 7.108374
285	 15	 15	 1	 0.000010	 -1	 0.000000	 7.953287
286	 15	 15	 1	 0.000012	 -1	 0.000000	 7.313932
287	 15	 15	 1	 0.000014	 -1	 0.000000	 8.532902
288	 15	 15	 1	 0.000012	 -1	 0.000000	 6.824048
289	 15	 15	 1	 0.000015	 -1	 0.000000	 7.133630
290	 15	 15	 1	 0.000012	 -1	 0.000000	 7.564960
292	 15	 15	 1	 0.000015	 -1	 0.000000	 9.080973
293	 15	 15	 1	 0.000005	 -1	 0.000000	 6.629298
294	 15	 15	 1	 0.000011	 -1	 0.000000	 8.056890
295	 15	 15	 1	 0.000014	 -1	 0.000000	 6.491114
296	 15	 15	 1	 0.000013	 -1	 0.000000	 7.192349
297	 15	 15	 1	 0.000004	 -1	 0.000000	 7.175633
298	 15	 15	 1	 0.000011	 -1	 0.000000	 7.976108
299	 15	 15	 1	 0.000015	 -1	 0.000000	 7.758583
300	 15	 15	 1	 0.000019	 -1	 0.000000	 7.764714
301	 15	 15	 1	 0.000015	 -1	 0.000000	 7.203246
302	 15	 15	 1	 0.000013	 -1	 0.000000	 7.699677
303	 15	 15	 1	 0.000011	 -1	 0.000000	 9.288112
304	 15	 15	 1	 0.000011	 -1	 0.000000	 8.935032
305	 15	 15	 1	 0.000012	 -1	 0.000000	 7.302232
306	 15	 15	 1	 0.000014	 -1	 0.000000	 7.342072
307	 15	 15	 1	 0.000011	 -1	 0.000000	 7.878850
308	 15	 15	 1	 0.000012	 -1	 0.000000	 8.179710
309	 15	 15	 1	 0.000012	 -1	 0.000000	 7.640406
310	 15	 15	 1	 0.000012	 -1	 0.000000	 7.747103
311	 15	 15	 1	 0.000013	 -1	 0.000000	 9.231793
312	 15	 15	 1	 0.000014	 -1	 0.000000	 6.672064
313	 15	 15	 1	 0.000018	 -1	 0.000000	 7.607414
314	 15	 15	 1	 0.000015	 -1	 0.000000	 7.871003
315	 15	 15	 1	 0.000010	 -1	 0.000000	 7.484991
316	 15	 15	 1	 0.000012	 -1	 0.000000	 7.583419
317	 15	 15	 1	 0.000014	 -1	 0.000000	 7.039176
318	 15	 15	 1	 82.640977	 -1	 0.000000	 8.087778
319	 15	 15	 1	 0.000014	 -1	 0.000000	 7.390069
360	 15	 15	 1	 0.000012	 -1	 0.000000	 8.143929
361	 15	 15	 1	 0.000018	 -1	 0.000000	 10.702691
362	 15	 15	 1	 0.000011	 -1	 0.000000	 6.968451
363	 15	 15	 1	 0.000011	 -1	 0.000000	 8.734755
364	 15	 15	 1	 0.000014	 -1	 0.000000	 7.066761
365	 15	 15	 1	 0.000014	 -1	 0.000000	 7.042267
366	 15	 15	 1	 0.000014	 -1	 0.000000	 8.007039
367	 15	 15	 1	 0.000010	 -1	 0.000000	 7.972764
368	 15	 15	 1	 0.000016	 -1	 0.000000	 9.532264
369	 15	 15	 1	 0.000014	 -1	 0.000000	 7.837670
370	 15	 15	 1	 0.000016	 -1	 0.000000	 7.554455
372	 15	 15	 1	 0.000011	 -1	 0.000000	 8.935188
379	 15	 15	 1	 0.000013	 -1	 0.000000	 8.628843
380	 15	 15	 1	 0.000012	 -1	 0.000000	 7.726857
381	 15	 15	 1	 0.000013	 -1	 0.000000	 6.840628
382	 15	 15	 1	 0.000011	 -1	 0.000000	 7.818477
383	 15	 15	 1	 0.000015	 -1	 0.000000	 6.995237
384	 15	 15	 1	 0.000017	 -1	 0.000000	 7.338295
388	 15	 15	 0	 226.233315	 -1	 0.000000	 9.399543
389	 15	 15	 1	 109.427687	 -1	 0.000000	 6.533879
390	 15	 15	 1	 0.000014	 -1	 0.000000	 8.368831
391	 15	 15	 1	 0.000011	 -1	 0.000000	 7.600866
392	 15	 15	 1	 0.000015	 -1	 0.000000	 7.050034
393	 15	 15	 1	 0.000016	 -1	 0.000000	 7.500700
394	 15	 15	 1	 0.000013	 -1	 0.000000	 7.118959
395	 15	 15	 1	 0.000015	 -1	 0.000000	 7.486255
396	 15	 15	 1	 0.000017	 -1	 0.000000	 7.241686
397	 15	 15	 1	 0.000011	 -1	 0.000000	 6.836985
398	 15	 15	 1	 0.000013	 -1	 0.000000	 8.321651
399	 15	 15	 1	 0.000014	 -1	 0.000000	 8.036124
400	 15	 15	 1	 0.000015	 -1	 0.000000	 6.836111
401	 15	 15	 1	 0.000013	 -1	 0.000000	 8.326145
402	 15	 15	 1	 0.000012	 -1	 0.000000	 7.850043
403	 15	 15	 1	 0.000014	 -1	 0.000000	 6.435693
404	 15	 15	 1	 0.000018	 -1	 0.000000	 6.539509
410	 15	 15	 1	 0.000013	 -1	 0.000000	 6.850771
411	 15	 15	 1	 0.000009	 -1	 0.000000	 8.425534
412	 15	 15	 1	 0.000014	 -1	 0.000000	 7.104531
413	 15	 15	 1	 0.000015	 -1	 0.000000	 7.559585
415	 15	 15	 1	 0.000015	 -1	 0.000000	 7.992577
416	 15	 15	 1	 0.000011	 -1	 0.000000	 8.649108
417	 15	 15	 1	 0.000014	 -1	 0.000000	 7.958545
418	 15	 15	 1	 0.000014	 -1	 0.000000	 7.866323
419	 15	 15	 1	 0.000005	 -1	 0.000000	 6.560499
420	 15	 15	 1	 0.000014	 -1	 0.000000	 7.891645
421	 15	 15	 1	 0.000012	 -1	 0.000000	 6.879876
422	 15	 15	 1	 0.000014	 -1	 0.000000	 7.440985
423	 15	 15	 1	 0.000015	 -1	 0.000000	 6.821533
424	 15	 15	 1	 0.000017	 -1	 0.000000	 6.582177
425	 15	 15	 1	 0.000017	 -1	 0.000000	 6.398130
426	 15	 15	 1	 0.000015	 -1	 0.000000	 7.127598
427	 15	 15	 1	 0.000014	 -1	 0.000000	 7.243539
428	 15	 15	 1	 0.000011	 -1	 0.000000	 7.074150
429	 15	 15	 1	 0.000015	 -1	 0.000000	 8.536979
430	 15	 15	 1	 0.000018	 -1	 0.000000	 7.630085
431	 15	 15	 1	 0.000016	 -1	 0.000000	 7.539113
432	 15	 15	 1	 0.000019	 -1	 0.000000	 7.505117
433	 15	 15	 1	 0.000014	 -1	 0.000000	 6.654952
434	 15	 15	 1	 0.000013	 -1	 0.000000	 7.086987
435	 15	 15	 1	 0.000010	 -1	 0.000000	 7.403071
436	 15	 15	 1	 0.000010	 -1	 0.000000	 7.268547
437	 15	 15	 1	 0.000016	 -1	 0.000000	 7.081459
438	 15	 15	 1	 0.000020	 -1	 0.000000	 6.180740
439	 15	 15	 1	 0.000021	 -1	 0.000000	 5.848031
408	 15	 15	 1	 0.000012	 -1	 0.000000	 11.768746
440	 15	 15	 1	 0.000021	 -1	 0.000000	 7.160953
441	 15	 15	 1	 0.000015	 -1	 0.000000	 7.812275
442	 15	 15	 1	 0.000018	 -1	 0.000000	 6.765996
443	 15	 15	 1	 0.000014	 -1	 0.000000	 7.254135
445	 15	 15	 1	 0.000013	 -1	 0.000000	 7.000093
446	 15	 15	 1	 0.000011	 -1	 0.000000	 7.409424
447	 15	 15	 1	 0.000014	 -1	 0.000000	 7.472153
448	 15	 15	 1	 0.000013	 -1	 0.000000	 10.395473
449	 15	 15	 1	 0.000016	 -1	 0.000000	 8.326214
450	 15	 15	 1	 0.000010	 -1	 0.000000	 6.873015
451	 15	 15	 1	 0.000010	 -1	 0.000000	 8.015627
458	 15	 15	 1	 0.000012	 -1	 0.000000	 7.810892
459	 15	 15	 1	 0.000013	 -1	 0.000000	 6.895367
460	 15	 15	 1	 0.000012	 -1	 0.000000	 6.343096
461	 15	 15	 1	 0.000013	 -1	 0.000000	 8.320340
0	 7	 7	 1	 0.002052	 -1	 0.000000	 7.774096
1	 7	 7	 1	 0.019871	 -1	 0.000000	 7.684975
2	 7	 7	 1	 0.018716	 -1	 0.000000	 7.703354
3	 7	 7	 0	 394.901529	 -1	 0.000000	 10.682717
4	 7	 7	 1	 0.016158	 -1	 0.000000	 8.160846
5	 7	 7	 0	 121.944429	 -1	 0.000000	 7.801770
6	 7	 7	 0	 361.182285	 -1	 0.000000	 10.665316
7	 7	 7	 0	 398.978486	 -1	 0.000000	 9.869623
8	 7	 7	 0	 414.461468	 -1	 0.000000	 7.108145
9	 7	 7	 1	 0.013605	 -1	 0.000000	 10.705906
10	 7	 7	 1	 0.015151	 -1	 0.000000	 8.109066
11	 7	 7	 0	 415.106780	 -1	 0.000000	 8.814896
12	 7	 7	 1	 0.027651	 -1	 0.000000	 7.209447
13	 7	 7	 1	 0.024263	 -1	 0.000000	 7.123075
14	 7	 7	 1	 0.015902	 -1	 0.000000	 8.210032
15	 7	 7	 1	 0.020694	 -1	 0.000000	 7.768782
16	 7	 7	 1	 0.015694	 -1	 0.000000	 6.946117
17	 7	 7	 1	 0.026458	 -1	 0.000000	 8.623457
18	 7	 7	 1	 0.022851	 -1	 0.000000	 7.916743
19	 7	 7	 0	 241.087984	 -1	 0.000000	 8.516276
20	 7	 7	 1	 0.019181	 -1	 0.000000	 7.841588
21	 7	 7	 1	 0.016742	 -1	 0.000000	 6.376145
22	 7	 7	 1	 0.018118	 -1	 0.000000	 7.017210
744	 7	 7	 0	 421.721975	 -1	 0.000000	 5.381770
23	 7	 7	 1	 0.013129	 -1	 0.000000	 7.529836
24	 7	 7	 1	 0.017449	 -1	 0.000000	 9.491006
25	 7	 7	 1	 0.015058	 -1	 0.000000	 7.623924
26	 7	 7	 1	 0.017979	 -1	 0.000000	 8.095507
27	 7	 7	 1	 0.001862	 -1	 0.000000	 7.728174
28	 7	 7	 1	 0.016366	 -1	 0.000000	 7.401251
29	 7	 7	 1	 0.018381	 -1	 0.000000	 7.500550
30	 7	 7	 1	 0.015860	 -1	 0.000000	 7.869759
31	 7	 7	 1	 0.016599	 -1	 0.000000	 8.337482
32	 7	 7	 0	 409.376435	 -1	 0.000000	 9.012615
34	 7	 7	 1	 0.032174	 -1	 0.000000	 7.193089
35	 7	 7	 1	 0.027886	 -1	 0.000000	 7.638156
36	 7	 7	 1	 0.025359	 -1	 0.000000	 6.965456
37	 7	 7	 1	 0.026998	 -1	 0.000000	 7.374557
38	 7	 7	 1	 0.023630	 -1	 0.000000	 7.033880
39	 7	 7	 1	 0.017000	 -1	 0.000000	 6.305455
40	 7	 7	 1	 0.018073	 -1	 0.000000	 7.241570
41	 7	 7	 1	 1.172836	 -1	 0.000000	 8.989054
42	 7	 7	 1	 0.022279	 -1	 0.000000	 8.475509
43	 7	 7	 1	 0.016930	 -1	 0.000000	 6.713212
44	 7	 7	 1	 0.021763	 -1	 0.000000	 7.474242
45	 7	 7	 1	 0.017774	 -1	 0.000000	 10.254965
46	 7	 7	 1	 0.020142	 -1	 0.000000	 7.014202
47	 7	 7	 1	 31.287922	 -1	 0.000000	 7.909877
48	 7	 7	 1	 0.021897	 -1	 0.000000	 6.995627
49	 7	 7	 1	 0.018085	 -1	 0.000000	 9.549759
50	 7	 7	 1	 3.881981	 -1	 0.000000	 7.951493
51	 7	 7	 1	 0.017307	 -1	 0.000000	 7.451707
52	 7	 7	 1	 0.015896	 -1	 0.000000	 7.580056
53	 7	 7	 1	 0.016119	 -1	 0.000000	 7.360229
54	 7	 7	 1	 0.015147	 -1	 0.000000	 7.336991
55	 7	 7	 1	 0.015233	 -1	 0.000000	 9.522510
56	 7	 7	 1	 0.019839	 -1	 0.000000	 8.000608
57	 7	 7	 1	 0.027050	 -1	 0.000000	 6.791266
58	 7	 7	 1	 0.017292	 -1	 0.000000	 7.219051
59	 7	 7	 1	 0.020516	 -1	 0.000000	 7.635607
60	 7	 7	 0	 366.238106	 -1	 0.000000	 8.106096
61	 7	 7	 0	 365.545725	 -1	 0.000000	 8.891306
62	 7	 7	 1	 0.018796	 -1	 0.000000	 6.649426
63	 7	 7	 1	 0.013794	 -1	 0.000000	 7.770574
64	 7	 7	 1	 0.022490	 -1	 0.000000	 8.170487
65	 7	 7	 1	 0.021841	 -1	 0.000000	 6.376220
66	 7	 7	 1	 0.017301	 -1	 0.000000	 9.193290
67	 7	 7	 1	 0.016938	 -1	 0.000000	 8.673192
69	 7	 7	 1	 0.018401	 -1	 0.000000	 7.853038
170	 7	 7	 0	 419.500215	 -1	 0.000000	 6.690073
70	 7	 7	 1	 0.014456	 -1	 0.000000	 7.625504
71	 7	 7	 1	 0.019772	 -1	 0.000000	 8.243841
72	 7	 7	 1	 0.017168	 -1	 0.000000	 9.046169
73	 7	 7	 1	 0.016021	 -1	 0.000000	 7.025746
74	 7	 7	 1	 0.027440	 -1	 0.000000	 7.416554
75	 7	 7	 1	 0.022377	 -1	 0.000000	 7.808712
76	 7	 7	 0	 381.038538	 -1	 0.000000	 10.236990
77	 7	 7	 1	 0.018977	 -1	 0.000000	 7.896742
78	 7	 7	 1	 0.015663	 -1	 0.000000	 6.614678
79	 7	 7	 1	 0.017226	 -1	 0.000000	 8.087703
80	 7	 7	 1	 0.020420	 -1	 0.000000	 7.168216
81	 7	 7	 1	 0.018725	 -1	 0.000000	 7.921329
83	 7	 7	 1	 0.015099	 -1	 0.000000	 6.973351
84	 7	 7	 1	 0.016867	 -1	 0.000000	 7.855044
85	 7	 7	 1	 0.016008	 -1	 0.000000	 7.343149
86	 7	 7	 0	 357.046071	 -1	 0.000000	 10.869520
87	 7	 7	 1	 0.021209	 -1	 0.000000	 6.842751
88	 7	 7	 1	 0.019069	 -1	 0.000000	 8.451660
89	 7	 7	 1	 0.015106	 -1	 0.000000	 7.796267
90	 7	 7	 1	 0.021823	 -1	 0.000000	 7.620650
91	 7	 7	 1	 0.015925	 -1	 0.000000	 7.140331
92	 7	 7	 1	 0.026525	 -1	 0.000000	 7.312488
93	 7	 7	 1	 0.014103	 -1	 0.000000	 7.285181
94	 7	 7	 1	 0.016069	 -1	 0.000000	 7.432202
95	 7	 7	 1	 0.017400	 -1	 0.000000	 10.439838
96	 7	 7	 1	 0.015012	 -1	 0.000000	 7.791027
97	 7	 7	 1	 0.022280	 -1	 0.000000	 7.680867
98	 7	 7	 1	 0.025601	 -1	 0.000000	 7.802800
99	 7	 7	 1	 0.018183	 -1	 0.000000	 8.956647
100	 7	 7	 0	 393.197233	 -1	 0.000000	 13.030903
101	 7	 7	 1	 0.015702	 -1	 0.000000	 7.108542
102	 7	 7	 1	 0.020694	 -1	 0.000000	 8.380956
103	 7	 7	 1	 0.001603	 -1	 0.000000	 8.392078
104	 7	 7	 1	 0.015729	 -1	 0.000000	 7.048285
105	 7	 7	 1	 0.016538	 -1	 0.000000	 6.858593
106	 7	 7	 1	 0.016780	 -1	 0.000000	 9.214564
107	 7	 7	 1	 0.018489	 -1	 0.000000	 7.537223
108	 7	 7	 1	 0.025850	 -1	 0.000000	 7.253824
>>> gr_fir_ccf: using E
>>> gr_fir_fff: using E
gr_buffer::allocate_buffer: warning: tried to allocate
   47 items of size 1392. Due to alignment requirements
   256 were allocated.  If this isn't OK, consider padding
   your structure to a power-of-two bytes.
   On this platform, our allocation granularity is 4096 bytes.
140	 7	 7	 1	 0.015883	 -1	 0.000000	 7.772935
141	 7	 7	 1	 0.022504	 -1	 0.000000	 6.396678
142	 7	 7	 1	 0.014102	 -1	 0.000000	 8.759143
143	 7	 7	 0	 386.204297	 -1	 0.000000	 8.916566
144	 7	 7	 1	 0.013811	 -1	 0.000000	 12.141859
145	 7	 7	 0	 366.889951	 -1	 0.000000	 8.402437
146	 7	 7	 1	 0.015617	 -1	 0.000000	 8.118859
147	 7	 7	 1	 0.016877	 -1	 0.000000	 8.336782
148	 7	 7	 0	 394.666328	 -1	 0.000000	 8.495063
149	 7	 7	 1	 0.003969	 -1	 0.000000	 6.021738
150	 7	 7	 1	 0.020564	 -1	 0.000000	 8.490742
151	 7	 7	 1	 100.285507	 -1	 0.000000	 7.171813
152	 7	 7	 1	 0.015670	 -1	 0.000000	 6.712898
153	 7	 7	 1	 0.027489	 -1	 0.000000	 8.797738
154	 7	 7	 1	 0.016600	 -1	 0.000000	 6.816407
155	 7	 7	 1	 0.019353	 -1	 0.000000	 7.212665
156	 7	 7	 1	 0.016861	 -1	 0.000000	 7.651173
157	 7	 7	 1	 0.045502	 -1	 0.000000	 6.982719
158	 7	 7	 1	 0.014232	 -1	 0.000000	 8.431718
159	 7	 7	 1	 0.016843	 -1	 0.000000	 6.899670
160	 7	 7	 1	 0.020211	 -1	 0.000000	 6.445382
161	 7	 7	 1	 0.016373	 -1	 0.000000	 9.817575
162	 7	 7	 1	 0.019026	 -1	 0.000000	 8.661903
164	 7	 7	 1	 0.017065	 -1	 0.000000	 9.190899
165	 7	 7	 0	 290.336843	 -1	 0.000000	 7.336099
166	 7	 7	 1	 0.014864	 -1	 0.000000	 7.035396
167	 7	 7	 0	 365.500449	 -1	 0.000000	 8.319899
168	 7	 7	 1	 0.028865	 -1	 0.000000	 8.015779
169	 7	 7	 1	 0.012386	 -1	 0.000000	 7.404898
170	 7	 7	 0	 369.753484	 -1	 0.000000	 7.609520
171	 7	 7	 1	 0.017436	 -1	 0.000000	 6.119920
172	 7	 7	 1	 0.020446	 -1	 0.000000	 8.292519
173	 7	 7	 1	 0.015569	 -1	 0.000000	 7.009363
174	 7	 7	 1	 0.013890	 -1	 0.000000	 11.591730
175	 7	 7	 1	 0.019310	 -1	 0.000000	 7.439871
176	 7	 7	 1	 0.014991	 -1	 0.000000	 7.711822
177	 7	 7	 1	 0.026271	 -1	 0.000000	 8.525800
178	 7	 7	 1	 0.015397	 -1	 0.000000	 9.284663
179	 7	 7	 1	 0.017155	 -1	 0.000000	 6.748961
180	 7	 7	 1	 0.024830	 -1	 0.000000	 7.232280
181	 7	 7	 1	 0.023285	 -1	 0.000000	 7.490160
183	 7	 7	 1	 0.017572	 -1	 0.000000	 7.798406
184	 7	 7	 1	 0.017751	 -1	 0.000000	 8.219838
185	 7	 7	 0	 328.852031	 -1	 0.000000	 7.481977
186	 7	 7	 1	 0.020947	 -1	 0.000000	 8.239250
187	 7	 7	 1	 0.026895	 -1	 0.000000	 7.725551
188	 7	 7	 1	 0.026676	 -1	 0.000000	 9.620127
189	 7	 7	 1	 0.017113	 -1	 0.000000	 7.183451
190	 7	 7	 1	 0.018474	 -1	 0.000000	 7.719407
191	 7	 7	 1	 0.002656	 -1	 0.000000	 6.998521
192	 7	 7	 1	 0.018766	 -1	 0.000000	 7.047244
193	 7	 7	 1	 0.021723	 -1	 0.000000	 7.217720
194	 7	 7	 1	 0.014171	 -1	 0.000000	 6.662811
195	 7	 7	 1	 0.028166	 -1	 0.000000	 6.488214
196	 7	 7	 1	 0.030211	 -1	 0.000000	 7.670578
197	 7	 7	 1	 0.018791	 -1	 0.000000	 7.208864
198	 7	 7	 1	 0.881616	 -1	 0.000000	 8.325607
199	 7	 7	 1	 0.015251	 -1	 0.000000	 8.201916
200	 7	 7	 1	 0.016566	 -1	 0.000000	 7.658999
201	 7	 7	 0	 338.831650	 -1	 0.000000	 8.596147
202	 7	 7	 1	 0.022393	 -1	 0.000000	 9.221460
203	 7	 7	 1	 0.021592	 -1	 0.000000	 7.395094
204	 7	 7	 0	 356.273747	 -1	 0.000000	 8.309177
205	 7	 7	 1	 0.001827	 -1	 0.000000	 7.983992
206	 7	 7	 1	 0.021680	 -1	 0.000000	 8.285002
207	 7	 7	 1	 0.012593	 -1	 0.000000	 10.034990
208	 7	 7	 1	 0.029562	 -1	 0.000000	 8.251006
209	 7	 7	 1	 0.017148	 -1	 0.000000	 7.148072
210	 7	 7	 1	 24.715227	 -1	 0.000000	 7.011580
211	 7	 7	 1	 0.016820	 -1	 0.000000	 7.609472
212	 7	 7	 1	 0.022801	 -1	 0.000000	 7.583179
213	 7	 7	 1	 0.021226	 -1	 0.000000	 7.375679
214	 7	 7	 1	 0.014760	 -1	 0.000000	 7.774481
215	 7	 7	 1	 0.024355	 -1	 0.000000	 7.858396
216	 7	 7	 1	 0.015921	 -1	 0.000000	 8.374341
217	 7	 7	 0	 400.551311	 -1	 0.000000	 7.518774
218	 7	 7	 1	 18.173321	 -1	 0.000000	 8.789943
219	 7	 7	 1	 0.019749	 -1	 0.000000	 7.168208
220	 7	 7	 1	 0.033088	 -1	 0.000000	 7.879310
221	 7	 7	 1	 0.006399	 -1	 0.000000	 7.268319
238	 7	 7	 0	 360.375798	 -1	 0.000000	 7.066661
223	 7	 7	 1	 0.019705	 -1	 0.000000	 7.533043
224	 7	 7	 1	 0.016200	 -1	 0.000000	 7.166243
225	 7	 7	 1	 0.015763	 -1	 0.000000	 7.807425
226	 7	 7	 1	 0.001779	 -1	 0.000000	 7.856339
227	 7	 7	 1	 0.015475	 -1	 0.000000	 8.509162
228	 7	 7	 1	 0.022083	 -1	 0.000000	 8.286752
229	 7	 7	 1	 0.019227	 -1	 0.000000	 6.701377
230	 7	 7	 0	 400.461636	 -1	 0.000000	 11.354526
231	 7	 7	 1	 0.015720	 -1	 0.000000	 8.082794
232	 7	 7	 1	 0.016171	 -1	 0.000000	 7.890290
233	 7	 7	 1	 0.021717	 -1	 0.000000	 6.248124
234	 7	 7	 1	 0.014806	 -1	 0.000000	 9.266862
235	 7	 7	 1	 0.020744	 -1	 0.000000	 7.618774
236	 7	 7	 1	 0.028756	 -1	 0.000000	 11.251225
237	 7	 7	 1	 0.013768	 -1	 0.000000	 6.874683
238	 7	 7	 1	 0.013805	 -1	 0.000000	 8.168647
239	 7	 7	 1	 0.016343	 -1	 0.000000	 8.812648
240	 7	 7	 1	 0.014700	 -1	 0.000000	 7.968440
241	 7	 7	 1	 0.015107	 -1	 0.000000	 8.120295
242	 7	 7	 1	 0.016468	 -1	 0.000000	 7.824871
243	 7	 7	 1	 0.027440	 -1	 0.000000	 7.556176
244	 7	 7	 1	 0.016876	 -1	 0.000000	 6.544016
245	 7	 7	 1	 0.024377	 -1	 0.000000	 10.612950
246	 7	 7	 1	 0.003128	 -1	 0.000000	 6.323217
247	 7	 7	 1	 0.020419	 -1	 0.000000	 7.991214
248	 7	 7	 1	 0.019007	 -1	 0.000000	 7.756352
249	 7	 7	 1	 0.017174	 -1	 0.000000	 6.834302
250	 7	 7	 1	 0.017482	 -1	 0.000000	 7.358044
251	 7	 7	 1	 0.021394	 -1	 0.000000	 9.134107
252	 7	 7	 1	 0.017365	 -1	 0.000000	 7.936134
253	 7	 7	 1	 0.015789	 -1	 0.000000	 8.282048
254	 7	 7	 1	 0.017379	 -1	 0.000000	 6.794010
255	 7	 7	 1	 0.018923	 -1	 0.000000	 9.034675
256	 7	 7	 1	 0.017227	 -1	 0.000000	 7.242622
257	 7	 7	 1	 0.033709	 -1	 0.000000	 7.674508
258	 7	 7	 1	 0.023011	 -1	 0.000000	 7.070279
259	 7	 7	 1	 0.014275	 -1	 0.000000	 7.681539
260	 7	 7	 1	 0.021735	 -1	 0.000000	 6.851194
261	 7	 7	 0	 137.533094	 -1	 0.000000	 6.849880
262	 7	 7	 1	 0.002367	 -1	 0.000000	 6.608600
263	 7	 7	 1	 0.018614	 -1	 0.000000	 7.082867
264	 7	 7	 1	 0.019716	 -1	 0.000000	 7.803848
265	 7	 7	 0	 194.448819	 -1	 0.000000	 8.819469
266	 7	 7	 1	 0.015053	 -1	 0.000000	 7.525151
267	 7	 7	 1	 0.014970	 -1	 0.000000	 7.786273
268	 7	 7	 1	 0.019823	 -1	 0.000000	 7.050286
269	 7	 7	 1	 0.015080	 -1	 0.000000	 8.290311
270	 7	 7	 1	 0.033624	 -1	 0.000000	 7.381418
271	 7	 7	 1	 0.021734	 -1	 0.000000	 7.625912
272	 7	 7	 1	 0.031244	 -1	 0.000000	 6.528507
273	 7	 7	 1	 0.002533	 -1	 0.000000	 7.011842
274	 7	 7	 1	 0.020595	 -1	 0.000000	 6.747933
275	 7	 7	 1	 0.021973	 -1	 0.000000	 6.883933
276	 7	 7	 1	 0.015513	 -1	 0.000000	 8.316831
277	 7	 7	 1	 0.015916	 -1	 0.000000	 8.870860
278	 7	 7	 1	 0.511065	 -1	 0.000000	 7.839922
279	 7	 7	 1	 5.359814	 -1	 0.000000	 6.339895
280	 7	 7	 1	 0.013899	 -1	 0.000000	 7.719283
281	 7	 7	 1	 0.031138	 -1	 0.000000	 6.514258
282	 7	 7	 1	 0.014162	 -1	 0.000000	 7.752275
283	 7	 7	 1	 0.024393	 -1	 0.000000	 7.672458
284	 7	 7	 0	 210.247868	 -1	 0.000000	 7.544893
285	 7	 7	 1	 0.003166	 -1	 0.000000	 6.229606
286	 7	 7	 1	 1.036881	 -1	 0.000000	 8.812859
287	 7	 7	 1	 0.014018	 -1	 0.000000	 7.932535
288	 7	 7	 0	 376.011852	 -1	 0.000000	 10.579863
289	 7	 7	 1	 0.017556	 -1	 0.000000	 8.397009
290	 7	 7	 1	 0.023010	 -1	 0.000000	 8.063315
291	 7	 7	 1	 0.017750	 -1	 0.000000	 7.478104
292	 7	 7	 0	 404.621284	 -1	 0.000000	 9.654305
293	 7	 7	 0	 220.767822	 -1	 0.000000	 7.414152
294	 7	 7	 1	 0.020008	 -1	 0.000000	 7.668255
295	 7	 7	 1	 0.026456	 -1	 0.000000	 6.986421
296	 7	 7	 1	 0.014973	 -1	 0.000000	 7.907904
297	 7	 7	 1	 0.028638	 -1	 0.000000	 6.395105
298	 7	 7	 1	 0.016460	 -1	 0.000000	 8.224901
299	 7	 7	 1	 0.020173	 -1	 0.000000	 8.722326
300	 7	 7	 0	 316.494097	 -1	 0.000000	 8.622548
301	 7	 7	 1	 0.016367	 -1	 0.000000	 9.176464
302	 7	 7	 1	 0.019138	 -1	 0.000000	 7.495866
303	 7	 7	 1	 0.014904	 -1	 0.000000	 7.740277
304	 7	 7	 1	 0.017497	 -1	 0.000000	 7.193042
305	 7	 7	 1	 0.028533	 -1	 0.000000	 6.917556
306	 7	 7	 1	 0.018398	 -1	 0.000000	 6.811994
307	 7	 7	 1	 0.014884	 -1	 0.000000	 7.302257
308	 7	 7	 1	 8.022935	 -1	 0.000000	 7.233114
309	 7	 7	 1	 0.017371	 -1	 0.000000	 8.142321
310	 7	 7	 1	 0.016748	 -1	 0.000000	 9.040396
311	 7	 7	 1	 0.019240	 -1	 0.000000	 7.476498
312	 7	 7	 1	 0.018518	 -1	 0.000000	 7.156595
313	 7	 7	 1	 0.026245	 -1	 0.000000	 6.796891
314	 7	 7	 1	 0.018778	 -1	 0.000000	 7.483965
315	 7	 7	 1	 0.021429	 -1	 0.000000	 6.333224
316	 7	 7	 1	 0.016934	 -1	 0.000000	 7.130334
317	 7	 7	 1	 0.018170	 -1	 0.000000	 8.241565
318	 7	 7	 1	 0.002045	 -1	 0.000000	 7.613114
319	 7	 7	 1	 0.025255	 -1	 0.000000	 7.026072
320	 7	 7	 1	 0.019031	 -1	 0.000000	 7.836944
321	 7	 7	 1	 0.019547	 -1	 0.000000	 7.122956
322	 7	 7	 1	 0.019779	 -1	 0.000000	 7.940376
323	 7	 7	 1	 0.002216	 -1	 0.000000	 6.949370
324	 7	 7	 1	 0.002191	 -1	 0.000000	 7.417885
325	 7	 7	 1	 0.013239	 -1	 0.000000	 9.115908
326	 7	 7	 1	 0.002443	 -1	 0.000000	 7.053249
327	 7	 7	 0	 411.791529	 -1	 0.000000	 8.031689
328	 7	 7	 0	 209.261702	 -1	 0.000000	 8.049990
329	 7	 7	 1	 0.018004	 -1	 0.000000	 8.182288
330	 7	 7	 1	 0.013822	 -1	 0.000000	 8.557848
331	 7	 7	 1	 0.667761	 -1	 0.000000	 7.688341
332	 7	 7	 1	 0.015176	 -1	 0.000000	 9.391409
333	 7	 7	 1	 0.030889	 -1	 0.000000	 7.350142
334	 7	 7	 1	 0.018652	 -1	 0.000000	 8.904912
335	 7	 7	 1	 0.019159	 -1	 0.000000	 8.301175
336	 7	 7	 1	 0.016761	 -1	 0.000000	 6.305652
337	 7	 7	 1	 0.017687	 -1	 0.000000	 9.478849
338	 7	 7	 1	 0.031211	 -1	 0.000000	 11.092205
339	 7	 7	 1	 0.003736	 -1	 0.000000	 6.098012
340	 7	 7	 1	 0.012927	 -1	 0.000000	 8.173984
341	 7	 7	 1	 0.017358	 -1	 0.000000	 7.243346
342	 7	 7	 1	 0.015938	 -1	 0.000000	 7.331914
343	 7	 7	 1	 0.002670	 -1	 0.000000	 6.603642
344	 7	 7	 1	 178.796906	 -1	 0.000000	 7.305408
345	 7	 7	 1	 0.017614	 -1	 0.000000	 7.779574
346	 7	 7	 1	 0.015372	 -1	 0.000000	 7.381139
347	 7	 7	 1	 0.016435	 -1	 0.000000	 6.451447
3347	 9	 9	 0	 455.114360	 -1	 0.000000	 7.074788
348	 7	 7	 1	 0.018655	 -1	 0.000000	 7.403687
349	 7	 7	 1	 0.020322	 -1	 0.000000	 7.501250
350	 7	 7	 1	 213.243256	 -1	 0.000000	 6.494857
351	 7	 7	 0	 191.258579	 -1	 0.000000	 7.249662
352	 7	 7	 1	 0.020806	 -1	 0.000000	 9.672178
353	 7	 7	 1	 0.016429	 -1	 0.000000	 9.355910
354	 7	 7	 1	 0.020687	 -1	 0.000000	 8.723254
356	 7	 7	 1	 0.027434	 -1	 0.000000	 7.122982
357	 7	 7	 1	 0.024164	 -1	 0.000000	 7.452373
358	 7	 7	 1	 0.014528	 -1	 0.000000	 6.748862
359	 7	 7	 1	 0.017906	 -1	 0.000000	 7.691995
361	 7	 7	 1	 0.018238	 -1	 0.000000	 8.525920
362	 7	 7	 0	 280.329491	 -1	 0.000000	 7.669645
363	 7	 7	 1	 133.949821	 -1	 0.000000	 8.059669
364	 7	 7	 1	 0.020841	 -1	 0.000000	 8.760304
367	 7	 7	 0	 252.126734	 -1	 0.000000	 10.478339
400	 7	 7	 1	 0.017667	 -1	 0.000000	 7.794367
401	 7	 7	 1	 0.030660	 -1	 0.000000	 11.587688
402	 7	 7	 1	 0.014703	 -1	 0.000000	 9.120273
1824	 9	 9	 0	 453.336209	 -1	 0.000000	 6.553196
403	 7	 7	 1	 0.013920	 -1	 0.000000	 7.808528
404	 7	 7	 1	 0.017030	 -1	 0.000000	 8.269322
405	 7	 7	 1	 0.028054	 -1	 0.000000	 8.066395
406	 7	 7	 1	 0.015974	 -1	 0.000000	 7.713443
407	 7	 7	 1	 0.015318	 -1	 0.000000	 7.294005
408	 7	 7	 0	 423.897737	 -1	 0.000000	 7.335844
409	 7	 7	 1	 0.019038	 -1	 0.000000	 7.020077
410	 7	 7	 1	 0.021849	 -1	 0.000000	 9.645300
411	 7	 7	 1	 0.020540	 -1	 0.000000	 8.668076
412	 7	 7	 1	 0.024411	 -1	 0.000000	 7.430045
413	 7	 7	 1	 0.012449	 -1	 0.000000	 8.854419
414	 7	 7	 1	 0.016635	 -1	 0.000000	 8.125380
415	 7	 7	 1	 0.019610	 -1	 0.000000	 7.895782
416	 7	 7	 0	 364.265000	 -1	 0.000000	 8.241208
417	 7	 7	 1	 0.014730	 -1	 0.000000	 8.413082
418	 7	 7	 0	 412.819556	 -1	 0.000000	 7.893678
420	 7	 7	 1	 0.017314	 -1	 0.000000	 7.363654
421	 7	 7	 1	 0.483372	 -1	 0.000000	 8.522684
422	 7	 7	 1	 0.017064	 -1	 0.000000	 7.271125
423	 7	 7	 1	 0.014058	 -1	 0.000000	 8.353274
424	 7	 7	 1	 0.021868	 -1	 0.000000	 7.610660
425	 7	 7	 1	 25.133625	 -1	 0.000000	 8.040995
426	 7	 7	 1	 0.017449	 -1	 0.000000	 7.706373
427	 7	 7	 0	 349.561452	 -1	 0.000000	 14.721244
428	 7	 7	 1	 0.030625	 -1	 0.000000	 6.815018
429	 7	 7	 1	 0.017214	 -1	 0.000000	 6.368119
430	 7	 7	 1	 0.020528	 -1	 0.000000	 9.460042
431	 7	 7	 1	 0.020282	 -1	 0.000000	 6.985189
432	 7	 7	 1	 0.018021	 -1	 0.000000	 8.158968
433	 7	 7	 1	 0.021301	 -1	 0.000000	 7.243752
434	 7	 7	 1	 0.018613	 -1	 0.000000	 7.061512
435	 7	 7	 1	 0.016519	 -1	 0.000000	 8.222540
444	 7	 7	 0	 187.980325	 -1	 0.000000	 9.785923
445	 7	 7	 1	 0.016930	 -1	 0.000000	 7.196629
446	 7	 7	 1	 0.015276	 -1	 0.000000	 9.496392
447	 7	 7	 1	 0.015620	 -1	 0.000000	 8.824096
448	 7	 7	 0	 389.774860	 -1	 0.000000	 7.336903
449	 7	 7	 1	 0.017486	 -1	 0.000000	 8.676975
450	 7	 7	 1	 0.020970	 -1	 0.000000	 8.144122
451	 7	 7	 1	 0.014750	 -1	 0.000000	 8.897512
452	 7	 7	 1	 0.017228	 -1	 0.000000	 6.843030
453	 7	 7	 1	 0.023253	 -1	 0.000000	 7.047508
454	 7	 7	 1	 0.017399	 -1	 0.000000	 7.494133
455	 7	 7	 0	 385.242397	 -1	 0.000000	 9.657980
456	 7	 7	 1	 0.019262	 -1	 0.000000	 7.612143
457	 7	 7	 1	 0.020938	 -1	 0.000000	 9.615364
458	 7	 7	 1	 0.015120	 -1	 0.000000	 7.385696
3279	 9	 9	 0	 449.377359	 -1	 0.000000	 6.276011
3829	 9	 9	 0	 451.976542	 -1	 0.000000	 17.261391
140	 9	 9	 1	 24.164657	 -1	 0.000000	 8.203788
141	 9	 9	 1	 8.972134	 -1	 0.000000	 8.546838
142	 9	 9	 0	 449.314526	 -1	 0.000000	 7.319400
143	 9	 9	 0	 438.630628	 -1	 0.000000	 11.584982
144	 9	 9	 1	 31.154816	 -1	 0.000000	 10.984901
145	 9	 9	 1	 19.553659	 -1	 0.000000	 7.928647
146	 9	 9	 0	 443.540056	 -1	 0.000000	 12.822772
147	 9	 9	 1	 35.841441	 -1	 0.000000	 8.182135
148	 9	 9	 0	 448.549883	 -1	 0.000000	 6.534527
149	 9	 9	 0	 454.899177	 -1	 0.000000	 13.237258
150	 9	 9	 1	 38.931571	 -1	 0.000000	 7.972820
151	 9	 9	 1	 35.575781	 -1	 0.000000	 7.245236
152	 9	 9	 1	 29.834741	 -1	 0.000000	 7.074916
153	 9	 9	 1	 1.750984	 -1	 0.000000	 8.509048
154	 9	 9	 1	 17.879825	 -1	 0.000000	 8.407535
155	 9	 9	 1	 20.039209	 -1	 0.000000	 7.294273
156	 9	 9	 1	 19.669588	 -1	 0.000000	 8.079970
157	 9	 9	 0	 294.224448	 -1	 0.000000	 8.478592
158	 9	 9	 1	 16.564976	 -1	 0.000000	 6.803648
160	 9	 9	 1	 16.788286	 -1	 0.000000	 8.215666
161	 9	 9	 1	 311.216369	 -1	 0.000000	 6.482348
162	 9	 9	 0	 453.955423	 -1	 0.000000	 8.104075
163	 9	 9	 1	 8.090804	 -1	 0.000000	 8.395243
164	 9	 9	 1	 21.486692	 -1	 0.000000	 8.137795
165	 9	 9	 1	 3.968368	 -1	 0.000000	 8.285014
166	 9	 9	 1	 13.656399	 -1	 0.000000	 6.731752
167	 9	 9	 0	 453.578750	 -1	 0.000000	 7.900288
168	 9	 9	 1	 22.997790	 -1	 0.000000	 7.340036
169	 9	 9	 1	 1.738312	 -1	 0.000000	 7.485462
170	 9	 9	 1	 23.076414	 -1	 0.000000	 7.230318
171	 9	 9	 1	 54.466823	 -1	 0.000000	 8.644863
172	 9	 9	 1	 11.990975	 -1	 0.000000	 7.299506
173	 9	 9	 1	 36.474985	 -1	 0.000000	 8.322481
174	 9	 9	 0	 454.010180	 -1	 0.000000	 6.888928
175	 9	 9	 1	 30.119325	 -1	 0.000000	 6.504751
176	 9	 9	 1	 4.453024	 -1	 0.000000	 7.771775
177	 9	 9	 1	 8.308973	 -1	 0.000000	 7.296385
178	 9	 9	 0	 441.774314	 -1	 0.000000	 13.369987
179	 9	 9	 1	 10.911545	 -1	 0.000000	 7.776151
180	 9	 9	 1	 8.783100	 -1	 0.000000	 8.417083
181	 9	 9	 1	 16.179094	 -1	 0.000000	 7.405033
182	 9	 9	 1	 10.018101	 -1	 0.000000	 8.737589
183	 9	 9	 1	 35.184210	 -1	 0.000000	 6.835064
184	 9	 9	 1	 4.154269	 -1	 0.000000	 6.286119
185	 9	 9	 1	 11.453814	 -1	 0.000000	 6.801366
186	 9	 9	 1	 8.641273	 -1	 0.000000	 6.163973
160	 9	 9	 1	 2.365700	 -1	 0.000000	 7.408435
161	 9	 9	 1	 22.953535	 -1	 0.000000	 8.441890
162	 9	 9	 1	 31.073414	 -1	 0.000000	 7.185639
163	 9	 9	 1	 2.925951	 -1	 0.000000	 9.190309
164	 9	 9	 1	 30.795521	 -1	 0.000000	 9.198874
165	 9	 9	 0	 442.834272	 -1	 0.000000	 8.514068
166	 9	 9	 1	 3.168861	 -1	 0.000000	 7.938051
167	 9	 9	 1	 27.210969	 -1	 0.000000	 7.234550
168	 9	 9	 1	 29.140615	 -1	 0.000000	 7.367479
169	 9	 9	 1	 37.885580	 -1	 0.000000	 6.795196
170	 9	 9	 1	 27.122266	 -1	 0.000000	 7.033075
171	 9	 9	 1	 13.504987	 -1	 0.000000	 11.688898
172	 9	 9	 1	 53.084194	 -1	 0.000000	 8.403410
173	 9	 9	 1	 32.470084	 -1	 0.000000	 8.443921
174	 9	 9	 1	 55.523378	 -1	 0.000000	 7.845548
175	 9	 9	 1	 11.477715	 -1	 0.000000	 7.779619
176	 9	 9	 0	 458.890845	 -1	 0.000000	 6.635308
177	 9	 9	 0	 445.100167	 -1	 0.000000	 9.173441
3113	 9	 9	 0	 454.135576	 -1	 0.000000	 4.476450
178	 9	 9	 1	 26.721087	 -1	 0.000000	 6.790172
179	 9	 9	 1	 43.149344	 -1	 0.000000	 6.314196
180	 9	 9	 1	 12.152770	 -1	 0.000000	 7.295365
181	 9	 9	 0	 447.551140	 -1	 0.000000	 8.455014
182	 9	 9	 1	 9.600627	 -1	 0.000000	 6.812432
183	 9	 9	 1	 36.078021	 -1	 0.000000	 8.066552
184	 9	 9	 1	 5.598589	 -1	 0.000000	 6.612016
185	 9	 9	 0	 451.133857	 -1	 0.000000	 12.260328
186	 9	 9	 1	 7.688573	 -1	 0.000000	 8.968447
187	 9	 9	 1	 21.506808	 -1	 0.000000	 7.710172
188	 9	 9	 1	 11.348701	 -1	 0.000000	 7.655453
189	 9	 9	 1	 45.960890	 -1	 0.000000	 7.205859
190	 9	 9	 1	 25.962032	 -1	 0.000000	 6.349452
191	 9	 9	 1	 21.350312	 -1	 0.000000	 7.403491
192	 9	 9	 1	 4.036743	 -1	 0.000000	 9.290428
193	 9	 9	 1	 49.113011	 -1	 0.000000	 6.681299
194	 9	 9	 1	 40.402335	 -1	 0.000000	 6.683662
195	 9	 9	 0	 453.747484	 -1	 0.000000	 10.227677
196	 9	 9	 1	 29.111189	 -1	 0.000000	 7.646371
197	 9	 9	 1	 49.974652	 -1	 0.000000	 6.872735
198	 9	 9	 0	 265.368831	 -1	 0.000000	 7.877885
199	 9	 9	 1	 22.306073	 -1	 0.000000	 8.630836
200	 9	 9	 0	 443.986821	 -1	 0.000000	 9.716618
201	 9	 9	 1	 22.681997	 -1	 0.000000	 7.356587
202	 9	 9	 1	 4.318138	 -1	 0.000000	 7.749403
204	 9	 9	 0	 444.625769	 -1	 0.000000	 8.677013
205	 9	 9	 0	 420.183928	 -1	 0.000000	 6.882281
206	 9	 9	 1	 10.106394	 -1	 0.000000	 7.145114
207	 9	 9	 1	 8.787269	 -1	 0.000000	 6.702343
208	 9	 9	 1	 102.068902	 -1	 0.000000	 7.994733
209	 9	 9	 1	 30.077567	 -1	 0.000000	 10.031715
210	 9	 9	 1	 2.059807	 -1	 0.000000	 7.276038
211	 9	 9	 1	 4.805626	 -1	 0.000000	 6.310800
212	 9	 9	 1	 11.163414	 -1	 0.000000	 6.949931
213	 9	 9	 1	 16.259591	 -1	 0.000000	 6.769144
214	 9	 9	 1	 1.717019	 -1	 0.000000	 8.712969
215	 9	 9	 1	 36.351876	 -1	 0.000000	 6.823772
216	 9	 9	 0	 444.296065	 -1	 0.000000	 13.984944
217	 9	 9	 1	 19.514764	 -1	 0.000000	 8.455803
218	 9	 9	 1	 36.491675	 -1	 0.000000	 8.118908
219	 9	 9	 0	 448.892933	 -1	 0.000000	 11.579573
220	 9	 9	 1	 33.044674	 -1	 0.000000	 6.933475
221	 9	 9	 0	 333.172906	 -1	 0.000000	 8.531541
222	 9	 9	 1	 4.046606	 -1	 0.000000	 6.511857
223	 9	 9	 1	 2.810361	 -1	 0.000000	 7.149605
224	 9	 9	 0	 439.775189	 -1	 0.000000	 8.027727
225	 9	 9	 1	 6.914770	 -1	 0.000000	 15.484562
226	 9	 9	 1	 15.056823	 -1	 0.000000	 8.068881
227	 9	 9	 1	 4.581488	 -1	 0.000000	 7.209108
228	 9	 9	 1	 3.008021	 -1	 0.000000	 6.526764
229	 9	 9	 1	 7.308558	 -1	 0.000000	 6.904769
230	 9	 9	 1	 29.763635	 -1	 0.000000	 12.989123
231	 9	 9	 1	 49.685400	 -1	 0.000000	 7.405349
232	 9	 9	 1	 2.842088	 -1	 0.000000	 6.787906
233	 9	 9	 1	 5.526328	 -1	 0.000000	 7.397851
234	 9	 9	 1	 55.279516	 -1	 0.000000	 8.204718
235	 9	 9	 1	 19.222764	 -1	 0.000000	 7.336495
236	 9	 9	 1	 13.286332	 -1	 0.000000	 8.233412
237	 9	 9	 1	 32.303587	 -1	 0.000000	 6.630589
238	 9	 9	 1	 31.824205	 -1	 0.000000	 8.330533
239	 9	 9	 1	 51.681731	 -1	 0.000000	 8.459519
240	 9	 9	 1	 2.714432	 -1	 0.000000	 7.437884
241	 9	 9	 1	 44.389521	 -1	 0.000000	 8.498369
242	 9	 9	 1	 12.562470	 -1	 0.000000	 7.660848
243	 9	 9	 0	 457.504559	 -1	 0.000000	 7.008591
244	 9	 9	 1	 31.379684	 -1	 0.000000	 7.442251
245	 9	 9	 1	 18.900425	 -1	 0.000000	 7.757156
246	 9	 9	 1	 33.023721	 -1	 0.000000	 9.553191
247	 9	 9	 1	 40.585903	 -1	 0.000000	 8.996030
248	 9	 9	 1	 7.591688	 -1	 0.000000	 6.657707
249	 9	 9	 1	 7.365005	 -1	 0.000000	 7.342701
250	 9	 9	 1	 30.397074	 -1	 0.000000	 8.113077
251	 9	 9	 1	 36.777214	 -1	 0.000000	 8.917003
252	 9	 9	 1	 33.171427	 -1	 0.000000	 6.481283
253	 9	 9	 1	 12.922065	 -1	 0.000000	 21.224628
254	 9	 9	 0	 440.304295	 -1	 0.000000	 8.400047
255	 9	 9	 1	 24.931751	 -1	 0.000000	 8.150829
256	 9	 9	 1	 45.226191	 -1	 0.000000	 7.400037
257	 9	 9	 1	 19.713037	 -1	 0.000000	 5.927133
258	 9	 9	 1	 2.154970	 -1	 0.000000	 7.482013
259	 9	 9	 1	 19.318487	 -1	 0.000000	 6.814414
260	 9	 9	 1	 31.233235	 -1	 0.000000	 7.372191
261	 9	 9	 1	 2.668394	 -1	 0.000000	 7.012451
262	 9	 9	 1	 16.951690	 -1	 0.000000	 7.365464
263	 9	 9	 1	 8.921705	 -1	 0.000000	 8.114795
264	 9	 9	 1	 5.929736	 -1	 0.000000	 7.714768
265	 9	 9	 1	 6.332284	 -1	 0.000000	 8.274439
267	 9	 9	 0	 258.857630	 -1	 0.000000	 6.628861
268	 9	 9	 1	 15.196538	 -1	 0.000000	 8.479325
3609	 7	 7	 0	 419.662822	 -1	 0.000000	 5.266212
269	 9	 9	 0	 452.967256	 -1	 0.000000	 10.044982
270	 9	 9	 1	 28.951215	 -1	 0.000000	 7.645926
271	 9	 9	 0	 436.492263	 -1	 0.000000	 10.233547
272	 9	 9	 1	 42.960620	 -1	 0.000000	 8.114875
273	 9	 9	 1	 24.452111	 -1	 0.000000	 8.053113
274	 9	 9	 1	 20.387680	 -1	 0.000000	 7.326574
275	 9	 9	 0	 442.426616	 -1	 0.000000	 8.842995
276	 9	 9	 1	 11.280453	 -1	 0.000000	 7.399096
277	 9	 9	 1	 36.015551	 -1	 0.000000	 9.410691
278	 9	 9	 0	 457.439843	 -1	 0.000000	 6.165878
279	 9	 9	 1	 21.894024	 -1	 0.000000	 8.136497
280	 9	 9	 1	 52.620886	 -1	 0.000000	 6.778787
281	 9	 9	 1	 19.218954	 -1	 0.000000	 6.792588
282	 9	 9	 1	 20.813127	 -1	 0.000000	 8.104510
283	 9	 9	 1	 19.193889	 -1	 0.000000	 7.951455
284	 9	 9	 0	 449.272766	 -1	 0.000000	 9.597591
286	 9	 9	 1	 6.057315	 -1	 0.000000	 9.220348
287	 9	 9	 0	 442.131041	 -1	 0.000000	 7.876553
288	 9	 9	 1	 26.986798	 -1	 0.000000	 8.003166
289	 9	 9	 1	 34.795709	 -1	 0.000000	 6.556380
290	 9	 9	 1	 70.214367	 -1	 0.000000	 8.097003
292	 9	 9	 0	 438.191590	 -1	 0.000000	 13.216027
293	 9	 9	 0	 435.744884	 -1	 0.000000	 11.769118
294	 9	 9	 1	 179.292760	 -1	 0.000000	 8.908197
295	 9	 9	 1	 40.071854	 -1	 0.000000	 7.754309
296	 9	 9	 1	 23.759274	 -1	 0.000000	 8.075536
297	 9	 9	 1	 9.001420	 -1	 0.000000	 7.472537
298	 9	 9	 0	 447.245728	 -1	 0.000000	 10.032153
299	 9	 9	 1	 17.237277	 -1	 0.000000	 7.631111
300	 9	 9	 1	 30.349769	 -1	 0.000000	 8.995548
301	 9	 9	 1	 13.918989	 -1	 0.000000	 10.212204
302	 9	 9	 1	 38.568444	 -1	 0.000000	 8.069161
303	 9	 9	 1	 60.890749	 -1	 0.000000	 6.964758
304	 9	 9	 0	 456.801716	 -1	 0.000000	 8.525917
305	 9	 9	 1	 34.629599	 -1	 0.000000	 7.732503
306	 9	 9	 1	 36.157208	 -1	 0.000000	 10.020472
307	 9	 9	 1	 32.690505	 -1	 0.000000	 6.733574
308	 9	 9	 1	 50.737072	 -1	 0.000000	 7.467765
309	 9	 9	 1	 186.810499	 -1	 0.000000	 8.212360
310	 9	 9	 0	 358.086561	 -1	 0.000000	 7.515494
311	 9	 9	 0	 443.034831	 -1	 0.000000	 8.742681
312	 9	 9	 1	 30.242822	 -1	 0.000000	 7.800807
313	 9	 9	 1	 45.952168	 -1	 0.000000	 7.166656
314	 9	 9	 1	 38.643350	 -1	 0.000000	 8.356486
315	 9	 9	 1	 50.218331	 -1	 0.000000	 8.089871
316	 9	 9	 1	 14.133530	 -1	 0.000000	 7.419632
317	 9	 9	 1	 32.290019	 -1	 0.000000	 8.315626
318	 9	 9	 1	 151.234131	 -1	 0.000000	 7.789730
319	 9	 9	 1	 22.982825	 -1	 0.000000	 6.912629
352	 9	 9	 1	 23.678361	 -1	 0.000000	 9.149010
353	 9	 9	 0	 437.975342	 -1	 0.000000	 15.076463
354	 9	 9	 1	 22.995565	 -1	 0.000000	 7.653792
355	 9	 9	 1	 25.403560	 -1	 0.000000	 8.032754
356	 9	 9	 1	 33.775374	 -1	 0.000000	 9.769607
357	 9	 9	 1	 35.044610	 -1	 0.000000	 7.356045
358	 9	 9	 1	 36.840654	 -1	 0.000000	 7.193975
359	 9	 9	 1	 46.232323	 -1	 0.000000	 7.623533
360	 9	 9	 1	 31.572957	 -1	 0.000000	 6.908335
361	 9	 9	 1	 49.716682	 -1	 0.000000	 8.040661
362	 9	 9	 1	 58.765680	 -1	 0.000000	 7.007802
363	 9	 9	 0	 430.884442	 -1	 0.000000	 7.569279
364	 9	 9	 1	 13.356344	 -1	 0.000000	 7.217452
365	 9	 9	 1	 1.909738	 -1	 0.000000	 7.815349
366	 9	 9	 0	 443.876174	 -1	 0.000000	 26.712503
367	 9	 9	 1	 45.215991	 -1	 0.000000	 7.365523
368	 9	 9	 1	 224.639975	 -1	 0.000000	 7.235774
369	 9	 9	 1	 44.793227	 -1	 0.000000	 8.487757
370	 9	 9	 1	 17.070020	 -1	 0.000000	 9.017168
371	 9	 9	 1	 8.931081	 -1	 0.000000	 9.404714
372	 9	 9	 1	 55.897384	 -1	 0.000000	 8.784442
373	 9	 9	 1	 4.142474	 -1	 0.000000	 6.311102
380	 9	 9	 1	 38.115466	 -1	 0.000000	 7.158677
381	 9	 9	 1	 9.395266	 -1	 0.000000	 7.057809
382	 9	 9	 1	 31.195765	 -1	 0.000000	 7.491709
383	 9	 9	 1	 36.365834	 -1	 0.000000	 7.276160
384	 9	 9	 1	 31.387325	 -1	 0.000000	 7.684531
385	 9	 9	 1	 36.092193	 -1	 0.000000	 6.868375
386	 9	 9	 0	 441.946800	 -1	 0.000000	 8.352094
387	 9	 9	 1	 35.194131	 -1	 0.000000	 7.394324
388	 9	 9	 0	 424.341117	 -1	 0.000000	 9.021662
389	 9	 9	 0	 418.286631	 -1	 0.000000	 7.993712
16	 11	 11	 0	 458.869693	 -1	 0.000000	 3.261323
390	 9	 9	 1	 8.331751	 -1	 0.000000	 8.169916
391	 9	 9	 1	 12.697463	 -1	 0.000000	 6.819248
392	 9	 9	 1	 44.801881	 -1	 0.000000	 7.292258
393	 9	 9	 1	 17.886895	 -1	 0.000000	 8.353930
394	 9	 9	 1	 38.507732	 -1	 0.000000	 7.051116
395	 9	 9	 1	 32.003731	 -1	 0.000000	 7.817161
396	 9	 9	 1	 22.872880	 -1	 0.000000	 12.538290
397	 9	 9	 1	 28.861336	 -1	 0.000000	 7.899902
398	 9	 9	 0	 426.706176	 -1	 0.000000	 7.420426
399	 9	 9	 0	 447.652520	 -1	 0.000000	 8.074092
3106	 13	 13	 0	 367.954957	 -1	 0.000000	 6.736322
406	 9	 9	 1	 8.441463	 -1	 0.000000	 8.069982
407	 9	 9	 1	 19.832994	 -1	 0.000000	 7.553439
408	 9	 9	 0	 453.337964	 -1	 0.000000	 10.341180
409	 9	 9	 1	 25.663332	 -1	 0.000000	 7.577041
410	 9	 9	 1	 2.378406	 -1	 0.000000	 7.094663
411	 9	 9	 1	 34.249824	 -1	 0.000000	 6.589125
412	 9	 9	 0	 432.062194	 -1	 0.000000	 7.616414
413	 9	 9	 1	 46.294479	 -1	 0.000000	 7.483219
414	 9	 9	 1	 23.602362	 -1	 0.000000	 6.512693
415	 9	 9	 1	 11.949523	 -1	 0.000000	 7.755225
417	 9	 9	 1	 43.740415	 -1	 0.000000	 10.110139
418	 9	 9	 1	 8.723551	 -1	 0.000000	 6.944379
420	 9	 9	 1	 8.127213	 -1	 0.000000	 7.132949
421	 9	 9	 1	 15.753489	 -1	 0.000000	 8.015558
422	 9	 9	 0	 441.603011	 -1	 0.000000	 6.553901
423	 9	 9	 1	 14.109954	 -1	 0.000000	 7.803273
424	 9	 9	 0	 291.300543	 -1	 0.000000	 7.180250
425	 9	 9	 1	 23.849156	 -1	 0.000000	 6.874891
426	 9	 9	 1	 15.180534	 -1	 0.000000	 6.453331
427	 9	 9	 0	 450.322396	 -1	 0.000000	 7.330672
428	 9	 9	 1	 18.262399	 -1	 0.000000	 7.010360
429	 9	 9	 1	 26.223569	 -1	 0.000000	 12.446881
430	 9	 9	 1	 40.933846	 -1	 0.000000	 6.646140
431	 9	 9	 1	 16.312024	 -1	 0.000000	 6.893577
248	 15	 15	 0	 412.931652	 -1	 0.000000	 5.350888
432	 9	 9	 1	 2.806459	 -1	 0.000000	 7.799065
433	 9	 9	 1	 25.879658	 -1	 0.000000	 7.051435
434	 9	 9	 1	 32.063594	 -1	 0.000000	 11.797023
435	 9	 9	 1	 13.809597	 -1	 0.000000	 10.519607
436	 9	 9	 1	 13.508605	 -1	 0.000000	 7.856984
437	 9	 9	 1	 27.632219	 -1	 0.000000	 7.395027
438	 9	 9	 1	 27.746860	 -1	 0.000000	 8.287121
439	 9	 9	 1	 9.237945	 -1	 0.000000	 8.868789
2265	 10	 10	 0	 473.878344	 -1	 0.000000	 6.716636
440	 9	 9	 0	 308.977100	 -1	 0.000000	 6.667472
441	 9	 9	 1	 39.411624	 -1	 0.000000	 6.697929
446	 9	 9	 1	 16.963127	 -1	 0.000000	 7.915534
448	 9	 9	 1	 27.589571	 -1	 0.000000	 6.766552
449	 9	 9	 0	 442.510639	 -1	 0.000000	 8.596258
450	 9	 9	 1	 8.774115	 -1	 0.000000	 7.586216
451	 9	 9	 1	 36.126878	 -1	 0.000000	 7.237167
452	 9	 9	 0	 435.036764	 -1	 0.000000	 8.284011
453	 9	 9	 1	 40.734054	 -1	 0.000000	 6.890338
454	 9	 9	 1	 10.903815	 -1	 0.000000	 8.113841
455	 9	 9	 1	 5.377870	 -1	 0.000000	 9.249714
456	 9	 9	 1	 12.229918	 -1	 0.000000	 7.073489
457	 9	 9	 1	 4.103507	 -1	 0.000000	 7.410933
458	 9	 9	 1	 18.410861	 -1	 0.000000	 7.742537
1188	 7	 7	 0	 423.476116	 -1	 0.000000	 5.647748
459	 9	 9	 0	 444.195674	 -1	 0.000000	 7.458524
461	 9	 9	 1	 37.022153	 -1	 0.000000	 6.366927
462	 9	 9	 1	 7.420633	 -1	 0.000000	 8.098631
463	 9	 9	 1	 10.068317	 -1	 0.000000	 7.436100
464	 9	 9	 1	 1.692497	 -1	 0.000000	 8.807375
465	 9	 9	 1	 4.395961	 -1	 0.000000	 5.976098
466	 9	 9	 1	 57.444983	 -1	 0.000000	 8.307755
467	 9	 9	 1	 33.125618	 -1	 0.000000	 6.961564
468	 9	 9	 1	 12.338466	 -1	 0.000000	 7.319131
469	 9	 9	 1	 38.647056	 -1	 0.000000	 8.159232
470	 9	 9	 1	 34.722566	 -1	 0.000000	 6.792029
3045	 7	 7	 0	 456.692176	 -1	 0.000000	 6.740808
480	 9	 9	 1	 33.164554	 -1	 0.000000	 7.624598
481	 9	 9	 1	 20.665388	 -1	 0.000000	 7.673481
482	 9	 9	 1	 25.214813	 -1	 0.000000	 7.285434
483	 9	 9	 0	 443.704014	 -1	 0.000000	 7.286674
484	 9	 9	 1	 146.334737	 -1	 0.000000	 6.646749
485	 9	 9	 1	 9.206474	 -1	 0.000000	 8.011787
486	 9	 9	 0	 436.588007	 -1	 0.000000	 7.554199
487	 9	 9	 1	 7.092290	 -1	 0.000000	 7.582793
488	 9	 9	 1	 4.250378	 -1	 0.000000	 10.244579
489	 9	 9	 1	 30.436006	 -1	 0.000000	 6.164884
490	 9	 9	 1	 28.507694	 -1	 0.000000	 7.308224
491	 9	 9	 1	 22.160635	 -1	 0.000000	 7.702334
492	 9	 9	 1	 57.145883	 -1	 0.000000	 7.124633
493	 9	 9	 1	 8.310422	 -1	 0.000000	 7.569293
494	 9	 9	 1	 9.800502	 -1	 0.000000	 7.861302
495	 9	 9	 1	 5.871780	 -1	 0.000000	 9.367465
496	 9	 9	 1	 36.851130	 -1	 0.000000	 7.971385
497	 9	 9	 1	 20.167546	 -1	 0.000000	 7.808014
498	 9	 9	 1	 53.046205	 -1	 0.000000	 8.138193
499	 9	 9	 1	 37.198031	 -1	 0.000000	 8.078521
0	 11	 11	 1	 9.995237	 -1	 0.000000	 6.676345
1	 11	 11	 1	 13.431769	 -1	 0.000000	 8.426503
2	 11	 11	 1	 11.506951	 -1	 0.000000	 7.962112
3	 11	 11	 1	 17.144178	 -1	 0.000000	 7.513775
4	 11	 11	 0	 191.057764	 -1	 0.000000	 8.877695
5	 11	 11	 1	 20.252743	 -1	 0.000000	 6.275900
6	 11	 11	 1	 17.499344	 -1	 0.000000	 8.068620
7	 11	 11	 0	 415.362392	 -1	 0.000000	 6.965169
8	 11	 11	 1	 17.180615	 -1	 0.000000	 9.486959
9	 11	 11	 1	 10.957010	 -1	 0.000000	 9.859348
10	 11	 11	 1	 18.859232	 -1	 0.000000	 7.347003
11	 11	 11	 1	 24.824065	 -1	 0.000000	 6.670111
12	 11	 11	 1	 13.376524	 -1	 0.000000	 6.690539
13	 11	 11	 1	 11.284958	 -1	 0.000000	 8.849453
14	 11	 11	 1	 17.123106	 -1	 0.000000	 8.709641
15	 11	 11	 1	 22.737686	 -1	 0.000000	 8.195523
16	 11	 11	 1	 23.181982	 -1	 0.000000	 7.981586
17	 11	 11	 1	 42.956275	 -1	 0.000000	 6.463181
18	 11	 11	 1	 7.417730	 -1	 0.000000	 7.077205
19	 11	 11	 1	 31.546661	 -1	 0.000000	 8.116399
20	 11	 11	 1	 4.456943	 -1	 0.000000	 7.320578
21	 11	 11	 1	 13.819269	 -1	 0.000000	 6.698574
22	 11	 11	 1	 14.661923	 -1	 0.000000	 7.377010
23	 11	 11	 1	 18.099616	 -1	 0.000000	 8.847589
24	 11	 11	 1	 28.926462	 -1	 0.000000	 8.180882
25	 11	 11	 1	 21.905773	 -1	 0.000000	 7.013715
26	 11	 11	 1	 21.407701	 -1	 0.000000	 7.226843
27	 11	 11	 1	 67.953512	 -1	 0.000000	 7.402861
28	 11	 11	 1	 23.839532	 -1	 0.000000	 7.436007
29	 11	 11	 0	 440.442708	 -1	 0.000000	 7.622148
30	 11	 11	 1	 13.791476	 -1	 0.000000	 6.760796
31	 11	 11	 1	 16.534530	 -1	 0.000000	 6.941368
32	 11	 11	 1	 10.619148	 -1	 0.000000	 7.224497
33	 11	 11	 0	 425.752841	 -1	 0.000000	 6.291283
34	 11	 11	 1	 16.264965	 -1	 0.000000	 8.033162
35	 11	 11	 1	 42.412608	 -1	 0.000000	 7.159518
36	 11	 11	 0	 340.787663	 -1	 0.000000	 7.898100
37	 11	 11	 1	 26.533931	 -1	 0.000000	 7.910473
38	 11	 11	 1	 21.684714	 -1	 0.000000	 6.369608
39	 11	 11	 1	 26.486652	 -1	 0.000000	 6.255940
40	 11	 11	 1	 5.413844	 -1	 0.000000	 7.672167
41	 11	 11	 1	 15.199180	 -1	 0.000000	 6.861161
53	 11	 11	 0	 436.733514	 -1	 0.000000	 7.372393
54	 11	 11	 1	 29.217769	 -1	 0.000000	 6.713506
55	 11	 11	 0	 458.844617	 -1	 0.000000	 6.561438
56	 11	 11	 1	 5.038479	 -1	 0.000000	 7.164548
57	 11	 11	 1	 4.127481	 -1	 0.000000	 8.175605
58	 11	 11	 1	 27.028483	 -1	 0.000000	 8.414358
59	 11	 11	 1	 12.451236	 -1	 0.000000	 8.300014
60	 11	 11	 1	 33.600578	 -1	 0.000000	 6.716341
61	 11	 11	 1	 18.973346	 -1	 0.000000	 6.769835
62	 11	 11	 0	 456.520080	 -1	 0.000000	 11.309453
63	 11	 11	 1	 5.516910	 -1	 0.000000	 6.967287
64	 11	 11	 1	 3.243828	 -1	 0.000000	 10.152229
65	 11	 11	 1	 16.923587	 -1	 0.000000	 6.702515
66	 11	 11	 1	 21.683658	 -1	 0.000000	 6.928850
67	 11	 11	 1	 13.652774	 -1	 0.000000	 6.910117
68	 11	 11	 1	 22.306016	 -1	 0.000000	 8.166508
69	 11	 11	 1	 4.927231	 -1	 0.000000	 7.092880
70	 11	 11	 1	 16.421576	 -1	 0.000000	 8.446100
71	 11	 11	 0	 277.860730	 -1	 0.000000	 7.183280
72	 11	 11	 1	 5.727343	 -1	 0.000000	 6.850872
73	 11	 11	 1	 122.706113	 -1	 0.000000	 7.689311
74	 11	 11	 1	 17.665078	 -1	 0.000000	 8.338565
75	 11	 11	 1	 5.634672	 -1	 0.000000	 7.701604
76	 11	 11	 1	 7.182285	 -1	 0.000000	 6.605241
77	 11	 11	 1	 25.154681	 -1	 0.000000	 6.775883
78	 11	 11	 1	 13.172917	 -1	 0.000000	 9.589231
79	 11	 11	 1	 13.380443	 -1	 0.000000	 9.139005
80	 11	 11	 1	 8.892455	 -1	 0.000000	 5.928947
81	 11	 11	 1	 18.419057	 -1	 0.000000	 6.848706
82	 11	 11	 1	 22.703759	 -1	 0.000000	 7.579857
83	 11	 11	 1	 17.648491	 -1	 0.000000	 7.225131
84	 11	 11	 1	 22.807347	 -1	 0.000000	 7.179462
85	 11	 11	 1	 5.956269	 -1	 0.000000	 6.603401
86	 11	 11	 1	 14.758763	 -1	 0.000000	 8.870304
90	 11	 11	 0	 449.382772	 -1	 0.000000	 5.502303
92	 11	 11	 1	 3.940410	 -1	 0.000000	 7.567440
94	 11	 11	 1	 7.688676	 -1	 0.000000	 8.781472
95	 11	 11	 0	 389.860006	 -1	 0.000000	 6.440792
96	 11	 11	 1	 9.359818	 -1	 0.000000	 8.423698
97	 11	 11	 1	 10.690701	 -1	 0.000000	 5.988949
98	 11	 11	 1	 4.799488	 -1	 0.000000	 7.115073
99	 11	 11	 1	 17.120799	 -1	 0.000000	 7.161133
100	 11	 11	 1	 129.987455	 -1	 0.000000	 9.697137
101	 11	 11	 1	 7.336006	 -1	 0.000000	 6.957683
102	 11	 11	 1	 30.246637	 -1	 0.000000	 7.374837
103	 11	 11	 1	 14.669734	 -1	 0.000000	 7.140126
104	 11	 11	 1	 13.655593	 -1	 0.000000	 7.322534
105	 11	 11	 1	 14.511638	 -1	 0.000000	 6.710273
106	 11	 11	 1	 42.054920	 -1	 0.000000	 6.658615
107	 11	 11	 1	 27.574062	 -1	 0.000000	 7.511654
108	 11	 11	 1	 11.755986	 -1	 0.000000	 7.128220
109	 11	 11	 1	 34.280484	 -1	 0.000000	 6.937268
110	 11	 11	 1	 17.590339	 -1	 0.000000	 7.369722
111	 11	 11	 0	 238.238253	 -1	 0.000000	 8.164936
112	 11	 11	 1	 20.412909	 -1	 0.000000	 6.832973
113	 11	 11	 1	 31.147665	 -1	 0.000000	 7.563580
114	 11	 11	 1	 21.495340	 -1	 0.000000	 6.261105
115	 11	 11	 1	 205.643006	 -1	 0.000000	 6.648194
120	 11	 11	 1	 6.819123	 -1	 0.000000	 6.929865
121	 11	 11	 1	 18.820415	 -1	 0.000000	 6.971182
122	 11	 11	 1	 11.365811	 -1	 0.000000	 7.443640
123	 11	 11	 1	 10.788374	 -1	 0.000000	 7.896466
124	 11	 11	 1	 4.008171	 -1	 0.000000	 7.339099
125	 11	 11	 1	 12.818957	 -1	 0.000000	 7.104070
126	 11	 11	 1	 14.754319	 -1	 0.000000	 7.670787
127	 11	 11	 1	 21.844860	 -1	 0.000000	 6.384715
128	 11	 11	 1	 39.912123	 -1	 0.000000	 6.621396
129	 11	 11	 1	 5.535986	 -1	 0.000000	 6.935354
130	 11	 11	 1	 10.389828	 -1	 0.000000	 7.682395
131	 11	 11	 1	 16.042286	 -1	 0.000000	 10.056108
132	 11	 11	 1	 21.662235	 -1	 0.000000	 6.998912
133	 11	 11	 0	 280.020973	 -1	 0.000000	 8.541656
134	 11	 11	 1	 14.297839	 -1	 0.000000	 6.957946
135	 11	 11	 1	 11.928508	 -1	 0.000000	 8.225875
136	 11	 11	 1	 16.326666	 -1	 0.000000	 7.152701
137	 11	 11	 1	 10.126324	 -1	 0.000000	 6.914548
138	 11	 11	 1	 5.004778	 -1	 0.000000	 7.371560
139	 11	 11	 1	 16.062894	 -1	 0.000000	 7.454979
146	 11	 11	 1	 11.609037	 -1	 0.000000	 7.990734
147	 11	 11	 1	 24.712803	 -1	 0.000000	 9.002898
>>> gr_fir_ccf: using E
>>> gr_fir_fff: using E
gr_buffer::allocate_buffer: warning: tried to allocate
   47 items of size 1392. Due to alignment requirements
   256 were allocated.  If this isn't OK, consider padding
   your structure to a power-of-two bytes.
   On this platform, our allocation granularity is 4096 bytes.
160	 11	 11	 1	 18.889081	 -1	 0.000000	 6.847142
161	 11	 11	 1	 15.348169	 -1	 0.000000	 7.084249
162	 11	 11	 1	 6.193772	 -1	 0.000000	 8.515576
163	 11	 11	 1	 12.640544	 -1	 0.000000	 8.133708
164	 11	 11	 1	 19.692186	 -1	 0.000000	 6.523220
165	 11	 11	 1	 11.676233	 -1	 0.000000	 8.488873
166	 11	 11	 1	 8.167793	 -1	 0.000000	 8.473422
167	 11	 11	 1	 39.973485	 -1	 0.000000	 7.254602
168	 11	 11	 1	 4.674884	 -1	 0.000000	 7.535249
169	 11	 11	 1	 13.463692	 -1	 0.000000	 8.819955
170	 11	 11	 0	 352.951347	 -1	 0.000000	 8.311078
171	 11	 11	 1	 22.563300	 -1	 0.000000	 6.484484
172	 11	 11	 1	 12.743059	 -1	 0.000000	 7.682179
173	 11	 11	 1	 20.982481	 -1	 0.000000	 8.812366
174	 11	 11	 0	 439.953280	 -1	 0.000000	 6.932646
175	 11	 11	 1	 197.550489	 -1	 0.000000	 6.993371
176	 11	 11	 1	 5.974398	 -1	 0.000000	 6.876976
177	 11	 11	 1	 19.918845	 -1	 0.000000	 6.232409
178	 11	 11	 1	 6.195246	 -1	 0.000000	 6.808499
179	 11	 11	 0	 406.980044	 -1	 0.000000	 6.532498
160	 10	 10	 1	 152.126225	 -1	 0.000000	 7.774926
161	 10	 10	 0	 427.504148	 -1	 0.000000	 6.992568
162	 10	 10	 1	 153.415593	 -1	 0.000000	 7.169811
163	 10	 10	 1	 171.176479	 -1	 0.000000	 6.650284
164	 10	 10	 1	 176.092146	 -1	 0.000000	 6.490485
165	 10	 10	 0	 433.552735	 -1	 0.000000	 6.452693
166	 10	 10	 1	 158.541436	 -1	 0.000000	 7.091592
167	 10	 10	 0	 426.073194	 -1	 0.000000	 7.369756
168	 10	 10	 0	 416.219020	 -1	 0.000000	 6.901847
169	 10	 10	 1	 146.085248	 -1	 0.000000	 7.651093
170	 10	 10	 0	 409.198727	 -1	 0.000000	 7.262936
171	 10	 10	 1	 143.164513	 -1	 0.000000	 7.643988
172	 10	 10	 1	 107.447764	 -1	 0.000000	 8.812030
173	 10	 10	 1	 140.917611	 -1	 0.000000	 7.315361
174	 10	 10	 1	 108.063287	 -1	 0.000000	 10.756080
175	 10	 10	 1	 171.570351	 -1	 0.000000	 6.360791
187	 13	 13	 0	 396.170132	 -1	 0.000000	 8.945338
176	 10	 10	 1	 130.450245	 -1	 0.000000	 7.152953
177	 10	 10	 1	 148.936760	 -1	 0.000000	 7.185731
178	 10	 10	 0	 405.570226	 -1	 0.000000	 7.355420
179	 10	 10	 0	 408.765066	 -1	 0.000000	 6.698670
180	 10	 10	 1	 209.259643	 -1	 0.000000	 6.085098
181	 10	 10	 1	 127.219088	 -1	 0.000000	 7.031993
182	 10	 10	 0	 386.719962	 -1	 0.000000	 7.929116
183	 10	 10	 1	 148.961201	 -1	 0.000000	 6.984964
184	 10	 10	 0	 413.865820	 -1	 0.000000	 7.446055
185	 10	 10	 1	 141.157868	 -1	 0.000000	 7.305599
186	 10	 10	 1	 134.933979	 -1	 0.000000	 7.201869
187	 10	 10	 0	 408.667934	 -1	 0.000000	 7.099095
188	 10	 10	 0	 410.253002	 -1	 0.000000	 7.444332
189	 10	 10	 1	 153.603495	 -1	 0.000000	 7.240950
190	 10	 10	 0	 412.944064	 -1	 0.000000	 6.953373
191	 10	 10	 1	 133.835593	 -1	 0.000000	 7.744967
192	 10	 10	 0	 396.855667	 -1	 0.000000	 8.069364
193	 10	 10	 1	 147.436176	 -1	 0.000000	 7.554578
194	 10	 10	 1	 167.114240	 -1	 0.000000	 6.329935
195	 10	 10	 0	 395.066504	 -1	 0.000000	 7.045622
196	 10	 10	 0	 413.089552	 -1	 0.000000	 7.754204
197	 10	 10	 1	 146.008774	 -1	 0.000000	 7.290801
198	 10	 10	 1	 148.208841	 -1	 0.000000	 7.033264
199	 10	 10	 1	 156.268649	 -1	 0.000000	 6.654514
200	 10	 10	 1	 187.642478	 -1	 0.000000	 6.418563
201	 10	 10	 1	 140.579799	 -1	 0.000000	 7.197769
202	 10	 10	 0	 443.486097	 -1	 0.000000	 7.319669
203	 10	 10	 1	 151.502316	 -1	 0.000000	 7.326710
204	 10	 10	 0	 410.018722	 -1	 0.000000	 7.135234
205	 10	 10	 1	 138.679056	 -1	 0.000000	 7.622996
206	 10	 10	 0	 389.885772	 -1	 0.000000	 9.081423
207	 10	 10	 1	 138.291889	 -1	 0.000000	 7.230004
208	 10	 10	 1	 140.374989	 -1	 0.000000	 7.232218
209	 10	 10	 0	 393.176366	 -1	 0.000000	 7.773530
210	 10	 10	 1	 174.577607	 -1	 0.000000	 6.859355
211	 10	 10	 0	 391.873102	 -1	 0.000000	 7.563225
212	 10	 10	 1	 185.504439	 -1	 0.000000	 6.658744
213	 10	 10	 0	 413.215148	 -1	 0.000000	 7.517315
214	 10	 10	 0	 407.435872	 -1	 0.000000	 7.471070
215	 10	 10	 1	 127.048001	 -1	 0.000000	 7.684326
216	 10	 10	 1	 168.260000	 -1	 0.000000	 6.594334
217	 10	 10	 1	 131.064866	 -1	 0.000000	 8.137037
218	 10	 10	 0	 412.931885	 -1	 0.000000	 7.727952
220	 10	 10	 1	 188.653040	 -1	 0.000000	 6.818027
221	 10	 10	 0	 432.025646	 -1	 0.000000	 7.521590
222	 10	 10	 0	 427.703831	 -1	 0.000000	 6.819763
224	 10	 10	 1	 118.667212	 -1	 0.000000	 8.610366
225	 10	 10	 1	 193.019015	 -1	 0.000000	 6.395958
226	 10	 10	 1	 174.280775	 -1	 0.000000	 6.577012
227	 10	 10	 0	 420.531356	 -1	 0.000000	 6.600688
228	 10	 10	 1	 190.107072	 -1	 0.000000	 6.408881
229	 10	 10	 1	 141.977356	 -1	 0.000000	 6.959077
230	 10	 10	 0	 412.558748	 -1	 0.000000	 7.937929
231	 10	 10	 1	 117.282021	 -1	 0.000000	 7.924698
232	 10	 10	 0	 416.170626	 -1	 0.000000	 7.775243
233	 10	 10	 1	 115.514590	 -1	 0.000000	 7.991964
234	 10	 10	 1	 142.156995	 -1	 0.000000	 7.354108
235	 10	 10	 0	 405.694684	 -1	 0.000000	 8.909756
236	 10	 10	 0	 431.184917	 -1	 0.000000	 9.028130
237	 10	 10	 0	 425.197842	 -1	 0.000000	 8.488097
238	 10	 10	 1	 147.525322	 -1	 0.000000	 6.817902
239	 10	 10	 0	 415.828386	 -1	 0.000000	 7.678814
240	 10	 10	 1	 131.067072	 -1	 0.000000	 7.469268
241	 10	 10	 1	 140.379470	 -1	 0.000000	 8.213272
242	 10	 10	 0	 399.397735	 -1	 0.000000	 7.679617
243	 10	 10	 0	 437.264494	 -1	 0.000000	 7.490990
244	 10	 10	 1	 160.478966	 -1	 0.000000	 6.709627
245	 10	 10	 1	 182.392432	 -1	 0.000000	 6.702804
246	 10	 10	 1	 129.706958	 -1	 0.000000	 7.524027
247	 10	 10	 1	 174.591055	 -1	 0.000000	 6.573058
248	 10	 10	 1	 148.862039	 -1	 0.000000	 7.194795
249	 10	 10	 1	 222.279074	 -1	 0.000000	 6.471292
250	 10	 10	 0	 422.503841	 -1	 0.000000	 6.935598
251	 10	 10	 1	 204.304766	 -1	 0.000000	 6.084427
252	 10	 10	 0	 413.349320	 -1	 0.000000	 7.004056
254	 10	 10	 1	 187.117000	 -1	 0.000000	 6.011353
255	 10	 10	 1	 208.853745	 -1	 0.000000	 6.137643
256	 10	 10	 1	 137.754717	 -1	 0.000000	 6.970507
257	 10	 10	 1	 178.200445	 -1	 0.000000	 6.817301
258	 10	 10	 0	 408.323875	 -1	 0.000000	 7.546195
259	 10	 10	 0	 395.754469	 -1	 0.000000	 7.631679
260	 10	 10	 1	 117.626239	 -1	 0.000000	 7.861835
261	 10	 10	 1	 130.925110	 -1	 0.000000	 8.260130
263	 10	 10	 1	 142.591936	 -1	 0.000000	 7.345884
264	 10	 10	 1	 150.231004	 -1	 0.000000	 7.366205
265	 10	 10	 1	 169.171415	 -1	 0.000000	 6.813955
266	 10	 10	 1	 155.755217	 -1	 0.000000	 6.892411
267	 10	 10	 1	 107.072950	 -1	 0.000000	 8.718097
268	 10	 10	 1	 120.508020	 -1	 0.000000	 8.062951
269	 10	 10	 1	 130.911988	 -1	 0.000000	 7.398445
270	 10	 10	 1	 244.119263	 -1	 0.000000	 5.844324
271	 10	 10	 1	 136.560593	 -1	 0.000000	 7.934629
272	 10	 10	 1	 156.030579	 -1	 0.000000	 7.277430
274	 10	 10	 1	 131.609673	 -1	 0.000000	 6.978551
275	 10	 10	 1	 111.177857	 -1	 0.000000	 8.949033
278	 10	 10	 0	 405.319667	 -1	 0.000000	 7.579076
279	 10	 10	 0	 404.730843	 -1	 0.000000	 7.178962
280	 10	 10	 1	 127.144305	 -1	 0.000000	 8.373178
281	 10	 10	 1	 126.044031	 -1	 0.000000	 7.269965
282	 10	 10	 1	 178.979725	 -1	 0.000000	 6.827584
283	 10	 10	 1	 174.108624	 -1	 0.000000	 6.983205
3092	 10	 10	 0	 476.936352	 -1	 0.000000	 8.835135
2375	 10	 10	 0	 471.837294	 -1	 0.000000	 7.539379
285	 10	 10	 0	 406.098519	 -1	 0.000000	 7.386714
286	 10	 10	 1	 150.585066	 -1	 0.000000	 6.999085
287	 10	 10	 0	 412.548988	 -1	 0.000000	 7.459503
>>> gr_fir_ccf: using E
>>> gr_fir_fff: using E
terminate called after throwing an instance of 'std::invalid_argument'
  what():  gr_ofdm_demod: Incorrect subcarriers allocated
