100	 15	 15	 1	 0.000035	 -1	 0.000000	 10.706573
101	 15	 15	 1	 0.000070	 -1	 0.000000	 6.953294
102	 15	 15	 1	 0.000033	 -1	 0.000000	 12.316510
103	 15	 15	 1	 0.000028	 -1	 0.000000	 10.215199
104	 15	 15	 1	 0.000026	 -1	 0.000000	 7.366327
105	 15	 15	 1	 0.000054	 -1	 0.000000	 12.905821
106	 15	 15	 1	 0.000064	 -1	 0.000000	 8.857463
107	 15	 15	 0	 169.720644	 -1	 0.000000	 6.460645
108	 15	 15	 1	 0.000064	 -1	 0.000000	 7.641811
109	 15	 15	 1	 0.000057	 -1	 0.000000	 11.702186
110	 15	 15	 1	 0.000046	 -1	 0.000000	 7.643162
111	 15	 15	 1	 0.000053	 -1	 0.000000	 9.944118
112	 15	 15	 1	 0.000035	 -1	 0.000000	 8.182541
113	 15	 15	 1	 0.000043	 -1	 0.000000	 10.670958
114	 15	 15	 1	 0.000057	 -1	 0.000000	 12.937088
115	 15	 15	 1	 0.000061	 -1	 0.000000	 8.595656
116	 15	 15	 1	 0.000077	 -1	 0.000000	 7.594338
117	 15	 15	 1	 0.000047	 -1	 0.000000	 18.911077
118	 15	 15	 1	 0.000051	 -1	 0.000000	 8.645301
119	 15	 15	 1	 0.000049	 -1	 0.000000	 9.917359
120	 15	 15	 1	 0.000062	 -1	 0.000000	 8.444831
121	 15	 15	 1	 0.000048	 -1	 0.000000	 8.843527
122	 15	 15	 1	 0.000060	 -1	 0.000000	 10.311038
123	 15	 15	 1	 0.000054	 -1	 0.000000	 10.322188
124	 15	 15	 1	 0.000049	 -1	 0.000000	 10.054111
125	 15	 15	 1	 0.000061	 -1	 0.000000	 11.429162
126	 15	 15	 1	 0.000049	 -1	 0.000000	 12.072325
127	 15	 15	 1	 0.000062	 -1	 0.000000	 9.366586
128	 15	 15	 1	 0.000043	 -1	 0.000000	 10.659544
129	 15	 15	 1	 0.000049	 -1	 0.000000	 11.217955
130	 15	 15	 1	 0.000044	 -1	 0.000000	 9.459394
131	 15	 15	 1	 0.000019	 -1	 0.000000	 9.217868
132	 15	 15	 1	 0.000044	 -1	 0.000000	 8.037564
133	 15	 15	 1	 0.000045	 -1	 0.000000	 10.138017
134	 15	 15	 1	 0.000057	 -1	 0.000000	 12.424874
135	 15	 15	 1	 0.000059	 -1	 0.000000	 14.913491
136	 15	 15	 1	 0.000042	 -1	 0.000000	 18.554949
137	 15	 15	 1	 0.000050	 -1	 0.000000	 7.762591
138	 15	 15	 1	 0.000044	 -1	 0.000000	 9.123345
139	 15	 15	 1	 0.000044	 -1	 0.000000	 10.643627
140	 15	 15	 1	 0.000043	 -1	 0.000000	 11.646017
141	 15	 15	 1	 0.000042	 -1	 0.000000	 9.250663
142	 15	 15	 1	 0.000057	 -1	 0.000000	 8.760755
143	 15	 15	 1	 0.000048	 -1	 0.000000	 10.863268
144	 15	 15	 1	 0.000052	 -1	 0.000000	 8.076313
145	 15	 15	 1	 0.000046	 -1	 0.000000	 13.081593
146	 15	 15	 1	 0.000055	 -1	 0.000000	 8.311740
147	 15	 15	 1	 0.000054	 -1	 0.000000	 10.166383
148	 15	 15	 1	 0.000039	 -1	 0.000000	 9.548034
149	 15	 15	 1	 0.000066	 -1	 0.000000	 8.132392
150	 15	 15	 1	 0.000047	 -1	 0.000000	 8.444860
151	 15	 15	 1	 0.000041	 -1	 0.000000	 12.395367
152	 15	 15	 1	 0.000050	 -1	 0.000000	 10.150323
153	 15	 15	 1	 0.000053	 -1	 0.000000	 7.532948
154	 15	 15	 1	 0.000051	 -1	 0.000000	 9.134254
155	 15	 15	 1	 0.000050	 -1	 0.000000	 8.064197
156	 15	 15	 1	 0.000045	 -1	 0.000000	 8.460208
157	 15	 15	 1	 0.000066	 -1	 0.000000	 9.975414
158	 15	 15	 1	 0.000055	 -1	 0.000000	 13.607351
159	 15	 15	 1	 0.000047	 -1	 0.000000	 15.582778
160	 15	 15	 1	 0.000034	 -1	 0.000000	 18.710993
161	 15	 15	 1	 0.000058	 -1	 0.000000	 11.900294
162	 15	 15	 1	 0.000039	 -1	 0.000000	 7.916837
163	 15	 15	 1	 0.000043	 -1	 0.000000	 9.479067
164	 15	 15	 1	 0.000073	 -1	 0.000000	 10.012340
165	 15	 15	 1	 0.000047	 -1	 0.000000	 7.842330
166	 15	 15	 1	 0.000044	 -1	 0.000000	 7.601213
3720	 15	 15	 0	 392.622265	 -1	 0.000000	 5.052314
167	 15	 15	 1	 0.000055	 -1	 0.000000	 11.431434
168	 15	 15	 1	 0.000048	 -1	 0.000000	 16.538324
169	 15	 15	 1	 0.000047	 -1	 0.000000	 8.140705
170	 15	 15	 1	 0.000046	 -1	 0.000000	 10.490883
171	 15	 15	 1	 0.000047	 -1	 0.000000	 9.975934
172	 15	 15	 1	 0.000050	 -1	 0.000000	 8.963263
173	 15	 15	 1	 0.000042	 -1	 0.000000	 9.374841
174	 15	 15	 1	 0.000044	 -1	 0.000000	 9.667899
175	 15	 15	 1	 0.000042	 -1	 0.000000	 8.122005
176	 15	 15	 1	 0.000058	 -1	 0.000000	 13.198618
177	 15	 15	 1	 0.000037	 -1	 0.000000	 10.006380
178	 15	 15	 1	 0.000054	 -1	 0.000000	 11.099633
179	 15	 15	 1	 0.000041	 -1	 0.000000	 9.336784
180	 15	 15	 1	 0.000047	 -1	 0.000000	 8.489777
181	 15	 15	 1	 0.000051	 -1	 0.000000	 8.344993
182	 15	 15	 1	 0.000053	 -1	 0.000000	 7.754758
183	 15	 15	 1	 0.000057	 -1	 0.000000	 13.153037
184	 15	 15	 1	 0.000041	 -1	 0.000000	 11.927682
185	 15	 15	 1	 0.000049	 -1	 0.000000	 8.595401
186	 15	 15	 1	 0.000040	 -1	 0.000000	 13.139878
187	 15	 15	 1	 0.000041	 -1	 0.000000	 8.671187
188	 15	 15	 1	 0.000051	 -1	 0.000000	 8.347556
189	 15	 15	 1	 0.000037	 -1	 0.000000	 10.189079
190	 15	 15	 1	 0.000049	 -1	 0.000000	 9.128194
191	 15	 15	 1	 0.000038	 -1	 0.000000	 12.529375
192	 15	 15	 1	 0.007810	 -1	 0.000000	 9.317222
193	 15	 15	 1	 0.000071	 -1	 0.000000	 8.932454
194	 15	 15	 1	 0.000048	 -1	 0.000000	 7.948540
195	 15	 15	 1	 0.000038	 -1	 0.000000	 8.477826
196	 15	 15	 1	 0.000045	 -1	 0.000000	 9.390676
197	 15	 15	 0	 276.485529	 -1	 0.000000	 7.143266
100	 5	 5	 1	 0.005028	 -1	 0.000000	 10.036722
101	 5	 5	 1	 0.002940	 -1	 0.000000	 9.629270
102	 5	 5	 1	 0.003866	 -1	 0.000000	 8.896347
103	 5	 5	 1	 0.004007	 -1	 0.000000	 10.444361
104	 5	 5	 1	 0.003965	 -1	 0.000000	 13.549919
105	 5	 5	 1	 0.006015	 -1	 0.000000	 8.695444
106	 5	 5	 1	 0.003678	 -1	 0.000000	 10.565049
107	 5	 5	 1	 0.004220	 -1	 0.000000	 8.320172
108	 5	 5	 1	 0.005010	 -1	 0.000000	 7.636196
110	 5	 5	 1	 0.006760	 -1	 0.000000	 11.895555
111	 5	 5	 1	 0.002898	 -1	 0.000000	 11.130857
112	 5	 5	 1	 0.003507	 -1	 0.000000	 8.432441
113	 5	 5	 1	 0.003572	 -1	 0.000000	 11.112735
114	 5	 5	 1	 0.004097	 -1	 0.000000	 15.744705
115	 5	 5	 1	 0.005260	 -1	 0.000000	 9.197584
116	 5	 5	 1	 0.003870	 -1	 0.000000	 8.831299
118	 5	 5	 1	 0.002909	 -1	 0.000000	 13.969294
119	 5	 5	 1	 0.005485	 -1	 0.000000	 10.318536
120	 5	 5	 1	 0.002950	 -1	 0.000000	 10.357082
121	 5	 5	 1	 0.005053	 -1	 0.000000	 9.765832
122	 5	 5	 1	 0.004978	 -1	 0.000000	 13.542124
123	 5	 5	 1	 0.004582	 -1	 0.000000	 9.094326
124	 5	 5	 1	 0.004035	 -1	 0.000000	 8.160071
125	 5	 5	 1	 0.004557	 -1	 0.000000	 7.387586
126	 5	 5	 1	 0.003508	 -1	 0.000000	 13.293536
127	 5	 5	 1	 0.003768	 -1	 0.000000	 10.025427
128	 5	 5	 1	 0.003971	 -1	 0.000000	 12.824817
129	 5	 5	 1	 0.004572	 -1	 0.000000	 11.712266
130	 5	 5	 1	 0.003216	 -1	 0.000000	 9.958215
132	 5	 5	 1	 0.004340	 -1	 0.000000	 8.133157
133	 5	 5	 1	 0.004847	 -1	 0.000000	 7.969491
135	 5	 5	 1	 0.003534	 -1	 0.000000	 9.737997
136	 5	 5	 1	 0.004301	 -1	 0.000000	 7.323658
137	 5	 5	 1	 0.005024	 -1	 0.000000	 9.685812
138	 5	 5	 1	 0.003387	 -1	 0.000000	 11.438351
139	 5	 5	 1	 0.002818	 -1	 0.000000	 9.433668
140	 5	 5	 1	 0.003303	 -1	 0.000000	 10.291153
141	 5	 5	 1	 0.003933	 -1	 0.000000	 11.796560
>>> gr_fir_ccf: using E
>>> gr_fir_fff: using E
gr_buffer::allocate_buffer: warning: tried to allocate
   47 items of size 1392. Due to alignment requirements
   256 were allocated.  If this isn't OK, consider padding
   your structure to a power-of-two bytes.
   On this platform, our allocation granularity is 4096 bytes.
100	 5	 5	 1	 0.004527	 -1	 0.000000	 9.381926
101	 5	 5	 1	 0.003059	 -1	 0.000000	 12.534732
102	 5	 5	 1	 0.003895	 -1	 0.000000	 10.304232
103	 5	 5	 1	 0.004838	 -1	 0.000000	 8.733280
104	 5	 5	 1	 0.006135	 -1	 0.000000	 9.399301
106	 5	 5	 1	 0.003662	 -1	 0.000000	 8.534256
107	 5	 5	 1	 0.003402	 -1	 0.000000	 12.371840
108	 5	 5	 1	 0.003462	 -1	 0.000000	 10.201050
109	 5	 5	 1	 0.005730	 -1	 0.000000	 8.972389
110	 5	 5	 1	 0.004440	 -1	 0.000000	 10.728371
111	 5	 5	 1	 0.004588	 -1	 0.000000	 8.297222
112	 5	 5	 1	 0.004965	 -1	 0.000000	 8.586436
113	 5	 5	 1	 0.004664	 -1	 0.000000	 7.367547
114	 5	 5	 1	 0.004965	 -1	 0.000000	 10.319628
115	 5	 5	 1	 0.004181	 -1	 0.000000	 12.532068
116	 5	 5	 1	 0.003129	 -1	 0.000000	 8.613386
117	 5	 5	 1	 0.003926	 -1	 0.000000	 19.411081
118	 5	 5	 1	 0.003441	 -1	 0.000000	 11.532452
119	 5	 5	 1	 0.004433	 -1	 0.000000	 11.727755
120	 5	 5	 1	 0.004300	 -1	 0.000000	 10.511331
121	 5	 5	 1	 0.003726	 -1	 0.000000	 9.462165
122	 5	 5	 1	 0.003603	 -1	 0.000000	 12.691732
123	 5	 5	 1	 0.003938	 -1	 0.000000	 9.848097
124	 5	 5	 1	 0.004841	 -1	 0.000000	 8.672372
125	 5	 5	 1	 0.003233	 -1	 0.000000	 9.551984
126	 5	 5	 1	 0.003564	 -1	 0.000000	 8.888158
127	 5	 5	 1	 0.002980	 -1	 0.000000	 8.587106
128	 5	 5	 1	 0.002991	 -1	 0.000000	 11.715989
129	 5	 5	 1	 0.005009	 -1	 0.000000	 9.128435
130	 5	 5	 0	 209.601118	 -1	 0.000000	 10.040124
131	 5	 5	 1	 0.004440	 -1	 0.000000	 9.551761
132	 5	 5	 1	 0.003498	 -1	 0.000000	 10.352288
133	 5	 5	 1	 0.003815	 -1	 0.000000	 10.108794
134	 5	 5	 1	 0.003533	 -1	 0.000000	 11.864050
135	 5	 5	 1	 0.004946	 -1	 0.000000	 8.782005
136	 5	 5	 1	 0.003571	 -1	 0.000000	 10.824190
137	 5	 5	 1	 0.004426	 -1	 0.000000	 9.402072
139	 5	 5	 1	 0.003974	 -1	 0.000000	 14.172894
140	 5	 5	 1	 0.003804	 -1	 0.000000	 8.931978
141	 5	 5	 1	 0.003614	 -1	 0.000000	 11.027477
142	 5	 5	 1	 0.003178	 -1	 0.000000	 9.013830
143	 5	 5	 1	 0.005815	 -1	 0.000000	 8.048031
144	 5	 5	 1	 0.003005	 -1	 0.000000	 12.875779
145	 5	 5	 1	 0.005158	 -1	 0.000000	 8.119069
146	 5	 5	 1	 0.004044	 -1	 0.000000	 7.806288
147	 5	 5	 1	 0.003313	 -1	 0.000000	 10.341901
148	 5	 5	 1	 0.003900	 -1	 0.000000	 16.736280
150	 5	 5	 1	 0.004822	 -1	 0.000000	 10.487475
151	 5	 5	 1	 0.005289	 -1	 0.000000	 10.963558
152	 5	 5	 1	 0.003730	 -1	 0.000000	 10.423368
153	 5	 5	 1	 0.004059	 -1	 0.000000	 9.891352
154	 5	 5	 1	 0.003040	 -1	 0.000000	 11.854746
156	 5	 5	 1	 0.003113	 -1	 0.000000	 9.932177
157	 5	 5	 1	 103.211544	 -1	 0.000000	 15.988526
158	 5	 5	 1	 0.002960	 -1	 0.000000	 9.350767
159	 5	 5	 1	 0.002919	 -1	 0.000000	 8.845922
160	 5	 5	 0	 322.663867	 -1	 0.000000	 9.879608
161	 5	 5	 1	 0.003909	 -1	 0.000000	 7.369810
162	 5	 5	 1	 0.005024	 -1	 0.000000	 10.008022
163	 5	 5	 1	 0.004155	 -1	 0.000000	 9.421692
164	 5	 5	 1	 0.003286	 -1	 0.000000	 9.949971
165	 5	 5	 1	 0.005364	 -1	 0.000000	 7.737534
166	 5	 5	 1	 0.002977	 -1	 0.000000	 8.926405
167	 5	 5	 1	 0.003854	 -1	 0.000000	 8.910295
168	 5	 5	 1	 0.005329	 -1	 0.000000	 8.349846
1603	 9	 9	 0	 444.144646	 -1	 0.000000	 11.615467
169	 5	 5	 1	 0.004744	 -1	 0.000000	 10.027544
170	 5	 5	 1	 0.004670	 -1	 0.000000	 10.474543
171	 5	 5	 1	 0.003982	 -1	 0.000000	 9.425916
172	 5	 5	 1	 0.004208	 -1	 0.000000	 9.336040
173	 5	 5	 1	 0.004496	 -1	 0.000000	 7.984367
174	 5	 5	 1	 0.004329	 -1	 0.000000	 9.544062
175	 5	 5	 1	 0.004656	 -1	 0.000000	 9.265944
176	 5	 5	 1	 0.003311	 -1	 0.000000	 8.874619
177	 5	 5	 1	 0.003263	 -1	 0.000000	 17.425785
178	 5	 5	 1	 0.002942	 -1	 0.000000	 9.317749
179	 5	 5	 1	 0.004699	 -1	 0.000000	 10.767190
180	 5	 5	 1	 0.004647	 -1	 0.000000	 8.586706
181	 5	 5	 1	 0.004439	 -1	 0.000000	 8.189939
182	 5	 5	 1	 0.004076	 -1	 0.000000	 8.651035
183	 5	 5	 1	 0.003312	 -1	 0.000000	 16.563967
184	 5	 5	 1	 0.003456	 -1	 0.000000	 8.825446
185	 5	 5	 1	 0.003773	 -1	 0.000000	 12.298711
186	 5	 5	 1	 0.005960	 -1	 0.000000	 11.953456
187	 5	 5	 1	 0.003676	 -1	 0.000000	 10.183142
188	 5	 5	 1	 0.002857	 -1	 0.000000	 8.573361
189	 5	 5	 1	 0.003962	 -1	 0.000000	 8.442368
191	 5	 5	 1	 9.095412	 -1	 0.000000	 10.255787
192	 5	 5	 1	 0.005931	 -1	 0.000000	 8.281791
193	 5	 5	 1	 0.004124	 -1	 0.000000	 11.419575
194	 5	 5	 1	 0.003573	 -1	 0.000000	 9.102475
195	 5	 5	 1	 0.002787	 -1	 0.000000	 10.527930
196	 5	 5	 1	 0.004301	 -1	 0.000000	 10.849136
197	 5	 5	 1	 0.002861	 -1	 0.000000	 14.120960
198	 5	 5	 1	 0.004141	 -1	 0.000000	 12.509290
199	 5	 5	 1	 0.005376	 -1	 0.000000	 14.474339
201	 5	 5	 1	 0.003328	 -1	 0.000000	 12.590122
202	 5	 5	 1	 0.003910	 -1	 0.000000	 7.686590
203	 5	 5	 1	 0.004507	 -1	 0.000000	 9.908903
204	 5	 5	 1	 0.004371	 -1	 0.000000	 9.947165
205	 5	 5	 1	 0.003263	 -1	 0.000000	 10.779871
206	 5	 5	 1	 0.003938	 -1	 0.000000	 16.715227
207	 5	 5	 1	 0.002782	 -1	 0.000000	 12.627065
208	 5	 5	 1	 0.005153	 -1	 0.000000	 9.993900
209	 5	 5	 1	 0.004377	 -1	 0.000000	 10.237411
210	 5	 5	 1	 0.004163	 -1	 0.000000	 11.056700
211	 5	 5	 1	 0.003684	 -1	 0.000000	 8.246693
212	 5	 5	 1	 0.002715	 -1	 0.000000	 9.280543
213	 5	 5	 1	 0.003686	 -1	 0.000000	 10.068390
214	 5	 5	 1	 0.003708	 -1	 0.000000	 9.284636
215	 5	 5	 1	 0.004848	 -1	 0.000000	 10.780322
216	 5	 5	 1	 0.003246	 -1	 0.000000	 11.528510
217	 5	 5	 1	 0.003632	 -1	 0.000000	 8.742139
218	 5	 5	 1	 0.004484	 -1	 0.000000	 6.977012
219	 5	 5	 1	 0.003640	 -1	 0.000000	 10.176998
220	 5	 5	 1	 0.004103	 -1	 0.000000	 8.457976
221	 5	 5	 1	 0.003700	 -1	 0.000000	 16.885889
222	 5	 5	 1	 0.003674	 -1	 0.000000	 8.405184
3683	 7	 7	 0	 413.547467	 -1	 0.000000	 6.417434
223	 5	 5	 1	 0.003687	 -1	 0.000000	 10.292095
224	 5	 5	 1	 0.003215	 -1	 0.000000	 12.502198
225	 5	 5	 1	 0.004399	 -1	 0.000000	 9.533931
227	 5	 5	 1	 0.003291	 -1	 0.000000	 8.386340
228	 5	 5	 1	 0.004031	 -1	 0.000000	 10.359991
229	 5	 5	 1	 0.003481	 -1	 0.000000	 9.216362
230	 5	 5	 1	 0.003797	 -1	 0.000000	 9.131967
231	 5	 5	 1	 0.006386	 -1	 0.000000	 10.127150
232	 5	 5	 1	 0.003783	 -1	 0.000000	 9.603300
233	 5	 5	 1	 0.009854	 -1	 0.000000	 7.941662
234	 5	 5	 1	 0.003307	 -1	 0.000000	 13.723285
235	 5	 5	 1	 0.003768	 -1	 0.000000	 8.860880
236	 5	 5	 1	 0.002923	 -1	 0.000000	 9.178812
237	 5	 5	 1	 0.003667	 -1	 0.000000	 8.701759
238	 5	 5	 1	 0.004396	 -1	 0.000000	 7.269122
239	 5	 5	 1	 0.003894	 -1	 0.000000	 20.681908
240	 5	 5	 1	 0.003878	 -1	 0.000000	 10.080601
241	 5	 5	 1	 0.003416	 -1	 0.000000	 8.250413
242	 5	 5	 1	 0.006396	 -1	 0.000000	 8.478757
243	 5	 5	 1	 0.004544	 -1	 0.000000	 10.570333
244	 5	 5	 1	 0.004920	 -1	 0.000000	 9.432936
245	 5	 5	 1	 0.003958	 -1	 0.000000	 10.720500
246	 5	 5	 1	 0.003452	 -1	 0.000000	 9.824548
247	 5	 5	 1	 0.003291	 -1	 0.000000	 10.559384
248	 5	 5	 1	 0.003341	 -1	 0.000000	 8.721740
249	 5	 5	 1	 0.005617	 -1	 0.000000	 9.054883
250	 5	 5	 1	 0.003740	 -1	 0.000000	 11.360163
251	 5	 5	 0	 386.521951	 -1	 0.000000	 6.200241
252	 5	 5	 1	 0.004260	 -1	 0.000000	 7.982854
280	 5	 5	 1	 0.002893	 -1	 0.000000	 13.535956
281	 5	 5	 1	 0.004342	 -1	 0.000000	 8.932317
282	 5	 5	 1	 0.003295	 -1	 0.000000	 8.836628
283	 5	 5	 1	 0.004158	 -1	 0.000000	 9.501782
284	 5	 5	 1	 0.003612	 -1	 0.000000	 9.019313
285	 5	 5	 1	 0.003828	 -1	 0.000000	 8.246892
286	 5	 5	 1	 0.004350	 -1	 0.000000	 15.273163
287	 5	 5	 1	 0.004548	 -1	 0.000000	 9.291709
288	 5	 5	 1	 0.003597	 -1	 0.000000	 11.717983
289	 5	 5	 1	 0.002746	 -1	 0.000000	 11.066484
290	 5	 5	 1	 0.002795	 -1	 0.000000	 9.198085
291	 5	 5	 1	 0.003361	 -1	 0.000000	 11.040733
292	 5	 5	 1	 0.004444	 -1	 0.000000	 8.580765
293	 5	 5	 1	 0.003134	 -1	 0.000000	 10.650859
294	 5	 5	 1	 0.004530	 -1	 0.000000	 7.289673
295	 5	 5	 1	 0.003762	 -1	 0.000000	 8.430635
296	 5	 5	 0	 277.622244	 -1	 0.000000	 7.876910
297	 5	 5	 1	 0.004593	 -1	 0.000000	 8.395163
300	 5	 5	 1	 0.004002	 -1	 0.000000	 8.843594
301	 5	 5	 1	 0.003276	 -1	 0.000000	 8.167933
302	 5	 5	 1	 0.005228	 -1	 0.000000	 15.219934
303	 5	 5	 1	 0.003004	 -1	 0.000000	 12.169890
304	 5	 5	 1	 0.003327	 -1	 0.000000	 12.919193
305	 5	 5	 1	 0.003921	 -1	 0.000000	 8.896701
306	 5	 5	 1	 0.004815	 -1	 0.000000	 15.029958
307	 5	 5	 1	 0.004067	 -1	 0.000000	 8.241838
308	 5	 5	 1	 0.003317	 -1	 0.000000	 14.406924
309	 5	 5	 1	 0.003335	 -1	 0.000000	 10.985434
310	 5	 5	 1	 0.003894	 -1	 0.000000	 7.426276
317	 5	 5	 1	 0.003835	 -1	 0.000000	 9.151238
318	 5	 5	 1	 0.004396	 -1	 0.000000	 15.041813
319	 5	 5	 1	 0.003325	 -1	 0.000000	 10.631169
326	 5	 5	 1	 0.004173	 -1	 0.000000	 10.224922
327	 5	 5	 1	 0.002519	 -1	 0.000000	 9.850182
328	 5	 5	 1	 0.003399	 -1	 0.000000	 15.938243
329	 5	 5	 1	 0.003051	 -1	 0.000000	 12.437248
330	 5	 5	 1	 0.005681	 -1	 0.000000	 8.768168
331	 5	 5	 1	 0.004667	 -1	 0.000000	 9.083788
332	 5	 5	 1	 0.002705	 -1	 0.000000	 13.154732
333	 5	 5	 1	 0.004782	 -1	 0.000000	 10.204820
334	 5	 5	 1	 0.005039	 -1	 0.000000	 8.999053
335	 5	 5	 1	 0.003062	 -1	 0.000000	 12.268045
336	 5	 5	 1	 0.003640	 -1	 0.000000	 13.495633
337	 5	 5	 1	 0.004577	 -1	 0.000000	 11.267954
338	 5	 5	 1	 0.004737	 -1	 0.000000	 7.224641
339	 5	 5	 1	 0.003223	 -1	 0.000000	 10.986172
340	 5	 5	 1	 0.003736	 -1	 0.000000	 10.481829
341	 5	 5	 1	 0.003719	 -1	 0.000000	 11.624473
342	 5	 5	 1	 0.003391	 -1	 0.000000	 12.042829
343	 5	 5	 1	 0.003595	 -1	 0.000000	 9.815066
344	 5	 5	 1	 0.003575	 -1	 0.000000	 12.622517
345	 5	 5	 1	 0.004393	 -1	 0.000000	 10.086459
346	 5	 5	 1	 0.002826	 -1	 0.000000	 11.226237
347	 5	 5	 1	 0.004219	 -1	 0.000000	 9.693968
350	 5	 5	 1	 0.004767	 -1	 0.000000	 10.231005
351	 5	 5	 1	 0.003236	 -1	 0.000000	 8.503834
352	 5	 5	 1	 0.005285	 -1	 0.000000	 9.636701
353	 5	 5	 1	 0.004295	 -1	 0.000000	 10.390613
354	 5	 5	 1	 0.003312	 -1	 0.000000	 11.395144
355	 5	 5	 1	 0.005575	 -1	 0.000000	 10.203660
356	 5	 5	 1	 0.003230	 -1	 0.000000	 14.698586
357	 5	 5	 1	 0.003437	 -1	 0.000000	 13.314859
358	 5	 5	 1	 0.003270	 -1	 0.000000	 10.868412
359	 5	 5	 1	 0.003644	 -1	 0.000000	 9.125536
323	 5	 5	 0	 429.320216	 -1	 0.000000	 9.783802
360	 5	 5	 1	 0.003863	 -1	 0.000000	 9.345015
361	 5	 5	 1	 0.002790	 -1	 0.000000	 10.602945
362	 5	 5	 1	 0.003749	 -1	 0.000000	 9.552000
363	 5	 5	 1	 0.003358	 -1	 0.000000	 10.607507
364	 5	 5	 1	 0.006516	 -1	 0.000000	 8.509241
365	 5	 5	 0	 134.295695	 -1	 0.000000	 9.279587
366	 5	 5	 1	 0.003500	 -1	 0.000000	 11.813844
367	 5	 5	 1	 0.004394	 -1	 0.000000	 10.799997
368	 5	 5	 1	 0.003575	 -1	 0.000000	 7.388012
369	 5	 5	 1	 0.004949	 -1	 0.000000	 11.370457
371	 5	 5	 1	 0.003134	 -1	 0.000000	 12.815926
372	 5	 5	 1	 0.003337	 -1	 0.000000	 12.866890
373	 5	 5	 1	 0.004623	 -1	 0.000000	 10.999057
374	 5	 5	 1	 0.006074	 -1	 0.000000	 12.326303
375	 5	 5	 1	 0.004275	 -1	 0.000000	 10.158427
376	 5	 5	 1	 0.004192	 -1	 0.000000	 13.158030
377	 5	 5	 1	 0.003446	 -1	 0.000000	 11.480563
378	 5	 5	 1	 0.004130	 -1	 0.000000	 10.868245
379	 5	 5	 1	 0.004604	 -1	 0.000000	 11.723383
380	 5	 5	 1	 0.003577	 -1	 0.000000	 12.021791
381	 5	 5	 1	 0.003408	 -1	 0.000000	 11.831472
382	 5	 5	 0	 260.062751	 -1	 0.000000	 9.809174
383	 5	 5	 1	 0.003609	 -1	 0.000000	 8.244402
384	 5	 5	 1	 0.002860	 -1	 0.000000	 10.873802
385	 5	 5	 1	 0.003744	 -1	 0.000000	 7.503294
387	 5	 5	 1	 0.004135	 -1	 0.000000	 7.415846
388	 5	 5	 1	 0.004549	 -1	 0.000000	 7.535371
389	 5	 5	 1	 0.003374	 -1	 0.000000	 20.712191
390	 5	 5	 1	 0.003452	 -1	 0.000000	 11.899797
391	 5	 5	 1	 0.002905	 -1	 0.000000	 8.531524
392	 5	 5	 1	 0.003802	 -1	 0.000000	 11.507580
393	 5	 5	 1	 0.003546	 -1	 0.000000	 10.874290
394	 5	 5	 1	 0.003113	 -1	 0.000000	 9.468294
395	 5	 5	 1	 0.003799	 -1	 0.000000	 9.185257
396	 5	 5	 1	 0.004444	 -1	 0.000000	 15.121057
397	 5	 5	 1	 0.002850	 -1	 0.000000	 7.750830
400	 5	 5	 1	 0.005505	 -1	 0.000000	 8.697505
401	 5	 5	 1	 0.003721	 -1	 0.000000	 7.111412
402	 5	 5	 1	 0.005055	 -1	 0.000000	 11.827318
403	 5	 5	 1	 0.003232	 -1	 0.000000	 11.824775
404	 5	 5	 1	 0.003610	 -1	 0.000000	 10.423843
405	 5	 5	 1	 0.004223	 -1	 0.000000	 11.776151
406	 5	 5	 1	 0.002911	 -1	 0.000000	 10.762517
407	 5	 5	 1	 0.005153	 -1	 0.000000	 10.995724
408	 5	 5	 1	 0.004029	 -1	 0.000000	 10.183684
409	 5	 5	 1	 0.003274	 -1	 0.000000	 7.956707
410	 5	 5	 1	 0.003924	 -1	 0.000000	 8.054052
411	 5	 5	 1	 0.003448	 -1	 0.000000	 9.291757
417	 5	 5	 1	 0.005311	 -1	 0.000000	 11.239921
419	 5	 5	 1	 0.003489	 -1	 0.000000	 11.437920
425	 5	 5	 1	 0.003422	 -1	 0.000000	 11.125939
426	 5	 5	 1	 0.005710	 -1	 0.000000	 8.206369
427	 5	 5	 1	 0.003392	 -1	 0.000000	 9.687129
428	 5	 5	 1	 0.003206	 -1	 0.000000	 8.622045
429	 5	 5	 1	 0.005387	 -1	 0.000000	 7.913174
430	 5	 5	 1	 0.003088	 -1	 0.000000	 11.293636
431	 5	 5	 1	 0.003963	 -1	 0.000000	 9.838955
432	 5	 5	 1	 0.003252	 -1	 0.000000	 10.690103
433	 5	 5	 1	 0.003544	 -1	 0.000000	 10.759291
434	 5	 5	 1	 0.004073	 -1	 0.000000	 17.811893
435	 5	 5	 1	 0.002875	 -1	 0.000000	 8.160978
437	 5	 5	 1	 0.004780	 -1	 0.000000	 7.517701
438	 5	 5	 1	 0.004383	 -1	 0.000000	 12.905422
439	 5	 5	 1	 0.004688	 -1	 0.000000	 8.303722
440	 5	 5	 1	 0.003953	 -1	 0.000000	 10.463758
441	 5	 5	 1	 0.004004	 -1	 0.000000	 12.034291
442	 5	 5	 1	 0.003533	 -1	 0.000000	 10.140125
443	 5	 5	 1	 0.003459	 -1	 0.000000	 9.377365
444	 5	 5	 1	 0.004913	 -1	 0.000000	 9.116570
445	 5	 5	 1	 0.003627	 -1	 0.000000	 8.517083
446	 5	 5	 1	 0.003359	 -1	 0.000000	 9.416665
447	 5	 5	 1	 0.002785	 -1	 0.000000	 10.414137
448	 5	 5	 1	 0.003096	 -1	 0.000000	 10.595501
449	 5	 5	 1	 0.004162	 -1	 0.000000	 10.637889
450	 5	 5	 0	 260.941289	 -1	 0.000000	 7.198280
451	 5	 5	 1	 0.006190	 -1	 0.000000	 8.342805
452	 5	 5	 1	 0.003229	 -1	 0.000000	 11.582690
453	 5	 5	 1	 0.003771	 -1	 0.000000	 8.948083
454	 5	 5	 1	 0.003999	 -1	 0.000000	 10.880730
455	 5	 5	 1	 0.005337	 -1	 0.000000	 7.648213
456	 5	 5	 1	 0.004109	 -1	 0.000000	 12.039980
457	 5	 5	 1	 0.003668	 -1	 0.000000	 10.459984
458	 5	 5	 1	 0.002976	 -1	 0.000000	 9.572221
459	 5	 5	 1	 0.003257	 -1	 0.000000	 11.397703
460	 5	 5	 1	 0.006384	 -1	 0.000000	 15.448114
461	 5	 5	 1	 0.007623	 -1	 0.000000	 7.840570
462	 5	 5	 1	 0.003116	 -1	 0.000000	 15.853362
463	 5	 5	 1	 0.003785	 -1	 0.000000	 12.193957
464	 5	 5	 1	 0.003379	 -1	 0.000000	 10.741515
465	 5	 5	 1	 0.003546	 -1	 0.000000	 16.139004
466	 5	 5	 1	 0.003999	 -1	 0.000000	 9.983918
467	 5	 5	 1	 0.004585	 -1	 0.000000	 7.921854
468	 5	 5	 0	 233.420338	 -1	 0.000000	 7.390925
469	 5	 5	 1	 0.004992	 -1	 0.000000	 11.609971
470	 5	 5	 1	 0.004848	 -1	 0.000000	 10.301630
471	 5	 5	 1	 0.005189	 -1	 0.000000	 7.948093
472	 5	 5	 1	 0.004224	 -1	 0.000000	 9.853825
473	 5	 5	 1	 0.004051	 -1	 0.000000	 13.753047
474	 5	 5	 1	 0.004825	 -1	 0.000000	 8.389123
475	 5	 5	 1	 0.003925	 -1	 0.000000	 10.396431
476	 5	 5	 1	 0.002906	 -1	 0.000000	 14.212687
477	 5	 5	 1	 0.003515	 -1	 0.000000	 7.915925
478	 5	 5	 1	 0.003327	 -1	 0.000000	 7.339836
479	 5	 5	 1	 0.003313	 -1	 0.000000	 14.764130
480	 5	 5	 1	 0.003636	 -1	 0.000000	 9.969883
481	 5	 5	 1	 0.002982	 -1	 0.000000	 9.514890
482	 5	 5	 1	 0.003677	 -1	 0.000000	 8.813082
483	 5	 5	 1	 0.003050	 -1	 0.000000	 10.058681
484	 5	 5	 1	 0.004287	 -1	 0.000000	 12.691062
485	 5	 5	 1	 0.003468	 -1	 0.000000	 9.510440
486	 5	 5	 1	 0.003054	 -1	 0.000000	 9.934852
487	 5	 5	 1	 0.003250	 -1	 0.000000	 9.510356
488	 5	 5	 1	 0.003086	 -1	 0.000000	 14.281679
489	 5	 5	 1	 0.004424	 -1	 0.000000	 12.526371
490	 5	 5	 1	 0.004214	 -1	 0.000000	 9.492027
491	 5	 5	 1	 0.005374	 -1	 0.000000	 11.336191
492	 5	 5	 1	 0.004894	 -1	 0.000000	 13.304317
493	 5	 5	 1	 0.004606	 -1	 0.000000	 9.435559
3840	 9	 9	 0	 459.490651	 -1	 0.000000	 5.265361
494	 5	 5	 1	 0.003973	 -1	 0.000000	 14.495063
495	 5	 5	 1	 0.003487	 -1	 0.000000	 9.389305
496	 5	 5	 1	 0.004221	 -1	 0.000000	 13.473583
0	 7	 7	 1	 0.035182	 -1	 0.000000	 10.437325
1	 7	 7	 1	 0.054713	 -1	 0.000000	 8.064163
2	 7	 7	 1	 0.041477	 -1	 0.000000	 8.655022
3	 7	 7	 0	 281.338349	 -1	 0.000000	 7.682143
4	 7	 7	 0	 409.592013	 -1	 0.000000	 8.101980
5	 7	 7	 1	 0.052636	 -1	 0.000000	 9.033901
6	 7	 7	 1	 0.064080	 -1	 0.000000	 14.667875
7	 7	 7	 1	 0.006841	 -1	 0.000000	 12.573281
8	 7	 7	 1	 8.073633	 -1	 0.000000	 12.469019
9	 7	 7	 1	 0.044321	 -1	 0.000000	 10.968636
10	 7	 7	 0	 405.450495	 -1	 0.000000	 9.329938
11	 7	 7	 1	 0.045391	 -1	 0.000000	 12.009671
12	 7	 7	 1	 0.052374	 -1	 0.000000	 8.964876
13	 7	 7	 0	 426.722391	 -1	 0.000000	 12.723594
14	 7	 7	 1	 0.035108	 -1	 0.000000	 13.086685
15	 7	 7	 1	 0.045274	 -1	 0.000000	 12.670286
16	 7	 7	 1	 0.043599	 -1	 0.000000	 10.922226
17	 7	 7	 1	 0.042613	 -1	 0.000000	 8.525023
20	 7	 7	 1	 0.047134	 -1	 0.000000	 10.862984
21	 7	 7	 1	 0.042191	 -1	 0.000000	 13.424244
22	 7	 7	 1	 0.046583	 -1	 0.000000	 8.401428
23	 7	 7	 1	 0.039387	 -1	 0.000000	 14.184838
24	 7	 7	 1	 0.051445	 -1	 0.000000	 10.561211
25	 7	 7	 1	 0.053135	 -1	 0.000000	 9.876676
26	 7	 7	 0	 495.682880	 -1	 0.000000	 10.108836
33	 7	 7	 1	 0.011963	 -1	 0.000000	 8.649776
34	 7	 7	 0	 333.999235	 -1	 0.000000	 6.908669
35	 7	 7	 0	 9.743799	 -1	 0.000000	 9.381116
36	 7	 7	 1	 0.042049	 -1	 0.000000	 13.801103
37	 7	 7	 0	 332.774629	 -1	 0.000000	 11.293585
38	 7	 7	 1	 0.038152	 -1	 0.000000	 11.187105
39	 7	 7	 1	 0.009584	 -1	 0.000000	 12.290884
41	 7	 7	 1	 0.037455	 -1	 0.000000	 12.948483
42	 7	 7	 1	 0.059619	 -1	 0.000000	 9.620535
43	 7	 7	 1	 0.039445	 -1	 0.000000	 9.915009
44	 7	 7	 1	 0.039362	 -1	 0.000000	 11.835068
45	 7	 7	 1	 0.046399	 -1	 0.000000	 25.875633
46	 7	 7	 1	 0.050896	 -1	 0.000000	 14.701206
47	 7	 7	 1	 0.074281	 -1	 0.000000	 13.915954
48	 7	 7	 0	 270.998541	 -1	 0.000000	 8.661349
49	 7	 7	 0	 10.537161	 -1	 0.000000	 10.086886
50	 7	 7	 0	 386.984181	 -1	 0.000000	 8.622167
51	 7	 7	 1	 0.045952	 -1	 0.000000	 10.474273
52	 7	 7	 1	 0.045102	 -1	 0.000000	 10.032825
53	 7	 7	 1	 0.053944	 -1	 0.000000	 9.726054
54	 7	 7	 1	 0.043210	 -1	 0.000000	 14.547771
55	 7	 7	 0	 380.185214	 -1	 0.000000	 7.914017
56	 7	 7	 1	 0.047579	 -1	 0.000000	 10.546305
57	 7	 7	 1	 0.047263	 -1	 0.000000	 10.195050
58	 7	 7	 1	 0.675545	 -1	 0.000000	 8.829363
59	 7	 7	 1	 0.039718	 -1	 0.000000	 9.916647
60	 7	 7	 1	 0.046969	 -1	 0.000000	 17.423445
61	 7	 7	 1	 0.048405	 -1	 0.000000	 9.886021
62	 7	 7	 1	 0.041453	 -1	 0.000000	 12.112627
63	 7	 7	 1	 0.051424	 -1	 0.000000	 9.458962
64	 7	 7	 1	 0.046651	 -1	 0.000000	 8.253439
65	 7	 7	 1	 0.051625	 -1	 0.000000	 15.135133
66	 7	 7	 1	 0.049001	 -1	 0.000000	 8.471545
67	 7	 7	 0	 417.162442	 -1	 0.000000	 6.746600
68	 7	 7	 1	 0.054872	 -1	 0.000000	 10.745713
69	 7	 7	 0	 367.594520	 -1	 0.000000	 5.769907
70	 7	 7	 1	 0.044276	 -1	 0.000000	 11.116714
71	 7	 7	 1	 13.856453	 -1	 0.000000	 14.898135
72	 7	 7	 1	 0.046914	 -1	 0.000000	 9.438833
73	 7	 7	 1	 0.468754	 -1	 0.000000	 10.477430
74	 7	 7	 1	 0.039962	 -1	 0.000000	 10.430626
75	 7	 7	 1	 0.047795	 -1	 0.000000	 8.712445
76	 7	 7	 1	 0.047926	 -1	 0.000000	 9.934349
77	 7	 7	 0	 408.551297	 -1	 0.000000	 7.993361
78	 7	 7	 1	 0.010941	 -1	 0.000000	 8.642591
79	 7	 7	 1	 0.046575	 -1	 0.000000	 9.065285
80	 7	 7	 1	 0.058888	 -1	 0.000000	 8.375091
>>> gr_fir_ccf: using E
>>> gr_fir_fff: using E
gr_buffer::allocate_buffer: warning: tried to allocate
   47 items of size 1392. Due to alignment requirements
   256 were allocated.  If this isn't OK, consider padding
   your structure to a power-of-two bytes.
   On this platform, our allocation granularity is 4096 bytes.
100	 7	 7	 1	 0.046644	 -1	 0.000000	 8.980073
101	 7	 7	 1	 0.037360	 -1	 0.000000	 11.387446
102	 7	 7	 1	 0.047543	 -1	 0.000000	 9.471484
103	 7	 7	 1	 0.053826	 -1	 0.000000	 8.822027
104	 7	 7	 0	 357.770329	 -1	 0.000000	 9.004721
105	 7	 7	 1	 0.049025	 -1	 0.000000	 13.983662
106	 7	 7	 1	 0.050422	 -1	 0.000000	 8.186100
107	 7	 7	 1	 0.034848	 -1	 0.000000	 14.974727
108	 7	 7	 1	 0.041727	 -1	 0.000000	 8.528744
109	 7	 7	 1	 0.048761	 -1	 0.000000	 11.317573
110	 7	 7	 1	 1.012981	 -1	 0.000000	 8.508550
111	 7	 7	 1	 0.062256	 -1	 0.000000	 10.030532
112	 7	 7	 1	 0.040475	 -1	 0.000000	 6.564094
113	 7	 7	 1	 0.047023	 -1	 0.000000	 10.148469
114	 7	 7	 1	 0.064767	 -1	 0.000000	 8.984266
115	 7	 7	 1	 0.038537	 -1	 0.000000	 10.377560
116	 7	 7	 1	 0.041820	 -1	 0.000000	 11.514286
117	 7	 7	 1	 0.045729	 -1	 0.000000	 12.937784
118	 7	 7	 1	 0.042321	 -1	 0.000000	 9.286969
120	 7	 7	 1	 0.033943	 -1	 0.000000	 9.881426
121	 7	 7	 0	 292.112939	 -1	 0.000000	 9.928463
122	 7	 7	 1	 0.045170	 -1	 0.000000	 7.597871
123	 7	 7	 1	 0.046260	 -1	 0.000000	 13.838881
124	 7	 7	 1	 0.049327	 -1	 0.000000	 9.420179
125	 7	 7	 1	 170.496613	 -1	 0.000000	 7.433861
126	 7	 7	 1	 0.059020	 -1	 0.000000	 11.403512
127	 7	 7	 1	 0.838865	 -1	 0.000000	 9.598888
128	 7	 7	 1	 0.051453	 -1	 0.000000	 14.807981
129	 7	 7	 1	 0.046149	 -1	 0.000000	 8.064308
130	 7	 7	 0	 207.183336	 -1	 0.000000	 8.870358
131	 7	 7	 1	 0.040057	 -1	 0.000000	 10.374791
132	 7	 7	 1	 0.043971	 -1	 0.000000	 9.096203
133	 7	 7	 1	 0.054515	 -1	 0.000000	 10.565571
134	 7	 7	 1	 0.042026	 -1	 0.000000	 7.543151
135	 7	 7	 1	 0.041009	 -1	 0.000000	 10.683331
136	 7	 7	 1	 0.045347	 -1	 0.000000	 18.669168
137	 7	 7	 1	 2.835490	 -1	 0.000000	 6.833985
138	 7	 7	 1	 0.039518	 -1	 0.000000	 12.968785
139	 7	 7	 1	 0.031457	 -1	 0.000000	 10.906179
140	 7	 7	 1	 0.047365	 -1	 0.000000	 8.312067
141	 7	 7	 1	 0.044965	 -1	 0.000000	 11.771988
142	 7	 7	 1	 0.049863	 -1	 0.000000	 8.570442
143	 7	 7	 1	 0.058333	 -1	 0.000000	 18.584337
144	 7	 7	 1	 0.044579	 -1	 0.000000	 9.228151
145	 7	 7	 1	 0.046299	 -1	 0.000000	 10.498642
146	 7	 7	 1	 0.049056	 -1	 0.000000	 9.585440
147	 7	 7	 1	 0.039160	 -1	 0.000000	 10.295180
148	 7	 7	 1	 0.042232	 -1	 0.000000	 9.380557
149	 7	 7	 1	 0.041701	 -1	 0.000000	 12.176249
150	 7	 7	 1	 0.045717	 -1	 0.000000	 8.976808
151	 7	 7	 1	 0.041598	 -1	 0.000000	 8.377924
152	 7	 7	 0	 336.597759	 -1	 0.000000	 7.881813
153	 7	 7	 1	 0.198038	 -1	 0.000000	 8.766677
154	 7	 7	 0	 364.029722	 -1	 0.000000	 6.192611
155	 7	 7	 1	 0.058373	 -1	 0.000000	 8.612639
156	 7	 7	 1	 0.049342	 -1	 0.000000	 10.378947
157	 7	 7	 1	 0.062460	 -1	 0.000000	 11.648882
158	 7	 7	 1	 2.797397	 -1	 0.000000	 8.378450
159	 7	 7	 1	 0.048580	 -1	 0.000000	 13.036175
160	 7	 7	 1	 0.051665	 -1	 0.000000	 10.108354
161	 7	 7	 1	 0.035080	 -1	 0.000000	 16.121435
162	 7	 7	 1	 0.042468	 -1	 0.000000	 13.746138
163	 7	 7	 1	 0.046616	 -1	 0.000000	 9.851610
164	 7	 7	 1	 0.044940	 -1	 0.000000	 9.150512
165	 7	 7	 1	 0.043352	 -1	 0.000000	 13.291640
166	 7	 7	 1	 0.044445	 -1	 0.000000	 9.778170
167	 7	 7	 1	 0.044934	 -1	 0.000000	 11.528196
168	 7	 7	 1	 0.046562	 -1	 0.000000	 10.812897
169	 7	 7	 1	 0.031360	 -1	 0.000000	 8.130564
170	 7	 7	 1	 0.055782	 -1	 0.000000	 7.657310
171	 7	 7	 1	 0.048474	 -1	 0.000000	 9.580311
172	 7	 7	 1	 0.037468	 -1	 0.000000	 11.577428
173	 7	 7	 1	 0.054268	 -1	 0.000000	 10.940189
174	 7	 7	 1	 5.799107	 -1	 0.000000	 10.787150
175	 7	 7	 1	 0.058528	 -1	 0.000000	 9.739315
176	 7	 7	 1	 0.041946	 -1	 0.000000	 11.980005
177	 7	 7	 1	 0.042298	 -1	 0.000000	 9.985536
178	 7	 7	 1	 0.053054	 -1	 0.000000	 8.234936
179	 7	 7	 1	 0.053682	 -1	 0.000000	 8.721384
180	 7	 7	 1	 0.041530	 -1	 0.000000	 10.492004
181	 7	 7	 1	 0.046937	 -1	 0.000000	 9.465032
182	 7	 7	 1	 0.043831	 -1	 0.000000	 10.476531
183	 7	 7	 1	 0.052134	 -1	 0.000000	 10.546766
2780	 7	 7	 0	 429.431610	 -1	 0.000000	 5.996954
184	 7	 7	 1	 0.065990	 -1	 0.000000	 9.172841
185	 7	 7	 1	 0.044953	 -1	 0.000000	 13.987789
186	 7	 7	 1	 0.036040	 -1	 0.000000	 12.246430
187	 7	 7	 1	 0.044225	 -1	 0.000000	 8.893189
188	 7	 7	 1	 0.055047	 -1	 0.000000	 7.411562
189	 7	 7	 1	 0.040785	 -1	 0.000000	 11.899329
190	 7	 7	 1	 0.041417	 -1	 0.000000	 10.224107
191	 7	 7	 1	 0.051237	 -1	 0.000000	 11.328391
192	 7	 7	 1	 0.048576	 -1	 0.000000	 8.491580
193	 7	 7	 1	 0.037399	 -1	 0.000000	 10.471202
194	 7	 7	 1	 0.044447	 -1	 0.000000	 10.474289
195	 7	 7	 1	 0.050780	 -1	 0.000000	 9.072498
196	 7	 7	 1	 0.049474	 -1	 0.000000	 8.774008
197	 7	 7	 1	 0.044954	 -1	 0.000000	 9.158499
198	 7	 7	 0	 442.416033	 -1	 0.000000	 6.489584
199	 7	 7	 1	 0.059290	 -1	 0.000000	 6.856178
200	 7	 7	 1	 0.042499	 -1	 0.000000	 8.032776
2184	 13	 13	 0	 356.268060	 -1	 0.000000	 7.744878
201	 7	 7	 1	 0.049819	 -1	 0.000000	 18.222593
202	 7	 7	 1	 0.052636	 -1	 0.000000	 10.918817
203	 7	 7	 1	 0.051877	 -1	 0.000000	 8.254113
204	 7	 7	 1	 0.044042	 -1	 0.000000	 11.500929
205	 7	 7	 1	 0.045133	 -1	 0.000000	 13.109501
206	 7	 7	 1	 0.048793	 -1	 0.000000	 10.175717
207	 7	 7	 1	 0.040170	 -1	 0.000000	 16.151875
209	 7	 7	 1	 0.046500	 -1	 0.000000	 11.832013
210	 7	 7	 1	 0.042597	 -1	 0.000000	 15.773753
211	 7	 7	 1	 0.045567	 -1	 0.000000	 8.723249
212	 7	 7	 1	 0.051548	 -1	 0.000000	 11.962727
213	 7	 7	 1	 0.010034	 -1	 0.000000	 8.863811
214	 7	 7	 1	 0.055883	 -1	 0.000000	 12.097730
215	 7	 7	 1	 0.033113	 -1	 0.000000	 15.402026
216	 7	 7	 1	 0.064403	 -1	 0.000000	 12.348157
217	 7	 7	 1	 0.031941	 -1	 0.000000	 9.185617
218	 7	 7	 1	 0.063108	 -1	 0.000000	 10.438170
219	 7	 7	 1	 0.045454	 -1	 0.000000	 14.280439
220	 7	 7	 1	 0.058400	 -1	 0.000000	 9.545039
221	 7	 7	 1	 0.041658	 -1	 0.000000	 8.916972
222	 7	 7	 1	 0.053319	 -1	 0.000000	 8.882573
223	 7	 7	 1	 0.060695	 -1	 0.000000	 8.669667
224	 7	 7	 1	 0.048040	 -1	 0.000000	 8.629334
225	 7	 7	 1	 0.053071	 -1	 0.000000	 12.761251
226	 7	 7	 0	 362.079791	 -1	 0.000000	 9.976669
227	 7	 7	 1	 0.049889	 -1	 0.000000	 13.284618
228	 7	 7	 1	 0.050627	 -1	 0.000000	 11.216044
229	 7	 7	 1	 0.037449	 -1	 0.000000	 18.773483
230	 7	 7	 1	 0.011460	 -1	 0.000000	 8.459540
231	 7	 7	 1	 0.044272	 -1	 0.000000	 12.097282
232	 7	 7	 1	 0.047289	 -1	 0.000000	 11.258916
233	 7	 7	 1	 0.043345	 -1	 0.000000	 8.470195
234	 7	 7	 1	 0.039489	 -1	 0.000000	 8.030957
235	 7	 7	 1	 0.041769	 -1	 0.000000	 20.230391
236	 7	 7	 1	 65.723853	 -1	 0.000000	 9.783708
237	 7	 7	 1	 0.048372	 -1	 0.000000	 14.277268
238	 7	 7	 1	 0.038321	 -1	 0.000000	 8.092134
239	 7	 7	 1	 0.038167	 -1	 0.000000	 9.455836
240	 7	 7	 0	 319.738899	 -1	 0.000000	 7.690941
241	 7	 7	 0	 394.372826	 -1	 0.000000	 5.515178
242	 7	 7	 0	 322.467696	 -1	 0.000000	 11.641271
243	 7	 7	 1	 0.813596	 -1	 0.000000	 10.369839
244	 7	 7	 1	 0.068835	 -1	 0.000000	 10.132631
245	 7	 7	 1	 0.045317	 -1	 0.000000	 8.418780
246	 7	 7	 1	 0.051982	 -1	 0.000000	 9.287107
247	 7	 7	 1	 2.068793	 -1	 0.000000	 8.671240
248	 7	 7	 1	 0.007131	 -1	 0.000000	 16.055050
249	 7	 7	 1	 0.046102	 -1	 0.000000	 12.110234
250	 7	 7	 1	 0.039981	 -1	 0.000000	 13.849561
251	 7	 7	 1	 0.053594	 -1	 0.000000	 13.005289
252	 7	 7	 1	 0.050316	 -1	 0.000000	 8.693216
253	 7	 7	 1	 0.012719	 -1	 0.000000	 7.138474
254	 7	 7	 1	 0.042865	 -1	 0.000000	 9.703773
255	 7	 7	 1	 0.042893	 -1	 0.000000	 8.291140
256	 7	 7	 1	 0.067619	 -1	 0.000000	 10.467232
257	 7	 7	 1	 0.051130	 -1	 0.000000	 9.619239
258	 7	 7	 1	 0.058004	 -1	 0.000000	 9.764610
259	 7	 7	 1	 43.790207	 -1	 0.000000	 12.460227
260	 7	 7	 1	 0.038856	 -1	 0.000000	 9.802112
261	 7	 7	 1	 0.054187	 -1	 0.000000	 7.284227
263	 7	 7	 0	 336.072002	 -1	 0.000000	 9.837777
264	 7	 7	 1	 0.058200	 -1	 0.000000	 10.393970
265	 7	 7	 1	 0.059103	 -1	 0.000000	 10.827795
266	 7	 7	 1	 0.043591	 -1	 0.000000	 7.864271
267	 7	 7	 1	 0.008413	 -1	 0.000000	 7.808265
268	 7	 7	 1	 0.045772	 -1	 0.000000	 9.854932
269	 7	 7	 0	 399.432625	 -1	 0.000000	 7.645280
270	 7	 7	 1	 0.049741	 -1	 0.000000	 7.945069
271	 7	 7	 1	 0.043749	 -1	 0.000000	 12.361528
272	 7	 7	 1	 0.038890	 -1	 0.000000	 10.456874
273	 7	 7	 1	 0.039861	 -1	 0.000000	 10.160968
274	 7	 7	 1	 0.053422	 -1	 0.000000	 8.835485
275	 7	 7	 1	 0.052686	 -1	 0.000000	 7.345856
276	 7	 7	 1	 0.047079	 -1	 0.000000	 10.006132
277	 7	 7	 1	 0.055369	 -1	 0.000000	 8.541922
278	 7	 7	 1	 0.039813	 -1	 0.000000	 7.225154
279	 7	 7	 1	 0.042582	 -1	 0.000000	 11.017098
1458	 11	 11	 0	 457.366797	 -1	 0.000000	 5.315866
280	 7	 7	 0	 385.295334	 -1	 0.000000	 8.323403
281	 7	 7	 0	 350.014193	 -1	 0.000000	 7.428737
282	 7	 7	 1	 0.045623	 -1	 0.000000	 8.087914
285	 7	 7	 1	 0.038177	 -1	 0.000000	 12.634275
286	 7	 7	 1	 0.039218	 -1	 0.000000	 9.749052
287	 7	 7	 0	 438.782569	 -1	 0.000000	 8.435913
288	 7	 7	 1	 0.048700	 -1	 0.000000	 8.259132
290	 7	 7	 1	 0.009315	 -1	 0.000000	 12.669273
291	 7	 7	 1	 0.048482	 -1	 0.000000	 12.961723
292	 7	 7	 1	 0.049607	 -1	 0.000000	 11.241806
293	 7	 7	 0	 495.550559	 -1	 0.000000	 10.437318
294	 7	 7	 1	 0.047287	 -1	 0.000000	 9.837945
295	 7	 7	 1	 50.592693	 -1	 0.000000	 11.912728
296	 7	 7	 1	 0.040169	 -1	 0.000000	 13.364895
298	 7	 7	 1	 0.042290	 -1	 0.000000	 9.289206
300	 7	 7	 1	 0.046394	 -1	 0.000000	 9.193360
301	 7	 7	 1	 0.247155	 -1	 0.000000	 6.385252
303	 7	 7	 1	 0.057281	 -1	 0.000000	 14.054063
304	 7	 7	 1	 0.051203	 -1	 0.000000	 9.949026
307	 7	 7	 1	 0.008393	 -1	 0.000000	 7.252980
308	 7	 7	 1	 0.045350	 -1	 0.000000	 11.739911
309	 7	 7	 0	 314.974560	 -1	 0.000000	 10.763177
310	 7	 7	 1	 0.053253	 -1	 0.000000	 8.338819
311	 7	 7	 1	 0.008871	 -1	 0.000000	 8.129093
313	 7	 7	 0	 367.034845	 -1	 0.000000	 10.028103
315	 7	 7	 1	 0.041491	 -1	 0.000000	 9.837229
317	 7	 7	 1	 0.040365	 -1	 0.000000	 10.484685
318	 7	 7	 1	 0.033678	 -1	 0.000000	 10.011468
319	 7	 7	 1	 0.055075	 -1	 0.000000	 11.762232
320	 7	 7	 1	 51.608657	 -1	 0.000000	 17.145725
322	 7	 7	 0	 432.873074	 -1	 0.000000	 12.426845
323	 7	 7	 1	 49.558498	 -1	 0.000000	 15.503896
324	 7	 7	 1	 51.459288	 -1	 0.000000	 13.299857
325	 7	 7	 0	 292.818301	 -1	 0.000000	 14.824914
326	 7	 7	 0	 418.701222	 -1	 0.000000	 7.303537
327	 7	 7	 0	 444.283180	 -1	 0.000000	 9.214221
328	 7	 7	 1	 0.231932	 -1	 0.000000	 10.372251
331	 7	 7	 1	 0.039837	 -1	 0.000000	 10.416512
332	 7	 7	 1	 0.044987	 -1	 0.000000	 9.950500
333	 7	 7	 1	 0.049031	 -1	 0.000000	 15.109442
334	 7	 7	 1	 0.042545	 -1	 0.000000	 11.333049
335	 7	 7	 1	 0.010995	 -1	 0.000000	 8.281164
336	 7	 7	 0	 454.062864	 -1	 0.000000	 9.162071
338	 7	 7	 1	 0.009450	 -1	 0.000000	 9.084148
339	 7	 7	 0	 347.544372	 -1	 0.000000	 9.156411
340	 7	 7	 0	 477.886656	 -1	 0.000000	 8.254295
341	 7	 7	 0	 322.826328	 -1	 0.000000	 6.526685
342	 7	 7	 0	 413.919603	 -1	 0.000000	 10.742723
343	 7	 7	 1	 0.044202	 -1	 0.000000	 9.448970
344	 7	 7	 1	 0.039035	 -1	 0.000000	 10.042069
346	 7	 7	 1	 0.035004	 -1	 0.000000	 7.789180
347	 7	 7	 0	 315.079431	 -1	 0.000000	 10.353941
349	 7	 7	 1	 0.044577	 -1	 0.000000	 9.095856
350	 7	 7	 1	 0.047654	 -1	 0.000000	 14.705190
351	 7	 7	 1	 0.010100	 -1	 0.000000	 9.600230
352	 7	 7	 1	 0.050469	 -1	 0.000000	 14.778880
353	 7	 7	 1	 0.048808	 -1	 0.000000	 8.799562
355	 7	 7	 1	 0.059983	 -1	 0.000000	 9.633461
356	 7	 7	 1	 0.075790	 -1	 0.000000	 11.168123
358	 7	 7	 1	 0.051135	 -1	 0.000000	 9.597124
361	 7	 7	 1	 0.049254	 -1	 0.000000	 9.688920
362	 7	 7	 1	 0.056339	 -1	 0.000000	 11.311501
364	 7	 7	 1	 0.055794	 -1	 0.000000	 11.093450
368	 7	 7	 0	 386.358134	 -1	 0.000000	 9.438614
370	 7	 7	 0	 249.769238	 -1	 0.000000	 11.082394
371	 7	 7	 1	 0.058992	 -1	 0.000000	 8.376099
372	 7	 7	 1	 0.013031	 -1	 0.000000	 7.308137
373	 7	 7	 1	 0.043245	 -1	 0.000000	 16.833771
374	 7	 7	 1	 0.056135	 -1	 0.000000	 10.543881
375	 7	 7	 1	 0.046903	 -1	 0.000000	 9.884616
376	 7	 7	 1	 0.051804	 -1	 0.000000	 11.106286
377	 7	 7	 1	 0.045533	 -1	 0.000000	 14.948652
378	 7	 7	 1	 0.045484	 -1	 0.000000	 7.160025
379	 7	 7	 1	 0.052595	 -1	 0.000000	 13.217043
380	 7	 7	 1	 0.040588	 -1	 0.000000	 8.819282
381	 7	 7	 0	 382.225219	 -1	 0.000000	 7.998625
382	 7	 7	 0	 495.635613	 -1	 0.000000	 8.396802
384	 7	 7	 1	 48.817790	 -1	 0.000000	 14.799110
385	 7	 7	 1	 0.066420	 -1	 0.000000	 8.842916
386	 7	 7	 1	 0.033699	 -1	 0.000000	 10.381921
388	 7	 7	 1	 0.046306	 -1	 0.000000	 8.200566
389	 7	 7	 1	 0.044694	 -1	 0.000000	 8.203197
390	 7	 7	 1	 0.052982	 -1	 0.000000	 9.756885
392	 7	 7	 1	 0.031706	 -1	 0.000000	 9.346824
394	 7	 7	 1	 0.037205	 -1	 0.000000	 9.182978
395	 7	 7	 1	 0.043596	 -1	 0.000000	 9.695802
396	 7	 7	 0	 388.494666	 -1	 0.000000	 8.735606
397	 7	 7	 1	 0.047822	 -1	 0.000000	 9.026949
398	 7	 7	 1	 0.074258	 -1	 0.000000	 15.946561
399	 7	 7	 1	 0.062646	 -1	 0.000000	 14.676421
400	 7	 7	 1	 0.041201	 -1	 0.000000	 10.749442
401	 7	 7	 1	 0.052695	 -1	 0.000000	 10.554743
403	 7	 7	 0	 315.044676	 -1	 0.000000	 11.442694
404	 7	 7	 0	 276.299278	 -1	 0.000000	 8.600645
405	 7	 7	 1	 0.043097	 -1	 0.000000	 10.109504
406	 7	 7	 1	 0.044804	 -1	 0.000000	 8.503730
410	 7	 7	 0	 274.905375	 -1	 0.000000	 9.034751
412	 7	 7	 1	 0.058508	 -1	 0.000000	 7.555089
414	 7	 7	 1	 0.045414	 -1	 0.000000	 10.292733
415	 7	 7	 0	 349.300099	 -1	 0.000000	 16.601128
418	 7	 7	 0	 393.554787	 -1	 0.000000	 8.992470
419	 7	 7	 1	 0.055286	 -1	 0.000000	 9.882831
421	 7	 7	 1	 0.044001	 -1	 0.000000	 10.531521
427	 7	 7	 1	 0.053423	 -1	 0.000000	 10.895312
428	 7	 7	 1	 91.984823	 -1	 0.000000	 9.189198
429	 7	 7	 1	 0.048647	 -1	 0.000000	 12.086361
430	 7	 7	 1	 0.035539	 -1	 0.000000	 11.650809
432	 7	 7	 1	 27.061619	 -1	 0.000000	 9.384291
433	 7	 7	 0	 384.051146	 -1	 0.000000	 16.624382
434	 7	 7	 1	 0.056604	 -1	 0.000000	 9.369031
435	 7	 7	 1	 0.039585	 -1	 0.000000	 13.346883
436	 7	 7	 0	 393.599660	 -1	 0.000000	 12.732438
437	 7	 7	 1	 3.092199	 -1	 0.000000	 11.178243
439	 7	 7	 0	 435.610537	 -1	 0.000000	 12.599751
442	 7	 7	 0	 478.226904	 -1	 0.000000	 12.479621
443	 7	 7	 1	 0.074821	 -1	 0.000000	 8.068934
444	 7	 7	 1	 0.048583	 -1	 0.000000	 8.460489
445	 7	 7	 0	 353.733704	 -1	 0.000000	 11.670244
446	 7	 7	 0	 437.671387	 -1	 0.000000	 5.410521
447	 7	 7	 1	 0.041890	 -1	 0.000000	 10.430526
449	 7	 7	 1	 0.042072	 -1	 0.000000	 8.863314
450	 7	 7	 1	 0.068609	 -1	 0.000000	 8.114155
451	 7	 7	 1	 0.046237	 -1	 0.000000	 9.073089
480	 7	 7	 1	 0.048259	 -1	 0.000000	 11.763902
481	 7	 7	 1	 0.044854	 -1	 0.000000	 11.930532
482	 7	 7	 1	 0.042193	 -1	 0.000000	 12.314148
483	 7	 7	 1	 0.037543	 -1	 0.000000	 8.705030
484	 7	 7	 0	 399.249320	 -1	 0.000000	 7.983467
485	 7	 7	 1	 0.051328	 -1	 0.000000	 15.192623
486	 7	 7	 1	 0.054726	 -1	 0.000000	 12.926463
487	 7	 7	 1	 0.044648	 -1	 0.000000	 10.061352
488	 7	 7	 1	 0.041673	 -1	 0.000000	 11.422664
489	 7	 7	 1	 0.047658	 -1	 0.000000	 9.543003
490	 7	 7	 1	 0.046981	 -1	 0.000000	 10.583327
491	 7	 7	 1	 0.043774	 -1	 0.000000	 8.459661
492	 7	 7	 1	 0.046209	 -1	 0.000000	 10.091268
493	 7	 7	 1	 0.050269	 -1	 0.000000	 13.027820
494	 7	 7	 1	 0.042253	 -1	 0.000000	 10.163656
1678	 5	 5	 0	 396.638858	 -1	 0.000000	 6.742845
495	 7	 7	 1	 0.050458	 -1	 0.000000	 7.587743
496	 7	 7	 1	 0.053352	 -1	 0.000000	 7.823603
497	 7	 7	 1	 0.078741	 -1	 0.000000	 12.064571
498	 7	 7	 1	 0.011861	 -1	 0.000000	 9.853132
499	 7	 7	 0	 361.126179	 -1	 0.000000	 11.910310
0	 7	 7	 1	 0.040727	 -1	 0.000000	 10.826489
1	 7	 7	 1	 0.043025	 -1	 0.000000	 14.038544
2	 7	 7	 1	 0.049251	 -1	 0.000000	 8.863048
3	 7	 7	 1	 0.008339	 -1	 0.000000	 9.666215
4	 7	 7	 1	 0.041540	 -1	 0.000000	 8.591247
5	 7	 7	 1	 0.045392	 -1	 0.000000	 15.104549
6	 7	 7	 1	 0.048324	 -1	 0.000000	 10.708565
7	 7	 7	 1	 0.039849	 -1	 0.000000	 13.342802
8	 7	 7	 0	 341.501812	 -1	 0.000000	 9.069730
9	 7	 7	 1	 0.008968	 -1	 0.000000	 10.366049
10	 7	 7	 1	 47.210237	 -1	 0.000000	 12.632354
11	 7	 7	 1	 0.055752	 -1	 0.000000	 7.697519
13	 7	 7	 1	 0.050813	 -1	 0.000000	 9.431777
14	 7	 7	 1	 0.051015	 -1	 0.000000	 9.012946
15	 7	 7	 1	 0.044148	 -1	 0.000000	 7.755112
16	 7	 7	 1	 0.044344	 -1	 0.000000	 9.977162
17	 7	 7	 1	 0.047084	 -1	 0.000000	 11.040874
18	 7	 7	 1	 0.047717	 -1	 0.000000	 8.864379
19	 7	 7	 1	 0.048649	 -1	 0.000000	 15.830771
23	 7	 7	 1	 0.039574	 -1	 0.000000	 8.951685
24	 7	 7	 1	 0.047166	 -1	 0.000000	 8.802974
28	 7	 7	 1	 0.043336	 -1	 0.000000	 7.954875
29	 7	 7	 1	 0.046737	 -1	 0.000000	 8.705827
30	 7	 7	 1	 0.043552	 -1	 0.000000	 13.284907
31	 7	 7	 1	 0.043898	 -1	 0.000000	 8.663086
1056	 3	 3	 0	 484.349618	 -1	 0.000000	 6.373123
33	 7	 7	 0	 357.919651	 -1	 0.000000	 9.479918
34	 7	 7	 0	 11.244876	 -1	 0.000000	 10.597808
35	 7	 7	 0	 31.811318	 -1	 0.000000	 9.482087
36	 7	 7	 0	 18.235124	 -1	 0.000000	 9.759647
37	 7	 7	 0	 26.860005	 -1	 0.000000	 7.416045
38	 7	 7	 0	 20.586394	 -1	 0.000000	 9.981300
39	 7	 7	 0	 18.423503	 -1	 0.000000	 8.668032
40	 7	 7	 0	 20.903215	 -1	 0.000000	 10.597175
41	 7	 7	 0	 10.125796	 -1	 0.000000	 9.230463
42	 7	 7	 0	 31.095897	 -1	 0.000000	 13.034232
43	 7	 7	 0	 20.446991	 -1	 0.000000	 10.830257
44	 7	 7	 0	 21.890295	 -1	 0.000000	 7.977953
45	 7	 7	 0	 37.023945	 -1	 0.000000	 9.711604
46	 7	 7	 0	 11.795786	 -1	 0.000000	 11.866879
47	 7	 7	 0	 22.417627	 -1	 0.000000	 8.433865
48	 7	 7	 0	 29.172261	 -1	 0.000000	 9.016677
49	 7	 7	 0	 134.799730	 -1	 0.000000	 7.294141
50	 7	 7	 0	 296.922749	 -1	 0.000000	 10.125492
51	 7	 7	 0	 28.749155	 -1	 0.000000	 11.976239
52	 7	 7	 0	 37.434482	 -1	 0.000000	 7.393190
53	 7	 7	 0	 153.667806	 -1	 0.000000	 9.769849
54	 7	 7	 0	 293.897791	 -1	 0.000000	 10.033419
55	 7	 7	 0	 19.289348	 -1	 0.000000	 8.894204
56	 7	 7	 0	 96.738728	 -1	 0.000000	 7.454749
57	 7	 7	 0	 392.651489	 -1	 0.000000	 9.194863
58	 7	 7	 0	 262.513951	 -1	 0.000000	 8.340343
59	 7	 7	 0	 24.853748	 -1	 0.000000	 10.070128
60	 7	 7	 0	 24.118671	 -1	 0.000000	 16.680037
61	 7	 7	 0	 33.889133	 -1	 0.000000	 9.602475
62	 7	 7	 0	 7.797892	 -1	 0.000000	 8.585096
63	 7	 7	 0	 16.543425	 -1	 0.000000	 11.310937
64	 7	 7	 0	 27.247810	 -1	 0.000000	 14.681397
65	 7	 7	 0	 31.510843	 -1	 0.000000	 9.279785
66	 7	 7	 0	 33.394290	 -1	 0.000000	 15.380318
1498	 9	 9	 0	 306.291991	 -1	 0.000000	 4.946624
67	 7	 7	 0	 312.386718	 -1	 0.000000	 10.096472
68	 7	 7	 0	 27.558023	 -1	 0.000000	 14.360716
69	 7	 7	 0	 26.970989	 -1	 0.000000	 9.528625
70	 7	 7	 0	 20.539835	 -1	 0.000000	 9.477676
71	 7	 7	 0	 28.547536	 -1	 0.000000	 9.404595
72	 7	 7	 0	 127.330172	 -1	 0.000000	 6.651316
73	 7	 7	 0	 227.721181	 -1	 0.000000	 10.182812
74	 7	 7	 0	 23.758342	 -1	 0.000000	 8.647258
75	 7	 7	 0	 17.672471	 -1	 0.000000	 12.717451
76	 7	 7	 0	 24.490561	 -1	 0.000000	 11.207092
77	 7	 7	 0	 27.017786	 -1	 0.000000	 14.682326
78	 7	 7	 0	 25.269149	 -1	 0.000000	 7.653602
79	 7	 7	 0	 23.035278	 -1	 0.000000	 12.755220
80	 7	 7	 0	 11.868193	 -1	 0.000000	 10.071619
81	 7	 7	 0	 25.902145	 -1	 0.000000	 12.504339
82	 7	 7	 0	 39.209132	 -1	 0.000000	 14.668903
83	 7	 7	 0	 28.780151	 -1	 0.000000	 9.215484
84	 7	 7	 0	 19.881892	 -1	 0.000000	 11.414742
85	 7	 7	 0	 30.020210	 -1	 0.000000	 8.507256
86	 7	 7	 0	 11.926852	 -1	 0.000000	 12.436854
>>> gr_fir_ccf: using E
>>> gr_fir_fff: using E
gr_buffer::allocate_buffer: warning: tried to allocate
   47 items of size 1392. Due to alignment requirements
   256 were allocated.  If this isn't OK, consider padding
   your structure to a power-of-two bytes.
   On this platform, our allocation granularity is 4096 bytes.
100	 7	 7	 1	 0.044849	 -1	 0.000000	 10.339364
101	 7	 7	 1	 0.046229	 -1	 0.000000	 9.324995
102	 7	 7	 1	 0.043428	 -1	 0.000000	 9.273663
103	 7	 7	 1	 0.063281	 -1	 0.000000	 10.282131
104	 7	 7	 1	 0.033156	 -1	 0.000000	 8.472586
105	 7	 7	 1	 0.010174	 -1	 0.000000	 12.763191
106	 7	 7	 1	 0.050240	 -1	 0.000000	 7.892092
107	 7	 7	 1	 0.040002	 -1	 0.000000	 11.987082
108	 7	 7	 1	 0.048340	 -1	 0.000000	 9.854569
109	 7	 7	 1	 0.042282	 -1	 0.000000	 11.378884
110	 7	 7	 1	 0.045782	 -1	 0.000000	 8.103102
111	 7	 7	 0	 287.867646	 -1	 0.000000	 11.467544
112	 7	 7	 1	 0.037971	 -1	 0.000000	 8.605242
113	 7	 7	 1	 0.049383	 -1	 0.000000	 11.127556
114	 7	 7	 1	 0.045633	 -1	 0.000000	 9.410067
115	 7	 7	 1	 0.058335	 -1	 0.000000	 13.034040
116	 7	 7	 0	 372.933669	 -1	 0.000000	 7.668839
117	 7	 7	 1	 15.147846	 -1	 0.000000	 9.017264
118	 7	 7	 1	 0.050421	 -1	 0.000000	 9.171041
119	 7	 7	 1	 0.042326	 -1	 0.000000	 10.231470
120	 7	 7	 0	 423.542091	 -1	 0.000000	 6.661422
121	 7	 7	 1	 0.053076	 -1	 0.000000	 11.126355
122	 7	 7	 0	 379.580305	 -1	 0.000000	 6.825443
123	 7	 7	 1	 0.081756	 -1	 0.000000	 14.680874
124	 7	 7	 1	 0.043252	 -1	 0.000000	 8.801702
125	 7	 7	 1	 0.056314	 -1	 0.000000	 8.181186
126	 7	 7	 1	 0.059972	 -1	 0.000000	 8.931386
127	 7	 7	 1	 0.046825	 -1	 0.000000	 11.636585
128	 7	 7	 1	 50.700103	 -1	 0.000000	 8.291867
129	 7	 7	 1	 0.007857	 -1	 0.000000	 8.540293
130	 7	 7	 1	 0.064719	 -1	 0.000000	 9.144114
131	 7	 7	 1	 0.034337	 -1	 0.000000	 8.935216
132	 7	 7	 0	 396.234161	 -1	 0.000000	 8.618859
133	 7	 7	 1	 0.050102	 -1	 0.000000	 13.003470
134	 7	 7	 0	 417.534726	 -1	 0.000000	 11.165367
135	 7	 7	 1	 0.040772	 -1	 0.000000	 9.306443
136	 7	 7	 1	 0.045297	 -1	 0.000000	 8.861077
137	 7	 7	 1	 0.050971	 -1	 0.000000	 12.509032
138	 7	 7	 1	 0.043348	 -1	 0.000000	 13.178184
139	 7	 7	 1	 0.036849	 -1	 0.000000	 9.787598
140	 7	 7	 0	 400.873220	 -1	 0.000000	 9.527148
141	 7	 7	 1	 0.040532	 -1	 0.000000	 9.122353
142	 7	 7	 1	 0.008145	 -1	 0.000000	 18.139292
143	 7	 7	 1	 0.045916	 -1	 0.000000	 8.408718
144	 7	 7	 1	 0.048821	 -1	 0.000000	 7.065539
145	 7	 7	 1	 0.055357	 -1	 0.000000	 13.137726
146	 7	 7	 0	 331.745280	 -1	 0.000000	 9.637222
147	 7	 7	 1	 0.044698	 -1	 0.000000	 11.630350
148	 7	 7	 1	 0.039003	 -1	 0.000000	 10.630682
149	 7	 7	 1	 0.047712	 -1	 0.000000	 8.914944
150	 7	 7	 1	 0.045192	 -1	 0.000000	 10.970692
151	 7	 7	 1	 0.037476	 -1	 0.000000	 13.089680
152	 7	 7	 1	 0.047897	 -1	 0.000000	 10.207828
153	 7	 7	 1	 0.034799	 -1	 0.000000	 11.092215
154	 7	 7	 1	 0.042039	 -1	 0.000000	 10.605239
155	 7	 7	 1	 0.042358	 -1	 0.000000	 14.529443
156	 7	 7	 1	 0.046753	 -1	 0.000000	 8.173748
157	 7	 7	 0	 387.855431	 -1	 0.000000	 9.058998
158	 7	 7	 1	 0.039094	 -1	 0.000000	 11.181584
159	 7	 7	 1	 0.046512	 -1	 0.000000	 13.927940
160	 7	 7	 1	 0.053359	 -1	 0.000000	 11.188946
161	 7	 7	 1	 0.027059	 -1	 0.000000	 16.011211
162	 7	 7	 1	 0.009510	 -1	 0.000000	 10.487101
163	 7	 7	 1	 0.041176	 -1	 0.000000	 9.782887
164	 7	 7	 1	 0.055138	 -1	 0.000000	 16.714504
165	 7	 7	 1	 0.052261	 -1	 0.000000	 9.060153
166	 7	 7	 1	 0.040232	 -1	 0.000000	 10.052328
167	 7	 7	 1	 0.061516	 -1	 0.000000	 9.077668
168	 7	 7	 1	 0.040474	 -1	 0.000000	 11.363419
169	 7	 7	 1	 0.007867	 -1	 0.000000	 13.670174
170	 7	 7	 1	 2.878402	 -1	 0.000000	 13.561078
171	 7	 7	 1	 0.068157	 -1	 0.000000	 8.638329
173	 7	 7	 1	 0.037634	 -1	 0.000000	 10.336256
174	 7	 7	 1	 0.038188	 -1	 0.000000	 8.611139
175	 7	 7	 1	 0.044994	 -1	 0.000000	 8.905315
176	 7	 7	 1	 0.046304	 -1	 0.000000	 8.245862
177	 7	 7	 1	 0.045549	 -1	 0.000000	 9.142314
178	 7	 7	 1	 0.045261	 -1	 0.000000	 10.271129
179	 7	 7	 1	 0.058676	 -1	 0.000000	 8.631675
1532	 5	 5	 0	 422.188664	 -1	 0.000000	 7.629381
180	 7	 7	 1	 0.044589	 -1	 0.000000	 9.099639
181	 7	 7	 1	 0.055142	 -1	 0.000000	 8.336961
182	 7	 7	 1	 0.041491	 -1	 0.000000	 9.759803
183	 7	 7	 1	 0.055079	 -1	 0.000000	 9.952053
184	 7	 7	 1	 0.048708	 -1	 0.000000	 9.525063
185	 7	 7	 1	 0.046709	 -1	 0.000000	 8.183603
186	 7	 7	 1	 0.058574	 -1	 0.000000	 8.608822
187	 7	 7	 1	 0.008651	 -1	 0.000000	 9.811036
188	 7	 7	 1	 0.037764	 -1	 0.000000	 7.579280
189	 7	 7	 1	 0.039900	 -1	 0.000000	 10.666953
190	 7	 7	 1	 0.041060	 -1	 0.000000	 10.458426
191	 7	 7	 1	 0.054624	 -1	 0.000000	 8.884046
192	 7	 7	 1	 0.039243	 -1	 0.000000	 8.998893
193	 7	 7	 1	 0.043467	 -1	 0.000000	 9.882906
194	 7	 7	 0	 331.814777	 -1	 0.000000	 14.648444
195	 7	 7	 1	 0.050752	 -1	 0.000000	 10.177338
196	 7	 7	 0	 436.771148	 -1	 0.000000	 9.593014
197	 7	 7	 1	 0.046978	 -1	 0.000000	 10.027703
198	 7	 7	 1	 0.007042	 -1	 0.000000	 17.405540
199	 7	 7	 1	 0.048215	 -1	 0.000000	 9.948846
200	 7	 7	 0	 374.013323	 -1	 0.000000	 6.841125
201	 7	 7	 0	 338.055369	 -1	 0.000000	 7.580934
202	 7	 7	 1	 0.044893	 -1	 0.000000	 11.628430
203	 7	 7	 1	 0.063872	 -1	 0.000000	 16.879910
204	 7	 7	 1	 0.046243	 -1	 0.000000	 12.928992
205	 7	 7	 1	 0.007907	 -1	 0.000000	 14.509447
206	 7	 7	 1	 0.052280	 -1	 0.000000	 10.783967
207	 7	 7	 1	 0.040548	 -1	 0.000000	 13.972903
208	 7	 7	 1	 0.051015	 -1	 0.000000	 10.494976
209	 7	 7	 1	 0.035299	 -1	 0.000000	 11.199313
210	 7	 7	 1	 0.042653	 -1	 0.000000	 9.384449
211	 7	 7	 1	 0.059703	 -1	 0.000000	 10.617840
212	 7	 7	 1	 0.044565	 -1	 0.000000	 8.166017
101	 15	 15	 0	 379.402981	 -1	 0.000000	 6.606107
213	 7	 7	 1	 0.037681	 -1	 0.000000	 13.225492
214	 7	 7	 1	 0.053132	 -1	 0.000000	 8.597746
215	 7	 7	 1	 0.031850	 -1	 0.000000	 9.000092
216	 7	 7	 1	 0.068386	 -1	 0.000000	 9.219517
217	 7	 7	 1	 0.041004	 -1	 0.000000	 9.250802
218	 7	 7	 1	 0.058569	 -1	 0.000000	 7.187990
219	 7	 7	 1	 119.583131	 -1	 0.000000	 12.016160
220	 7	 7	 1	 0.052265	 -1	 0.000000	 9.580012
221	 7	 7	 1	 0.047234	 -1	 0.000000	 12.176908
222	 7	 7	 1	 0.056158	 -1	 0.000000	 8.408739
223	 7	 7	 1	 0.056504	 -1	 0.000000	 14.486492
224	 7	 7	 0	 399.486621	 -1	 0.000000	 8.080290
225	 7	 7	 1	 0.044733	 -1	 0.000000	 8.216755
226	 7	 7	 0	 22.175432	 -1	 0.000000	 11.394722
817	 7	 7	 0	 438.059940	 -1	 0.000000	 6.681096
1119	 9	 9	 0	 455.429341	 -1	 0.000000	 7.709569
3299	 15	 15	 0	 391.033431	 -1	 0.000000	 4.467713
1330	 11	 11	 0	 453.045346	 -1	 0.000000	 6.798390
1686	 5	 5	 0	 402.608101	 -1	 0.000000	 2.710000
3087	 11	 11	 0	 464.217612	 -1	 0.000000	 10.141072
1202	 3	 3	 0	 486.440873	 -1	 0.000000	 5.559455
147	 7	 7	 0	 454.849176	 -1	 0.000000	 12.613209
3230	 10	 10	 0	 438.494884	 -1	 0.000000	 7.709725
565	 13	 13	 0	 428.996937	 -1	 0.000000	 8.313268
3470	 5	 5	 0	 396.954316	 -1	 0.000000	 7.354371
0	 9	 9	 0	 390.753548	 -1	 0.000000	 9.465588
1	 9	 9	 1	 41.232273	 -1	 0.000000	 11.052470
2	 9	 9	 1	 44.163201	 -1	 0.000000	 11.694674
3	 9	 9	 1	 28.464944	 -1	 0.000000	 8.820392
4	 9	 9	 0	 440.630488	 -1	 0.000000	 14.889724
5	 9	 9	 1	 98.141070	 -1	 0.000000	 12.602523
6	 9	 9	 1	 77.723764	 -1	 0.000000	 11.721351
7	 9	 9	 1	 32.774807	 -1	 0.000000	 8.307663
8	 9	 9	 1	 68.156430	 -1	 0.000000	 11.357026
9	 9	 9	 1	 99.341991	 -1	 0.000000	 9.772550
10	 9	 9	 1	 66.276869	 -1	 0.000000	 8.753844
11	 9	 9	 1	 105.470209	 -1	 0.000000	 8.774569
12	 9	 9	 1	 55.071533	 -1	 0.000000	 8.088227
13	 9	 9	 0	 456.873487	 -1	 0.000000	 7.332617
14	 9	 9	 0	 454.461226	 -1	 0.000000	 9.631938
15	 9	 9	 1	 56.080638	 -1	 0.000000	 13.486058
16	 9	 9	 1	 90.722692	 -1	 0.000000	 11.617268
17	 9	 9	 1	 74.135295	 -1	 0.000000	 8.634048
18	 9	 9	 1	 77.826600	 -1	 0.000000	 10.118909
19	 9	 9	 1	 60.476119	 -1	 0.000000	 8.178757
20	 9	 9	 1	 37.524620	 -1	 0.000000	 8.747556
21	 9	 9	 1	 28.881650	 -1	 0.000000	 8.719295
22	 9	 9	 1	 82.337265	 -1	 0.000000	 12.116878
23	 9	 9	 1	 38.586015	 -1	 0.000000	 11.069286
24	 9	 9	 1	 31.540659	 -1	 0.000000	 14.311004
25	 9	 9	 1	 109.197403	 -1	 0.000000	 8.883346
26	 9	 9	 1	 36.790256	 -1	 0.000000	 10.729284
27	 9	 9	 1	 100.868928	 -1	 0.000000	 12.761018
28	 9	 9	 1	 113.192856	 -1	 0.000000	 15.342365
29	 9	 9	 1	 67.708960	 -1	 0.000000	 8.445317
30	 9	 9	 1	 105.413656	 -1	 0.000000	 10.971496
31	 9	 9	 1	 112.289000	 -1	 0.000000	 13.643560
32	 9	 9	 1	 73.967894	 -1	 0.000000	 8.093479
33	 9	 9	 1	 26.639017	 -1	 0.000000	 8.897544
34	 9	 9	 1	 69.084254	 -1	 0.000000	 9.983458
35	 9	 9	 1	 72.888657	 -1	 0.000000	 8.444848
36	 9	 9	 1	 73.120476	 -1	 0.000000	 9.091262
41	 9	 9	 1	 70.238908	 -1	 0.000000	 9.840709
42	 9	 9	 1	 86.448383	 -1	 0.000000	 7.735902
43	 9	 9	 0	 450.212046	 -1	 0.000000	 11.329199
44	 9	 9	 1	 57.128704	 -1	 0.000000	 10.085341
45	 9	 9	 1	 26.509852	 -1	 0.000000	 15.896925
46	 9	 9	 1	 31.851301	 -1	 0.000000	 14.228173
47	 9	 9	 1	 66.485730	 -1	 0.000000	 12.597080
48	 9	 9	 1	 85.964875	 -1	 0.000000	 8.425161
49	 9	 9	 1	 65.606196	 -1	 0.000000	 10.177764
50	 9	 9	 0	 463.144571	 -1	 0.000000	 8.647923
51	 9	 9	 1	 49.227838	 -1	 0.000000	 7.581909
52	 9	 9	 1	 83.848720	 -1	 0.000000	 8.304943
53	 9	 9	 1	 77.726436	 -1	 0.000000	 9.364386
54	 9	 9	 1	 81.361304	 -1	 0.000000	 7.511076
61	 9	 9	 0	 472.842178	 -1	 0.000000	 8.901044
63	 9	 9	 0	 267.066069	 -1	 0.000000	 7.019760
64	 9	 9	 0	 434.292030	 -1	 0.000000	 9.262966
65	 9	 9	 0	 250.413246	 -1	 0.000000	 10.230810
66	 9	 9	 1	 113.633891	 -1	 0.000000	 9.119325
69	 9	 9	 1	 87.408466	 -1	 0.000000	 13.505227
70	 9	 9	 1	 135.292720	 -1	 0.000000	 8.246501
71	 9	 9	 1	 297.585101	 -1	 0.000000	 16.132000
72	 9	 9	 1	 122.636027	 -1	 0.000000	 14.527726
73	 9	 9	 1	 47.010616	 -1	 0.000000	 8.972050
74	 9	 9	 1	 41.879551	 -1	 0.000000	 6.926206
75	 9	 9	 0	 442.451227	 -1	 0.000000	 10.815506
76	 9	 9	 0	 447.160204	 -1	 0.000000	 9.415013
77	 9	 9	 1	 105.654241	 -1	 0.000000	 13.582046
78	 9	 9	 1	 98.413141	 -1	 0.000000	 15.269276
79	 9	 9	 1	 36.421018	 -1	 0.000000	 11.538032
80	 9	 9	 1	 40.709038	 -1	 0.000000	 8.958114
81	 9	 9	 1	 49.764115	 -1	 0.000000	 12.261753
82	 9	 9	 1	 44.961114	 -1	 0.000000	 11.173846
83	 9	 9	 1	 28.102626	 -1	 0.000000	 9.884564
2881	 3	 3	 1	 298.355303	 -1	 0.000000	 5.381943
85	 9	 9	 0	 484.730435	 -1	 0.000000	 8.932427
86	 9	 9	 0	 474.554330	 -1	 0.000000	 7.844516
>>> gr_fir_ccf: using E
>>> gr_fir_fff: using E
terminate called after throwing an instance of 'std::invalid_argument'
  what():  gr_ofdm_demod: Incorrect subcarriers allocated
>>> gr_fir_ccf: using E
>>> gr_fir_fff: using E
gr_buffer::allocate_buffer: warning: tried to allocate
   47 items of size 1392. Due to alignment requirements
   256 were allocated.  If this isn't OK, consider padding
   your structure to a power-of-two bytes.
   On this platform, our allocation granularity is 4096 bytes.
100	 9	 9	 1	 73.676526	 -1	 0.000000	 9.876092
101	 9	 9	 1	 54.754877	 -1	 0.000000	 7.889211
102	 9	 9	 1	 100.727536	 -1	 0.000000	 10.313708
103	 9	 9	 1	 97.221635	 -1	 0.000000	 7.888278
104	 9	 9	 0	 441.422826	 -1	 0.000000	 6.935858
105	 9	 9	 1	 31.934199	 -1	 0.000000	 8.123542
106	 9	 9	 1	 114.130759	 -1	 0.000000	 9.992662
107	 9	 9	 1	 43.660260	 -1	 0.000000	 17.600437
108	 9	 9	 1	 80.782353	 -1	 0.000000	 13.823494
109	 9	 9	 0	 428.811834	 -1	 0.000000	 5.979429
110	 9	 9	 1	 105.291469	 -1	 0.000000	 8.044980
111	 9	 9	 1	 120.835202	 -1	 0.000000	 11.746179
112	 9	 9	 1	 86.876328	 -1	 0.000000	 15.451421
113	 9	 9	 1	 67.257253	 -1	 0.000000	 9.037317
114	 9	 9	 1	 50.273367	 -1	 0.000000	 9.518674
115	 9	 9	 1	 26.380619	 -1	 0.000000	 9.854202
116	 9	 9	 1	 51.027504	 -1	 0.000000	 10.940945
117	 9	 9	 1	 53.125310	 -1	 0.000000	 8.382605
118	 9	 9	 1	 97.351794	 -1	 0.000000	 11.760259
119	 9	 9	 1	 64.201201	 -1	 0.000000	 11.330222
120	 9	 9	 1	 66.158916	 -1	 0.000000	 8.744283
121	 9	 9	 1	 92.574541	 -1	 0.000000	 7.495817
122	 9	 9	 1	 39.211954	 -1	 0.000000	 12.318309
123	 9	 9	 1	 50.908983	 -1	 0.000000	 12.683121
124	 9	 9	 1	 85.248246	 -1	 0.000000	 9.087958
125	 9	 9	 1	 48.622691	 -1	 0.000000	 9.880531
126	 9	 9	 1	 84.856023	 -1	 0.000000	 10.402796
>>> gr_fir_ccf: using E
>>> gr_fir_fff: using E
gr_buffer::allocate_buffer: warning: tried to allocate
   47 items of size 1392. Due to alignment requirements
   256 were allocated.  If this isn't OK, consider padding
   your structure to a power-of-two bytes.
   On this platform, our allocation granularity is 4096 bytes.
100	 11	 11	 1	 28.272961	 -1	 0.000000	 11.738773
101	 11	 11	 1	 94.090277	 -1	 0.000000	 8.355859
102	 11	 11	 0	 438.908659	 -1	 0.000000	 10.214929
103	 11	 11	 1	 26.604133	 -1	 0.000000	 9.016425
104	 11	 11	 1	 33.504462	 -1	 0.000000	 8.452792
105	 11	 11	 1	 60.696458	 -1	 0.000000	 9.071057
106	 11	 11	 0	 439.174040	 -1	 0.000000	 8.613483
107	 11	 11	 0	 306.077748	 -1	 0.000000	 7.586036
108	 11	 11	 1	 40.844892	 -1	 0.000000	 8.759899
109	 11	 11	 1	 31.762436	 -1	 0.000000	 10.980145
110	 11	 11	 1	 47.927162	 -1	 0.000000	 15.934691
111	 11	 11	 0	 438.479409	 -1	 0.000000	 12.747807
112	 11	 11	 1	 34.022597	 -1	 0.000000	 8.571944
113	 11	 11	 1	 39.054766	 -1	 0.000000	 10.279269
114	 11	 11	 1	 45.351817	 -1	 0.000000	 13.455056
115	 11	 11	 0	 469.657622	 -1	 0.000000	 7.804519
116	 11	 11	 1	 45.518899	 -1	 0.000000	 13.662306
117	 11	 11	 1	 43.816365	 -1	 0.000000	 11.026514
118	 11	 11	 1	 92.456747	 -1	 0.000000	 7.851651
119	 11	 11	 0	 303.835814	 -1	 0.000000	 9.852185
120	 11	 11	 1	 76.715087	 -1	 0.000000	 22.857147
121	 11	 11	 1	 47.463542	 -1	 0.000000	 12.324302
122	 11	 11	 0	 418.449307	 -1	 0.000000	 10.676854
123	 11	 11	 0	 356.085114	 -1	 0.000000	 7.770670
124	 11	 11	 1	 34.441099	 -1	 0.000000	 13.334806
125	 11	 11	 1	 245.245248	 -1	 0.000000	 9.388150
126	 11	 11	 1	 34.899445	 -1	 0.000000	 9.057532
127	 11	 11	 0	 417.414560	 -1	 0.000000	 15.176902
128	 11	 11	 0	 452.896987	 -1	 0.000000	 13.767468
129	 11	 11	 1	 40.665377	 -1	 0.000000	 10.875888
130	 11	 11	 1	 45.147405	 -1	 0.000000	 9.585487
131	 11	 11	 1	 76.820809	 -1	 0.000000	 12.549005
132	 11	 11	 0	 356.856099	 -1	 0.000000	 9.792471
133	 11	 11	 0	 337.378984	 -1	 0.000000	 10.150970
134	 11	 11	 1	 28.977267	 -1	 0.000000	 10.490667
135	 11	 11	 1	 46.286195	 -1	 0.000000	 8.728165
136	 11	 11	 0	 451.155906	 -1	 0.000000	 10.830935
137	 11	 11	 1	 42.533238	 -1	 0.000000	 9.318480
138	 11	 11	 1	 32.567904	 -1	 0.000000	 11.775345
139	 11	 11	 1	 72.941193	 -1	 0.000000	 8.524157
140	 11	 11	 1	 48.365122	 -1	 0.000000	 13.933138
141	 11	 11	 1	 52.021164	 -1	 0.000000	 9.874038
142	 11	 11	 1	 63.113901	 -1	 0.000000	 10.793263
143	 11	 11	 1	 28.037220	 -1	 0.000000	 12.026709
144	 11	 11	 1	 48.701075	 -1	 0.000000	 13.623219
145	 11	 11	 1	 113.116428	 -1	 0.000000	 9.735958
146	 11	 11	 1	 46.567540	 -1	 0.000000	 8.816985
147	 11	 11	 1	 43.140168	 -1	 0.000000	 9.981612
2232	 9	 9	 0	 442.815209	 -1	 0.000000	 3.640126
148	 11	 11	 1	 55.175493	 -1	 0.000000	 9.697849
149	 11	 11	 1	 45.973288	 -1	 0.000000	 8.419056
150	 11	 11	 1	 55.879484	 -1	 0.000000	 9.042839
151	 11	 11	 1	 75.129704	 -1	 0.000000	 9.082346
152	 11	 11	 1	 54.336596	 -1	 0.000000	 9.409531
153	 11	 11	 1	 44.482490	 -1	 0.000000	 10.677550
154	 11	 11	 1	 122.571434	 -1	 0.000000	 8.216760
155	 11	 11	 0	 447.993060	 -1	 0.000000	 9.491754
156	 11	 11	 1	 36.116408	 -1	 0.000000	 11.866338
157	 11	 11	 0	 434.687875	 -1	 0.000000	 12.213700
158	 11	 11	 1	 43.775522	 -1	 0.000000	 11.577851
159	 11	 11	 1	 40.745418	 -1	 0.000000	 8.093467
160	 11	 11	 1	 74.071135	 -1	 0.000000	 7.910543
161	 11	 11	 1	 68.494302	 -1	 0.000000	 12.248718
162	 11	 11	 1	 22.789907	 -1	 0.000000	 9.617626
163	 11	 11	 1	 56.216397	 -1	 0.000000	 12.108071
164	 11	 11	 0	 449.935188	 -1	 0.000000	 7.431894
165	 11	 11	 1	 67.720720	 -1	 0.000000	 14.331067
166	 11	 11	 1	 39.171432	 -1	 0.000000	 10.391648
167	 11	 11	 1	 71.155618	 -1	 0.000000	 10.161711
168	 11	 11	 1	 67.207631	 -1	 0.000000	 7.733701
169	 11	 11	 1	 37.589907	 -1	 0.000000	 10.540542
170	 11	 11	 1	 43.973693	 -1	 0.000000	 9.488305
171	 11	 11	 1	 50.794755	 -1	 0.000000	 12.272615
172	 11	 11	 1	 53.875811	 -1	 0.000000	 10.176626
173	 11	 11	 0	 422.754883	 -1	 0.000000	 10.600792
174	 11	 11	 1	 39.557639	 -1	 0.000000	 8.305483
175	 11	 11	 1	 43.280965	 -1	 0.000000	 10.113651
176	 11	 11	 1	 72.658232	 -1	 0.000000	 11.684612
177	 11	 11	 0	 414.191065	 -1	 0.000000	 11.921023
178	 11	 11	 1	 34.844799	 -1	 0.000000	 13.944270
179	 11	 11	 0	 311.245405	 -1	 0.000000	 8.487887
180	 11	 11	 1	 61.931124	 -1	 0.000000	 8.890562
181	 11	 11	 1	 43.675786	 -1	 0.000000	 9.342743
182	 11	 11	 1	 45.812876	 -1	 0.000000	 9.515409
183	 11	 11	 1	 57.540864	 -1	 0.000000	 13.390534
184	 11	 11	 1	 70.220789	 -1	 0.000000	 18.201782
185	 11	 11	 1	 37.324735	 -1	 0.000000	 10.464994
186	 11	 11	 1	 41.975048	 -1	 0.000000	 12.083188
187	 11	 11	 1	 31.982075	 -1	 0.000000	 8.673328
188	 11	 11	 1	 27.189546	 -1	 0.000000	 9.191630
189	 11	 11	 1	 78.307382	 -1	 0.000000	 7.127345
190	 11	 11	 1	 57.998878	 -1	 0.000000	 10.621816
191	 11	 11	 1	 107.105315	 -1	 0.000000	 10.471394
192	 11	 11	 1	 65.253180	 -1	 0.000000	 8.596478
193	 11	 11	 1	 53.640099	 -1	 0.000000	 14.490870
194	 11	 11	 1	 30.041766	 -1	 0.000000	 8.424836
195	 11	 11	 1	 37.447706	 -1	 0.000000	 10.539313
196	 11	 11	 1	 58.915987	 -1	 0.000000	 8.540648
197	 11	 11	 1	 60.053829	 -1	 0.000000	 11.884664
198	 11	 11	 1	 55.259447	 -1	 0.000000	 11.575756
199	 11	 11	 1	 48.894832	 -1	 0.000000	 8.033245
200	 11	 11	 1	 49.987440	 -1	 0.000000	 9.883924
201	 11	 11	 1	 208.910038	 -1	 0.000000	 18.190704
202	 11	 11	 1	 38.461906	 -1	 0.000000	 10.581842
203	 11	 11	 1	 50.909581	 -1	 0.000000	 12.701541
204	 11	 11	 1	 58.619400	 -1	 0.000000	 9.890574
205	 11	 11	 1	 73.282569	 -1	 0.000000	 8.683123
206	 11	 11	 1	 51.360849	 -1	 0.000000	 10.030297
207	 11	 11	 1	 44.993890	 -1	 0.000000	 12.047214
208	 11	 11	 1	 49.829545	 -1	 0.000000	 13.754358
209	 11	 11	 1	 46.787147	 -1	 0.000000	 10.159611
210	 11	 11	 0	 383.844922	 -1	 0.000000	 11.692013
211	 11	 11	 1	 36.306876	 -1	 0.000000	 8.928430
212	 11	 11	 1	 38.895378	 -1	 0.000000	 9.611726
213	 11	 11	 1	 48.991617	 -1	 0.000000	 13.687593
214	 11	 11	 1	 54.550735	 -1	 0.000000	 13.123473
215	 11	 11	 1	 73.265301	 -1	 0.000000	 11.886954
216	 11	 11	 1	 40.122677	 -1	 0.000000	 8.849719
217	 11	 11	 1	 27.547507	 -1	 0.000000	 8.798699
218	 11	 11	 1	 32.243041	 -1	 0.000000	 8.953180
219	 11	 11	 1	 49.234798	 -1	 0.000000	 8.341999
220	 11	 11	 1	 44.982277	 -1	 0.000000	 10.138816
221	 11	 11	 1	 48.156807	 -1	 0.000000	 10.460780
222	 11	 11	 1	 38.359012	 -1	 0.000000	 10.232196
223	 11	 11	 1	 53.683763	 -1	 0.000000	 7.870271
224	 11	 11	 1	 61.489955	 -1	 0.000000	 13.978241
225	 11	 11	 0	 398.851339	 -1	 0.000000	 10.054850
226	 11	 11	 1	 60.835068	 -1	 0.000000	 11.104614
227	 11	 11	 1	 49.117341	 -1	 0.000000	 8.315242
228	 11	 11	 1	 69.918519	 -1	 0.000000	 8.683232
229	 11	 11	 1	 52.300918	 -1	 0.000000	 11.384305
230	 11	 11	 1	 32.097259	 -1	 0.000000	 15.646555
231	 11	 11	 1	 41.625255	 -1	 0.000000	 11.356120
232	 11	 11	 1	 72.486633	 -1	 0.000000	 13.538096
233	 11	 11	 0	 430.306779	 -1	 0.000000	 9.748322
234	 11	 11	 1	 47.403041	 -1	 0.000000	 10.193890
235	 11	 11	 0	 284.230814	 -1	 0.000000	 9.082563
236	 11	 11	 1	 71.517903	 -1	 0.000000	 9.169747
237	 11	 11	 1	 41.173062	 -1	 0.000000	 9.479455
238	 11	 11	 1	 64.082734	 -1	 0.000000	 12.559755
239	 11	 11	 1	 36.407937	 -1	 0.000000	 12.616765
240	 11	 11	 1	 51.435706	 -1	 0.000000	 7.855973
241	 11	 11	 1	 74.661413	 -1	 0.000000	 8.778623
242	 11	 11	 1	 40.114618	 -1	 0.000000	 8.756486
243	 11	 11	 0	 423.267461	 -1	 0.000000	 11.039226
244	 11	 11	 1	 74.755276	 -1	 0.000000	 9.091602
245	 11	 11	 1	 82.720036	 -1	 0.000000	 7.712245
246	 11	 11	 1	 81.710215	 -1	 0.000000	 9.123723
247	 11	 11	 1	 65.340333	 -1	 0.000000	 7.562103
248	 11	 11	 1	 28.422768	 -1	 0.000000	 11.959292
249	 11	 11	 1	 26.129853	 -1	 0.000000	 15.595702
250	 11	 11	 1	 38.676931	 -1	 0.000000	 14.690104
251	 11	 11	 1	 44.616835	 -1	 0.000000	 8.825420
252	 11	 11	 1	 34.820711	 -1	 0.000000	 9.253177
253	 11	 11	 1	 40.020595	 -1	 0.000000	 8.111543
254	 11	 11	 1	 52.862881	 -1	 0.000000	 8.897112
255	 11	 11	 1	 49.592339	 -1	 0.000000	 8.956766
256	 11	 11	 1	 41.674472	 -1	 0.000000	 14.490835
257	 11	 11	 1	 40.020389	 -1	 0.000000	 9.515154
258	 11	 11	 0	 400.551725	 -1	 0.000000	 12.268165
259	 11	 11	 0	 350.014942	 -1	 0.000000	 10.891442
260	 11	 11	 1	 45.795158	 -1	 0.000000	 14.245399
261	 11	 11	 1	 164.513473	 -1	 0.000000	 9.170303
262	 11	 11	 1	 24.110659	 -1	 0.000000	 13.498142
263	 11	 11	 1	 28.242518	 -1	 0.000000	 12.902618
264	 11	 11	 0	 432.660384	 -1	 0.000000	 9.008172
265	 11	 11	 1	 49.536448	 -1	 0.000000	 8.440444
266	 11	 11	 1	 42.983468	 -1	 0.000000	 11.526320
267	 11	 11	 0	 409.466751	 -1	 0.000000	 9.463595
268	 11	 11	 1	 32.078612	 -1	 0.000000	 11.632090
269	 11	 11	 1	 60.204265	 -1	 0.000000	 10.564289
270	 11	 11	 1	 43.955176	 -1	 0.000000	 11.872853
271	 11	 11	 1	 61.015194	 -1	 0.000000	 7.257747
272	 11	 11	 0	 423.464323	 -1	 0.000000	 14.162096
273	 11	 11	 1	 26.512468	 -1	 0.000000	 9.411271
274	 11	 11	 0	 289.405258	 -1	 0.000000	 8.297763
275	 11	 11	 1	 47.462224	 -1	 0.000000	 7.892020
276	 11	 11	 1	 69.695864	 -1	 0.000000	 11.107894
277	 11	 11	 1	 40.822775	 -1	 0.000000	 9.784886
278	 11	 11	 1	 70.060181	 -1	 0.000000	 9.301781
279	 11	 11	 1	 52.314102	 -1	 0.000000	 8.142988
280	 11	 11	 1	 33.593304	 -1	 0.000000	 10.147993
281	 11	 11	 1	 39.749534	 -1	 0.000000	 9.521591
282	 11	 11	 1	 39.034953	 -1	 0.000000	 12.016181
283	 11	 11	 1	 55.128114	 -1	 0.000000	 11.311867
336	 10	 10	 0	 476.999105	 -1	 0.000000	 6.113563
284	 11	 11	 1	 50.075596	 -1	 0.000000	 7.860431
285	 11	 11	 0	 277.059627	 -1	 0.000000	 9.439300
286	 11	 11	 1	 76.285859	 -1	 0.000000	 8.636969
287	 11	 11	 1	 36.008382	 -1	 0.000000	 14.075810
288	 11	 11	 1	 53.030008	 -1	 0.000000	 10.457763
289	 11	 11	 1	 39.692673	 -1	 0.000000	 8.805418
290	 11	 11	 0	 306.066406	 -1	 0.000000	 9.576805
291	 11	 11	 1	 50.438139	 -1	 0.000000	 15.359068
292	 11	 11	 1	 69.920559	 -1	 0.000000	 12.485014
293	 11	 11	 0	 436.217274	 -1	 0.000000	 12.860665
294	 11	 11	 1	 42.996152	 -1	 0.000000	 12.199132
295	 11	 11	 1	 48.235548	 -1	 0.000000	 9.229265
296	 11	 11	 1	 39.496047	 -1	 0.000000	 7.535369
297	 11	 11	 1	 48.670190	 -1	 0.000000	 9.469629
164	 11	 11	 0	 454.983183	 -1	 0.000000	 9.189353
320	 11	 11	 1	 82.407859	 -1	 0.000000	 9.289776
2245	 13	 13	 0	 376.094520	 -1	 0.000000	 6.099017
321	 11	 11	 1	 99.755915	 -1	 0.000000	 10.662363
322	 11	 11	 1	 41.554116	 -1	 0.000000	 8.830606
323	 11	 11	 1	 76.695617	 -1	 0.000000	 9.509799
324	 11	 11	 1	 75.606801	 -1	 0.000000	 9.112675
325	 11	 11	 1	 80.043698	 -1	 0.000000	 12.826324
326	 11	 11	 1	 41.955865	 -1	 0.000000	 12.860275
327	 11	 11	 1	 74.103403	 -1	 0.000000	 11.153914
328	 11	 11	 1	 73.884648	 -1	 0.000000	 13.890301
329	 11	 11	 1	 41.941397	 -1	 0.000000	 13.635932
330	 11	 11	 1	 55.664535	 -1	 0.000000	 11.177075
331	 11	 11	 1	 60.334566	 -1	 0.000000	 18.707548
332	 11	 11	 1	 69.713222	 -1	 0.000000	 9.634175
333	 11	 11	 1	 47.789670	 -1	 0.000000	 9.532055
334	 11	 11	 1	 43.928024	 -1	 0.000000	 10.985628
335	 11	 11	 0	 433.486539	 -1	 0.000000	 11.088124
336	 11	 11	 1	 51.242935	 -1	 0.000000	 8.763677
337	 11	 11	 1	 38.225459	 -1	 0.000000	 12.055163
2492	 11	 11	 0	 456.479828	 -1	 0.000000	 9.486718
338	 11	 11	 1	 64.727301	 -1	 0.000000	 9.045314
339	 11	 11	 1	 48.713403	 -1	 0.000000	 8.365561
340	 11	 11	 0	 454.722687	 -1	 0.000000	 14.199004
341	 11	 11	 1	 51.453299	 -1	 0.000000	 10.195827
342	 11	 11	 1	 63.990744	 -1	 0.000000	 9.207829
343	 11	 11	 1	 45.066713	 -1	 0.000000	 8.074320
344	 11	 11	 1	 32.244027	 -1	 0.000000	 12.036286
345	 11	 11	 1	 29.926771	 -1	 0.000000	 8.661313
346	 11	 11	 1	 31.478055	 -1	 0.000000	 9.260175
347	 11	 11	 1	 61.054545	 -1	 0.000000	 9.720182
348	 11	 11	 1	 88.330326	 -1	 0.000000	 7.924655
349	 11	 11	 1	 71.245624	 -1	 0.000000	 12.170485
360	 11	 11	 1	 138.756834	 -1	 0.000000	 8.879492
361	 11	 11	 1	 104.200213	 -1	 0.000000	 11.302392
3311	 15	 15	 0	 417.965013	 -1	 0.000000	 8.457324
362	 11	 11	 1	 55.435075	 -1	 0.000000	 10.449942
363	 11	 11	 1	 53.548476	 -1	 0.000000	 8.020822
364	 11	 11	 1	 89.168055	 -1	 0.000000	 10.105195
365	 11	 11	 1	 43.933435	 -1	 0.000000	 9.903182
366	 11	 11	 1	 157.129284	 -1	 0.000000	 9.653866
367	 11	 11	 0	 426.661510	 -1	 0.000000	 10.109900
368	 11	 11	 1	 67.281844	 -1	 0.000000	 10.341372
369	 11	 11	 1	 70.666525	 -1	 0.000000	 8.784696
370	 11	 11	 1	 52.156020	 -1	 0.000000	 10.312042
371	 11	 11	 1	 40.771962	 -1	 0.000000	 11.199166
372	 11	 11	 0	 355.811872	 -1	 0.000000	 11.900275
373	 11	 11	 1	 53.144970	 -1	 0.000000	 7.989078
374	 11	 11	 1	 52.840239	 -1	 0.000000	 7.757493
375	 11	 11	 1	 45.387871	 -1	 0.000000	 13.692461
377	 11	 11	 1	 28.557252	 -1	 0.000000	 11.671281
378	 11	 11	 1	 33.972554	 -1	 0.000000	 14.343665
379	 11	 11	 1	 30.290609	 -1	 0.000000	 13.088921
387	 11	 11	 0	 327.754594	 -1	 0.000000	 7.395167
388	 11	 11	 0	 357.805505	 -1	 0.000000	 8.940433
389	 11	 11	 1	 72.108134	 -1	 0.000000	 9.248015
390	 11	 11	 1	 28.745799	 -1	 0.000000	 9.222056
393	 11	 11	 1	 42.387862	 -1	 0.000000	 11.318287
394	 11	 11	 1	 36.874692	 -1	 0.000000	 8.134405
395	 11	 11	 1	 45.399160	 -1	 0.000000	 8.515098
396	 11	 11	 1	 81.540789	 -1	 0.000000	 7.926293
397	 11	 11	 1	 42.547114	 -1	 0.000000	 9.550647
398	 11	 11	 1	 54.649088	 -1	 0.000000	 8.435144
399	 11	 11	 1	 24.871583	 -1	 0.000000	 11.723445
400	 11	 11	 1	 38.887752	 -1	 0.000000	 10.309361
401	 11	 11	 1	 69.840116	 -1	 0.000000	 9.538248
402	 11	 11	 1	 64.045214	 -1	 0.000000	 10.075167
403	 11	 11	 1	 197.835784	 -1	 0.000000	 9.930196
404	 11	 11	 1	 34.096270	 -1	 0.000000	 8.076061
405	 11	 11	 1	 26.939090	 -1	 0.000000	 10.909556
406	 11	 11	 1	 58.759899	 -1	 0.000000	 10.428307
407	 11	 11	 1	 39.007960	 -1	 0.000000	 8.439705
408	 11	 11	 1	 45.993678	 -1	 0.000000	 8.790807
409	 11	 11	 0	 455.652928	 -1	 0.000000	 10.266863
410	 11	 11	 1	 38.654211	 -1	 0.000000	 9.262020
411	 11	 11	 1	 38.087207	 -1	 0.000000	 12.089981
412	 11	 11	 1	 74.355153	 -1	 0.000000	 9.086970
413	 11	 11	 1	 41.091890	 -1	 0.000000	 8.806510
414	 11	 11	 1	 54.812694	 -1	 0.000000	 13.159955
415	 11	 11	 1	 39.720733	 -1	 0.000000	 9.101620
416	 11	 11	 1	 42.451537	 -1	 0.000000	 7.263734
417	 11	 11	 1	 63.445957	 -1	 0.000000	 9.307189
418	 11	 11	 1	 20.634379	 -1	 0.000000	 9.185701
419	 11	 11	 1	 116.566767	 -1	 0.000000	 11.314856
420	 11	 11	 1	 30.787689	 -1	 0.000000	 14.866045
421	 11	 11	 1	 46.173431	 -1	 0.000000	 7.443367
422	 11	 11	 1	 29.173557	 -1	 0.000000	 11.579426
423	 11	 11	 1	 30.499635	 -1	 0.000000	 12.377149
424	 11	 11	 1	 80.505626	 -1	 0.000000	 14.728247
425	 11	 11	 1	 58.515235	 -1	 0.000000	 10.843605
426	 11	 11	 1	 49.523489	 -1	 0.000000	 8.678358
427	 11	 11	 1	 34.766180	 -1	 0.000000	 8.283591
428	 11	 11	 0	 443.742474	 -1	 0.000000	 8.592559
429	 11	 11	 1	 46.438002	 -1	 0.000000	 9.292388
430	 11	 11	 1	 47.235214	 -1	 0.000000	 17.489841
431	 11	 11	 1	 32.818138	 -1	 0.000000	 13.156425
432	 11	 11	 1	 43.349832	 -1	 0.000000	 13.570582
433	 11	 11	 1	 63.340304	 -1	 0.000000	 7.776219
434	 11	 11	 1	 68.815540	 -1	 0.000000	 11.580670
435	 11	 11	 1	 29.047126	 -1	 0.000000	 9.176559
436	 11	 11	 0	 454.322572	 -1	 0.000000	 8.602130
437	 11	 11	 1	 35.820872	 -1	 0.000000	 7.513234
438	 11	 11	 1	 42.445484	 -1	 0.000000	 9.937503
439	 11	 11	 1	 44.071629	 -1	 0.000000	 8.978671
440	 11	 11	 1	 45.768902	 -1	 0.000000	 10.394851
441	 11	 11	 0	 451.306379	 -1	 0.000000	 9.297008
442	 11	 11	 1	 26.420137	 -1	 0.000000	 7.928856
443	 11	 11	 1	 83.841030	 -1	 0.000000	 9.829506
444	 11	 11	 1	 33.582887	 -1	 0.000000	 13.344581
445	 11	 11	 1	 34.325757	 -1	 0.000000	 21.022579
446	 11	 11	 1	 34.395487	 -1	 0.000000	 9.524254
447	 11	 11	 1	 52.986558	 -1	 0.000000	 8.506519
460	 11	 11	 1	 29.982976	 -1	 0.000000	 9.628006
461	 11	 11	 0	 414.051902	 -1	 0.000000	 9.327237
462	 11	 11	 1	 35.272300	 -1	 0.000000	 10.172564
463	 11	 11	 0	 288.685962	 -1	 0.000000	 15.098041
464	 11	 11	 1	 50.710593	 -1	 0.000000	 11.472961
465	 11	 11	 1	 79.801929	 -1	 0.000000	 11.203144
466	 11	 11	 1	 36.494804	 -1	 0.000000	 8.688427
467	 11	 11	 1	 61.254796	 -1	 0.000000	 8.315090
468	 11	 11	 1	 25.075377	 -1	 0.000000	 8.768846
3262	 3	 3	 0	 486.237159	 -1	 0.000000	 6.757191
469	 11	 11	 0	 456.945541	 -1	 0.000000	 7.654396
470	 11	 11	 0	 244.803394	 -1	 0.000000	 7.936363
471	 11	 11	 0	 210.761927	 -1	 0.000000	 9.381728
472	 11	 11	 0	 236.699177	 -1	 0.000000	 8.056974
473	 11	 11	 0	 229.485443	 -1	 0.000000	 11.615689
474	 11	 11	 0	 237.893994	 -1	 0.000000	 9.194089
475	 11	 11	 0	 243.684497	 -1	 0.000000	 10.273570
476	 11	 11	 0	 214.509663	 -1	 0.000000	 10.289164
477	 11	 11	 0	 215.388168	 -1	 0.000000	 13.247850
478	 11	 11	 0	 239.955458	 -1	 0.000000	 12.616338
479	 11	 11	 0	 384.856384	 -1	 0.000000	 9.555220
480	 11	 11	 0	 243.073367	 -1	 0.000000	 7.856894
481	 11	 11	 0	 214.487203	 -1	 0.000000	 11.879110
482	 11	 11	 0	 206.703136	 -1	 0.000000	 14.718630
485	 11	 11	 0	 226.852182	 -1	 0.000000	 8.401306
486	 11	 11	 0	 216.167570	 -1	 0.000000	 14.354497
487	 11	 11	 0	 306.806126	 -1	 0.000000	 8.554816
488	 11	 11	 0	 233.632063	 -1	 0.000000	 11.198316
489	 11	 11	 0	 219.799770	 -1	 0.000000	 11.508699
490	 11	 11	 0	 231.903708	 -1	 0.000000	 9.745544
491	 11	 11	 0	 238.113767	 -1	 0.000000	 9.132575
492	 11	 11	 0	 225.038665	 -1	 0.000000	 12.028816
493	 11	 11	 0	 243.332680	 -1	 0.000000	 10.073681
494	 11	 11	 0	 226.912683	 -1	 0.000000	 11.540201
495	 11	 11	 0	 215.365138	 -1	 0.000000	 10.507670
496	 11	 11	 0	 441.701885	 -1	 0.000000	 11.849207
497	 11	 11	 0	 241.322530	 -1	 0.000000	 10.401896
498	 11	 11	 0	 238.237559	 -1	 0.000000	 9.496243
499	 11	 11	 0	 218.037556	 -1	 0.000000	 8.959867
python: trellis_siso_combined_packet.cc:233: virtual int trellis_siso_combined_packet::general_work(int, gr_vector_int&, gr_vector_const_void_star&, gr_vector_void_star&): Assertion `d_flush_input1 >= num_oldinput[1]' failed.
>>> gr_fir_ccf: using E
>>> gr_fir_fff: using E
gr_buffer::allocate_buffer: warning: tried to allocate
   47 items of size 1392. Due to alignment requirements
   256 were allocated.  If this isn't OK, consider padding
   your structure to a power-of-two bytes.
   On this platform, our allocation granularity is 4096 bytes.
100	 11	 11	 1	 30.508747	 -1	 0.000000	 9.326268
101	 11	 11	 1	 93.094412	 -1	 0.000000	 10.187274
102	 11	 11	 1	 71.175457	 -1	 0.000000	 9.069430
103	 11	 11	 1	 51.684764	 -1	 0.000000	 12.677970
104	 11	 11	 1	 29.122437	 -1	 0.000000	 15.898847
105	 11	 11	 0	 446.029355	 -1	 0.000000	 5.851936
106	 11	 11	 1	 94.740900	 -1	 0.000000	 7.904549
107	 11	 11	 1	 89.956264	 -1	 0.000000	 12.434421
108	 11	 11	 1	 38.191852	 -1	 0.000000	 9.762312
109	 11	 11	 1	 33.803845	 -1	 0.000000	 13.698780
110	 11	 11	 1	 24.427251	 -1	 0.000000	 9.428802
111	 11	 11	 1	 44.207596	 -1	 0.000000	 9.971474
112	 11	 11	 1	 40.664976	 -1	 0.000000	 8.459967
113	 11	 11	 1	 63.367268	 -1	 0.000000	 10.041427
2596	 10	 10	 0	 480.140684	 -1	 0.000000	 7.786921
114	 11	 11	 0	 378.427229	 -1	 0.000000	 8.974934
115	 11	 11	 1	 31.356064	 -1	 0.000000	 7.958293
116	 11	 11	 1	 45.860964	 -1	 0.000000	 12.047120
117	 11	 11	 1	 43.976374	 -1	 0.000000	 10.592437
118	 11	 11	 1	 83.659550	 -1	 0.000000	 9.697128
119	 11	 11	 0	 351.977635	 -1	 0.000000	 13.226995
120	 11	 11	 1	 71.504478	 -1	 0.000000	 11.511973
121	 11	 11	 1	 46.821326	 -1	 0.000000	 17.900812
122	 11	 11	 1	 62.863302	 -1	 0.000000	 14.036904
123	 11	 11	 1	 47.505073	 -1	 0.000000	 8.199320
124	 11	 11	 1	 37.828981	 -1	 0.000000	 8.579147
125	 11	 11	 1	 33.440166	 -1	 0.000000	 10.093414
126	 11	 11	 1	 38.126374	 -1	 0.000000	 8.303771
127	 11	 11	 1	 38.933130	 -1	 0.000000	 9.032259
128	 11	 11	 1	 42.669436	 -1	 0.000000	 11.015449
129	 11	 11	 1	 51.601055	 -1	 0.000000	 10.417384
130	 11	 11	 1	 43.672353	 -1	 0.000000	 8.713569
131	 11	 11	 1	 34.969575	 -1	 0.000000	 9.056703
132	 11	 11	 1	 69.901203	 -1	 0.000000	 10.824719
133	 11	 11	 1	 45.722730	 -1	 0.000000	 9.708819
134	 11	 11	 1	 42.048471	 -1	 0.000000	 12.780178
135	 11	 11	 1	 44.878794	 -1	 0.000000	 10.593271
136	 11	 11	 1	 27.478280	 -1	 0.000000	 15.780568
137	 11	 11	 1	 47.458979	 -1	 0.000000	 9.899976
138	 11	 11	 1	 40.885524	 -1	 0.000000	 9.679682
139	 11	 11	 0	 441.918905	 -1	 0.000000	 7.554727
140	 11	 11	 1	 33.349690	 -1	 0.000000	 11.877223
141	 11	 11	 1	 47.194709	 -1	 0.000000	 9.172860
142	 11	 11	 0	 423.036040	 -1	 0.000000	 10.351590
143	 11	 11	 1	 37.101620	 -1	 0.000000	 9.449222
144	 11	 11	 1	 23.222934	 -1	 0.000000	 9.314995
145	 11	 11	 1	 118.245348	 -1	 0.000000	 9.740114
146	 11	 11	 1	 45.418273	 -1	 0.000000	 10.007558
147	 11	 11	 1	 32.860508	 -1	 0.000000	 18.349791
148	 11	 11	 1	 45.076795	 -1	 0.000000	 10.575468
149	 11	 11	 1	 43.248511	 -1	 0.000000	 8.802447
150	 11	 11	 1	 51.376803	 -1	 0.000000	 9.152412
151	 11	 11	 1	 100.279276	 -1	 0.000000	 6.980740
152	 11	 11	 1	 31.750886	 -1	 0.000000	 10.139685
153	 11	 11	 1	 24.607508	 -1	 0.000000	 13.914329
154	 11	 11	 1	 101.460524	 -1	 0.000000	 9.497397
155	 11	 11	 1	 58.606917	 -1	 0.000000	 9.224463
156	 11	 11	 0	 419.331541	 -1	 0.000000	 8.067938
157	 11	 11	 1	 60.493370	 -1	 0.000000	 8.587019
158	 11	 11	 1	 89.336111	 -1	 0.000000	 12.510229
159	 11	 11	 0	 424.104500	 -1	 0.000000	 10.430586
160	 11	 11	 1	 51.138372	 -1	 0.000000	 11.136927
161	 11	 11	 1	 73.280635	 -1	 0.000000	 9.192983
162	 11	 11	 1	 26.484878	 -1	 0.000000	 10.109298
163	 11	 11	 1	 54.161113	 -1	 0.000000	 14.800949
164	 11	 11	 0	 453.021618	 -1	 0.000000	 9.085321
112	 10	 10	 1	 187.270180	 -1	 0.000000	 10.423479
113	 10	 10	 1	 210.990710	 -1	 0.000000	 10.279985
114	 10	 10	 1	 196.972257	 -1	 0.000000	 8.127415
115	 10	 10	 0	 409.856305	 -1	 0.000000	 11.963513
116	 10	 10	 0	 405.345429	 -1	 0.000000	 10.301258
117	 10	 10	 1	 261.884381	 -1	 0.000000	 8.562381
118	 10	 10	 1	 190.836487	 -1	 0.000000	 10.447987
119	 10	 10	 0	 420.515838	 -1	 0.000000	 13.066673
120	 10	 10	 0	 429.069594	 -1	 0.000000	 9.418864
121	 10	 10	 0	 420.802319	 -1	 0.000000	 10.714502
123	 10	 10	 1	 240.839442	 -1	 0.000000	 12.846399
124	 10	 10	 1	 161.033781	 -1	 0.000000	 8.957301
125	 10	 10	 1	 297.408622	 -1	 0.000000	 12.428488
126	 10	 10	 1	 197.219861	 -1	 0.000000	 12.236814
127	 10	 10	 0	 407.414171	 -1	 0.000000	 11.411490
128	 10	 10	 0	 412.039435	 -1	 0.000000	 11.006235
129	 10	 10	 0	 402.672548	 -1	 0.000000	 9.480009
130	 10	 10	 0	 421.176651	 -1	 0.000000	 8.407206
131	 10	 10	 1	 204.103054	 -1	 0.000000	 9.791023
>>> gr_fir_ccf: using E
>>> gr_fir_fff: using E
gr_buffer::allocate_buffer: warning: tried to allocate
   47 items of size 1392. Due to alignment requirements
   256 were allocated.  If this isn't OK, consider padding
   your structure to a power-of-two bytes.
   On this platform, our allocation granularity is 4096 bytes.
118	 10	 10	 1	 164.301713	 -1	 0.000000	 10.338414
120	 10	 10	 1	 246.028626	 -1	 0.000000	 9.105682
121	 10	 10	 1	 261.523134	 -1	 0.000000	 8.989993
122	 10	 10	 0	 412.964314	 -1	 0.000000	 12.228728
123	 10	 10	 1	 349.805386	 -1	 0.000000	 7.683498
124	 10	 10	 1	 176.944630	 -1	 0.000000	 14.066356
125	 10	 10	 0	 422.916395	 -1	 0.000000	 11.216813
126	 10	 10	 1	 211.301970	 -1	 0.000000	 9.478286
127	 10	 10	 1	 224.237047	 -1	 0.000000	 9.054187
128	 10	 10	 1	 174.002276	 -1	 0.000000	 10.452466
129	 10	 10	 0	 418.554647	 -1	 0.000000	 11.828124
130	 10	 10	 1	 197.462115	 -1	 0.000000	 8.934235
131	 10	 10	 1	 221.037347	 -1	 0.000000	 10.232774
132	 10	 10	 0	 416.729238	 -1	 0.000000	 9.792015
133	 10	 10	 1	 178.850956	 -1	 0.000000	 9.263098
134	 10	 10	 0	 411.846561	 -1	 0.000000	 9.983972
135	 10	 10	 1	 203.811759	 -1	 0.000000	 11.899740
136	 10	 10	 1	 218.018708	 -1	 0.000000	 9.540166
137	 10	 10	 1	 276.571471	 -1	 0.000000	 7.501872
138	 10	 10	 1	 235.890354	 -1	 0.000000	 11.139432
139	 10	 10	 1	 213.690662	 -1	 0.000000	 19.382103
140	 10	 10	 1	 265.786927	 -1	 0.000000	 8.038379
142	 10	 10	 1	 166.239968	 -1	 0.000000	 11.096903
143	 10	 10	 1	 301.196183	 -1	 0.000000	 9.265192
144	 10	 10	 1	 150.629316	 -1	 0.000000	 13.496508
145	 10	 10	 1	 152.831377	 -1	 0.000000	 10.805459
146	 10	 10	 0	 415.085799	 -1	 0.000000	 9.559528
147	 10	 10	 1	 206.369506	 -1	 0.000000	 9.580682
148	 10	 10	 1	 273.795939	 -1	 0.000000	 9.226124
149	 10	 10	 1	 218.777037	 -1	 0.000000	 9.111962
150	 10	 10	 0	 436.876345	 -1	 0.000000	 9.941305
152	 10	 10	 1	 147.228188	 -1	 0.000000	 7.939954
153	 10	 10	 0	 422.779320	 -1	 0.000000	 10.814103
154	 10	 10	 1	 231.163180	 -1	 0.000000	 17.510262
155	 10	 10	 1	 252.542261	 -1	 0.000000	 7.921787
156	 10	 10	 1	 211.793950	 -1	 0.000000	 10.164694
157	 10	 10	 1	 142.987639	 -1	 0.000000	 12.735134
158	 10	 10	 1	 182.135800	 -1	 0.000000	 10.083235
159	 10	 10	 1	 212.305462	 -1	 0.000000	 9.027894
160	 10	 10	 0	 426.936324	 -1	 0.000000	 10.728256
161	 10	 10	 1	 291.025890	 -1	 0.000000	 11.381095
162	 10	 10	 1	 246.790974	 -1	 0.000000	 8.471968
163	 10	 10	 1	 226.442526	 -1	 0.000000	 10.748480
164	 10	 10	 1	 165.598003	 -1	 0.000000	 12.669082
165	 10	 10	 0	 422.388229	 -1	 0.000000	 10.473680
166	 10	 10	 1	 256.583097	 -1	 0.000000	 7.825071
167	 10	 10	 1	 274.657867	 -1	 0.000000	 11.470895
168	 10	 10	 1	 219.486801	 -1	 0.000000	 7.764897
169	 10	 10	 1	 224.323817	 -1	 0.000000	 8.801659
170	 10	 10	 1	 207.705813	 -1	 0.000000	 8.430505
172	 10	 10	 0	 420.491367	 -1	 0.000000	 9.801910
173	 10	 10	 1	 223.804566	 -1	 0.000000	 12.373474
174	 10	 10	 1	 176.064824	 -1	 0.000000	 14.947582
175	 10	 10	 0	 418.870192	 -1	 0.000000	 13.452002
176	 10	 10	 0	 421.301870	 -1	 0.000000	 9.814868
177	 10	 10	 1	 239.783160	 -1	 0.000000	 11.745078
178	 10	 10	 1	 210.517120	 -1	 0.000000	 12.018983
179	 10	 10	 1	 192.441503	 -1	 0.000000	 9.458028
180	 10	 10	 0	 423.372320	 -1	 0.000000	 7.529242
181	 10	 10	 1	 234.724364	 -1	 0.000000	 8.175703
182	 10	 10	 1	 234.165599	 -1	 0.000000	 8.709591
183	 10	 10	 1	 168.553049	 -1	 0.000000	 14.290768
184	 10	 10	 1	 213.699690	 -1	 0.000000	 8.759551
185	 10	 10	 0	 435.881818	 -1	 0.000000	 8.367670
187	 10	 10	 1	 254.387131	 -1	 0.000000	 8.006388
188	 10	 10	 1	 226.724813	 -1	 0.000000	 8.322184
189	 10	 10	 1	 291.114945	 -1	 0.000000	 9.989738
190	 10	 10	 1	 196.563465	 -1	 0.000000	 8.676281
191	 10	 10	 1	 159.237537	 -1	 0.000000	 11.927322
192	 10	 10	 1	 289.656658	 -1	 0.000000	 7.315928
193	 10	 10	 1	 203.964840	 -1	 0.000000	 9.261622
194	 10	 10	 0	 417.551264	 -1	 0.000000	 12.842336
195	 10	 10	 1	 268.795599	 -1	 0.000000	 8.452655
196	 10	 10	 1	 352.682346	 -1	 0.000000	 9.231044
197	 10	 10	 0	 400.992808	 -1	 0.000000	 15.548139
198	 10	 10	 1	 185.071812	 -1	 0.000000	 9.065135
199	 10	 10	 1	 202.244542	 -1	 0.000000	 10.576466
201	 10	 10	 0	 411.705766	 -1	 0.000000	 9.161556
202	 10	 10	 0	 424.890341	 -1	 0.000000	 9.877578
203	 10	 10	 0	 406.940197	 -1	 0.000000	 15.192415
204	 10	 10	 1	 230.986101	 -1	 0.000000	 10.079603
205	 10	 10	 1	 208.038691	 -1	 0.000000	 9.937450
48	 11	 11	 0	 459.123842	 -1	 0.000000	 7.045753
206	 10	 10	 1	 283.192060	 -1	 0.000000	 8.484398
207	 10	 10	 1	 191.305595	 -1	 0.000000	 10.919385
208	 10	 10	 1	 184.956654	 -1	 0.000000	 11.224435
209	 10	 10	 1	 193.185446	 -1	 0.000000	 16.090252
210	 10	 10	 1	 188.657691	 -1	 0.000000	 11.068842
211	 10	 10	 1	 269.052982	 -1	 0.000000	 8.755096
212	 10	 10	 1	 190.727422	 -1	 0.000000	 8.191856
213	 10	 10	 1	 177.043762	 -1	 0.000000	 12.173313
214	 10	 10	 0	 419.957801	 -1	 0.000000	 9.044575
215	 10	 10	 1	 167.388727	 -1	 0.000000	 11.243644
216	 10	 10	 1	 236.304558	 -1	 0.000000	 8.738433
217	 10	 10	 1	 190.201987	 -1	 0.000000	 8.263899
218	 10	 10	 0	 414.166946	 -1	 0.000000	 13.537301
219	 10	 10	 0	 435.859627	 -1	 0.000000	 8.968799
220	 10	 10	 1	 176.367472	 -1	 0.000000	 10.732513
221	 10	 10	 1	 304.390801	 -1	 0.000000	 8.718019
222	 10	 10	 0	 415.615462	 -1	 0.000000	 10.471855
223	 10	 10	 0	 435.637637	 -1	 0.000000	 8.513600
224	 10	 10	 0	 435.682187	 -1	 0.000000	 8.825914
225	 10	 10	 1	 310.338110	 -1	 0.000000	 16.252327
226	 10	 10	 1	 194.113583	 -1	 0.000000	 10.177927
