>>> gr_fir_ccf: using E
>>> gr_fir_fff: using E
gr_buffer::allocate_buffer: warning: tried to allocate
   47 items of size 1392. Due to alignment requirements
   256 were allocated.  If this isn't OK, consider padding
   your structure to a power-of-two bytes.
   On this platform, our allocation granularity is 4096 bytes.
90	 13	 13	 1	 0.000102	 -1	 0.000000	 -0.071049
91	 13	 13	 1	 0.000083	 -1	 0.000000	 -0.035034
92	 13	 13	 1	 0.000118	 -1	 0.000000	 0.002583
93	 13	 13	 1	 0.000105	 -1	 0.000000	 0.038627
94	 13	 13	 1	 0.000017	 -1	 0.000000	 0.283464
95	 13	 13	 1	 0.000076	 -1	 0.000000	 0.133275
96	 13	 13	 1	 0.000084	 -1	 0.000000	 -0.108644
97	 13	 13	 1	 0.000066	 -1	 0.000000	 0.126505
98	 13	 13	 1	 0.000089	 -1	 0.000000	 0.121535
99	 13	 13	 1	 0.000092	 -1	 0.000000	 0.034476
100	 13	 13	 1	 0.000085	 -1	 0.000000	 -0.008504
101	 13	 13	 1	 0.000085	 -1	 0.000000	 -0.005138
102	 13	 13	 1	 0.000091	 -1	 0.000000	 0.041045
103	 13	 13	 1	 0.000048	 -1	 0.000000	 0.148272
104	 13	 13	 1	 0.000138	 -1	 0.000000	 -0.044523
105	 13	 13	 1	 0.000086	 -1	 0.000000	 0.120148
108	 13	 13	 1	 0.000048	 -1	 0.000000	 0.226124
109	 13	 13	 1	 0.000020	 -1	 0.000000	 0.139035
110	 13	 13	 1	 0.000014	 -1	 0.000000	 0.173140
111	 13	 13	 1	 0.000061	 -1	 0.000000	 0.105271
112	 13	 13	 1	 0.000114	 -1	 0.000000	 0.035826
113	 13	 13	 1	 0.000118	 -1	 0.000000	 -0.056701
114	 13	 13	 1	 0.000084	 -1	 0.000000	 -0.010686
116	 13	 13	 1	 0.000056	 -1	 0.000000	 0.189605
117	 13	 13	 1	 0.000021	 -1	 0.000000	 0.144720
118	 13	 13	 1	 0.000105	 -1	 0.000000	 0.036053
119	 13	 13	 1	 0.000106	 -1	 0.000000	 0.016921
120	 13	 13	 1	 0.000010	 -1	 0.000000	 -0.149055
121	 13	 13	 1	 0.000089	 -1	 0.000000	 0.095832
122	 13	 13	 1	 0.000099	 -1	 0.000000	 -0.072854
124	 13	 13	 1	 0.000027	 -1	 0.000000	 0.123649
125	 13	 13	 1	 0.000008	 -1	 0.000000	 0.021418
126	 13	 13	 1	 0.000031	 -1	 0.000000	 0.323146
127	 13	 13	 1	 0.000121	 -1	 0.000000	 -0.053626
128	 13	 13	 1	 0.000098	 -1	 0.000000	 -0.089568
129	 13	 13	 1	 0.000108	 -1	 0.000000	 0.065805
130	 13	 13	 1	 0.000074	 -1	 0.000000	 -0.027867
131	 13	 13	 1	 0.000120	 -1	 0.000000	 0.108248
133	 13	 13	 1	 0.000095	 -1	 0.000000	 -0.020593
134	 13	 13	 1	 0.000112	 -1	 0.000000	 0.070709
135	 13	 13	 1	 0.000092	 -1	 0.000000	 0.098588
136	 13	 13	 1	 0.000115	 -1	 0.000000	 -0.009490
137	 13	 13	 1	 0.000028	 -1	 0.000000	 0.159154
138	 13	 13	 1	 0.000101	 -1	 0.000000	 0.022696
139	 13	 13	 1	 0.000107	 -1	 0.000000	 -0.075318
140	 13	 13	 1	 0.000076	 -1	 0.000000	 0.122976
141	 13	 13	 1	 0.000029	 -1	 0.000000	 0.123386
142	 13	 13	 1	 0.000097	 -1	 0.000000	 -0.028865
143	 13	 13	 1	 0.000014	 -1	 0.000000	 -0.056166
144	 13	 13	 1	 0.000024	 -1	 0.000000	 0.255855
145	 13	 13	 1	 0.000035	 -1	 0.000000	 0.210465
146	 13	 13	 1	 0.000124	 -1	 0.000000	 0.063514
147	 13	 13	 1	 0.000086	 -1	 0.000000	 0.069678
148	 13	 13	 1	 0.000136	 -1	 0.000000	 -0.094655
418	 13	 13	 1	 0.000035	 -1	 0.000000	 0.288863
422	 13	 13	 1	 0.000114	 -1	 0.000000	 0.179229
424	 13	 13	 1	 0.000041	 -1	 0.000000	 0.145527
425	 13	 13	 1	 0.000099	 -1	 0.000000	 0.177035
426	 13	 13	 1	 0.000014	 -1	 0.000000	 0.138029
427	 13	 13	 1	 0.000025	 -1	 0.000000	 0.206320
428	 13	 13	 1	 0.000019	 -1	 0.000000	 0.043210
429	 13	 13	 1	 0.000083	 -1	 0.000000	 0.206845
430	 13	 13	 1	 0.000057	 -1	 0.000000	 -0.060949
431	 13	 13	 1	 0.000086	 -1	 0.000000	 0.181712
433	 13	 13	 1	 0.000063	 -1	 0.000000	 0.203848
434	 13	 13	 1	 0.000101	 -1	 0.000000	 0.139873
435	 13	 13	 1	 0.000128	 -1	 0.000000	 0.184858
436	 13	 13	 1	 0.000073	 -1	 0.000000	 -0.003063
438	 13	 13	 1	 0.000096	 -1	 0.000000	 0.114201
439	 13	 13	 1	 0.000070	 -1	 0.000000	 0.085792
440	 13	 13	 1	 0.000141	 -1	 0.000000	 -0.233306
441	 13	 13	 1	 0.000088	 -1	 0.000000	 -0.045794
442	 13	 13	 1	 0.000105	 -1	 0.000000	 0.221643
443	 13	 13	 1	 0.000031	 -1	 0.000000	 0.026959
444	 13	 13	 1	 0.000079	 -1	 0.000000	 0.224461
445	 13	 13	 1	 0.000065	 -1	 0.000000	 0.050133
446	 13	 13	 1	 0.000108	 -1	 0.000000	 0.094456
459	 13	 13	 1	 0.000129	 -1	 0.000000	 0.043347
460	 13	 13	 0	 417.044997	 -1	 0.000000	 -0.049603
461	 13	 13	 1	 0.000091	 -1	 0.000000	 0.256791
462	 13	 13	 1	 0.000029	 -1	 0.000000	 0.082489
463	 13	 13	 1	 0.000074	 -1	 0.000000	 0.035149
464	 13	 13	 1	 0.000090	 -1	 0.000000	 0.260947
465	 13	 13	 1	 0.000013	 -1	 0.000000	 0.123848
466	 13	 13	 1	 0.000089	 -1	 0.000000	 0.238723
468	 13	 13	 1	 0.000028	 -1	 0.000000	 0.158709
469	 13	 13	 1	 0.000082	 -1	 0.000000	 0.058651
471	 13	 13	 1	 0.000096	 -1	 0.000000	 -0.157882
472	 13	 13	 1	 0.000105	 -1	 0.000000	 0.048795
473	 13	 13	 1	 0.000072	 -1	 0.000000	 0.088531
475	 13	 13	 1	 0.000107	 -1	 0.000000	 -0.212948
476	 13	 13	 1	 0.000010	 -1	 0.000000	 0.203381
477	 13	 13	 1	 0.000064	 -1	 0.000000	 0.205424
1950	 10	 10	 1	 241.907441	 -1	 0.000000	 2.847631
478	 13	 13	 0	 485.709379	 -1	 0.000000	 0.105531
479	 13	 13	 1	 0.000089	 -1	 0.000000	 0.045923
2628	 15	 15	 1	 207.734072	 -1	 0.000000	 1.360721
0	 13	 13	 0	 450.196449	 -1	 0.000000	 0.102473
3	 13	 13	 1	 0.000060	 -1	 0.000000	 0.053526
5	 13	 13	 1	 0.000064	 -1	 0.000000	 0.056102
6	 13	 13	 1	 0.000118	 -1	 0.000000	 -0.104516
7	 13	 13	 1	 0.000092	 -1	 0.000000	 0.034846
8	 13	 13	 1	 0.000097	 -1	 0.000000	 0.088016
9	 13	 13	 1	 0.000098	 -1	 0.000000	 -0.035546
10	 13	 13	 1	 0.000088	 -1	 0.000000	 -0.044294
11	 13	 13	 1	 0.000105	 -1	 0.000000	 0.118667
13	 13	 13	 1	 0.000032	 -1	 0.000000	 0.215820
15	 13	 13	 1	 0.000032	 -1	 0.000000	 0.114934
16	 13	 13	 1	 0.000025	 -1	 0.000000	 -0.071608
17	 13	 13	 1	 0.000129	 -1	 0.000000	 0.172598
18	 13	 13	 1	 0.000103	 -1	 0.000000	 0.086335
20	 13	 13	 1	 0.000038	 -1	 0.000000	 -0.091480
22	 13	 13	 1	 0.000119	 -1	 0.000000	 0.093470
23	 13	 13	 1	 0.000111	 -1	 0.000000	 0.109804
24	 13	 13	 1	 0.000013	 -1	 0.000000	 0.026461
25	 13	 13	 1	 0.000129	 -1	 0.000000	 0.065134
27	 13	 13	 1	 0.000098	 -1	 0.000000	 -0.041042
28	 13	 13	 1	 0.000095	 -1	 0.000000	 0.200544
29	 13	 13	 1	 0.000033	 -1	 0.000000	 0.036769
31	 13	 13	 1	 0.000111	 -1	 0.000000	 0.193992
32	 13	 13	 1	 0.000025	 -1	 0.000000	 -0.109867
33	 13	 13	 1	 0.000112	 -1	 0.000000	 -0.081078
34	 13	 13	 1	 0.000006	 -1	 0.000000	 0.123839
35	 13	 13	 1	 0.000027	 -1	 0.000000	 0.157023
36	 13	 13	 1	 0.000023	 -1	 0.000000	 -0.030836
37	 13	 13	 1	 0.000104	 -1	 0.000000	 0.221938
38	 13	 13	 1	 0.000091	 -1	 0.000000	 0.077490
39	 13	 13	 1	 0.000019	 -1	 0.000000	 -0.033979
44	 13	 13	 1	 0.000104	 -1	 0.000000	 0.216998
45	 13	 13	 1	 0.000097	 -1	 0.000000	 -0.004015
48	 13	 13	 1	 0.000096	 -1	 0.000000	 0.101115
49	 13	 13	 1	 0.000095	 -1	 0.000000	 -0.095951
50	 13	 13	 1	 0.000123	 -1	 0.000000	 -0.091273
52	 13	 13	 1	 0.000082	 -1	 0.000000	 0.042860
54	 13	 13	 1	 0.000024	 -1	 0.000000	 0.149365
55	 13	 13	 1	 0.000046	 -1	 0.000000	 0.128365
56	 13	 13	 1	 0.000042	 -1	 0.000000	 0.127326
57	 13	 13	 1	 0.000040	 -1	 0.000000	 0.050079
58	 13	 13	 1	 0.000066	 -1	 0.000000	 0.140913
59	 13	 13	 1	 0.000035	 -1	 0.000000	 0.039977
60	 13	 13	 1	 0.000114	 -1	 0.000000	 0.079540
61	 13	 13	 1	 0.000099	 -1	 0.000000	 -0.119164
64	 13	 13	 1	 0.000094	 -1	 0.000000	 0.030607
65	 13	 13	 1	 0.000129	 -1	 0.000000	 0.032840
68	 13	 13	 1	 0.000028	 -1	 0.000000	 -0.001635
69	 13	 13	 1	 0.000101	 -1	 0.000000	 -0.057562
70	 13	 13	 1	 0.000012	 -1	 0.000000	 0.098217
71	 13	 13	 1	 0.000028	 -1	 0.000000	 0.180124
72	 13	 13	 1	 0.000054	 -1	 0.000000	 -0.045761
75	 13	 13	 1	 0.000070	 -1	 0.000000	 0.178184
76	 13	 13	 1	 0.000112	 -1	 0.000000	 0.022726
77	 13	 13	 1	 0.000078	 -1	 0.000000	 0.141391
78	 13	 13	 1	 0.000017	 -1	 0.000000	 0.127212
79	 13	 13	 1	 0.000125	 -1	 0.000000	 0.118877
80	 13	 13	 1	 0.000018	 -1	 0.000000	 0.194657
81	 13	 13	 1	 0.000059	 -1	 0.000000	 0.232365
82	 13	 13	 1	 0.000080	 -1	 0.000000	 0.142296
>>> gr_fir_ccf: using E
>>> gr_fir_fff: using E
gr_buffer::allocate_buffer: warning: tried to allocate
   47 items of size 1392. Due to alignment requirements
   256 were allocated.  If this isn't OK, consider padding
   your structure to a power-of-two bytes.
   On this platform, our allocation granularity is 4096 bytes.
100	 13	 13	 1	 0.000101	 -1	 0.000000	 -0.034817
101	 13	 13	 1	 0.000028	 -1	 0.000000	 0.219085
103	 13	 13	 1	 0.000101	 -1	 0.000000	 -0.036222
104	 13	 13	 1	 0.000054	 -1	 0.000000	 0.140630
105	 13	 13	 1	 0.000128	 -1	 0.000000	 0.123070
106	 13	 13	 1	 0.000079	 -1	 0.000000	 -0.017771
107	 13	 13	 1	 0.000043	 -1	 0.000000	 0.124465
108	 13	 13	 1	 0.000098	 -1	 0.000000	 -0.002115
109	 13	 13	 1	 0.000103	 -1	 0.000000	 0.089501
110	 13	 13	 1	 0.000086	 -1	 0.000000	 -0.026975
111	 13	 13	 1	 0.000064	 -1	 0.000000	 -0.011252
112	 13	 13	 1	 0.000043	 -1	 0.000000	 0.118721
113	 13	 13	 1	 0.000097	 -1	 0.000000	 0.080326
114	 13	 13	 1	 0.000083	 -1	 0.000000	 -0.091401
115	 13	 13	 1	 0.000008	 -1	 0.000000	 -0.040237
116	 13	 13	 1	 0.000077	 -1	 0.000000	 -0.047219
117	 13	 13	 1	 0.000087	 -1	 0.000000	 0.131519
118	 13	 13	 1	 0.000090	 -1	 0.000000	 0.220369
119	 13	 13	 1	 0.000046	 -1	 0.000000	 0.125491
120	 13	 13	 1	 0.000014	 -1	 0.000000	 -0.200949
121	 13	 13	 1	 0.000084	 -1	 0.000000	 0.066539
122	 13	 13	 1	 0.000100	 -1	 0.000000	 -0.016949
123	 13	 13	 1	 0.000101	 -1	 0.000000	 0.135153
124	 13	 13	 1	 0.000091	 -1	 0.000000	 -0.041099
126	 13	 13	 0	 489.758200	 -1	 0.000000	 0.199000
127	 13	 13	 1	 0.000084	 -1	 0.000000	 0.072487
128	 13	 13	 1	 0.000034	 -1	 0.000000	 0.003184
129	 13	 13	 1	 0.000110	 -1	 0.000000	 0.078684
131	 13	 13	 1	 0.000073	 -1	 0.000000	 -0.108640
132	 13	 13	 1	 0.000107	 -1	 0.000000	 -0.028320
133	 13	 13	 1	 0.000008	 -1	 0.000000	 0.188580
134	 13	 13	 1	 0.000119	 -1	 0.000000	 0.126501
135	 13	 13	 1	 0.000067	 -1	 0.000000	 0.100402
136	 13	 13	 1	 0.000141	 -1	 0.000000	 -0.005181
137	 13	 13	 1	 0.000094	 -1	 0.000000	 0.070955
138	 13	 13	 1	 0.000098	 -1	 0.000000	 0.138949
139	 13	 13	 1	 0.000103	 -1	 0.000000	 -0.027267
140	 13	 13	 1	 0.000007	 -1	 0.000000	 0.004096
142	 13	 13	 1	 0.000120	 -1	 0.000000	 0.224730
143	 13	 13	 1	 0.000007	 -1	 0.000000	 0.019568
144	 13	 13	 1	 0.000111	 -1	 0.000000	 0.058344
145	 13	 13	 1	 0.000093	 -1	 0.000000	 -0.039932
146	 13	 13	 1	 0.000113	 -1	 0.000000	 0.207491
147	 13	 13	 1	 0.000086	 -1	 0.000000	 -0.004341
148	 13	 13	 1	 0.000025	 -1	 0.000000	 0.106802
149	 13	 13	 1	 0.000009	 -1	 0.000000	 0.006161
150	 13	 13	 1	 0.000106	 -1	 0.000000	 0.199048
151	 13	 13	 1	 0.000085	 -1	 0.000000	 0.086779
1970	 5	 5	 1	 93.218384	 -1	 0.000000	 4.406578
152	 13	 13	 0	 415.956524	 -1	 0.000000	 0.080368
153	 13	 13	 0	 390.481814	 -1	 0.000000	 -0.002788
154	 13	 13	 1	 0.000105	 -1	 0.000000	 0.104525
155	 13	 13	 1	 0.000095	 -1	 0.000000	 0.245767
156	 13	 13	 1	 0.000028	 -1	 0.000000	 0.199338
157	 13	 13	 1	 0.000037	 -1	 0.000000	 0.020798
158	 13	 13	 1	 0.000088	 -1	 0.000000	 0.018365
159	 13	 13	 1	 0.000105	 -1	 0.000000	 -0.016349
181	 13	 13	 1	 0.000097	 -1	 0.000000	 0.084508
182	 13	 13	 1	 0.000105	 -1	 0.000000	 0.032907
183	 13	 13	 1	 0.000110	 -1	 0.000000	 0.165339
184	 13	 13	 1	 0.000011	 -1	 0.000000	 -0.007033
185	 13	 13	 1	 0.000006	 -1	 0.000000	 0.118373
186	 13	 13	 1	 0.000092	 -1	 0.000000	 0.086874
187	 13	 13	 1	 0.000090	 -1	 0.000000	 0.266720
188	 13	 13	 1	 0.000084	 -1	 0.000000	 -0.007904
189	 13	 13	 1	 0.000028	 -1	 0.000000	 0.044514
190	 13	 13	 1	 0.000140	 -1	 0.000000	 0.027076
191	 13	 13	 1	 0.000068	 -1	 0.000000	 0.169943
193	 13	 13	 1	 0.000065	 -1	 0.000000	 0.023751
1978	 10	 10	 1	 118.958901	 -1	 0.000000	 4.838406
200	 13	 13	 0	 486.326328	 -1	 0.000000	 0.092001
201	 13	 13	 0	 486.915301	 -1	 0.000000	 0.284457
202	 13	 13	 1	 0.000102	 -1	 0.000000	 0.112323
203	 13	 13	 1	 0.000077	 -1	 0.000000	 0.235452
204	 13	 13	 1	 0.000024	 -1	 0.000000	 0.109815
205	 13	 13	 1	 0.000053	 -1	 0.000000	 0.120058
206	 13	 13	 1	 0.000038	 -1	 0.000000	 -0.150831
207	 13	 13	 1	 0.000025	 -1	 0.000000	 -0.039450
208	 13	 13	 1	 0.000087	 -1	 0.000000	 0.146762
209	 13	 13	 1	 0.000104	 -1	 0.000000	 0.224168
211	 13	 13	 1	 0.000060	 -1	 0.000000	 0.167681
212	 13	 13	 1	 0.000021	 -1	 0.000000	 0.188734
213	 13	 13	 1	 0.000066	 -1	 0.000000	 0.048001
215	 13	 13	 1	 0.000007	 -1	 0.000000	 0.076790
216	 13	 13	 1	 0.000099	 -1	 0.000000	 0.055893
217	 13	 13	 1	 0.000075	 -1	 0.000000	 -0.046363
218	 13	 13	 1	 0.000073	 -1	 0.000000	 0.069560
219	 13	 13	 1	 0.000102	 -1	 0.000000	 -0.029518
222	 13	 13	 1	 0.000028	 -1	 0.000000	 0.134998
223	 13	 13	 1	 0.000097	 -1	 0.000000	 -0.053774
224	 13	 13	 1	 0.000112	 -1	 0.000000	 -0.084777
225	 13	 13	 1	 0.000082	 -1	 0.000000	 0.100433
239	 13	 13	 1	 0.000083	 -1	 0.000000	 0.049536
python: trellis_siso_combined_packet.cc:233: virtual int trellis_siso_combined_packet::general_work(int, gr_vector_int&, gr_vector_const_void_star&, gr_vector_void_star&): Assertion `d_flush_input1 >= num_oldinput[1]' failed.
>>> gr_fir_ccf: using E
>>> gr_fir_fff: using E
gr_buffer::allocate_buffer: warning: tried to allocate
   47 items of size 1392. Due to alignment requirements
   256 were allocated.  If this isn't OK, consider padding
   your structure to a power-of-two bytes.
   On this platform, our allocation granularity is 4096 bytes.
80	 15	 15	 1	 0.000251	 -1	 0.000000	 0.193909
81	 15	 15	 1	 0.000151	 -1	 0.000000	 0.183535
82	 15	 15	 1	 0.000187	 -1	 0.000000	 0.023948
83	 15	 15	 1	 0.000143	 -1	 0.000000	 0.107635
84	 15	 15	 1	 0.000227	 -1	 0.000000	 -0.030497
85	 15	 15	 1	 0.000143	 -1	 0.000000	 0.152896
86	 15	 15	 1	 0.000056	 -1	 0.000000	 -0.007879
87	 15	 15	 1	 0.000138	 -1	 0.000000	 0.075584
88	 15	 15	 1	 0.000271	 -1	 0.000000	 -0.038878
89	 15	 15	 1	 0.000164	 -1	 0.000000	 0.215695
90	 15	 15	 1	 0.000279	 -1	 0.000000	 -0.037662
91	 15	 15	 1	 0.000183	 -1	 0.000000	 0.099761
92	 15	 15	 1	 0.000240	 -1	 0.000000	 0.025991
93	 15	 15	 1	 0.000149	 -1	 0.000000	 0.142772
94	 15	 15	 1	 0.000219	 -1	 0.000000	 0.029195
95	 15	 15	 1	 0.000246	 -1	 0.000000	 0.059706
96	 15	 15	 1	 0.000159	 -1	 0.000000	 0.107950
97	 15	 15	 1	 0.000357	 -1	 0.000000	 0.005980
98	 15	 15	 1	 0.000181	 -1	 0.000000	 0.147847
99	 15	 15	 1	 0.000120	 -1	 0.000000	 0.092029
100	 15	 15	 1	 0.000278	 -1	 0.000000	 0.122631
101	 15	 15	 1	 0.000360	 -1	 0.000000	 0.016853
102	 15	 15	 1	 0.000072	 -1	 0.000000	 0.136033
103	 15	 15	 1	 0.000273	 -1	 0.000000	 0.015668
104	 15	 15	 1	 0.000244	 -1	 0.000000	 -0.014005
105	 15	 15	 1	 0.000215	 -1	 0.000000	 0.188692
106	 15	 15	 1	 0.001292	 -1	 0.000000	 -0.054213
107	 15	 15	 1	 0.000185	 -1	 0.000000	 0.086168
108	 15	 15	 1	 0.000380	 -1	 0.000000	 -0.034065
109	 15	 15	 1	 0.000152	 -1	 0.000000	 0.077759
110	 15	 15	 1	 0.000239	 -1	 0.000000	 0.065224
111	 15	 15	 1	 0.000207	 -1	 0.000000	 -0.024257
112	 15	 15	 1	 0.000258	 -1	 0.000000	 0.262575
113	 15	 15	 1	 0.000208	 -1	 0.000000	 0.042751
114	 15	 15	 1	 0.000157	 -1	 0.000000	 0.224622
115	 15	 15	 1	 0.000285	 -1	 0.000000	 -0.005924
116	 15	 15	 1	 0.000209	 -1	 0.000000	 -0.057641
117	 15	 15	 1	 0.000391	 -1	 0.000000	 0.123405
118	 15	 15	 1	 0.000224	 -1	 0.000000	 0.129083
119	 15	 15	 1	 0.000202	 -1	 0.000000	 0.073288
121	 15	 15	 1	 0.000199	 -1	 0.000000	 0.032495
122	 15	 15	 1	 0.000270	 -1	 0.000000	 0.057971
123	 15	 15	 1	 0.000217	 -1	 0.000000	 0.275963
124	 15	 15	 1	 0.000146	 -1	 0.000000	 0.194996
125	 15	 15	 1	 0.000323	 -1	 0.000000	 0.004779
126	 15	 15	 1	 0.000253	 -1	 0.000000	 -0.040532
127	 15	 15	 1	 0.000215	 -1	 0.000000	 0.150738
128	 15	 15	 1	 0.000128	 -1	 0.000000	 0.255893
129	 15	 15	 1	 0.000258	 -1	 0.000000	 0.020483
130	 15	 15	 1	 0.000299	 -1	 0.000000	 0.059974
131	 15	 15	 1	 0.000208	 -1	 0.000000	 0.027671
132	 15	 15	 1	 0.000238	 -1	 0.000000	 0.073034
133	 15	 15	 1	 0.000232	 -1	 0.000000	 0.111767
134	 15	 15	 1	 0.000341	 -1	 0.000000	 0.045140
135	 15	 15	 1	 0.000202	 -1	 0.000000	 0.198115
136	 15	 15	 1	 0.000111	 -1	 0.000000	 0.156045
3085	 11	 11	 0	 456.018056	 -1	 0.000000	 2.085965
137	 15	 15	 1	 0.000140	 -1	 0.000000	 0.133603
138	 15	 15	 1	 0.000215	 -1	 0.000000	 0.011819
139	 15	 15	 1	 0.000132	 -1	 0.000000	 0.244341
140	 15	 15	 1	 0.000184	 -1	 0.000000	 0.126136
141	 15	 15	 1	 0.000285	 -1	 0.000000	 0.161511
142	 15	 15	 1	 0.000238	 -1	 0.000000	 0.001769
143	 15	 15	 1	 0.000179	 -1	 0.000000	 0.007236
144	 15	 15	 1	 0.000183	 -1	 0.000000	 0.102134
145	 15	 15	 1	 0.000242	 -1	 0.000000	 -0.160563
146	 15	 15	 1	 0.000264	 -1	 0.000000	 -0.096973
147	 15	 15	 1	 0.000266	 -1	 0.000000	 0.003316
148	 15	 15	 1	 0.000234	 -1	 0.000000	 0.149030
2748	 15	 15	 0	 392.971570	 -1	 0.000000	 4.558778
149	 15	 15	 1	 0.000247	 -1	 0.000000	 0.016637
150	 15	 15	 1	 0.000287	 -1	 0.000000	 -0.012720
151	 15	 15	 1	 0.000198	 -1	 0.000000	 0.112246
152	 15	 15	 1	 0.000210	 -1	 0.000000	 0.109320
153	 15	 15	 1	 0.000191	 -1	 0.000000	 0.045989
154	 15	 15	 1	 0.000128	 -1	 0.000000	 0.238477
155	 15	 15	 1	 0.000229	 -1	 0.000000	 0.093529
156	 15	 15	 1	 0.000238	 -1	 0.000000	 0.021794
157	 15	 15	 1	 0.000261	 -1	 0.000000	 0.101964
158	 15	 15	 1	 0.000298	 -1	 0.000000	 0.021651
159	 15	 15	 1	 0.000201	 -1	 0.000000	 -0.000309
160	 15	 15	 1	 0.000167	 -1	 0.000000	 -0.132637
161	 15	 15	 1	 0.000202	 -1	 0.000000	 -0.066192
162	 15	 15	 1	 0.000222	 -1	 0.000000	 -0.030695
163	 15	 15	 1	 0.000255	 -1	 0.000000	 0.014844
164	 15	 15	 1	 0.000165	 -1	 0.000000	 0.100920
165	 15	 15	 1	 0.000156	 -1	 0.000000	 0.204054
166	 15	 15	 1	 0.000053	 -1	 0.000000	 0.073586
167	 15	 15	 1	 0.000250	 -1	 0.000000	 0.052959
168	 15	 15	 1	 0.000304	 -1	 0.000000	 0.024875
169	 15	 15	 1	 0.000183	 -1	 0.000000	 0.162875
170	 15	 15	 1	 0.000224	 -1	 0.000000	 -0.064883
171	 15	 15	 1	 0.000053	 -1	 0.000000	 -0.053565
172	 15	 15	 1	 0.000191	 -1	 0.000000	 -0.041586
173	 15	 15	 1	 0.000218	 -1	 0.000000	 0.233387
174	 15	 15	 1	 0.000149	 -1	 0.000000	 0.103803
175	 15	 15	 1	 0.000414	 -1	 0.000000	 0.212546
176	 15	 15	 1	 0.000166	 -1	 0.000000	 0.176344
177	 15	 15	 1	 0.000162	 -1	 0.000000	 0.098622
178	 15	 15	 1	 0.000181	 -1	 0.000000	 0.101852
179	 15	 15	 1	 0.000141	 -1	 0.000000	 0.219341
181	 15	 15	 1	 0.000345	 -1	 0.000000	 -0.005633
182	 15	 15	 1	 0.000171	 -1	 0.000000	 0.171555
183	 15	 15	 1	 0.000160	 -1	 0.000000	 0.173012
184	 15	 15	 1	 0.000295	 -1	 0.000000	 -0.142316
186	 15	 15	 1	 0.000275	 -1	 0.000000	 0.210013
187	 15	 15	 1	 0.000316	 -1	 0.000000	 0.067736
188	 15	 15	 1	 0.000175	 -1	 0.000000	 0.161848
189	 15	 15	 1	 0.000070	 -1	 0.000000	 0.007972
190	 15	 15	 1	 0.000343	 -1	 0.000000	 0.013957
191	 15	 15	 1	 0.000587	 -1	 0.000000	 -0.159186
192	 15	 15	 1	 0.000280	 -1	 0.000000	 -0.041866
193	 15	 15	 1	 0.000324	 -1	 0.000000	 0.135296
194	 15	 15	 1	 0.000234	 -1	 0.000000	 -0.050903
195	 15	 15	 1	 0.000223	 -1	 0.000000	 0.091003
196	 15	 15	 1	 0.000354	 -1	 0.000000	 -0.039068
197	 15	 15	 1	 0.000197	 -1	 0.000000	 0.237715
198	 15	 15	 1	 0.000334	 -1	 0.000000	 0.087742
199	 15	 15	 1	 0.000167	 -1	 0.000000	 0.144230
200	 15	 15	 1	 0.000338	 -1	 0.000000	 -0.049153
201	 15	 15	 1	 0.000314	 -1	 0.000000	 0.186506
202	 15	 15	 1	 0.000172	 -1	 0.000000	 0.227430
203	 15	 15	 1	 0.000251	 -1	 0.000000	 0.151021
204	 15	 15	 1	 0.000178	 -1	 0.000000	 0.024540
206	 15	 15	 1	 0.000438	 -1	 0.000000	 0.025168
207	 15	 15	 1	 0.000227	 -1	 0.000000	 0.060360
208	 15	 15	 1	 0.000315	 -1	 0.000000	 -0.038664
209	 15	 15	 1	 0.000219	 -1	 0.000000	 -0.028041
210	 15	 15	 1	 0.000187	 -1	 0.000000	 0.178831
211	 15	 15	 1	 0.000227	 -1	 0.000000	 0.048327
212	 15	 15	 1	 0.000266	 -1	 0.000000	 0.205812
213	 15	 15	 1	 0.000210	 -1	 0.000000	 0.025377
214	 15	 15	 1	 0.000251	 -1	 0.000000	 0.199999
215	 15	 15	 1	 0.000239	 -1	 0.000000	 -0.015209
216	 15	 15	 1	 0.000209	 -1	 0.000000	 0.026593
217	 15	 15	 1	 0.000190	 -1	 0.000000	 0.000920
218	 15	 15	 1	 0.000187	 -1	 0.000000	 0.039050
219	 15	 15	 1	 0.000351	 -1	 0.000000	 -0.094029
220	 15	 15	 1	 0.000309	 -1	 0.000000	 0.224433
221	 15	 15	 1	 0.000244	 -1	 0.000000	 -0.050284
222	 15	 15	 1	 0.000157	 -1	 0.000000	 0.093591
223	 15	 15	 1	 0.000317	 -1	 0.000000	 -0.110707
224	 15	 15	 1	 0.000197	 -1	 0.000000	 0.041205
225	 15	 15	 1	 0.000261	 -1	 0.000000	 -0.054597
1191	 15	 15	 0	 403.055354	 -1	 0.000000	 4.426092
226	 15	 15	 1	 0.000073	 -1	 0.000000	 -0.126620
227	 15	 15	 1	 0.000299	 -1	 0.000000	 0.204606
228	 15	 15	 1	 0.000159	 -1	 0.000000	 0.021448
229	 15	 15	 1	 0.000290	 -1	 0.000000	 0.183909
230	 15	 15	 1	 0.000147	 -1	 0.000000	 0.076349
231	 15	 15	 1	 0.000286	 -1	 0.000000	 -0.173990
233	 15	 15	 1	 0.000230	 -1	 0.000000	 0.132410
234	 15	 15	 1	 0.000211	 -1	 0.000000	 0.059983
235	 15	 15	 1	 0.000297	 -1	 0.000000	 -0.006861
10	 15	 15	 0	 391.295400	 -1	 0.000000	 3.765373
236	 15	 15	 1	 0.000163	 -1	 0.000000	 2.074978
237	 15	 15	 1	 0.000152	 -1	 0.000000	 0.129451
238	 15	 15	 1	 0.000172	 -1	 0.000000	 0.010207
239	 15	 15	 1	 0.000344	 -1	 0.000000	 0.163386
261	 15	 15	 1	 0.000082	 -1	 0.000000	 0.081644
262	 15	 15	 1	 0.000232	 -1	 0.000000	 0.017061
263	 15	 15	 1	 0.000178	 -1	 0.000000	 0.129130
264	 15	 15	 1	 0.000209	 -1	 0.000000	 -0.009047
265	 15	 15	 1	 0.001864	 -1	 0.000000	 0.005731
266	 15	 15	 1	 0.000273	 -1	 0.000000	 -0.078388
267	 15	 15	 1	 0.000196	 -1	 0.000000	 0.166493
268	 15	 15	 1	 0.000321	 -1	 0.000000	 0.081266
269	 15	 15	 1	 0.000221	 -1	 0.000000	 0.241417
270	 15	 15	 1	 0.000197	 -1	 0.000000	 0.158466
271	 15	 15	 1	 0.000215	 -1	 0.000000	 -0.086032
272	 15	 15	 1	 0.000361	 -1	 0.000000	 -0.024858
273	 15	 15	 1	 0.000185	 -1	 0.000000	 0.059067
274	 15	 15	 1	 0.000166	 -1	 0.000000	 0.019664
276	 15	 15	 1	 0.000212	 -1	 0.000000	 -0.093885
277	 15	 15	 1	 0.000248	 -1	 0.000000	 0.017214
278	 15	 15	 1	 0.000333	 -1	 0.000000	 0.044790
279	 15	 15	 1	 0.000215	 -1	 0.000000	 0.136923
284	 15	 15	 1	 0.000206	 -1	 0.000000	 0.041586
285	 15	 15	 1	 0.000099	 -1	 0.000000	 -0.080367
286	 15	 15	 1	 0.000265	 -1	 0.000000	 0.009473
287	 15	 15	 1	 0.000247	 -1	 0.000000	 0.066261
288	 15	 15	 1	 0.000676	 -1	 0.000000	 -0.032932
289	 15	 15	 1	 0.000242	 -1	 0.000000	 0.216520
290	 15	 15	 1	 0.000237	 -1	 0.000000	 0.094283
291	 15	 15	 1	 0.000142	 -1	 0.000000	 0.196881
292	 15	 15	 1	 0.000276	 -1	 0.000000	 0.003247
293	 15	 15	 1	 0.000218	 -1	 0.000000	 -0.060759
294	 15	 15	 1	 0.000243	 -1	 0.000000	 -0.016962
296	 15	 15	 1	 0.000154	 -1	 0.000000	 0.069071
260	 15	 15	 0	 427.832551	 -1	 0.000000	 0.056158
300	 15	 15	 1	 0.000532	 -1	 0.000000	 0.123899
301	 15	 15	 1	 0.000136	 -1	 0.000000	 0.146240
302	 15	 15	 1	 0.000169	 -1	 0.000000	 0.086483
303	 15	 15	 1	 0.000267	 -1	 0.000000	 -0.061550
304	 15	 15	 1	 0.000234	 -1	 0.000000	 0.002086
305	 15	 15	 1	 0.000409	 -1	 0.000000	 -0.025732
306	 15	 15	 1	 0.000111	 -1	 0.000000	 0.080677
307	 15	 15	 1	 0.000134	 -1	 0.000000	 0.064067
308	 15	 15	 1	 0.000272	 -1	 0.000000	 -0.009212
309	 15	 15	 1	 0.000190	 -1	 0.000000	 0.132472
310	 15	 15	 1	 0.000218	 -1	 0.000000	 0.084067
311	 15	 15	 1	 0.000283	 -1	 0.000000	 0.082974
312	 15	 15	 1	 0.000292	 -1	 0.000000	 0.095995
313	 15	 15	 1	 0.000222	 -1	 0.000000	 -0.045314
314	 15	 15	 1	 0.000211	 -1	 0.000000	 0.072042
315	 15	 15	 1	 0.000195	 -1	 0.000000	 0.145824
316	 15	 15	 1	 0.000273	 -1	 0.000000	 -0.084411
317	 15	 15	 1	 0.000222	 -1	 0.000000	 0.009771
318	 15	 15	 1	 0.000109	 -1	 0.000000	 0.235024
319	 15	 15	 1	 0.000266	 -1	 0.000000	 0.148410
282	 15	 15	 0	 260.251493	 -1	 0.000000	 0.214053
320	 15	 15	 1	 0.000214	 -1	 0.000000	 -0.045577
325	 15	 15	 1	 0.000194	 -1	 0.000000	 -0.026290
326	 15	 15	 1	 0.000200	 -1	 0.000000	 -0.001203
327	 15	 15	 1	 0.000198	 -1	 0.000000	 0.157709
328	 15	 15	 1	 0.000303	 -1	 0.000000	 0.299097
330	 15	 15	 1	 0.000230	 -1	 0.000000	 0.021271
331	 15	 15	 1	 0.000217	 -1	 0.000000	 0.083412
332	 15	 15	 1	 0.000260	 -1	 0.000000	 0.166441
333	 15	 15	 1	 0.000155	 -1	 0.000000	 0.148291
338	 15	 15	 0	 495.109820	 -1	 0.000000	 0.188228
340	 15	 15	 1	 0.000199	 -1	 0.000000	 0.061366
341	 15	 15	 1	 0.000272	 -1	 0.000000	 -0.051240
342	 15	 15	 1	 0.000183	 -1	 0.000000	 0.121136
343	 15	 15	 1	 0.000346	 -1	 0.000000	 -0.144714
344	 15	 15	 1	 0.000181	 -1	 0.000000	 0.168118
345	 15	 15	 1	 0.000057	 -1	 0.000000	 0.107228
346	 15	 15	 1	 0.000217	 -1	 0.000000	 0.034249
347	 15	 15	 1	 0.000125	 -1	 0.000000	 0.130912
348	 15	 15	 1	 0.000227	 -1	 0.000000	 0.079526
349	 15	 15	 1	 0.000177	 -1	 0.000000	 0.070257
350	 15	 15	 1	 0.000279	 -1	 0.000000	 -0.125224
351	 15	 15	 1	 0.000170	 -1	 0.000000	 0.223058
358	 15	 15	 0	 286.345075	 -1	 0.000000	 0.102971
0	 5	 5	 1	 0.063750	 -1	 0.000000	 0.208804
1	 5	 5	 1	 0.137323	 -1	 0.000000	 -0.001142
2	 5	 5	 1	 0.105996	 -1	 0.000000	 0.170747
3	 5	 5	 1	 0.056232	 -1	 0.000000	 0.279985
4	 5	 5	 1	 0.037176	 -1	 0.000000	 0.009426
5	 5	 5	 1	 2.499952	 -1	 0.000000	 0.044266
6	 5	 5	 1	 0.123739	 -1	 0.000000	 0.185788
7	 5	 5	 1	 0.112372	 -1	 0.000000	 0.220936
8	 5	 5	 1	 0.041891	 -1	 0.000000	 0.207623
9	 5	 5	 1	 0.058544	 -1	 0.000000	 0.208403
10	 5	 5	 1	 0.233429	 -1	 0.000000	 -0.069551
11	 5	 5	 1	 0.323471	 -1	 0.000000	 -0.067773
12	 5	 5	 1	 0.060276	 -1	 0.000000	 0.247159
13	 5	 5	 1	 0.029828	 -1	 0.000000	 0.023898
14	 5	 5	 1	 0.145042	 -1	 0.000000	 -0.063496
15	 5	 5	 1	 0.209873	 -1	 0.000000	 -0.015485
16	 5	 5	 1	 0.086004	 -1	 0.000000	 0.061555
18	 5	 5	 1	 0.108944	 -1	 0.000000	 0.057868
19	 5	 5	 1	 0.770819	 -1	 0.000000	 0.051932
21	 5	 5	 1	 0.094770	 -1	 0.000000	 0.184946
22	 5	 5	 1	 0.077677	 -1	 0.000000	 0.210141
23	 5	 5	 1	 0.256250	 -1	 0.000000	 -0.060849
24	 5	 5	 1	 0.198445	 -1	 0.000000	 -0.010501
26	 5	 5	 1	 0.048956	 -1	 0.000000	 0.094866
27	 5	 5	 1	 0.165923	 -1	 0.000000	 0.095031
28	 5	 5	 1	 0.102898	 -1	 0.000000	 0.080346
29	 5	 5	 1	 0.485424	 -1	 0.000000	 -0.109026
30	 5	 5	 1	 0.169186	 -1	 0.000000	 -0.021902
31	 5	 5	 1	 0.249639	 -1	 0.000000	 -0.085727
32	 5	 5	 1	 0.315615	 -1	 0.000000	 -0.078365
33	 5	 5	 1	 0.047605	 -1	 0.000000	 0.005541
34	 5	 5	 1	 0.123565	 -1	 0.000000	 0.044902
35	 5	 5	 1	 0.190515	 -1	 0.000000	 0.041020
36	 5	 5	 1	 0.232687	 -1	 0.000000	 0.038891
37	 5	 5	 1	 0.343722	 -1	 0.000000	 0.043043
38	 5	 5	 1	 0.260625	 -1	 0.000000	 -0.060714
39	 5	 5	 1	 0.137834	 -1	 0.000000	 0.216763
40	 5	 5	 1	 0.161241	 -1	 0.000000	 0.036549
41	 5	 5	 1	 0.054129	 -1	 0.000000	 0.173761
42	 5	 5	 1	 0.233922	 -1	 0.000000	 0.069230
43	 5	 5	 1	 0.045717	 -1	 0.000000	 0.354600
44	 5	 5	 1	 0.334505	 -1	 0.000000	 -0.095680
45	 5	 5	 1	 0.065783	 -1	 0.000000	 0.165348
46	 5	 5	 1	 0.116425	 -1	 0.000000	 0.137142
47	 5	 5	 1	 0.375199	 -1	 0.000000	 0.020802
48	 5	 5	 1	 0.097536	 -1	 0.000000	 0.074067
49	 5	 5	 1	 0.133089	 -1	 0.000000	 0.022724
50	 5	 5	 1	 0.044258	 -1	 0.000000	 0.156959
51	 5	 5	 1	 0.259376	 -1	 0.000000	 0.062342
52	 5	 5	 1	 0.368353	 -1	 0.000000	 -0.113219
53	 5	 5	 1	 0.243464	 -1	 0.000000	 0.180924
54	 5	 5	 1	 0.190455	 -1	 0.000000	 0.040632
55	 5	 5	 1	 0.150365	 -1	 0.000000	 0.140471
56	 5	 5	 1	 0.252964	 -1	 0.000000	 -0.040666
57	 5	 5	 1	 0.161596	 -1	 0.000000	 -0.063564
59	 5	 5	 1	 0.088857	 -1	 0.000000	 0.175995
60	 5	 5	 1	 0.054425	 -1	 0.000000	 0.289353
61	 5	 5	 1	 0.726496	 -1	 0.000000	 -0.004269
62	 5	 5	 1	 0.101113	 -1	 0.000000	 0.049895
63	 5	 5	 1	 0.066151	 -1	 0.000000	 0.244590
64	 5	 5	 1	 0.415972	 -1	 0.000000	 -0.018698
65	 5	 5	 1	 0.332557	 -1	 0.000000	 -0.097772
66	 5	 5	 1	 0.258849	 -1	 0.000000	 -0.089800
67	 5	 5	 1	 0.039480	 -1	 0.000000	 0.130934
68	 5	 5	 1	 1.055853	 -1	 0.000000	 -0.005404
69	 5	 5	 1	 0.081354	 -1	 0.000000	 0.100817
70	 5	 5	 1	 0.055746	 -1	 0.000000	 0.220180
71	 5	 5	 1	 0.106087	 -1	 0.000000	 0.144786
73	 5	 5	 1	 0.200032	 -1	 0.000000	 -0.073029
74	 5	 5	 1	 0.064162	 -1	 0.000000	 0.178790
75	 5	 5	 1	 0.055058	 -1	 0.000000	 0.195526
>>> gr_fir_ccf: using E
>>> gr_fir_fff: using E
terminate called after throwing an instance of 'std::invalid_argument'
  what():  gr_ofdm_demod: Incorrect subcarriers allocated
>>> gr_fir_ccf: using E
>>> gr_fir_fff: using E
gr_buffer::allocate_buffer: warning: tried to allocate
   47 items of size 1392. Due to alignment requirements
   256 were allocated.  If this isn't OK, consider padding
   your structure to a power-of-two bytes.
   On this platform, our allocation granularity is 4096 bytes.
86	 7	 7	 1	 14.545384	 -1	 0.000000	 -0.055691
87	 7	 7	 1	 9.064292	 -1	 0.000000	 0.017739
88	 7	 7	 1	 27.654604	 -1	 0.000000	 -0.115228
89	 7	 7	 1	 9.195447	 -1	 0.000000	 0.147232
90	 7	 7	 1	 8.138547	 -1	 0.000000	 0.190165
92	 7	 7	 1	 22.199820	 -1	 0.000000	 -0.107975
93	 7	 7	 1	 3.903267	 -1	 0.000000	 0.219853
94	 7	 7	 1	 0.088923	 -1	 0.000000	 -0.067212
95	 7	 7	 1	 5.727399	 -1	 0.000000	 0.187343
96	 7	 7	 1	 21.128526	 -1	 0.000000	 -0.024411
97	 7	 7	 1	 13.028249	 -1	 0.000000	 -0.010390
98	 7	 7	 1	 6.625926	 -1	 0.000000	 0.032940
100	 7	 7	 1	 12.631094	 -1	 0.000000	 0.068263
101	 7	 7	 1	 7.719022	 -1	 0.000000	 -0.212129
103	 7	 7	 1	 7.683218	 -1	 0.000000	 -0.069734
104	 7	 7	 1	 0.201214	 -1	 0.000000	 -0.036514
105	 7	 7	 1	 5.467525	 -1	 0.000000	 0.091642
106	 7	 7	 1	 44.692884	 -1	 0.000000	 -0.140510
108	 7	 7	 1	 11.131722	 -1	 0.000000	 -0.059235
109	 7	 7	 1	 14.878007	 -1	 0.000000	 0.090394
110	 7	 7	 1	 10.622628	 -1	 0.000000	 -0.057567
111	 7	 7	 1	 18.865195	 -1	 0.000000	 0.093028
112	 7	 7	 1	 9.816194	 -1	 0.000000	 0.113513
113	 7	 7	 1	 11.887989	 -1	 0.000000	 0.067249
114	 7	 7	 1	 15.552278	 -1	 0.000000	 0.031582
116	 7	 7	 1	 15.185616	 -1	 0.000000	 0.013782
117	 7	 7	 1	 9.803852	 -1	 0.000000	 -0.020684
118	 7	 7	 1	 7.792124	 -1	 0.000000	 0.051448
119	 7	 7	 1	 25.631810	 -1	 0.000000	 0.009239
121	 7	 7	 1	 15.335198	 -1	 0.000000	 0.080557
122	 7	 7	 1	 23.105502	 -1	 0.000000	 -0.020293
123	 7	 7	 1	 5.663934	 -1	 0.000000	 0.057684
124	 7	 7	 1	 11.387269	 -1	 0.000000	 0.101284
125	 7	 7	 1	 8.558018	 -1	 0.000000	 0.156442
126	 7	 7	 1	 0.213240	 -1	 0.000000	 -0.002150
127	 7	 7	 1	 16.317142	 -1	 0.000000	 -0.015197
128	 7	 7	 1	 25.434657	 -1	 0.000000	 0.012650
129	 7	 7	 1	 16.347799	 -1	 0.000000	 0.091852
101	 7	 7	 1	 2.914848	 -1	 0.000000	 0.212428
102	 7	 7	 1	 21.320692	 -1	 0.000000	 0.075526
103	 7	 7	 1	 9.719262	 -1	 0.000000	 0.086173
104	 7	 7	 1	 3.315748	 -1	 0.000000	 0.147345
105	 7	 7	 1	 0.190894	 -1	 0.000000	 0.016347
106	 7	 7	 1	 33.302493	 -1	 0.000000	 0.005493
107	 7	 7	 1	 11.063804	 -1	 0.000000	 0.053551
109	 7	 7	 1	 4.944027	 -1	 0.000000	 0.029711
110	 7	 7	 1	 11.956477	 -1	 0.000000	 -0.016638
111	 7	 7	 1	 22.077215	 -1	 0.000000	 -0.041046
112	 7	 7	 1	 14.694719	 -1	 0.000000	 0.054589
114	 7	 7	 1	 15.277636	 -1	 0.000000	 0.056776
115	 7	 7	 1	 9.699421	 -1	 0.000000	 0.099865
116	 7	 7	 1	 0.154078	 -1	 0.000000	 -0.062339
118	 7	 7	 1	 8.893376	 -1	 0.000000	 -0.055229
119	 7	 7	 1	 25.932667	 -1	 0.000000	 0.151023
120	 7	 7	 1	 12.249024	 -1	 0.000000	 -0.035414
121	 7	 7	 1	 14.286092	 -1	 0.000000	 -0.038723
122	 7	 7	 1	 18.913804	 -1	 0.000000	 0.111891
125	 7	 7	 1	 12.453834	 -1	 0.000000	 0.011425
126	 7	 7	 1	 8.521465	 -1	 0.000000	 0.129166
127	 7	 7	 1	 20.166703	 -1	 0.000000	 0.035716
128	 7	 7	 1	 19.263925	 -1	 0.000000	 0.204179
130	 7	 7	 1	 20.558701	 -1	 0.000000	 0.083697
131	 7	 7	 1	 30.399259	 -1	 0.000000	 0.039532
133	 7	 7	 1	 16.019279	 -1	 0.000000	 -0.026805
134	 7	 7	 1	 0.357327	 -1	 0.000000	 0.008726
135	 7	 7	 1	 5.613579	 -1	 0.000000	 0.175086
136	 7	 7	 1	 11.015020	 -1	 0.000000	 0.015960
138	 7	 7	 1	 6.889618	 -1	 0.000000	 0.120516
140	 7	 7	 1	 10.683351	 -1	 0.000000	 0.039293
142	 7	 7	 1	 13.090288	 -1	 0.000000	 -0.083118
143	 7	 7	 1	 14.813699	 -1	 0.000000	 -0.098573
144	 7	 7	 1	 14.637301	 -1	 0.000000	 -0.025990
145	 7	 7	 1	 13.173617	 -1	 0.000000	 0.079678
147	 7	 7	 1	 14.988252	 -1	 0.000000	 0.071911
148	 7	 7	 1	 38.304166	 -1	 0.000000	 -0.030835
149	 7	 7	 1	 25.180720	 -1	 0.000000	 0.063284
150	 7	 7	 1	 19.417277	 -1	 0.000000	 0.040605
151	 7	 7	 1	 12.527642	 -1	 0.000000	 0.128098
152	 7	 7	 1	 9.335335	 -1	 0.000000	 0.062728
154	 7	 7	 1	 13.826492	 -1	 0.000000	 0.105759
155	 7	 7	 1	 19.224186	 -1	 0.000000	 0.083180
156	 7	 7	 1	 16.694028	 -1	 0.000000	 0.106097
157	 7	 7	 1	 19.598119	 -1	 0.000000	 -0.046552
158	 7	 7	 1	 22.740375	 -1	 0.000000	 -0.049035
159	 7	 7	 1	 15.034855	 -1	 0.000000	 -0.005888
160	 7	 7	 1	 16.632827	 -1	 0.000000	 0.091904
161	 7	 7	 1	 2.626703	 -1	 0.000000	 0.063945
162	 7	 7	 1	 28.496417	 -1	 0.000000	 0.099548
164	 7	 7	 1	 11.036768	 -1	 0.000000	 0.026930
165	 7	 7	 1	 5.318418	 -1	 0.000000	 0.244063
166	 7	 7	 1	 7.246993	 -1	 0.000000	 0.012768
167	 7	 7	 1	 17.243020	 -1	 0.000000	 0.057416
168	 7	 7	 1	 26.408230	 -1	 0.000000	 0.081447
169	 7	 7	 1	 13.030562	 -1	 0.000000	 -0.007416
170	 7	 7	 1	 25.229123	 -1	 0.000000	 0.060576
171	 7	 7	 1	 28.706668	 -1	 0.000000	 0.097067
172	 7	 7	 1	 15.358541	 -1	 0.000000	 -0.042816
173	 7	 7	 1	 3.993228	 -1	 0.000000	 0.174464
174	 7	 7	 1	 11.707785	 -1	 0.000000	 0.078912
175	 7	 7	 1	 13.696334	 -1	 0.000000	 -0.131020
176	 7	 7	 1	 16.022160	 -1	 0.000000	 -0.036415
177	 7	 7	 1	 11.652648	 -1	 0.000000	 0.044929
178	 7	 7	 1	 18.181912	 -1	 0.000000	 -0.067919
179	 7	 7	 1	 30.030272	 -1	 0.000000	 0.023931
180	 7	 7	 1	 17.427745	 -1	 0.000000	 0.037933
182	 7	 7	 1	 6.685217	 -1	 0.000000	 0.231467
183	 7	 7	 1	 20.853382	 -1	 0.000000	 0.159673
184	 7	 7	 1	 22.942255	 -1	 0.000000	 0.035214
185	 7	 7	 1	 3.893924	 -1	 0.000000	 0.236679
186	 7	 7	 1	 6.991696	 -1	 0.000000	 0.167577
189	 7	 7	 1	 0.197083	 -1	 0.000000	 -0.009371
190	 7	 7	 1	 16.835755	 -1	 0.000000	 0.093978
192	 7	 7	 1	 0.065282	 -1	 0.000000	 -0.069577
193	 7	 7	 1	 10.337102	 -1	 0.000000	 0.083141
194	 7	 7	 1	 13.000599	 -1	 0.000000	 0.024072
195	 7	 7	 1	 17.472479	 -1	 0.000000	 0.157479
196	 7	 7	 1	 14.957338	 -1	 0.000000	 -0.032745
197	 7	 7	 1	 19.205057	 -1	 0.000000	 0.236702
198	 7	 7	 1	 27.571254	 -1	 0.000000	 -0.020190
199	 7	 7	 1	 10.814455	 -1	 0.000000	 0.171996
200	 7	 7	 1	 24.262513	 -1	 0.000000	 0.091785
201	 7	 7	 1	 5.500089	 -1	 0.000000	 0.158329
202	 7	 7	 1	 7.289456	 -1	 0.000000	 0.092823
203	 7	 7	 1	 2.640709	 -1	 0.000000	 0.173729
204	 7	 7	 1	 13.869801	 -1	 0.000000	 0.056344
205	 7	 7	 1	 11.726128	 -1	 0.000000	 0.273113
207	 7	 7	 1	 4.750381	 -1	 0.000000	 0.109720
208	 7	 7	 1	 23.844156	 -1	 0.000000	 0.210252
3214	 3	 3	 0	 485.709984	 -1	 0.000000	 1.298697
209	 7	 7	 0	 476.590539	 -1	 0.000000	 0.172350
210	 7	 7	 0	 477.854781	 -1	 0.000000	 0.223328
211	 7	 7	 1	 15.701861	 -1	 0.000000	 -0.128013
212	 7	 7	 1	 17.119204	 -1	 0.000000	 0.177175
214	 7	 7	 1	 41.027531	 -1	 0.000000	 0.061253
215	 7	 7	 1	 6.367241	 -1	 0.000000	 0.199233
216	 7	 7	 1	 14.977293	 -1	 0.000000	 0.150684
218	 7	 7	 1	 13.112031	 -1	 0.000000	 -0.042609
219	 7	 7	 1	 19.733883	 -1	 0.000000	 0.077554
221	 7	 7	 1	 15.060015	 -1	 0.000000	 0.013771
222	 7	 7	 1	 26.637246	 -1	 0.000000	 -0.005794
223	 7	 7	 1	 8.996856	 -1	 0.000000	 0.169658
224	 7	 7	 1	 17.928583	 -1	 0.000000	 0.016302
225	 7	 7	 1	 5.529318	 -1	 0.000000	 -0.023355
226	 7	 7	 1	 13.015928	 -1	 0.000000	 0.197066
227	 7	 7	 1	 0.210913	 -1	 0.000000	 0.187264
228	 7	 7	 1	 7.146876	 -1	 0.000000	 0.113276
229	 7	 7	 1	 3.584665	 -1	 0.000000	 0.020537
230	 7	 7	 1	 7.638273	 -1	 0.000000	 0.023883
231	 7	 7	 1	 8.494583	 -1	 0.000000	 0.142839
232	 7	 7	 1	 9.737845	 -1	 0.000000	 -0.068604
233	 7	 7	 0	 44.313846	 -1	 0.000000	 0.122542
234	 7	 7	 0	 78.240468	 -1	 0.000000	 0.057545
235	 7	 7	 1	 6.579899	 -1	 0.000000	 0.065572
236	 7	 7	 1	 0.171458	 -1	 0.000000	 0.210986
237	 7	 7	 1	 13.746582	 -1	 0.000000	 0.112145
238	 7	 7	 1	 9.442622	 -1	 0.000000	 0.239759
239	 7	 7	 1	 5.356390	 -1	 0.000000	 0.215962
240	 7	 7	 1	 10.809245	 -1	 0.000000	 0.141275
241	 7	 7	 1	 13.854748	 -1	 0.000000	 0.090528
242	 7	 7	 1	 15.619034	 -1	 0.000000	 0.241397
243	 7	 7	 1	 22.422413	 -1	 0.000000	 0.164529
244	 7	 7	 1	 4.337173	 -1	 0.000000	 -0.016669
245	 7	 7	 1	 11.381108	 -1	 0.000000	 0.200684
246	 7	 7	 1	 40.265105	 -1	 0.000000	 0.107748
247	 7	 7	 1	 10.409504	 -1	 0.000000	 0.163259
248	 7	 7	 1	 15.889770	 -1	 0.000000	 0.039758
249	 7	 7	 1	 11.453498	 -1	 0.000000	 0.113552
250	 7	 7	 1	 8.777596	 -1	 0.000000	 0.229958
251	 7	 7	 1	 0.265208	 -1	 0.000000	 0.037982
252	 7	 7	 1	 3.879051	 -1	 0.000000	 0.038693
253	 7	 7	 1	 9.022478	 -1	 0.000000	 0.163038
254	 7	 7	 1	 22.162547	 -1	 0.000000	 0.015654
255	 7	 7	 1	 5.992445	 -1	 0.000000	 -0.050323
256	 7	 7	 1	 29.935568	 -1	 0.000000	 0.028894
257	 7	 7	 1	 14.411518	 -1	 0.000000	 0.066565
259	 7	 7	 1	 11.840986	 -1	 0.000000	 -0.036990
261	 7	 7	 1	 14.767872	 -1	 0.000000	 0.208180
262	 7	 7	 1	 21.374240	 -1	 0.000000	 0.053905
265	 7	 7	 1	 87.113430	 -1	 0.000000	 0.006934
270	 7	 7	 1	 28.866422	 -1	 0.000000	 0.148953
271	 7	 7	 0	 453.250797	 -1	 0.000000	 0.145792
272	 7	 7	 1	 22.873468	 -1	 0.000000	 0.079720
273	 7	 7	 1	 19.098101	 -1	 0.000000	 0.064010
274	 7	 7	 1	 23.290251	 -1	 0.000000	 0.183287
275	 7	 7	 1	 15.361111	 -1	 0.000000	 -0.069713
276	 7	 7	 1	 30.247968	 -1	 0.000000	 0.248854
278	 7	 7	 1	 6.181470	 -1	 0.000000	 0.073789
287	 7	 7	 1	 7.963243	 -1	 0.000000	 -0.038698
292	 7	 7	 1	 0.207386	 -1	 0.000000	 0.052840
293	 7	 7	 1	 24.154677	 -1	 0.000000	 0.190941
294	 7	 7	 1	 11.752337	 -1	 0.000000	 0.088829
296	 7	 7	 1	 1.996984	 -1	 0.000000	 -0.008791
297	 7	 7	 0	 442.136082	 -1	 0.000000	 0.185163
298	 7	 7	 1	 19.150276	 -1	 0.000000	 0.090503
2963	 11	 11	 1	 134.066939	 -1	 0.000000	 1.524554
301	 7	 7	 0	 456.171333	 -1	 0.000000	 0.071266
302	 7	 7	 0	 457.731110	 -1	 0.000000	 0.052987
303	 7	 7	 1	 3.022660	 -1	 0.000000	 0.095966
305	 7	 7	 1	 9.599067	 -1	 0.000000	 0.247788
308	 7	 7	 1	 14.754019	 -1	 0.000000	 -0.004493
309	 7	 7	 1	 4.480375	 -1	 0.000000	 0.058759
311	 7	 7	 1	 21.252607	 -1	 0.000000	 0.029352
312	 7	 7	 1	 23.904681	 -1	 0.000000	 0.208139
313	 7	 7	 1	 14.963376	 -1	 0.000000	 0.070020
315	 7	 7	 0	 442.557936	 -1	 0.000000	 0.172384
2366	 7	 7	 1	 125.525440	 -1	 0.000000	 3.502595
316	 7	 7	 0	 404.448111	 -1	 0.000000	 0.165582
317	 7	 7	 0	 448.841192	 -1	 0.000000	 0.036638
318	 7	 7	 0	 428.965337	 -1	 0.000000	 0.127519
322	 7	 7	 1	 16.054452	 -1	 0.000000	 0.045326
324	 7	 7	 1	 18.294678	 -1	 0.000000	 -0.039499
2150	 10	 10	 1	 188.317440	 -1	 0.000000	 3.663960
327	 7	 7	 0	 472.333131	 -1	 0.000000	 0.129793
328	 7	 7	 0	 464.241302	 -1	 0.000000	 0.263429
329	 7	 7	 0	 262.511010	 -1	 0.000000	 0.120040
332	 7	 7	 1	 4.182486	 -1	 0.000000	 0.114300
333	 7	 7	 1	 3.464999	 -1	 0.000000	 0.168888
335	 7	 7	 1	 14.166967	 -1	 0.000000	 0.010073
336	 7	 7	 1	 28.169265	 -1	 0.000000	 -0.056992
337	 7	 7	 1	 0.125161	 -1	 0.000000	 -0.057127
338	 7	 7	 1	 0.516208	 -1	 0.000000	 0.134506
340	 7	 7	 1	 8.036795	 -1	 0.000000	 0.083902
341	 7	 7	 1	 28.054058	 -1	 0.000000	 0.018701
348	 7	 7	 1	 22.593543	 -1	 0.000000	 0.001025
349	 7	 7	 1	 15.116181	 -1	 0.000000	 0.153081
350	 7	 7	 1	 14.611078	 -1	 0.000000	 0.017160
351	 7	 7	 1	 120.066112	 -1	 0.000000	 0.162695
352	 7	 7	 1	 11.070098	 -1	 0.000000	 -0.022358
353	 7	 7	 1	 29.138336	 -1	 0.000000	 0.038054
355	 7	 7	 1	 26.173811	 -1	 0.000000	 -0.059817
357	 7	 7	 1	 11.625110	 -1	 0.000000	 -0.030190
358	 7	 7	 1	 31.481855	 -1	 0.000000	 0.154214
362	 7	 7	 1	 20.079181	 -1	 0.000000	 -0.019112
367	 7	 7	 1	 6.530830	 -1	 0.000000	 -0.092431
368	 7	 7	 0	 279.215619	 -1	 0.000000	 0.139550
369	 7	 7	 1	 41.689921	 -1	 0.000000	 0.064949
370	 7	 7	 1	 39.317373	 -1	 0.000000	 0.026245
371	 7	 7	 1	 18.464158	 -1	 0.000000	 -0.050232
372	 7	 7	 1	 17.319338	 -1	 0.000000	 0.072860
375	 7	 7	 1	 37.791791	 -1	 0.000000	 -0.057369
376	 7	 7	 1	 7.866218	 -1	 0.000000	 -0.023237
377	 7	 7	 1	 21.124474	 -1	 0.000000	 0.134190
378	 7	 7	 1	 9.717007	 -1	 0.000000	 -0.009522
380	 7	 7	 1	 23.126291	 -1	 0.000000	 0.151380
382	 7	 7	 0	 379.575266	 -1	 0.000000	 0.043451
3065	 10	 10	 1	 129.343768	 -1	 0.000000	 1.704367
385	 7	 7	 0	 477.019094	 -1	 0.000000	 0.122311
387	 7	 7	 0	 470.050651	 -1	 0.000000	 -0.020596
389	 7	 7	 1	 14.461239	 -1	 0.000000	 -0.125123
390	 7	 7	 0	 315.246786	 -1	 0.000000	 0.079081
391	 7	 7	 1	 15.693887	 -1	 0.000000	 0.039060
393	 7	 7	 1	 18.529431	 -1	 0.000000	 -0.020452
397	 7	 7	 1	 11.505502	 -1	 0.000000	 0.087772
398	 7	 7	 1	 11.248527	 -1	 0.000000	 0.158842
399	 7	 7	 1	 0.071905	 -1	 0.000000	 -0.004631
400	 7	 7	 1	 14.842345	 -1	 0.000000	 0.050353
401	 7	 7	 1	 21.622799	 -1	 0.000000	 0.191705
402	 7	 7	 0	 455.259099	 -1	 0.000000	 0.143763
405	 7	 7	 1	 8.618075	 -1	 0.000000	 -0.030553
406	 7	 7	 0	 315.228517	 -1	 0.000000	 0.067702
407	 7	 7	 0	 495.377891	 -1	 0.000000	 -0.000645
408	 7	 7	 1	 9.134403	 -1	 0.000000	 -0.002942
410	 7	 7	 1	 17.311160	 -1	 0.000000	 -0.149463
412	 7	 7	 1	 17.843919	 -1	 0.000000	 0.210599
413	 7	 7	 1	 11.321476	 -1	 0.000000	 0.089907
414	 7	 7	 1	 4.434525	 -1	 0.000000	 -0.094978
2460	 15	 15	 1	 82.075325	 -1	 0.000000	 1.112735
416	 7	 7	 0	 385.640670	 -1	 0.000000	 0.062953
3880	 9	 9	 0	 285.687591	 -1	 0.000000	 4.178803
440	 7	 7	 0	 410.384156	 -1	 0.000000	 -0.124518
441	 7	 7	 0	 430.515305	 -1	 0.000000	 0.139850
442	 7	 7	 1	 10.326668	 -1	 0.000000	 0.051496
443	 7	 7	 1	 7.117597	 -1	 0.000000	 -0.005843
444	 7	 7	 1	 4.846916	 -1	 0.000000	 0.076243
446	 7	 7	 1	 16.066996	 -1	 0.000000	 0.077453
447	 7	 7	 1	 0.117384	 -1	 0.000000	 -0.092898
448	 7	 7	 1	 22.617898	 -1	 0.000000	 0.241812
449	 7	 7	 1	 14.037786	 -1	 0.000000	 0.282156
450	 7	 7	 1	 4.469188	 -1	 0.000000	 -0.047004
452	 7	 7	 1	 3.402170	 -1	 0.000000	 0.036731
460	 7	 7	 1	 25.654478	 -1	 0.000000	 0.080684
464	 7	 7	 1	 23.525867	 -1	 0.000000	 0.208103
465	 7	 7	 1	 18.679703	 -1	 0.000000	 0.026654
466	 7	 7	 1	 2.658410	 -1	 0.000000	 0.203513
467	 7	 7	 1	 19.510332	 -1	 0.000000	 -0.131704
469	 7	 7	 1	 12.784457	 -1	 0.000000	 0.064194
470	 7	 7	 1	 22.405616	 -1	 0.000000	 0.121790
471	 7	 7	 1	 20.032756	 -1	 0.000000	 0.128245
472	 7	 7	 1	 13.535624	 -1	 0.000000	 0.102211
473	 7	 7	 1	 4.558955	 -1	 0.000000	 0.104634
474	 7	 7	 1	 11.832508	 -1	 0.000000	 0.189484
475	 7	 7	 1	 14.646597	 -1	 0.000000	 0.133288
477	 7	 7	 1	 13.927451	 -1	 0.000000	 0.086080
478	 7	 7	 1	 8.259434	 -1	 0.000000	 0.047595
479	 7	 7	 1	 30.248184	 -1	 0.000000	 0.179808
480	 7	 7	 1	 10.223996	 -1	 0.000000	 0.036092
481	 7	 7	 1	 23.528999	 -1	 0.000000	 0.134257
482	 7	 7	 1	 12.887736	 -1	 0.000000	 -0.012595
484	 7	 7	 1	 19.256121	 -1	 0.000000	 0.140410
485	 7	 7	 1	 19.738121	 -1	 0.000000	 0.052906
486	 7	 7	 1	 9.987198	 -1	 0.000000	 0.162742
487	 7	 7	 1	 10.421889	 -1	 0.000000	 0.141777
488	 7	 7	 1	 11.644916	 -1	 0.000000	 0.044191
490	 7	 7	 1	 16.659595	 -1	 0.000000	 0.049751
491	 7	 7	 1	 13.587107	 -1	 0.000000	 -0.011192
492	 7	 7	 1	 8.568361	 -1	 0.000000	 0.201504
493	 7	 7	 1	 12.095043	 -1	 0.000000	 0.134045
494	 7	 7	 1	 6.002551	 -1	 0.000000	 -0.071303
495	 7	 7	 1	 6.815258	 -1	 0.000000	 0.174803
496	 7	 7	 1	 12.447608	 -1	 0.000000	 -0.100748
497	 7	 7	 1	 13.389701	 -1	 0.000000	 0.141715
498	 7	 7	 1	 2.298635	 -1	 0.000000	 0.051631
499	 7	 7	 1	 3.486151	 -1	 0.000000	 -0.035044
5	 9	 9	 1	 45.767508	 -1	 0.000000	 -0.089943
6	 9	 9	 0	 154.905839	 -1	 0.000000	 0.027326
7	 9	 9	 0	 327.416022	 -1	 0.000000	 -0.017040
8	 9	 9	 0	 287.349531	 -1	 0.000000	 0.045732
9	 9	 9	 0	 323.101377	 -1	 0.000000	 0.077403
10	 9	 9	 0	 303.873394	 -1	 0.000000	 -0.111178
11	 9	 9	 0	 233.475780	 -1	 0.000000	 0.040038
12	 9	 9	 0	 288.248220	 -1	 0.000000	 0.153672
13	 9	 9	 0	 323.333766	 -1	 0.000000	 0.233961
14	 9	 9	 0	 282.402546	 -1	 0.000000	 -0.142031
16	 9	 9	 0	 285.417213	 -1	 0.000000	 0.275461
17	 9	 9	 0	 280.106972	 -1	 0.000000	 0.048913
20	 9	 9	 0	 216.454817	 -1	 0.000000	 0.200807
21	 9	 9	 0	 266.993921	 -1	 0.000000	 0.065534
22	 9	 9	 0	 256.803698	 -1	 0.000000	 0.054969
23	 9	 9	 0	 285.274210	 -1	 0.000000	 -0.033919
24	 9	 9	 0	 290.138268	 -1	 0.000000	 0.070213
3172	 3	 3	 0	 316.971210	 -1	 0.000000	 0.961495
25	 9	 9	 0	 483.697204	 -1	 0.000000	 0.086777
26	 9	 9	 0	 484.756027	 -1	 0.000000	 0.045087
27	 9	 9	 0	 482.504404	 -1	 0.000000	 0.000249
28	 9	 9	 0	 256.488921	 -1	 0.000000	 0.112851
29	 9	 9	 0	 382.913208	 -1	 0.000000	 -0.095471
30	 9	 9	 0	 318.491913	 -1	 0.000000	 0.082910
31	 9	 9	 0	 197.594588	 -1	 0.000000	 -0.050204
32	 9	 9	 0	 342.821231	 -1	 0.000000	 -0.105904
33	 9	 9	 0	 240.937262	 -1	 0.000000	 -0.089734
34	 9	 9	 0	 168.348908	 -1	 0.000000	 0.135467
4036	 9	 9	 0	 353.452501	 -1	 0.000000	 2.644416
35	 9	 9	 0	 465.191497	 -1	 0.000000	 0.178082
36	 9	 9	 0	 458.570116	 -1	 0.000000	 0.189974
37	 9	 9	 0	 454.851188	 -1	 0.000000	 -0.079724
38	 9	 9	 0	 248.198601	 -1	 0.000000	 -0.027599
39	 9	 9	 0	 231.299941	 -1	 0.000000	 0.130399
40	 9	 9	 0	 342.621077	 -1	 0.000000	 -0.116427
41	 9	 9	 0	 330.758139	 -1	 0.000000	 -0.032726
42	 9	 9	 0	 231.910816	 -1	 0.000000	 -0.016380
43	 9	 9	 0	 306.949133	 -1	 0.000000	 0.102050
44	 9	 9	 0	 352.278816	 -1	 0.000000	 0.026065
45	 9	 9	 0	 261.326269	 -1	 0.000000	 0.150729
46	 9	 9	 0	 198.125901	 -1	 0.000000	 0.066247
47	 9	 9	 0	 270.863101	 -1	 0.000000	 0.140787
49	 9	 9	 0	 187.988343	 -1	 0.000000	 0.013675
50	 9	 9	 0	 224.721096	 -1	 0.000000	 0.133693
51	 9	 9	 0	 196.855757	 -1	 0.000000	 -0.112655
52	 9	 9	 0	 238.488653	 -1	 0.000000	 0.141003
53	 9	 9	 0	 322.489029	 -1	 0.000000	 -0.040525
54	 9	 9	 0	 308.989091	 -1	 0.000000	 0.098819
55	 9	 9	 0	 165.494747	 -1	 0.000000	 0.141453
60	 9	 9	 0	 317.721829	 -1	 0.000000	 0.099081
61	 9	 9	 0	 195.778880	 -1	 0.000000	 0.099461
62	 9	 9	 0	 183.526028	 -1	 0.000000	 0.100247
63	 9	 9	 0	 212.431830	 -1	 0.000000	 0.265270
64	 9	 9	 0	 313.769567	 -1	 0.000000	 -0.040440
65	 9	 9	 0	 259.031429	 -1	 0.000000	 0.080782
66	 9	 9	 0	 154.552652	 -1	 0.000000	 -0.046043
67	 9	 9	 0	 329.938657	 -1	 0.000000	 0.242170
68	 9	 9	 0	 215.670156	 -1	 0.000000	 -0.066686
69	 9	 9	 0	 146.948674	 -1	 0.000000	 0.008044
71	 9	 9	 0	 183.407463	 -1	 0.000000	 -0.069010
72	 9	 9	 0	 322.978833	 -1	 0.000000	 0.192070
73	 9	 9	 0	 269.620267	 -1	 0.000000	 0.038460
74	 9	 9	 0	 310.740204	 -1	 0.000000	 0.113316
75	 9	 9	 0	 224.244445	 -1	 0.000000	 0.019828
76	 9	 9	 0	 266.408336	 -1	 0.000000	 0.109594
77	 9	 9	 0	 235.568866	 -1	 0.000000	 -0.093584
78	 9	 9	 0	 166.070886	 -1	 0.000000	 0.135436
>>> gr_fir_ccf: using E
>>> gr_fir_fff: using E
gr_buffer::allocate_buffer: warning: tried to allocate
   47 items of size 1392. Due to alignment requirements
   256 were allocated.  If this isn't OK, consider padding
   your structure to a power-of-two bytes.
   On this platform, our allocation granularity is 4096 bytes.
84	 9	 9	 1	 209.200342	 -1	 0.000000	 0.146015
85	 9	 9	 1	 188.293242	 -1	 0.000000	 -0.028075
86	 9	 9	 1	 183.313398	 -1	 0.000000	 0.013007
>>> gr_fir_ccf: using E
>>> gr_fir_fff: using E
terminate called after throwing an instance of 'std::invalid_argument'
  what():  gr_ofdm_demod: Incorrect subcarriers allocated
>>> gr_fir_ccf: using E
>>> gr_fir_fff: using E
gr_buffer::allocate_buffer: warning: tried to allocate
   47 items of size 1392. Due to alignment requirements
   256 were allocated.  If this isn't OK, consider padding
   your structure to a power-of-two bytes.
   On this platform, our allocation granularity is 4096 bytes.
80	 11	 11	 0	 360.817068	 -1	 0.000000	 0.015230
81	 11	 11	 0	 291.849675	 -1	 0.000000	 0.003559
82	 11	 11	 1	 179.010676	 -1	 0.000000	 0.077116
83	 11	 11	 0	 269.912014	 -1	 0.000000	 -0.124720
84	 11	 11	 1	 155.619689	 -1	 0.000000	 0.221267
85	 11	 11	 1	 179.697734	 -1	 0.000000	 0.038166
86	 11	 11	 1	 70.025762	 -1	 0.000000	 0.154403
87	 11	 11	 1	 69.608557	 -1	 0.000000	 0.067043
88	 11	 11	 1	 185.207118	 -1	 0.000000	 0.125359
89	 11	 11	 1	 85.031523	 -1	 0.000000	 0.178667
90	 11	 11	 1	 172.893593	 -1	 0.000000	 -0.030684
91	 11	 11	 1	 275.637093	 -1	 0.000000	 0.216020
92	 11	 11	 1	 110.234556	 -1	 0.000000	 -0.068314
93	 11	 11	 1	 224.533743	 -1	 0.000000	 -0.020036
94	 11	 11	 0	 376.896714	 -1	 0.000000	 -0.068023
95	 11	 11	 1	 163.779758	 -1	 0.000000	 -0.008295
96	 11	 11	 1	 86.747255	 -1	 0.000000	 -0.053400
97	 11	 11	 1	 62.181515	 -1	 0.000000	 0.069394
98	 11	 11	 1	 154.571441	 -1	 0.000000	 0.012916
99	 11	 11	 1	 60.139534	 -1	 0.000000	 0.034111
100	 11	 11	 1	 77.468055	 -1	 0.000000	 0.132709
101	 11	 11	 1	 79.709907	 -1	 0.000000	 -0.066289
102	 11	 11	 1	 189.218320	 -1	 0.000000	 0.250931
103	 11	 11	 1	 171.209383	 -1	 0.000000	 0.146820
104	 11	 11	 1	 153.475664	 -1	 0.000000	 0.149882
106	 11	 11	 1	 198.040105	 -1	 0.000000	 0.059213
107	 11	 11	 1	 245.459720	 -1	 0.000000	 0.135704
108	 11	 11	 1	 76.130122	 -1	 0.000000	 0.010524
109	 11	 11	 1	 80.418767	 -1	 0.000000	 0.053108
110	 11	 11	 1	 176.936878	 -1	 0.000000	 -0.053311
111	 11	 11	 1	 121.066182	 -1	 0.000000	 0.238385
113	 11	 11	 0	 443.488523	 -1	 0.000000	 -0.122277
114	 11	 11	 1	 88.612006	 -1	 0.000000	 -0.026782
115	 11	 11	 1	 225.162080	 -1	 0.000000	 0.174776
116	 11	 11	 1	 200.973384	 -1	 0.000000	 0.029904
117	 11	 11	 1	 95.545644	 -1	 0.000000	 0.193010
118	 11	 11	 1	 143.453074	 -1	 0.000000	 0.030340
119	 11	 11	 1	 123.896793	 -1	 0.000000	 0.262663
120	 11	 11	 1	 118.669499	 -1	 0.000000	 0.175792
121	 11	 11	 1	 145.851128	 -1	 0.000000	 0.124886
124	 11	 11	 1	 52.883870	 -1	 0.000000	 0.093109
125	 11	 11	 1	 180.090086	 -1	 0.000000	 0.089117
126	 11	 11	 1	 148.893466	 -1	 0.000000	 0.094245
127	 11	 11	 0	 357.660054	 -1	 0.000000	 -0.084796
128	 11	 11	 1	 111.460179	 -1	 0.000000	 0.265485
129	 11	 11	 1	 75.468787	 -1	 0.000000	 0.120578
130	 11	 11	 1	 120.345882	 -1	 0.000000	 -0.029787
131	 11	 11	 1	 173.780778	 -1	 0.000000	 0.077011
132	 11	 11	 1	 210.880829	 -1	 0.000000	 -0.022341
133	 11	 11	 1	 70.478021	 -1	 0.000000	 0.218455
134	 11	 11	 1	 84.581513	 -1	 0.000000	 -0.076143
135	 11	 11	 0	 224.862428	 -1	 0.000000	 0.062743
136	 11	 11	 1	 129.536402	 -1	 0.000000	 0.098297
137	 11	 11	 1	 200.090508	 -1	 0.000000	 0.026788
138	 11	 11	 1	 64.025927	 -1	 0.000000	 -0.046646
139	 11	 11	 1	 201.142418	 -1	 0.000000	 0.092937
140	 11	 11	 1	 78.516215	 -1	 0.000000	 0.218132
141	 11	 11	 1	 144.247815	 -1	 0.000000	 0.317568
142	 11	 11	 1	 159.454688	 -1	 0.000000	 0.193451
143	 11	 11	 1	 226.062814	 -1	 0.000000	 0.103702
144	 11	 11	 1	 63.902655	 -1	 0.000000	 0.038481
145	 11	 11	 0	 251.581010	 -1	 0.000000	 -0.058725
146	 11	 11	 1	 154.586976	 -1	 0.000000	 0.127853
147	 11	 11	 1	 188.821203	 -1	 0.000000	 0.223376
148	 11	 11	 1	 88.820183	 -1	 0.000000	 0.100460
149	 11	 11	 1	 163.828172	 -1	 0.000000	 0.101042
150	 11	 11	 0	 244.336934	 -1	 0.000000	 0.056650
151	 11	 11	 1	 165.686079	 -1	 0.000000	 0.211439
152	 11	 11	 1	 56.768594	 -1	 0.000000	 0.054028
153	 11	 11	 1	 70.463379	 -1	 0.000000	 -0.027485
154	 11	 11	 1	 62.697357	 -1	 0.000000	 0.129908
155	 11	 11	 1	 193.650077	 -1	 0.000000	 0.196960
157	 11	 11	 0	 267.576928	 -1	 0.000000	 0.027877
158	 11	 11	 1	 172.003994	 -1	 0.000000	 0.174705
159	 11	 11	 0	 340.139467	 -1	 0.000000	 -0.150635
160	 11	 11	 0	 226.884476	 -1	 0.000000	 0.156307
161	 11	 11	 1	 106.518915	 -1	 0.000000	 0.161528
162	 11	 11	 1	 108.420098	 -1	 0.000000	 0.170778
164	 11	 11	 1	 135.550817	 -1	 0.000000	 0.076667
165	 11	 11	 1	 169.116216	 -1	 0.000000	 0.208242
166	 11	 11	 1	 192.723136	 -1	 0.000000	 -0.052346
167	 11	 11	 1	 149.730328	 -1	 0.000000	 0.158249
168	 11	 11	 1	 188.390012	 -1	 0.000000	 0.080008
169	 11	 11	 1	 94.169586	 -1	 0.000000	 0.065091
170	 11	 11	 1	 158.313378	 -1	 0.000000	 0.001176
171	 11	 11	 1	 75.611490	 -1	 0.000000	 0.248797
172	 11	 11	 1	 73.809216	 -1	 0.000000	 -0.015705
173	 11	 11	 1	 171.327194	 -1	 0.000000	 0.200097
174	 11	 11	 1	 174.893321	 -1	 0.000000	 0.138660
175	 11	 11	 1	 205.240530	 -1	 0.000000	 0.057101
176	 11	 11	 1	 161.652011	 -1	 0.000000	 0.145004
177	 11	 11	 1	 210.756599	 -1	 0.000000	 -0.088135
178	 11	 11	 1	 215.158479	 -1	 0.000000	 0.299299
179	 11	 11	 1	 210.829948	 -1	 0.000000	 0.056673
180	 11	 11	 1	 57.083907	 -1	 0.000000	 0.028779
181	 11	 11	 1	 227.431000	 -1	 0.000000	 0.012196
182	 11	 11	 1	 78.531111	 -1	 0.000000	 -0.000058
183	 11	 11	 1	 196.892690	 -1	 0.000000	 0.162859
184	 11	 11	 1	 210.814058	 -1	 0.000000	 0.193146
185	 11	 11	 1	 152.703779	 -1	 0.000000	 0.193733
186	 11	 11	 1	 104.210426	 -1	 0.000000	 -0.103159
187	 11	 11	 1	 57.709098	 -1	 0.000000	 0.169211
188	 11	 11	 1	 202.131107	 -1	 0.000000	 0.034339
189	 11	 11	 0	 197.413289	 -1	 0.000000	 -0.092369
190	 11	 11	 1	 206.052280	 -1	 0.000000	 -0.024727
191	 11	 11	 1	 82.177075	 -1	 0.000000	 -0.028468
192	 11	 11	 1	 181.004837	 -1	 0.000000	 -0.106812
193	 11	 11	 1	 142.558074	 -1	 0.000000	 0.132835
194	 11	 11	 1	 67.022332	 -1	 0.000000	 0.019868
195	 11	 11	 1	 172.813960	 -1	 0.000000	 0.168423
196	 11	 11	 0	 237.786721	 -1	 0.000000	 0.055597
197	 11	 11	 1	 204.646094	 -1	 0.000000	 0.150790
198	 11	 11	 1	 158.908296	 -1	 0.000000	 0.214689
199	 11	 11	 1	 102.216007	 -1	 0.000000	 0.172450
200	 11	 11	 1	 217.438494	 -1	 0.000000	 -0.027826
201	 11	 11	 1	 170.767511	 -1	 0.000000	 -0.058921
202	 11	 11	 1	 224.066980	 -1	 0.000000	 0.093248
203	 11	 11	 1	 218.561307	 -1	 0.000000	 0.001024
204	 11	 11	 1	 140.896241	 -1	 0.000000	 0.123785
206	 11	 11	 1	 170.323544	 -1	 0.000000	 0.001472
207	 11	 11	 1	 68.516155	 -1	 0.000000	 0.092720
208	 11	 11	 1	 100.772588	 -1	 0.000000	 0.254422
209	 11	 11	 1	 199.499843	 -1	 0.000000	 0.051636
210	 11	 11	 1	 124.923494	 -1	 0.000000	 0.045260
211	 11	 11	 1	 90.338854	 -1	 0.000000	 0.168699
212	 11	 11	 1	 203.100442	 -1	 0.000000	 0.192720
213	 11	 11	 1	 232.974027	 -1	 0.000000	 0.077782
214	 11	 11	 1	 196.804534	 -1	 0.000000	 0.019880
215	 11	 11	 1	 82.398234	 -1	 0.000000	 -0.091001
216	 11	 11	 1	 76.014963	 -1	 0.000000	 -0.054113
217	 11	 11	 1	 192.746568	 -1	 0.000000	 0.110197
218	 11	 11	 1	 82.069554	 -1	 0.000000	 -0.000632
219	 11	 11	 1	 162.581808	 -1	 0.000000	 -0.006111
220	 11	 11	 1	 123.218495	 -1	 0.000000	 0.113812
221	 11	 11	 1	 103.975699	 -1	 0.000000	 0.116679
222	 11	 11	 1	 96.527423	 -1	 0.000000	 0.062450
223	 11	 11	 1	 235.675463	 -1	 0.000000	 0.018999
224	 11	 11	 1	 152.623315	 -1	 0.000000	 0.016596
225	 11	 11	 1	 103.632936	 -1	 0.000000	 0.113692
226	 11	 11	 1	 122.412399	 -1	 0.000000	 0.159105
227	 11	 11	 1	 185.108043	 -1	 0.000000	 -0.066433
228	 11	 11	 0	 439.642777	 -1	 0.000000	 -0.171491
229	 11	 11	 1	 105.655987	 -1	 0.000000	 0.170904
230	 11	 11	 1	 70.648507	 -1	 0.000000	 -0.027172
231	 11	 11	 1	 70.461988	 -1	 0.000000	 -0.018140
232	 11	 11	 1	 188.379371	 -1	 0.000000	 0.018572
234	 11	 11	 1	 70.059003	 -1	 0.000000	 -0.055810
236	 11	 11	 0	 258.784251	 -1	 0.000000	 -0.045375
238	 11	 11	 1	 56.330238	 -1	 0.000000	 -0.030841
239	 11	 11	 0	 219.046277	 -1	 0.000000	 -0.011682
240	 11	 11	 1	 63.460767	 -1	 0.000000	 0.153663
241	 11	 11	 0	 220.169451	 -1	 0.000000	 -0.026185
243	 11	 11	 0	 495.468983	 -1	 0.000000	 0.030581
280	 11	 11	 0	 396.066539	 -1	 0.000000	 -0.030764
286	 11	 11	 1	 96.650010	 -1	 0.000000	 -0.135799
287	 11	 11	 1	 191.300702	 -1	 0.000000	 0.087836
288	 11	 11	 1	 121.198471	 -1	 0.000000	 0.214155
289	 11	 11	 1	 61.091470	 -1	 0.000000	 0.042208
291	 11	 11	 1	 154.096374	 -1	 0.000000	 0.105573
292	 11	 11	 0	 244.196222	 -1	 0.000000	 0.082675
293	 11	 11	 1	 120.708727	 -1	 0.000000	 0.131552
294	 11	 11	 1	 125.593203	 -1	 0.000000	 0.235557
295	 11	 11	 1	 141.098450	 -1	 0.000000	 0.252836
296	 11	 11	 1	 159.791105	 -1	 0.000000	 0.080852
301	 11	 11	 1	 196.539429	 -1	 0.000000	 0.038580
302	 11	 11	 1	 88.814694	 -1	 0.000000	 -0.001874
2656	 5	 5	 0	 415.324682	 -1	 0.000000	 -1.016211
303	 11	 11	 1	 62.248068	 -1	 0.000000	 0.044704
304	 11	 11	 0	 357.894674	 -1	 0.000000	 -0.014035
2277	 9	 9	 0	 455.821041	 -1	 0.000000	 3.772658
305	 11	 11	 1	 227.203702	 -1	 0.000000	 0.033396
306	 11	 11	 1	 124.947874	 -1	 0.000000	 0.134924
307	 11	 11	 1	 81.203523	 -1	 0.000000	 -0.036350
313	 11	 11	 1	 193.149553	 -1	 0.000000	 0.067511
314	 11	 11	 1	 79.289548	 -1	 0.000000	 -0.072002
315	 11	 11	 1	 99.220687	 -1	 0.000000	 0.169857
316	 11	 11	 1	 68.795982	 -1	 0.000000	 0.184903
317	 11	 11	 1	 142.334343	 -1	 0.000000	 0.009059
318	 11	 11	 1	 110.430408	 -1	 0.000000	 0.245429
319	 11	 11	 1	 173.859639	 -1	 0.000000	 0.040844
321	 11	 11	 1	 228.831958	 -1	 0.000000	 0.081622
322	 11	 11	 0	 281.698801	 -1	 0.000000	 -0.044737
323	 11	 11	 1	 215.338761	 -1	 0.000000	 0.032111
324	 11	 11	 0	 298.912756	 -1	 0.000000	 -0.038128
325	 11	 11	 1	 103.485174	 -1	 0.000000	 0.102325
326	 11	 11	 0	 197.703148	 -1	 0.000000	 0.000736
327	 11	 11	 1	 227.544180	 -1	 0.000000	 0.032115
328	 11	 11	 0	 206.645104	 -1	 0.000000	 0.035647
329	 11	 11	 1	 261.135486	 -1	 0.000000	 -0.060946
330	 11	 11	 1	 80.942841	 -1	 0.000000	 -0.080935
331	 11	 11	 1	 72.378865	 -1	 0.000000	 -0.062197
332	 11	 11	 0	 263.820667	 -1	 0.000000	 -0.003827
333	 11	 11	 1	 195.717929	 -1	 0.000000	 0.076066
334	 11	 11	 1	 64.993238	 -1	 0.000000	 -0.032564
2886	 15	 15	 0	 431.466027	 -1	 0.000000	 2.959766
335	 11	 11	 1	 58.416128	 -1	 0.000000	 0.079795
336	 11	 11	 1	 158.939051	 -1	 0.000000	 0.083315
337	 11	 11	 1	 219.851836	 -1	 0.000000	 0.042408
338	 11	 11	 0	 263.720371	 -1	 0.000000	 0.126645
339	 11	 11	 1	 79.962011	 -1	 0.000000	 0.046193
1506	 13	 13	 0	 498.013571	 -1	 0.000000	 -0.049998
340	 11	 11	 1	 129.089310	 -1	 0.000000	 0.146600
342	 11	 11	 1	 240.485843	 -1	 0.000000	 0.088309
343	 11	 11	 1	 87.708195	 -1	 0.000000	 -0.033967
344	 11	 11	 0	 246.960417	 -1	 0.000000	 -0.022857
345	 11	 11	 1	 149.940568	 -1	 0.000000	 0.067107
347	 11	 11	 1	 65.737689	 -1	 0.000000	 -0.007016
348	 11	 11	 0	 260.609642	 -1	 0.000000	 0.024736
349	 11	 11	 1	 169.292427	 -1	 0.000000	 0.048053
350	 11	 11	 1	 201.003198	 -1	 0.000000	 -0.120411
352	 11	 11	 1	 55.238495	 -1	 0.000000	 0.021215
353	 11	 11	 1	 152.454624	 -1	 0.000000	 0.203425
354	 11	 11	 0	 402.857066	 -1	 0.000000	 -0.074773
360	 11	 11	 1	 159.997576	 -1	 0.000000	 0.035635
361	 11	 11	 1	 104.606525	 -1	 0.000000	 0.125505
362	 11	 11	 1	 197.639216	 -1	 0.000000	 0.075595
363	 11	 11	 0	 337.043307	 -1	 0.000000	 -0.122226
364	 11	 11	 0	 431.039711	 -1	 0.000000	 -0.071247
365	 11	 11	 1	 144.911792	 -1	 0.000000	 0.031891
366	 11	 11	 1	 121.157992	 -1	 0.000000	 0.234734
367	 11	 11	 1	 226.914192	 -1	 0.000000	 -0.127118
368	 11	 11	 1	 97.520371	 -1	 0.000000	 0.077303
369	 11	 11	 0	 236.739049	 -1	 0.000000	 -0.101425
370	 11	 11	 1	 64.805506	 -1	 0.000000	 -0.108439
371	 11	 11	 1	 224.931366	 -1	 0.000000	 0.021139
372	 11	 11	 1	 146.992980	 -1	 0.000000	 0.023266
373	 11	 11	 1	 77.574359	 -1	 0.000000	 0.246770
380	 11	 11	 1	 180.048193	 -1	 0.000000	 0.293196
381	 11	 11	 1	 162.029583	 -1	 0.000000	 0.107648
382	 11	 11	 1	 148.538634	 -1	 0.000000	 0.003745
383	 11	 11	 1	 166.917971	 -1	 0.000000	 0.101873
384	 11	 11	 1	 59.125689	 -1	 0.000000	 -0.020834
385	 11	 11	 0	 235.951262	 -1	 0.000000	 -0.000117
387	 11	 11	 1	 127.743736	 -1	 0.000000	 0.133566
388	 11	 11	 1	 198.738518	 -1	 0.000000	 -0.053301
389	 11	 11	 1	 213.076921	 -1	 0.000000	 -0.109692
390	 11	 11	 1	 165.546391	 -1	 0.000000	 0.187268
391	 11	 11	 0	 348.184007	 -1	 0.000000	 -0.036016
397	 11	 11	 1	 175.235750	 -1	 0.000000	 0.005408
398	 11	 11	 0	 221.744213	 -1	 0.000000	 -0.041789
399	 11	 11	 1	 178.034700	 -1	 0.000000	 0.055176
400	 11	 11	 1	 112.520982	 -1	 0.000000	 0.158814
401	 11	 11	 0	 223.580555	 -1	 0.000000	 0.048228
402	 11	 11	 1	 164.759931	 -1	 0.000000	 0.099869
403	 11	 11	 1	 72.969185	 -1	 0.000000	 0.000192
407	 11	 11	 1	 87.291146	 -1	 0.000000	 -0.048843
408	 11	 11	 1	 75.408031	 -1	 0.000000	 0.000989
410	 11	 11	 1	 88.810988	 -1	 0.000000	 0.049115
411	 11	 11	 1	 69.170758	 -1	 0.000000	 0.257806
412	 11	 11	 1	 159.274829	 -1	 0.000000	 0.036273
413	 11	 11	 0	 401.809886	 -1	 0.000000	 -0.011134
414	 11	 11	 1	 209.690759	 -1	 0.000000	 0.094899
415	 11	 11	 1	 128.247740	 -1	 0.000000	 0.192220
416	 11	 11	 1	 156.192560	 -1	 0.000000	 0.116608
417	 11	 11	 1	 99.864769	 -1	 0.000000	 0.055307
419	 11	 11	 1	 96.128171	 -1	 0.000000	 -0.169274
420	 11	 11	 1	 230.585201	 -1	 0.000000	 -0.001659
421	 11	 11	 1	 268.773336	 -1	 0.000000	 -0.090496
422	 11	 11	 1	 154.926609	 -1	 0.000000	 0.181857
423	 11	 11	 1	 149.938339	 -1	 0.000000	 0.028957
424	 11	 11	 1	 165.023742	 -1	 0.000000	 0.062496
425	 11	 11	 1	 136.367417	 -1	 0.000000	 0.123023
426	 11	 11	 0	 256.442205	 -1	 0.000000	 -0.021158
427	 11	 11	 0	 322.216086	 -1	 0.000000	 -0.002290
428	 11	 11	 1	 108.555690	 -1	 0.000000	 0.065964
431	 11	 11	 1	 80.240821	 -1	 0.000000	 0.118579
432	 11	 11	 0	 263.792201	 -1	 0.000000	 -0.016074
433	 11	 11	 1	 118.568057	 -1	 0.000000	 -0.000917
434	 11	 11	 1	 155.022102	 -1	 0.000000	 0.074893
435	 11	 11	 1	 130.061526	 -1	 0.000000	 0.220021
436	 11	 11	 0	 449.948844	 -1	 0.000000	 -0.107551
437	 11	 11	 1	 62.610471	 -1	 0.000000	 0.005762
438	 11	 11	 1	 188.230176	 -1	 0.000000	 0.230833
439	 11	 11	 1	 151.191468	 -1	 0.000000	 0.026647
440	 11	 11	 1	 203.536338	 -1	 0.000000	 0.028258
441	 11	 11	 1	 219.498880	 -1	 0.000000	 0.148563
442	 11	 11	 1	 66.762841	 -1	 0.000000	 -0.081658
443	 11	 11	 1	 236.843761	 -1	 0.000000	 -0.072493
444	 11	 11	 1	 138.277094	 -1	 0.000000	 0.000389
445	 11	 11	 1	 62.992143	 -1	 0.000000	 -0.034897
446	 11	 11	 0	 431.916809	 -1	 0.000000	 -0.061538
447	 11	 11	 1	 79.315411	 -1	 0.000000	 -0.071161
766	 15	 15	 0	 408.713037	 -1	 0.000000	 1.572913
448	 11	 11	 1	 239.061292	 -1	 0.000000	 -0.072991
449	 11	 11	 0	 289.585772	 -1	 0.000000	 -0.045332
450	 11	 11	 1	 105.044413	 -1	 0.000000	 0.130232
458	 11	 11	 1	 172.156789	 -1	 0.000000	 0.022186
459	 11	 11	 1	 189.752072	 -1	 0.000000	 0.227671
460	 11	 11	 1	 78.922139	 -1	 0.000000	 -0.081661
461	 11	 11	 0	 240.613210	 -1	 0.000000	 0.123206
462	 11	 11	 1	 207.005039	 -1	 0.000000	 0.105874
463	 11	 11	 1	 161.113143	 -1	 0.000000	 0.067461
464	 11	 11	 1	 210.885478	 -1	 0.000000	 -0.013852
465	 11	 11	 1	 169.646747	 -1	 0.000000	 -0.061912
466	 11	 11	 1	 116.682544	 -1	 0.000000	 0.082273
467	 11	 11	 1	 82.332225	 -1	 0.000000	 0.106670
468	 11	 11	 1	 220.547114	 -1	 0.000000	 0.158993
474	 11	 11	 1	 96.976199	 -1	 0.000000	 0.239679
475	 11	 11	 1	 261.052167	 -1	 0.000000	 0.075136
476	 11	 11	 1	 99.267547	 -1	 0.000000	 0.156030
477	 11	 11	 0	 238.857905	 -1	 0.000000	 -0.048886
478	 11	 11	 1	 127.397251	 -1	 0.000000	 0.183859
479	 11	 11	 1	 215.118661	 -1	 0.000000	 0.088847
456	 11	 11	 0	 495.312289	 -1	 0.000000	 0.035254
480	 11	 11	 1	 75.306458	 -1	 0.000000	 0.004699
481	 11	 11	 0	 269.888750	 -1	 0.000000	 -0.050962
482	 11	 11	 1	 74.218610	 -1	 0.000000	 0.007855
483	 11	 11	 1	 205.142629	 -1	 0.000000	 0.072931
484	 11	 11	 1	 116.529190	 -1	 0.000000	 0.133952
485	 11	 11	 1	 91.781793	 -1	 0.000000	 -0.119830
486	 11	 11	 1	 208.709648	 -1	 0.000000	 -0.012700
492	 11	 11	 1	 66.835877	 -1	 0.000000	 -0.020347
493	 11	 11	 0	 286.701113	 -1	 0.000000	 -0.024382
494	 11	 11	 1	 84.701871	 -1	 0.000000	 -0.134377
495	 11	 11	 1	 182.519111	 -1	 0.000000	 0.057772
496	 11	 11	 1	 100.929872	 -1	 0.000000	 0.239440
497	 11	 11	 0	 247.081962	 -1	 0.000000	 0.029896
498	 11	 11	 1	 70.880693	 -1	 0.000000	 0.204412
499	 11	 11	 0	 420.471584	 -1	 0.000000	 -0.088375
0	 11	 11	 0	 259.412561	 -1	 0.000000	 -0.070661
1	 11	 11	 1	 233.408762	 -1	 0.000000	 -0.032534
2	 11	 11	 1	 133.915956	 -1	 0.000000	 0.017590
3	 11	 11	 1	 182.041439	 -1	 0.000000	 0.023029
4	 11	 11	 1	 75.370355	 -1	 0.000000	 0.192474
5	 11	 11	 0	 176.071302	 -1	 0.000000	 0.207951
7	 11	 11	 1	 81.127792	 -1	 0.000000	 0.013022
8	 11	 11	 1	 162.640935	 -1	 0.000000	 0.089222
9	 11	 11	 1	 163.640973	 -1	 0.000000	 0.100659
10	 11	 11	 1	 156.539864	 -1	 0.000000	 -0.025958
11	 11	 11	 0	 282.537040	 -1	 0.000000	 0.038030
12	 11	 11	 1	 127.370063	 -1	 0.000000	 0.170184
13	 11	 11	 1	 208.942654	 -1	 0.000000	 0.050231
14	 11	 11	 1	 143.870393	 -1	 0.000000	 0.046113
15	 11	 11	 1	 162.247534	 -1	 0.000000	 -0.092928
23	 11	 11	 1	 102.200917	 -1	 0.000000	 0.222175
24	 11	 11	 0	 249.479044	 -1	 0.000000	 -0.071692
25	 11	 11	 1	 75.012335	 -1	 0.000000	 0.230487
26	 11	 11	 1	 92.099988	 -1	 0.000000	 0.130308
27	 11	 11	 1	 177.822755	 -1	 0.000000	 -0.133356
28	 11	 11	 1	 81.255888	 -1	 0.000000	 0.186000
29	 11	 11	 1	 203.573394	 -1	 0.000000	 -0.032634
30	 11	 11	 1	 113.631310	 -1	 0.000000	 -0.075182
31	 11	 11	 1	 218.273238	 -1	 0.000000	 -0.019822
32	 11	 11	 1	 169.669874	 -1	 0.000000	 0.010315
33	 11	 11	 1	 180.344391	 -1	 0.000000	 0.213996
34	 11	 11	 1	 89.889110	 -1	 0.000000	 0.223410
40	 11	 11	 1	 111.038668	 -1	 0.000000	 0.154335
41	 11	 11	 1	 115.454578	 -1	 0.000000	 0.133246
42	 11	 11	 1	 229.565472	 -1	 0.000000	 0.074151
43	 11	 11	 0	 398.497108	 -1	 0.000000	 -0.072899
44	 11	 11	 0	 295.467014	 -1	 0.000000	 0.095444
45	 11	 11	 1	 88.167407	 -1	 0.000000	 0.013342
49	 11	 11	 0	 231.280730	 -1	 0.000000	 -0.083400
50	 11	 11	 1	 74.718495	 -1	 0.000000	 0.168195
51	 11	 11	 1	 194.828378	 -1	 0.000000	 0.110076
52	 11	 11	 1	 266.100020	 -1	 0.000000	 -0.163734
53	 11	 11	 1	 157.300584	 -1	 0.000000	 0.047494
54	 11	 11	 0	 429.136172	 -1	 0.000000	 -0.018865
55	 11	 11	 1	 224.212830	 -1	 0.000000	 0.157175
56	 11	 11	 1	 153.256720	 -1	 0.000000	 0.090885
57	 11	 11	 1	 170.349081	 -1	 0.000000	 0.016558
58	 11	 11	 1	 83.309643	 -1	 0.000000	 0.304371
59	 11	 11	 1	 202.699123	 -1	 0.000000	 0.001906
60	 11	 11	 1	 121.675242	 -1	 0.000000	 0.109445
61	 11	 11	 1	 233.920921	 -1	 0.000000	 0.068296
62	 11	 11	 1	 177.200948	 -1	 0.000000	 0.065634
63	 11	 11	 1	 82.193156	 -1	 0.000000	 0.238172
64	 11	 11	 0	 274.358029	 -1	 0.000000	 0.172539
65	 11	 11	 1	 89.727088	 -1	 0.000000	 -0.013037
66	 11	 11	 0	 204.179839	 -1	 0.000000	 0.102927
67	 11	 11	 1	 99.119604	 -1	 0.000000	 0.177999
69	 11	 11	 1	 133.987004	 -1	 0.000000	 0.091573
70	 11	 11	 0	 243.691004	 -1	 0.000000	 0.076940
71	 11	 11	 1	 201.051793	 -1	 0.000000	 0.008448
72	 11	 11	 1	 96.956251	 -1	 0.000000	 0.134540
73	 11	 11	 1	 200.425654	 -1	 0.000000	 -0.008853
74	 11	 11	 0	 272.714146	 -1	 0.000000	 -0.048043
75	 11	 11	 1	 96.642694	 -1	 0.000000	 0.057109
76	 11	 11	 1	 190.865588	 -1	 0.000000	 0.105270
78	 11	 11	 1	 191.009937	 -1	 0.000000	 -0.194264
79	 11	 11	 1	 171.052328	 -1	 0.000000	 0.005806
80	 11	 11	 1	 120.611684	 -1	 0.000000	 0.194544
81	 11	 11	 0	 274.142075	 -1	 0.000000	 -0.028148
>>> gr_fir_ccf: using E
>>> gr_fir_fff: using E
gr_buffer::allocate_buffer: warning: tried to allocate
   47 items of size 1392. Due to alignment requirements
   256 were allocated.  If this isn't OK, consider padding
   your structure to a power-of-two bytes.
   On this platform, our allocation granularity is 4096 bytes.
100	 11	 11	 1	 64.853459	 -1	 0.000000	 0.001953
101	 11	 11	 1	 171.385182	 -1	 0.000000	 0.054627
102	 11	 11	 1	 246.390380	 -1	 0.000000	 0.037996
103	 11	 11	 0	 402.917016	 -1	 0.000000	 -0.148337
104	 11	 11	 1	 163.780429	 -1	 0.000000	 0.145789
105	 11	 11	 1	 75.159785	 -1	 0.000000	 -0.102842
106	 11	 11	 1	 195.614424	 -1	 0.000000	 0.071205
107	 11	 11	 0	 259.441350	 -1	 0.000000	 0.005232
108	 11	 11	 1	 143.095693	 -1	 0.000000	 -0.097537
109	 11	 11	 1	 51.260284	 -1	 0.000000	 0.293318
110	 11	 11	 1	 71.172805	 -1	 0.000000	 0.173773
3980	 11	 11	 0	 458.343433	 -1	 0.000000	 4.710715
111	 11	 11	 1	 217.637593	 -1	 0.000000	 -0.085131
112	 11	 11	 1	 77.783015	 -1	 0.000000	 0.136833
113	 11	 11	 1	 200.043951	 -1	 0.000000	 -0.097238
114	 11	 11	 1	 136.611474	 -1	 0.000000	 0.017707
116	 11	 11	 1	 212.746704	 -1	 0.000000	 -0.125532
117	 11	 11	 1	 136.711768	 -1	 0.000000	 0.069809
118	 11	 11	 1	 101.291684	 -1	 0.000000	 0.248630
119	 11	 11	 0	 260.461884	 -1	 0.000000	 0.002357
120	 11	 11	 1	 120.251975	 -1	 0.000000	 0.021235
121	 11	 11	 1	 121.880375	 -1	 0.000000	 0.071707
122	 11	 11	 1	 115.153238	 -1	 0.000000	 0.249935
123	 11	 11	 1	 69.132719	 -1	 0.000000	 0.024067
124	 11	 11	 0	 250.359845	 -1	 0.000000	 0.009206
125	 11	 11	 1	 221.912590	 -1	 0.000000	 -0.076735
126	 11	 11	 1	 164.785302	 -1	 0.000000	 0.059876
127	 11	 11	 0	 249.909167	 -1	 0.000000	 -0.066939
128	 11	 11	 0	 335.523387	 -1	 0.000000	 -0.061922
129	 11	 11	 1	 241.389396	 -1	 0.000000	 -0.038946
130	 11	 11	 1	 125.218871	 -1	 0.000000	 -0.010391
131	 11	 11	 1	 172.053543	 -1	 0.000000	 0.007990
132	 11	 11	 1	 127.309221	 -1	 0.000000	 -0.078819
133	 11	 11	 1	 122.273484	 -1	 0.000000	 0.284273
134	 11	 11	 1	 71.674410	 -1	 0.000000	 -0.046011
135	 11	 11	 1	 73.204622	 -1	 0.000000	 0.163713
136	 11	 11	 1	 78.779749	 -1	 0.000000	 0.241461
137	 11	 11	 1	 129.721741	 -1	 0.000000	 1.058204
138	 11	 11	 0	 262.015729	 -1	 0.000000	 0.088987
141	 11	 11	 1	 79.457682	 -1	 0.000000	 0.137497
142	 11	 11	 1	 99.872423	 -1	 0.000000	 0.168511
143	 11	 11	 1	 121.348190	 -1	 0.000000	 0.108132
145	 11	 11	 0	 257.304798	 -1	 0.000000	 -0.149472
146	 11	 11	 1	 180.235596	 -1	 0.000000	 0.028024
147	 11	 11	 1	 218.217303	 -1	 0.000000	 0.118423
148	 11	 11	 0	 320.028836	 -1	 0.000000	 0.066206
149	 11	 11	 1	 157.469638	 -1	 0.000000	 0.128767
150	 11	 11	 1	 110.158556	 -1	 0.000000	 0.190178
152	 11	 11	 1	 168.716139	 -1	 0.000000	 0.005782
153	 11	 11	 1	 140.175105	 -1	 0.000000	 -0.162185
154	 11	 11	 0	 277.158547	 -1	 0.000000	 0.010635
155	 11	 11	 0	 242.965201	 -1	 0.000000	 -0.093916
157	 11	 11	 0	 271.008910	 -1	 0.000000	 -0.054167
158	 11	 11	 1	 198.912257	 -1	 0.000000	 -0.117225
159	 11	 11	 1	 149.223816	 -1	 0.000000	 0.097282
160	 11	 11	 1	 185.594045	 -1	 0.000000	 0.122165
161	 11	 11	 1	 139.718541	 -1	 0.000000	 0.014365
162	 11	 11	 1	 144.139454	 -1	 0.000000	 0.037639
163	 11	 11	 1	 66.042498	 -1	 0.000000	 0.129806
164	 11	 11	 1	 85.807030	 -1	 0.000000	 -0.064959
165	 11	 11	 1	 144.908676	 -1	 0.000000	 0.235772
166	 11	 11	 1	 196.039468	 -1	 0.000000	 -0.027357
167	 11	 11	 1	 73.160039	 -1	 0.000000	 0.011824
168	 11	 11	 1	 81.789605	 -1	 0.000000	 -0.036601
169	 11	 11	 1	 173.025946	 -1	 0.000000	 0.134553
170	 11	 11	 1	 115.645263	 -1	 0.000000	 0.010410
171	 11	 11	 1	 134.579881	 -1	 0.000000	 0.057479
172	 11	 11	 1	 183.286888	 -1	 0.000000	 0.159549
173	 11	 11	 1	 176.808712	 -1	 0.000000	 0.038441
174	 11	 11	 1	 114.305066	 -1	 0.000000	 0.152821
175	 11	 11	 0	 214.001761	 -1	 0.000000	 -0.042092
176	 11	 11	 1	 180.011735	 -1	 0.000000	 0.079379
177	 11	 11	 1	 187.939157	 -1	 0.000000	 0.024120
178	 11	 11	 0	 280.094098	 -1	 0.000000	 0.033568
179	 11	 11	 0	 402.153517	 -1	 0.000000	 0.123984
180	 11	 11	 1	 73.388720	 -1	 0.000000	 -0.128336
181	 11	 11	 1	 145.350586	 -1	 0.000000	 0.210345
182	 11	 11	 0	 191.531311	 -1	 0.000000	 0.034233
183	 11	 11	 0	 238.265027	 -1	 0.000000	 0.029144
184	 11	 11	 0	 214.362831	 -1	 0.000000	 0.047531
2096	 11	 11	 0	 451.214103	 -1	 0.000000	 3.686395
185	 11	 11	 1	 161.787348	 -1	 0.000000	 0.011425
186	 11	 11	 1	 165.521796	 -1	 0.000000	 0.042942
187	 11	 11	 0	 226.351927	 -1	 0.000000	 -0.043719
189	 11	 11	 1	 129.256889	 -1	 0.000000	 0.129365
190	 11	 11	 1	 207.520091	 -1	 0.000000	 0.164491
191	 11	 11	 0	 253.009424	 -1	 0.000000	 -0.047236
192	 11	 11	 1	 173.720483	 -1	 0.000000	 0.173635
194	 11	 11	 1	 155.750829	 -1	 0.000000	 -0.013213
195	 11	 11	 1	 176.261319	 -1	 0.000000	 -0.030554
197	 11	 11	 1	 228.479413	 -1	 0.000000	 0.082590
198	 11	 11	 1	 177.019100	 -1	 0.000000	 0.052020
199	 11	 11	 1	 126.621897	 -1	 0.000000	 0.091577
200	 11	 11	 1	 181.868590	 -1	 0.000000	 0.047235
201	 11	 11	 1	 167.323297	 -1	 0.000000	 0.077336
202	 11	 11	 0	 434.854222	 -1	 0.000000	 -0.037335
203	 11	 11	 0	 231.294733	 -1	 0.000000	 0.001535
205	 11	 11	 1	 79.943865	 -1	 0.000000	 0.051470
206	 11	 11	 1	 176.823873	 -1	 0.000000	 -0.021654
207	 11	 11	 1	 164.469978	 -1	 0.000000	 0.161833
209	 11	 11	 1	 153.333856	 -1	 0.000000	 0.213951
210	 11	 11	 1	 185.174497	 -1	 0.000000	 -0.060397
211	 11	 11	 1	 196.582746	 -1	 0.000000	 0.134802
212	 11	 11	 0	 365.458402	 -1	 0.000000	 -0.066431
213	 11	 11	 0	 226.466589	 -1	 0.000000	 0.094637
214	 11	 11	 1	 122.961936	 -1	 0.000000	 0.182141
215	 11	 11	 0	 278.568964	 -1	 0.000000	 -0.090923
216	 11	 11	 1	 105.269947	 -1	 0.000000	 0.243001
217	 11	 11	 1	 170.590754	 -1	 0.000000	 0.077881
218	 11	 11	 1	 236.976671	 -1	 0.000000	 0.141114
219	 11	 11	 1	 79.121106	 -1	 0.000000	 0.255301
220	 11	 11	 1	 89.000839	 -1	 0.000000	 0.220872
221	 11	 11	 1	 181.314987	 -1	 0.000000	 0.051854
222	 11	 11	 1	 174.040474	 -1	 0.000000	 -0.109770
223	 11	 11	 1	 193.519100	 -1	 0.000000	 0.013181
224	 11	 11	 1	 147.233886	 -1	 0.000000	 0.110491
3670	 5	 5	 0	 416.877004	 -1	 0.000000	 10.267753
227	 11	 11	 1	 99.438085	 -1	 0.000000	 0.923574
228	 11	 11	 1	 188.738214	 -1	 0.000000	 -0.021792
229	 11	 11	 1	 172.431992	 -1	 0.000000	 0.052629
230	 11	 11	 1	 208.679313	 -1	 0.000000	 0.168212
231	 11	 11	 0	 257.446345	 -1	 0.000000	 -0.006077
232	 11	 11	 1	 187.923744	 -1	 0.000000	 0.015919
233	 11	 11	 1	 167.972081	 -1	 0.000000	 -0.072985
234	 11	 11	 1	 200.411772	 -1	 0.000000	 0.102305
235	 11	 11	 0	 271.321393	 -1	 0.000000	 0.045102
236	 11	 11	 1	 142.145882	 -1	 0.000000	 0.183740
237	 11	 11	 1	 213.910953	 -1	 0.000000	 0.063747
238	 11	 11	 0	 286.935721	 -1	 0.000000	 -0.030610
239	 11	 11	 1	 226.146746	 -1	 0.000000	 0.066177
240	 11	 11	 1	 235.584712	 -1	 0.000000	 0.064345
242	 11	 11	 1	 138.161595	 -1	 0.000000	 0.182868
243	 11	 11	 1	 146.406368	 -1	 0.000000	 0.130179
244	 11	 11	 0	 247.812920	 -1	 0.000000	 -0.004208
245	 11	 11	 1	 93.582455	 -1	 0.000000	 -0.039495
246	 11	 11	 1	 65.377088	 -1	 0.000000	 -0.017865
247	 11	 11	 1	 189.911092	 -1	 0.000000	 0.040672
248	 11	 11	 1	 172.490369	 -1	 0.000000	 0.118140
249	 11	 11	 1	 224.803255	 -1	 0.000000	 0.095795
250	 11	 11	 1	 238.207255	 -1	 0.000000	 -0.056972
251	 11	 11	 1	 122.550665	 -1	 0.000000	 0.188908
253	 11	 11	 1	 219.205310	 -1	 0.000000	 -0.039847
254	 11	 11	 1	 159.806971	 -1	 0.000000	 0.138592
255	 11	 11	 1	 222.980679	 -1	 0.000000	 0.033730
256	 11	 11	 1	 96.435603	 -1	 0.000000	 0.068283
257	 11	 11	 0	 213.466273	 -1	 0.000000	 0.032705
258	 11	 11	 1	 210.779404	 -1	 0.000000	 -0.082846
259	 11	 11	 1	 79.496596	 -1	 0.000000	 0.000430
260	 11	 11	 1	 191.246477	 -1	 0.000000	 0.098384
262	 11	 11	 1	 192.961969	 -1	 0.000000	 -0.052377
263	 11	 11	 1	 209.773736	 -1	 0.000000	 -0.125304
264	 11	 11	 1	 110.608792	 -1	 0.000000	 0.101941
265	 11	 11	 1	 227.192437	 -1	 0.000000	 0.130778
266	 11	 11	 0	 378.597675	 -1	 0.000000	 0.025108
267	 11	 11	 1	 155.609129	 -1	 0.000000	 0.040604
268	 11	 11	 1	 230.357695	 -1	 0.000000	 0.124176
269	 11	 11	 1	 62.465015	 -1	 0.000000	 0.226255
270	 11	 11	 1	 114.570353	 -1	 0.000000	 0.163582
271	 11	 11	 0	 355.404671	 -1	 0.000000	 -0.027628
272	 11	 11	 1	 131.104245	 -1	 0.000000	 0.145539
273	 11	 11	 1	 61.174884	 -1	 0.000000	 0.083165
274	 11	 11	 0	 267.931193	 -1	 0.000000	 -0.031203
275	 11	 11	 1	 235.356542	 -1	 0.000000	 -0.101437
276	 11	 11	 1	 106.832157	 -1	 0.000000	 0.202585
277	 11	 11	 1	 70.430948	 -1	 0.000000	 0.287447
278	 11	 11	 0	 235.259326	 -1	 0.000000	 0.044544
279	 11	 11	 0	 396.938069	 -1	 0.000000	 -0.076040
280	 11	 11	 1	 124.807318	 -1	 0.000000	 0.160727
281	 11	 11	 1	 145.770733	 -1	 0.000000	 0.188481
282	 11	 11	 1	 153.021613	 -1	 0.000000	 0.109370
283	 11	 11	 0	 344.958537	 -1	 0.000000	 -0.165589
284	 11	 11	 1	 157.976009	 -1	 0.000000	 0.179456
285	 11	 11	 1	 212.799574	 -1	 0.000000	 0.011300
286	 11	 11	 1	 151.035553	 -1	 0.000000	 0.113716
287	 11	 11	 1	 205.788564	 -1	 0.000000	 0.069511
321	 11	 11	 1	 210.212581	 -1	 0.000000	 -0.045194
322	 11	 11	 0	 271.139142	 -1	 0.000000	 0.184893
323	 11	 11	 1	 169.313504	 -1	 0.000000	 0.212718
324	 11	 11	 1	 102.817529	 -1	 0.000000	 0.213049
325	 11	 11	 1	 132.950460	 -1	 0.000000	 0.116575
326	 11	 11	 1	 189.219222	 -1	 0.000000	 0.080593
327	 11	 11	 1	 253.637860	 -1	 0.000000	 -0.027811
329	 11	 11	 1	 82.696878	 -1	 0.000000	 -0.136289
330	 11	 11	 1	 73.321474	 -1	 0.000000	 0.086098
337	 11	 11	 1	 98.578918	 -1	 0.000000	 0.186464
338	 11	 11	 0	 273.966246	 -1	 0.000000	 0.018402
345	 11	 11	 1	 167.676873	 -1	 0.000000	 -0.089751
346	 11	 11	 1	 194.413734	 -1	 0.000000	 0.084077
347	 11	 11	 1	 242.434789	 -1	 0.000000	 0.196664
348	 11	 11	 1	 214.320703	 -1	 0.000000	 0.022786
349	 11	 11	 1	 93.880038	 -1	 0.000000	 0.166088
350	 11	 11	 1	 180.623027	 -1	 0.000000	 -0.040239
351	 11	 11	 1	 109.204990	 -1	 0.000000	 0.210780
352	 11	 11	 1	 252.629758	 -1	 0.000000	 0.066161
353	 11	 11	 1	 85.621571	 -1	 0.000000	 -0.031635
354	 11	 11	 1	 86.372392	 -1	 0.000000	 -0.082115
355	 11	 11	 1	 210.001549	 -1	 0.000000	 -0.025570
356	 11	 11	 1	 224.109419	 -1	 0.000000	 -0.168208
357	 11	 11	 1	 178.786335	 -1	 0.000000	 0.150173
360	 11	 11	 1	 157.837797	 -1	 0.000000	 0.109351
361	 11	 11	 1	 147.995261	 -1	 0.000000	 0.055371
362	 11	 11	 1	 185.340510	 -1	 0.000000	 0.043228
363	 11	 11	 0	 432.785367	 -1	 0.000000	 -0.012275
364	 11	 11	 1	 152.465205	 -1	 0.000000	 0.193256
365	 11	 11	 1	 177.851564	 -1	 0.000000	 -0.014562
368	 11	 11	 1	 86.748401	 -1	 0.000000	 0.008192
369	 11	 11	 1	 158.148083	 -1	 0.000000	 0.202815
370	 11	 11	 1	 121.124252	 -1	 0.000000	 0.290282
371	 11	 11	 0	 440.580281	 -1	 0.000000	 -0.168467
372	 11	 11	 1	 126.760030	 -1	 0.000000	 0.098112
373	 11	 11	 1	 165.482141	 -1	 0.000000	 0.120257
374	 11	 11	 1	 179.524562	 -1	 0.000000	 0.127525
376	 11	 11	 1	 79.354550	 -1	 0.000000	 -0.163341
377	 11	 11	 0	 284.295704	 -1	 0.000000	 -0.057236
378	 11	 11	 1	 78.798336	 -1	 0.000000	 0.145926
379	 11	 11	 0	 395.789711	 -1	 0.000000	 -0.083733
344	 11	 11	 1	 67.077708	 -1	 0.000000	 -0.094917
380	 11	 11	 1	 61.381537	 -1	 0.000000	 -0.008553
382	 11	 11	 1	 171.703221	 -1	 0.000000	 0.057344
383	 11	 11	 1	 114.790678	 -1	 0.000000	 -0.108417
384	 11	 11	 1	 95.937900	 -1	 0.000000	 0.172936
385	 11	 11	 0	 220.196021	 -1	 0.000000	 0.026297
386	 11	 11	 1	 159.766939	 -1	 0.000000	 0.083408
388	 11	 11	 1	 194.403744	 -1	 0.000000	 0.070091
389	 11	 11	 1	 178.417692	 -1	 0.000000	 -0.035268
390	 11	 11	 1	 166.225315	 -1	 0.000000	 0.104051
391	 11	 11	 1	 159.444924	 -1	 0.000000	 -0.031979
392	 11	 11	 1	 232.706989	 -1	 0.000000	 0.051547
393	 11	 11	 0	 251.754920	 -1	 0.000000	 -0.067676
394	 11	 11	 1	 192.400464	 -1	 0.000000	 -0.077664
395	 11	 11	 1	 241.699907	 -1	 0.000000	 -0.110168
396	 11	 11	 1	 192.217716	 -1	 0.000000	 0.060439
397	 11	 11	 1	 190.256757	 -1	 0.000000	 0.118919
398	 11	 11	 0	 220.390788	 -1	 0.000000	 0.055504
399	 11	 11	 1	 247.921659	 -1	 0.000000	 -0.084197
400	 11	 11	 1	 118.190353	 -1	 0.000000	 -0.014993
401	 11	 11	 1	 85.418820	 -1	 0.000000	 -0.017788
402	 11	 11	 1	 205.683767	 -1	 0.000000	 0.082124
404	 11	 11	 0	 396.049427	 -1	 0.000000	 -0.078563
405	 11	 11	 1	 158.929641	 -1	 0.000000	 -0.007062
406	 11	 11	 0	 268.282799	 -1	 0.000000	 0.019459
407	 11	 11	 1	 170.452625	 -1	 0.000000	 -0.129382
408	 11	 11	 1	 134.371096	 -1	 0.000000	 0.242439
409	 11	 11	 0	 266.249425	 -1	 0.000000	 0.058301
410	 11	 11	 0	 277.860829	 -1	 0.000000	 -0.079835
411	 11	 11	 1	 187.047807	 -1	 0.000000	 0.070352
412	 11	 11	 1	 177.740378	 -1	 0.000000	 0.097879
420	 11	 11	 0	 257.398533	 -1	 0.000000	 -0.008955
421	 11	 11	 1	 245.434742	 -1	 0.000000	 0.046786
422	 11	 11	 1	 158.771402	 -1	 0.000000	 0.091141
423	 11	 11	 1	 198.050879	 -1	 0.000000	 -0.036289
427	 11	 11	 1	 204.463352	 -1	 0.000000	 0.057387
428	 11	 11	 0	 346.430291	 -1	 0.000000	 -0.041710
429	 11	 11	 1	 182.637697	 -1	 0.000000	 -0.056525
430	 11	 11	 1	 164.161795	 -1	 0.000000	 -0.002155
432	 11	 11	 0	 258.315116	 -1	 0.000000	 0.011462
433	 11	 11	 1	 83.045813	 -1	 0.000000	 -0.079586
434	 11	 11	 1	 138.640673	 -1	 0.000000	 0.080886
435	 11	 11	 1	 134.287318	 -1	 0.000000	 0.050240
436	 11	 11	 1	 155.847357	 -1	 0.000000	 0.275008
437	 11	 11	 1	 64.583564	 -1	 0.000000	 -0.042536
438	 11	 11	 1	 199.008783	 -1	 0.000000	 0.173650
439	 11	 11	 1	 158.831926	 -1	 0.000000	 -0.078134
440	 11	 11	 1	 65.023200	 -1	 0.000000	 0.023501
441	 11	 11	 1	 57.307266	 -1	 0.000000	 0.093032
442	 11	 11	 1	 98.855175	 -1	 0.000000	 0.195475
443	 11	 11	 1	 225.143246	 -1	 0.000000	 0.095112
444	 11	 11	 1	 117.050308	 -1	 0.000000	 0.158299
445	 11	 11	 0	 272.959176	 -1	 0.000000	 -0.010745
446	 11	 11	 1	 185.824695	 -1	 0.000000	 0.117062
447	 11	 11	 1	 122.340669	 -1	 0.000000	 -0.029254
448	 11	 11	 1	 175.337755	 -1	 0.000000	 0.232240
449	 11	 11	 0	 243.515853	 -1	 0.000000	 0.223406
450	 11	 11	 1	 79.305513	 -1	 0.000000	 0.063981
451	 11	 11	 0	 267.200077	 -1	 0.000000	 -0.025700
456	 11	 11	 1	 142.375456	 -1	 0.000000	 0.216456
457	 11	 11	 0	 249.702646	 -1	 0.000000	 0.026945
458	 11	 11	 1	 58.374287	 -1	 0.000000	 -0.024267
459	 11	 11	 0	 266.307736	 -1	 0.000000	 -0.001766
460	 11	 11	 0	 421.172486	 -1	 0.000000	 -0.035611
461	 11	 11	 0	 243.950911	 -1	 0.000000	 0.165741
462	 11	 11	 1	 116.506759	 -1	 0.000000	 0.141966
463	 11	 11	 1	 113.767020	 -1	 0.000000	 0.179562
464	 11	 11	 1	 194.007268	 -1	 0.000000	 0.000378
465	 11	 11	 1	 221.642478	 -1	 0.000000	 0.059402
466	 11	 11	 1	 150.017971	 -1	 0.000000	 -0.027943
467	 11	 11	 1	 200.643730	 -1	 0.000000	 0.032889
468	 11	 11	 1	 186.624437	 -1	 0.000000	 0.085060
469	 11	 11	 1	 110.972380	 -1	 0.000000	 0.106948
471	 11	 11	 1	 137.433848	 -1	 0.000000	 0.019344
472	 11	 11	 1	 146.012211	 -1	 0.000000	 0.133159
473	 11	 11	 1	 103.488690	 -1	 0.000000	 0.009830
475	 11	 11	 0	 259.557927	 -1	 0.000000	 -0.114787
476	 11	 11	 1	 61.593980	 -1	 0.000000	 0.118494
477	 11	 11	 1	 176.995543	 -1	 0.000000	 0.047047
478	 11	 11	 1	 92.842635	 -1	 0.000000	 0.270262
480	 11	 11	 1	 206.103903	 -1	 0.000000	 -0.021874
481	 11	 11	 1	 216.988887	 -1	 0.000000	 0.143209
483	 11	 11	 1	 81.928171	 -1	 0.000000	 -0.063286
484	 11	 11	 1	 114.381262	 -1	 0.000000	 0.106851
485	 11	 11	 0	 273.964148	 -1	 0.000000	 -0.078720
487	 11	 11	 1	 211.748093	 -1	 0.000000	 0.063283
488	 11	 11	 1	 156.888540	 -1	 0.000000	 -0.150148
489	 11	 11	 1	 258.588464	 -1	 0.000000	 0.023221
491	 11	 11	 1	 232.643834	 -1	 0.000000	 0.085558
492	 11	 11	 1	 141.275824	 -1	 0.000000	 -0.082929
493	 11	 11	 1	 270.286138	 -1	 0.000000	 0.080621
494	 11	 11	 1	 218.837584	 -1	 0.000000	 0.020582
495	 11	 11	 1	 58.536895	 -1	 0.000000	 0.119104
496	 11	 11	 1	 159.911976	 -1	 0.000000	 -0.009029
497	 11	 11	 0	 445.887415	 -1	 0.000000	 0.003276
0	 10	 10	 0	 473.398647	 -1	 0.000000	 -0.062975
1	 10	 10	 0	 464.797860	 -1	 0.000000	 -0.036623
2	 10	 10	 0	 460.539905	 -1	 0.000000	 0.050230
3	 10	 10	 0	 411.586375	 -1	 0.000000	 0.073144
4	 10	 10	 0	 422.654734	 -1	 0.000000	 0.101849
5	 10	 10	 0	 452.198412	 -1	 0.000000	 0.113284
6	 10	 10	 0	 457.599986	 -1	 0.000000	 0.197115
7	 10	 10	 0	 475.759078	 -1	 0.000000	 0.139725
8	 10	 10	 0	 415.896290	 -1	 0.000000	 0.065720
9	 10	 10	 0	 473.692711	 -1	 0.000000	 0.115879
10	 10	 10	 0	 475.535839	 -1	 0.000000	 0.136932
11	 10	 10	 0	 476.254947	 -1	 0.000000	 0.017598
12	 10	 10	 0	 466.366223	 -1	 0.000000	 0.126198
13	 10	 10	 0	 427.092633	 -1	 0.000000	 -0.034908
>>> gr_fir_ccf: using E
>>> gr_fir_fff: using E
terminate called after throwing an instance of 'std::invalid_argument'
  what():  gr_ofdm_demod: Incorrect subcarriers allocated
>>> gr_fir_ccf: using E
>>> gr_fir_fff: using E
gr_buffer::allocate_buffer: warning: tried to allocate
   47 items of size 1392. Due to alignment requirements
   256 were allocated.  If this isn't OK, consider padding
   your structure to a power-of-two bytes.
   On this platform, our allocation granularity is 4096 bytes.
81	 10	 10	 0	 453.310047	 -1	 0.000000	 0.136319
82	 10	 10	 0	 440.288825	 -1	 0.000000	 0.133486
83	 10	 10	 0	 446.534559	 -1	 0.000000	 0.089424
84	 10	 10	 0	 477.445390	 -1	 0.000000	 0.069145
85	 10	 10	 0	 468.555458	 -1	 0.000000	 0.099315
86	 10	 10	 0	 460.553877	 -1	 0.000000	 0.000620
87	 10	 10	 1	 437.866815	 -1	 0.000000	 -0.018389
88	 10	 10	 0	 473.618561	 -1	 0.000000	 0.114688
89	 10	 10	 0	 429.649862	 -1	 0.000000	 -0.038041
90	 10	 10	 0	 476.806348	 -1	 0.000000	 0.012670
91	 10	 10	 0	 456.572927	 -1	 0.000000	 -0.014442
92	 10	 10	 0	 454.953931	 -1	 0.000000	 0.050042
93	 10	 10	 0	 411.174073	 -1	 0.000000	 0.014898
94	 10	 10	 0	 458.767638	 -1	 0.000000	 -0.041482
95	 10	 10	 0	 451.395968	 -1	 0.000000	 -0.050788
96	 10	 10	 0	 418.614228	 -1	 0.000000	 -0.022788
97	 10	 10	 0	 452.669824	 -1	 0.000000	 -0.025456
98	 10	 10	 0	 470.332404	 -1	 0.000000	 0.027814
99	 10	 10	 0	 449.734990	 -1	 0.000000	 0.215005
100	 10	 10	 0	 451.629311	 -1	 0.000000	 0.020461
101	 10	 10	 1	 397.904404	 -1	 0.000000	 0.124853
102	 10	 10	 0	 474.851614	 -1	 0.000000	 0.087842
103	 10	 10	 0	 459.865623	 -1	 0.000000	 -0.006819
105	 10	 10	 0	 468.042157	 -1	 0.000000	 0.165464
106	 10	 10	 0	 472.363416	 -1	 0.000000	 0.112230
107	 10	 10	 0	 448.470057	 -1	 0.000000	 0.250316
108	 10	 10	 0	 459.597587	 -1	 0.000000	 -0.052335
109	 10	 10	 0	 439.143618	 -1	 0.000000	 0.055685
110	 10	 10	 0	 466.707152	 -1	 0.000000	 0.046646
111	 10	 10	 0	 450.634171	 -1	 0.000000	 -0.038228
112	 10	 10	 0	 469.946856	 -1	 0.000000	 0.008257
113	 10	 10	 0	 470.901318	 -1	 0.000000	 -0.007846
114	 10	 10	 0	 474.955789	 -1	 0.000000	 0.124863
115	 10	 10	 0	 429.838921	 -1	 0.000000	 -0.061960
116	 10	 10	 0	 441.660955	 -1	 0.000000	 0.086582
117	 10	 10	 0	 444.319378	 -1	 0.000000	 0.076095
118	 10	 10	 0	 461.085474	 -1	 0.000000	 0.148433
119	 10	 10	 0	 449.976267	 -1	 0.000000	 0.112746
120	 10	 10	 0	 463.553296	 -1	 0.000000	 0.088941
121	 10	 10	 0	 450.509299	 -1	 0.000000	 0.025803
122	 10	 10	 0	 468.919300	 -1	 0.000000	 -0.027076
123	 10	 10	 0	 473.458678	 -1	 0.000000	 0.191218
124	 10	 10	 0	 459.089400	 -1	 0.000000	 0.064805
125	 10	 10	 0	 471.600310	 -1	 0.000000	 0.056155
126	 10	 10	 0	 437.990710	 -1	 0.000000	 0.030763
127	 10	 10	 0	 459.700552	 -1	 0.000000	 0.153755
128	 10	 10	 0	 460.911760	 -1	 0.000000	 0.124105
129	 10	 10	 0	 458.298939	 -1	 0.000000	 -0.021899
130	 10	 10	 0	 467.756173	 -1	 0.000000	 0.193012
132	 10	 10	 0	 453.268938	 -1	 0.000000	 0.202004
133	 10	 10	 0	 464.318340	 -1	 0.000000	 -0.041811
134	 10	 10	 0	 459.250705	 -1	 0.000000	 0.019626
135	 10	 10	 0	 469.085968	 -1	 0.000000	 0.123442
136	 10	 10	 0	 465.325400	 -1	 0.000000	 0.194496
137	 10	 10	 0	 443.205035	 -1	 0.000000	 0.118693
