>>> gr_fir_ccf: using E
>>> gr_fir_fff: using E
gr_buffer::allocate_buffer: warning: tried to allocate
   47 items of size 1392. Due to alignment requirements
   256 were allocated.  If this isn't OK, consider padding
   your structure to a power-of-two bytes.
   On this platform, our allocation granularity is 4096 bytes.
80	 13	 13	 1	 0.000001	 -1	 0.000000	 8.223245
81	 13	 13	 1	 0.000001	 -1	 0.000000	 9.905635
82	 13	 13	 1	 0.000001	 -1	 0.000000	 11.232331
83	 13	 13	 1	 0.000001	 -1	 0.000000	 11.642688
84	 13	 13	 1	 0.000002	 -1	 0.000000	 8.184911
85	 13	 13	 1	 0.810220	 -1	 0.000000	 10.517226
86	 13	 13	 1	 0.000003	 -1	 0.000000	 9.952369
87	 13	 13	 1	 0.000002	 -1	 0.000000	 6.758700
88	 13	 13	 1	 0.000002	 -1	 0.000000	 7.538299
89	 13	 13	 1	 0.000001	 -1	 0.000000	 7.038647
90	 13	 13	 1	 0.000001	 -1	 0.000000	 7.398466
91	 13	 13	 1	 0.000001	 -1	 0.000000	 8.415524
92	 13	 13	 1	 0.000001	 -1	 0.000000	 8.326726
93	 13	 13	 1	 0.000003	 -1	 0.000000	 7.689865
94	 13	 13	 1	 0.000002	 -1	 0.000000	 8.600535
95	 13	 13	 1	 0.000001	 -1	 0.000000	 8.111474
96	 13	 13	 1	 0.000001	 -1	 0.000000	 7.494584
97	 13	 13	 1	 0.000001	 -1	 0.000000	 7.055182
98	 13	 13	 1	 0.000002	 -1	 0.000000	 7.737303
99	 13	 13	 1	 0.000001	 -1	 0.000000	 7.315113
100	 13	 13	 1	 0.000002	 -1	 0.000000	 7.210810
101	 13	 13	 1	 0.000002	 -1	 0.000000	 12.656822
102	 13	 13	 1	 0.000001	 -1	 0.000000	 8.300320
103	 13	 13	 1	 0.000001	 -1	 0.000000	 6.281165
104	 13	 13	 1	 0.000002	 -1	 0.000000	 8.714775
105	 13	 13	 1	 0.000001	 -1	 0.000000	 9.715760
106	 13	 13	 1	 0.000000	 -1	 0.000000	 7.829138
107	 13	 13	 1	 0.000001	 -1	 0.000000	 9.011255
109	 13	 13	 1	 0.000001	 -1	 0.000000	 9.112966
110	 13	 13	 1	 0.000001	 -1	 0.000000	 7.814845
111	 13	 13	 1	 0.000001	 -1	 0.000000	 9.724193
112	 13	 13	 1	 0.000001	 -1	 0.000000	 7.191092
113	 13	 13	 1	 0.000003	 -1	 0.000000	 7.504602
114	 13	 13	 1	 0.000001	 -1	 0.000000	 7.849856
115	 13	 13	 1	 0.000001	 -1	 0.000000	 7.880674
116	 13	 13	 1	 0.000001	 -1	 0.000000	 8.508800
117	 13	 13	 1	 0.000002	 -1	 0.000000	 7.978331
118	 13	 13	 1	 0.000002	 -1	 0.000000	 7.668938
119	 13	 13	 1	 0.000002	 -1	 0.000000	 16.022749
121	 13	 13	 1	 0.000001	 -1	 0.000000	 7.205600
122	 13	 13	 1	 0.000001	 -1	 0.000000	 16.485954
124	 13	 13	 1	 0.000001	 -1	 0.000000	 7.601363
125	 13	 13	 1	 0.000001	 -1	 0.000000	 10.243363
126	 13	 13	 1	 0.000002	 -1	 0.000000	 14.693316
127	 13	 13	 1	 0.000001	 -1	 0.000000	 7.584100
128	 13	 13	 1	 0.000002	 -1	 0.000000	 13.658559
129	 13	 13	 1	 0.000001	 -1	 0.000000	 8.033450
131	 13	 13	 1	 0.000001	 -1	 0.000000	 6.899704
132	 13	 13	 1	 0.000003	 -1	 0.000000	 7.829578
133	 13	 13	 1	 0.000004	 -1	 0.000000	 10.168052
134	 13	 13	 1	 0.000001	 -1	 0.000000	 11.302068
135	 13	 13	 1	 0.000003	 -1	 0.000000	 8.640230
136	 13	 13	 1	 0.000001	 -1	 0.000000	 7.119840
137	 13	 13	 1	 0.000001	 -1	 0.000000	 9.325812
138	 13	 13	 1	 0.000002	 -1	 0.000000	 7.548235
139	 13	 13	 1	 0.000000	 -1	 0.000000	 8.079448
140	 13	 13	 1	 0.000002	 -1	 0.000000	 7.914873
141	 13	 13	 1	 0.000001	 -1	 0.000000	 9.329772
143	 13	 13	 1	 0.000002	 -1	 0.000000	 7.516418
144	 13	 13	 1	 0.000001	 -1	 0.000000	 9.650041
146	 13	 13	 1	 0.000000	 -1	 0.000000	 7.267683
147	 13	 13	 1	 0.000003	 -1	 0.000000	 9.323647
148	 13	 13	 1	 0.000002	 -1	 0.000000	 7.715301
149	 13	 13	 1	 0.000001	 -1	 0.000000	 8.083463
150	 13	 13	 1	 0.000003	 -1	 0.000000	 8.364910
151	 13	 13	 1	 0.000002	 -1	 0.000000	 6.377709
152	 13	 13	 1	 0.000003	 -1	 0.000000	 10.648801
154	 13	 13	 1	 0.000001	 -1	 0.000000	 11.728835
155	 13	 13	 1	 0.000002	 -1	 0.000000	 7.369032
156	 13	 13	 1	 0.000002	 -1	 0.000000	 7.858912
157	 13	 13	 1	 0.000001	 -1	 0.000000	 7.988060
158	 13	 13	 1	 0.000001	 -1	 0.000000	 9.017332
159	 13	 13	 1	 0.000001	 -1	 0.000000	 7.732422
160	 13	 13	 1	 0.000002	 -1	 0.000000	 10.863127
161	 13	 13	 1	 0.000001	 -1	 0.000000	 9.825597
162	 13	 13	 1	 0.000004	 -1	 0.000000	 8.227424
164	 13	 13	 1	 0.000001	 -1	 0.000000	 10.574269
165	 13	 13	 1	 0.000001	 -1	 0.000000	 11.182973
166	 13	 13	 1	 0.000001	 -1	 0.000000	 8.279658
167	 13	 13	 1	 0.000001	 -1	 0.000000	 10.052342
168	 13	 13	 1	 0.000001	 -1	 0.000000	 8.935035
169	 13	 13	 1	 0.000001	 -1	 0.000000	 9.706685
170	 13	 13	 1	 0.000001	 -1	 0.000000	 7.724916
172	 13	 13	 1	 0.000001	 -1	 0.000000	 9.604861
173	 13	 13	 1	 0.000002	 -1	 0.000000	 10.380671
174	 13	 13	 1	 0.000001	 -1	 0.000000	 7.525735
175	 13	 13	 1	 0.000000	 -1	 0.000000	 8.535496
176	 13	 13	 1	 0.000004	 -1	 0.000000	 9.352508
177	 13	 13	 1	 0.000002	 -1	 0.000000	 6.509611
179	 13	 13	 1	 0.000001	 -1	 0.000000	 10.660178
180	 13	 13	 1	 0.000001	 -1	 0.000000	 9.611885
182	 13	 13	 1	 0.000001	 -1	 0.000000	 7.598178
183	 13	 13	 1	 0.002725	 -1	 0.000000	 9.653131
184	 13	 13	 1	 0.000000	 -1	 0.000000	 7.621302
185	 13	 13	 1	 0.000001	 -1	 0.000000	 7.370765
187	 13	 13	 1	 0.000000	 -1	 0.000000	 9.436757
188	 13	 13	 1	 0.000002	 -1	 0.000000	 6.532806
189	 13	 13	 1	 0.000001	 -1	 0.000000	 8.413480
190	 13	 13	 1	 0.000001	 -1	 0.000000	 8.016161
191	 13	 13	 1	 0.000001	 -1	 0.000000	 7.846996
193	 13	 13	 1	 0.000003	 -1	 0.000000	 7.287489
194	 13	 13	 1	 0.000002	 -1	 0.000000	 8.234654
195	 13	 13	 1	 0.000003	 -1	 0.000000	 8.133304
196	 13	 13	 1	 0.000003	 -1	 0.000000	 10.298010
197	 13	 13	 1	 0.000002	 -1	 0.000000	 7.060375
198	 13	 13	 1	 0.000003	 -1	 0.000000	 7.763051
199	 13	 13	 1	 0.000001	 -1	 0.000000	 7.652065
200	 13	 13	 1	 0.000002	 -1	 0.000000	 9.049380
201	 13	 13	 1	 0.000002	 -1	 0.000000	 7.612420
202	 13	 13	 1	 0.000001	 -1	 0.000000	 10.571702
203	 13	 13	 1	 12.094614	 -1	 0.000000	 7.512002
204	 13	 13	 1	 0.000002	 -1	 0.000000	 7.601448
205	 13	 13	 1	 0.000001	 -1	 0.000000	 7.387315
206	 13	 13	 1	 0.000001	 -1	 0.000000	 8.779283
207	 13	 13	 1	 0.000001	 -1	 0.000000	 14.377339
208	 13	 13	 1	 0.000002	 -1	 0.000000	 8.570792
209	 13	 13	 1	 0.000002	 -1	 0.000000	 9.390328
210	 13	 13	 1	 0.000002	 -1	 0.000000	 8.995768
211	 13	 13	 1	 12.818727	 -1	 0.000000	 8.362744
212	 13	 13	 1	 0.000001	 -1	 0.000000	 8.532489
213	 13	 13	 1	 0.000002	 -1	 0.000000	 8.383860
214	 13	 13	 1	 0.000002	 -1	 0.000000	 7.942460
216	 13	 13	 1	 0.000001	 -1	 0.000000	 8.864573
217	 13	 13	 1	 0.000001	 -1	 0.000000	 7.701299
218	 13	 13	 1	 0.000001	 -1	 0.000000	 8.290071
219	 13	 13	 1	 0.000001	 -1	 0.000000	 8.635237
524	 13	 13	 0	 378.919336	 -1	 0.000000	 7.884341
220	 13	 13	 1	 0.000001	 -1	 0.000000	 8.018476
3281	 5	 5	 0	 388.428872	 -1	 0.000000	 7.278080
222	 13	 13	 1	 0.000000	 -1	 0.000000	 9.227041
223	 13	 13	 1	 0.000001	 -1	 0.000000	 7.346037
224	 13	 13	 1	 0.000001	 -1	 0.000000	 8.202847
225	 13	 13	 1	 0.000001	 -1	 0.000000	 8.760115
226	 13	 13	 1	 0.000001	 -1	 0.000000	 9.055729
227	 13	 13	 1	 0.000002	 -1	 0.000000	 7.669036
228	 13	 13	 1	 0.000001	 -1	 0.000000	 10.206302
229	 13	 13	 1	 0.000001	 -1	 0.000000	 9.424186
230	 13	 13	 1	 0.000002	 -1	 0.000000	 8.345767
231	 13	 13	 1	 0.000001	 -1	 0.000000	 10.719843
232	 13	 13	 1	 0.000001	 -1	 0.000000	 7.035496
233	 13	 13	 1	 0.000001	 -1	 0.000000	 11.479321
234	 13	 13	 1	 0.000001	 -1	 0.000000	 7.199695
235	 13	 13	 1	 0.000002	 -1	 0.000000	 13.037164
236	 13	 13	 1	 0.000001	 -1	 0.000000	 8.123711
237	 13	 13	 1	 0.000002	 -1	 0.000000	 8.209746
238	 13	 13	 1	 0.000001	 -1	 0.000000	 16.505392
239	 13	 13	 1	 0.000002	 -1	 0.000000	 7.711667
240	 13	 13	 1	 0.000002	 -1	 0.000000	 9.226311
242	 13	 13	 1	 0.000001	 -1	 0.000000	 7.101857
243	 13	 13	 1	 0.000001	 -1	 0.000000	 7.787779
80	 13	 13	 1	 0.000001	 -1	 0.000000	 9.120815
81	 13	 13	 1	 0.000002	 -1	 0.000000	 9.180364
82	 13	 13	 1	 0.000001	 -1	 0.000000	 9.941975
84	 13	 13	 1	 0.000001	 -1	 0.000000	 8.672724
85	 13	 13	 1	 0.000001	 -1	 0.000000	 8.421026
86	 13	 13	 1	 0.000002	 -1	 0.000000	 8.448235
87	 13	 13	 1	 0.000002	 -1	 0.000000	 8.485295
88	 13	 13	 1	 0.000001	 -1	 0.000000	 9.516378
89	 13	 13	 1	 0.000002	 -1	 0.000000	 8.455086
90	 13	 13	 1	 0.000001	 -1	 0.000000	 11.927377
91	 13	 13	 1	 0.000001	 -1	 0.000000	 8.224498
92	 13	 13	 1	 0.000002	 -1	 0.000000	 8.371067
93	 13	 13	 1	 0.000004	 -1	 0.000000	 10.183233
94	 13	 13	 1	 0.000001	 -1	 0.000000	 7.534961
95	 13	 13	 1	 0.000001	 -1	 0.000000	 8.571237
96	 13	 13	 1	 0.000002	 -1	 0.000000	 10.985543
97	 13	 13	 1	 0.000001	 -1	 0.000000	 8.588207
98	 13	 13	 1	 0.000002	 -1	 0.000000	 7.695637
99	 13	 13	 1	 0.000001	 -1	 0.000000	 8.906483
100	 13	 13	 1	 0.000001	 -1	 0.000000	 6.348881
101	 13	 13	 1	 0.000001	 -1	 0.000000	 11.013038
102	 13	 13	 1	 0.000001	 -1	 0.000000	 8.065974
103	 13	 13	 1	 0.000001	 -1	 0.000000	 12.507152
104	 13	 13	 1	 0.000002	 -1	 0.000000	 9.182301
106	 13	 13	 1	 0.000002	 -1	 0.000000	 7.360482
107	 13	 13	 1	 0.000001	 -1	 0.000000	 7.787021
108	 13	 13	 1	 0.000002	 -1	 0.000000	 9.004305
109	 13	 13	 1	 0.000001	 -1	 0.000000	 9.019942
110	 13	 13	 1	 0.000001	 -1	 0.000000	 8.001291
111	 13	 13	 1	 0.000001	 -1	 0.000000	 8.847431
112	 13	 13	 1	 0.000001	 -1	 0.000000	 18.331104
113	 13	 13	 1	 0.000003	 -1	 0.000000	 8.663343
114	 13	 13	 1	 0.000000	 -1	 0.000000	 8.235654
115	 13	 13	 1	 0.000002	 -1	 0.000000	 7.223505
116	 13	 13	 1	 0.000001	 -1	 0.000000	 8.563041
117	 13	 13	 1	 0.000003	 -1	 0.000000	 7.417800
118	 13	 13	 1	 0.000001	 -1	 0.000000	 9.594319
119	 13	 13	 1	 0.000001	 -1	 0.000000	 11.496754
120	 13	 13	 1	 0.000002	 -1	 0.000000	 11.533092
121	 13	 13	 1	 0.000002	 -1	 0.000000	 9.151371
122	 13	 13	 1	 1.595457	 -1	 0.000000	 7.651574
124	 13	 13	 1	 0.000002	 -1	 0.000000	 9.831031
125	 13	 13	 1	 0.000002	 -1	 0.000000	 7.675680
126	 13	 13	 1	 0.000001	 -1	 0.000000	 8.523379
127	 13	 13	 1	 0.000003	 -1	 0.000000	 7.361779
128	 13	 13	 1	 0.000001	 -1	 0.000000	 10.629182
129	 13	 13	 1	 0.000001	 -1	 0.000000	 7.424301
130	 13	 13	 1	 0.000001	 -1	 0.000000	 7.791242
131	 13	 13	 0	 85.487557	 -1	 0.000000	 6.847157
132	 13	 13	 1	 40.057354	 -1	 0.000000	 8.480227
133	 13	 13	 1	 0.000002	 -1	 0.000000	 12.977083
134	 13	 13	 1	 0.000003	 -1	 0.000000	 7.710795
135	 13	 13	 1	 0.000001	 -1	 0.000000	 9.112398
136	 13	 13	 1	 0.000001	 -1	 0.000000	 11.641329
137	 13	 13	 1	 0.000001	 -1	 0.000000	 7.352601
138	 13	 13	 1	 0.000000	 -1	 0.000000	 6.764974
139	 13	 13	 1	 0.000001	 -1	 0.000000	 9.228854
140	 13	 13	 1	 0.000003	 -1	 0.000000	 8.175390
141	 13	 13	 1	 0.000003	 -1	 0.000000	 7.476469
142	 13	 13	 1	 0.000001	 -1	 0.000000	 7.339915
143	 13	 13	 1	 0.000001	 -1	 0.000000	 8.937848
144	 13	 13	 1	 0.000001	 -1	 0.000000	 8.327315
145	 13	 13	 1	 0.000907	 -1	 0.000000	 6.395751
146	 13	 13	 1	 0.000002	 -1	 0.000000	 8.762341
147	 13	 13	 1	 0.000002	 -1	 0.000000	 8.180239
148	 13	 13	 1	 0.000002	 -1	 0.000000	 7.812914
149	 13	 13	 1	 0.000001	 -1	 0.000000	 8.132041
150	 13	 13	 1	 0.000001	 -1	 0.000000	 8.583841
151	 13	 13	 1	 0.000000	 -1	 0.000000	 10.209551
152	 13	 13	 1	 0.000001	 -1	 0.000000	 7.586815
153	 13	 13	 1	 0.000001	 -1	 0.000000	 8.165109
154	 13	 13	 1	 0.000001	 -1	 0.000000	 7.784558
155	 13	 13	 1	 0.000002	 -1	 0.000000	 7.201254
156	 13	 13	 1	 0.000002	 -1	 0.000000	 8.607468
158	 13	 13	 1	 0.000002	 -1	 0.000000	 9.876736
159	 13	 13	 1	 0.000001	 -1	 0.000000	 8.551954
160	 13	 13	 1	 0.000001	 -1	 0.000000	 9.793736
161	 13	 13	 1	 0.000000	 -1	 0.000000	 7.888847
164	 13	 13	 1	 0.000001	 -1	 0.000000	 7.488494
165	 13	 13	 1	 0.000001	 -1	 0.000000	 7.798250
166	 13	 13	 1	 0.000001	 -1	 0.000000	 10.363723
167	 13	 13	 1	 0.000001	 -1	 0.000000	 11.205409
168	 13	 13	 1	 0.000001	 -1	 0.000000	 10.060651
170	 13	 13	 1	 0.000002	 -1	 0.000000	 8.053486
171	 13	 13	 1	 0.000002	 -1	 0.000000	 9.297941
172	 13	 13	 1	 0.000001	 -1	 0.000000	 8.740985
173	 13	 13	 1	 0.000002	 -1	 0.000000	 8.490053
174	 13	 13	 1	 0.000001	 -1	 0.000000	 10.004979
175	 13	 13	 1	 0.000002	 -1	 0.000000	 9.570219
176	 13	 13	 1	 0.000001	 -1	 0.000000	 11.216418
178	 13	 13	 1	 0.000001	 -1	 0.000000	 7.362383
179	 13	 13	 1	 0.000002	 -1	 0.000000	 7.644722
180	 13	 13	 1	 0.000001	 -1	 0.000000	 8.729636
181	 13	 13	 1	 0.000001	 -1	 0.000000	 7.797755
183	 13	 13	 1	 0.000003	 -1	 0.000000	 11.902632
184	 13	 13	 1	 0.001224	 -1	 0.000000	 12.098385
185	 13	 13	 1	 0.000002	 -1	 0.000000	 8.839501
186	 13	 13	 1	 0.000001	 -1	 0.000000	 7.839217
188	 13	 13	 1	 0.000002	 -1	 0.000000	 8.195039
189	 13	 13	 1	 0.000001	 -1	 0.000000	 8.954533
190	 13	 13	 1	 0.000001	 -1	 0.000000	 7.719476
191	 13	 13	 1	 0.000001	 -1	 0.000000	 8.047151
192	 13	 13	 1	 0.000000	 -1	 0.000000	 9.108511
193	 13	 13	 1	 0.000003	 -1	 0.000000	 7.996622
194	 13	 13	 1	 0.994906	 -1	 0.000000	 14.767572
195	 13	 13	 1	 0.000001	 -1	 0.000000	 14.941863
196	 13	 13	 1	 0.000003	 -1	 0.000000	 9.773859
197	 13	 13	 1	 0.000002	 -1	 0.000000	 9.223076
198	 13	 13	 1	 0.000003	 -1	 0.000000	 8.676708
199	 13	 13	 1	 0.000000	 -1	 0.000000	 8.844869
200	 13	 13	 1	 0.000001	 -1	 0.000000	 8.865747
201	 13	 13	 1	 0.000002	 -1	 0.000000	 10.512545
202	 13	 13	 1	 0.000001	 -1	 0.000000	 9.307524
203	 13	 13	 1	 0.000001	 -1	 0.000000	 8.677437
205	 13	 13	 1	 0.000001	 -1	 0.000000	 9.477057
206	 13	 13	 1	 0.000001	 -1	 0.000000	 12.236731
207	 13	 13	 1	 0.000002	 -1	 0.000000	 7.816713
208	 13	 13	 1	 0.000001	 -1	 0.000000	 7.420554
209	 13	 13	 1	 0.000001	 -1	 0.000000	 9.719911
211	 13	 13	 1	 0.000003	 -1	 0.000000	 7.605376
212	 13	 13	 1	 0.000001	 -1	 0.000000	 9.949020
213	 13	 13	 1	 0.000001	 -1	 0.000000	 7.848993
214	 13	 13	 1	 0.000001	 -1	 0.000000	 7.615560
215	 13	 13	 1	 0.000000	 -1	 0.000000	 8.050089
216	 13	 13	 1	 0.000003	 -1	 0.000000	 9.040187
217	 13	 13	 1	 0.000003	 -1	 0.000000	 8.967505
218	 13	 13	 1	 0.000001	 -1	 0.000000	 7.922613
219	 13	 13	 1	 0.000001	 -1	 0.000000	 9.542560
81	 15	 15	 1	 0.000010	 -1	 0.000000	 7.948296
82	 15	 15	 1	 0.000013	 -1	 0.000000	 6.997354
84	 15	 15	 1	 0.000011	 -1	 0.000000	 10.223071
85	 15	 15	 1	 0.000013	 -1	 0.000000	 8.932158
86	 15	 15	 1	 0.000009	 -1	 0.000000	 7.908883
87	 15	 15	 1	 0.000010	 -1	 0.000000	 13.762105
88	 15	 15	 1	 0.000013	 -1	 0.000000	 8.688695
89	 15	 15	 1	 0.000014	 -1	 0.000000	 7.554933
90	 15	 15	 1	 0.000017	 -1	 0.000000	 9.621734
91	 15	 15	 1	 0.000009	 -1	 0.000000	 7.468338
92	 15	 15	 1	 0.000010	 -1	 0.000000	 11.228428
93	 15	 15	 1	 0.000010	 -1	 0.000000	 8.101041
94	 15	 15	 1	 0.000015	 -1	 0.000000	 7.715174
96	 15	 15	 1	 0.000013	 -1	 0.000000	 7.952283
97	 15	 15	 1	 0.000015	 -1	 0.000000	 9.056505
657	 15	 15	 0	 409.168864	 -1	 0.000000	 4.615229
98	 15	 15	 1	 0.000010	 -1	 0.000000	 11.549561
99	 15	 15	 1	 0.000012	 -1	 0.000000	 10.979807
100	 15	 15	 1	 0.000012	 -1	 0.000000	 8.996512
101	 15	 15	 1	 0.000011	 -1	 0.000000	 9.593746
102	 15	 15	 1	 0.000004	 -1	 0.000000	 7.959219
103	 15	 15	 1	 0.000013	 -1	 0.000000	 8.078252
104	 15	 15	 1	 0.000013	 -1	 0.000000	 8.834187
105	 15	 15	 1	 0.000011	 -1	 0.000000	 8.086875
106	 15	 15	 1	 0.000004	 -1	 0.000000	 8.468875
107	 15	 15	 1	 0.000013	 -1	 0.000000	 12.197885
108	 15	 15	 1	 0.000014	 -1	 0.000000	 10.209069
109	 15	 15	 1	 0.000019	 -1	 0.000000	 7.701158
110	 15	 15	 1	 0.000004	 -1	 0.000000	 7.118507
111	 15	 15	 1	 0.000011	 -1	 0.000000	 8.283420
112	 15	 15	 1	 0.000012	 -1	 0.000000	 8.366117
113	 15	 15	 1	 0.000011	 -1	 0.000000	 10.694958
114	 15	 15	 1	 0.000014	 -1	 0.000000	 8.192810
115	 15	 15	 1	 0.000009	 -1	 0.000000	 9.787538
116	 15	 15	 1	 0.000016	 -1	 0.000000	 10.146861
117	 15	 15	 1	 0.000015	 -1	 0.000000	 7.341981
118	 15	 15	 1	 0.000017	 -1	 0.000000	 7.211957
119	 15	 15	 1	 0.000014	 -1	 0.000000	 8.477507
120	 15	 15	 1	 0.000009	 -1	 0.000000	 13.387684
121	 15	 15	 1	 0.000014	 -1	 0.000000	 9.653194
122	 15	 15	 1	 0.000014	 -1	 0.000000	 7.311423
123	 15	 15	 1	 0.000004	 -1	 0.000000	 8.241828
124	 15	 15	 1	 0.000016	 -1	 0.000000	 8.985064
125	 15	 15	 1	 0.000013	 -1	 0.000000	 8.150245
126	 15	 15	 1	 0.000013	 -1	 0.000000	 8.851957
127	 15	 15	 1	 0.000012	 -1	 0.000000	 8.056120
128	 15	 15	 1	 0.000014	 -1	 0.000000	 9.846052
129	 15	 15	 1	 0.000014	 -1	 0.000000	 6.910810
130	 15	 15	 1	 0.000011	 -1	 0.000000	 7.022658
131	 15	 15	 1	 0.000013	 -1	 0.000000	 8.251107
132	 15	 15	 1	 0.000009	 -1	 0.000000	 8.597362
133	 15	 15	 1	 0.000013	 -1	 0.000000	 8.707208
134	 15	 15	 1	 0.000012	 -1	 0.000000	 7.351166
135	 15	 15	 1	 0.000011	 -1	 0.000000	 9.695587
136	 15	 15	 1	 0.000014	 -1	 0.000000	 9.457331
137	 15	 15	 1	 0.000009	 -1	 0.000000	 8.839493
138	 15	 15	 1	 0.000011	 -1	 0.000000	 9.077500
140	 15	 15	 1	 0.000011	 -1	 0.000000	 8.497353
141	 15	 15	 1	 0.000012	 -1	 0.000000	 9.559624
142	 15	 15	 1	 0.000017	 -1	 0.000000	 8.690922
143	 15	 15	 1	 0.000017	 -1	 0.000000	 7.433310
144	 15	 15	 1	 0.000011	 -1	 0.000000	 9.748208
146	 15	 15	 1	 0.000012	 -1	 0.000000	 9.538463
147	 15	 15	 1	 0.000014	 -1	 0.000000	 7.357795
148	 15	 15	 1	 0.000013	 -1	 0.000000	 7.971763
149	 15	 15	 1	 0.000009	 -1	 0.000000	 10.166330
150	 15	 15	 1	 0.000005	 -1	 0.000000	 6.917676
151	 15	 15	 1	 0.000010	 -1	 0.000000	 8.203368
152	 15	 15	 1	 0.000016	 -1	 0.000000	 9.564659
153	 15	 15	 1	 0.000018	 -1	 0.000000	 7.899164
154	 15	 15	 1	 0.000008	 -1	 0.000000	 8.910260
155	 15	 15	 1	 0.000013	 -1	 0.000000	 8.002652
156	 15	 15	 1	 0.000018	 -1	 0.000000	 9.782337
157	 15	 15	 1	 0.000004	 -1	 0.000000	 7.688550
158	 15	 15	 1	 0.000018	 -1	 0.000000	 7.466897
159	 15	 15	 1	 0.000012	 -1	 0.000000	 7.089727
160	 15	 15	 1	 0.000011	 -1	 0.000000	 9.124058
162	 15	 15	 1	 0.000014	 -1	 0.000000	 14.925602
163	 15	 15	 1	 0.000010	 -1	 0.000000	 11.708167
164	 15	 15	 1	 0.000004	 -1	 0.000000	 8.650695
165	 15	 15	 1	 0.000017	 -1	 0.000000	 7.760119
166	 15	 15	 1	 0.000012	 -1	 0.000000	 9.252333
167	 15	 15	 1	 0.000015	 -1	 0.000000	 10.707331
168	 15	 15	 1	 0.000013	 -1	 0.000000	 7.275650
169	 15	 15	 1	 0.000009	 -1	 0.000000	 17.093113
170	 15	 15	 1	 0.000016	 -1	 0.000000	 7.314403
171	 15	 15	 1	 0.000013	 -1	 0.000000	 13.087838
172	 15	 15	 1	 0.000018	 -1	 0.000000	 6.957421
173	 15	 15	 1	 0.000011	 -1	 0.000000	 8.632436
174	 15	 15	 1	 0.000015	 -1	 0.000000	 7.234280
175	 15	 15	 1	 0.000015	 -1	 0.000000	 9.060287
176	 15	 15	 1	 0.000011	 -1	 0.000000	 7.981175
177	 15	 15	 1	 0.000013	 -1	 0.000000	 8.685855
178	 15	 15	 1	 0.000010	 -1	 0.000000	 9.035755
179	 15	 15	 1	 0.000011	 -1	 0.000000	 8.308309
181	 15	 15	 1	 0.000012	 -1	 0.000000	 8.240284
182	 15	 15	 1	 0.000015	 -1	 0.000000	 7.211845
183	 15	 15	 1	 0.000011	 -1	 0.000000	 8.683902
184	 15	 15	 1	 0.000012	 -1	 0.000000	 9.493601
185	 15	 15	 1	 0.000013	 -1	 0.000000	 7.497510
186	 15	 15	 1	 0.000013	 -1	 0.000000	 8.279096
187	 15	 15	 1	 0.000012	 -1	 0.000000	 7.897671
188	 15	 15	 1	 0.000010	 -1	 0.000000	 9.519864
189	 15	 15	 1	 0.000012	 -1	 0.000000	 7.620377
190	 15	 15	 1	 0.000016	 -1	 0.000000	 6.487934
191	 15	 15	 1	 0.410172	 -1	 0.000000	 8.677562
192	 15	 15	 1	 0.000016	 -1	 0.000000	 9.336953
193	 15	 15	 1	 0.000015	 -1	 0.000000	 7.857053
194	 15	 15	 1	 0.000016	 -1	 0.000000	 9.544456
195	 15	 15	 1	 0.000012	 -1	 0.000000	 8.398292
196	 15	 15	 1	 0.000017	 -1	 0.000000	 8.144198
197	 15	 15	 1	 0.000011	 -1	 0.000000	 11.364068
198	 15	 15	 1	 0.000010	 -1	 0.000000	 16.010078
199	 15	 15	 1	 0.000009	 -1	 0.000000	 10.316922
200	 15	 15	 1	 0.000012	 -1	 0.000000	 8.703063
201	 15	 15	 1	 0.000019	 -1	 0.000000	 8.741049
202	 15	 15	 1	 0.000022	 -1	 0.000000	 8.299856
203	 15	 15	 0	 216.192718	 -1	 0.000000	 9.626487
204	 15	 15	 1	 0.000011	 -1	 0.000000	 7.721299
205	 15	 15	 1	 0.000011	 -1	 0.000000	 9.116954
206	 15	 15	 1	 0.000015	 -1	 0.000000	 7.204754
207	 15	 15	 1	 0.000014	 -1	 0.000000	 8.990414
208	 15	 15	 1	 0.000011	 -1	 0.000000	 7.912776
209	 15	 15	 1	 0.000013	 -1	 0.000000	 8.618461
210	 15	 15	 1	 0.000012	 -1	 0.000000	 9.358953
211	 15	 15	 1	 0.000005	 -1	 0.000000	 7.049981
212	 15	 15	 1	 0.000013	 -1	 0.000000	 6.838353
213	 15	 15	 1	 0.000013	 -1	 0.000000	 7.118639
214	 15	 15	 1	 0.000014	 -1	 0.000000	 13.407998
215	 15	 15	 1	 0.000009	 -1	 0.000000	 12.229755
216	 15	 15	 1	 0.000014	 -1	 0.000000	 8.999701
217	 15	 15	 1	 0.000011	 -1	 0.000000	 7.661955
218	 15	 15	 1	 0.000011	 -1	 0.000000	 7.588226
219	 15	 15	 1	 0.000016	 -1	 0.000000	 7.650488
220	 15	 15	 1	 0.000017	 -1	 0.000000	 7.859046
221	 15	 15	 1	 0.000011	 -1	 0.000000	 9.330504
222	 15	 15	 1	 0.000009	 -1	 0.000000	 8.381638
223	 15	 15	 1	 0.000012	 -1	 0.000000	 8.960297
224	 15	 15	 1	 0.000020	 -1	 0.000000	 9.940396
225	 15	 15	 1	 0.000008	 -1	 0.000000	 10.297130
226	 15	 15	 1	 0.000012	 -1	 0.000000	 9.625232
227	 15	 15	 1	 0.000010	 -1	 0.000000	 11.745799
228	 15	 15	 1	 0.000011	 -1	 0.000000	 8.535471
229	 15	 15	 1	 0.000004	 -1	 0.000000	 9.234862
230	 15	 15	 1	 0.000015	 -1	 0.000000	 8.018940
231	 15	 15	 1	 0.000011	 -1	 0.000000	 10.926710
232	 15	 15	 1	 0.000006	 -1	 0.000000	 12.445827
233	 15	 15	 1	 0.000011	 -1	 0.000000	 7.965019
234	 15	 15	 1	 0.000014	 -1	 0.000000	 11.032509
235	 15	 15	 1	 0.000011	 -1	 0.000000	 14.946174
236	 15	 15	 1	 0.000013	 -1	 0.000000	 7.672980
237	 15	 15	 1	 0.000009	 -1	 0.000000	 8.139258
238	 15	 15	 1	 0.000015	 -1	 0.000000	 7.755423
239	 15	 15	 1	 0.000008	 -1	 0.000000	 9.281285
240	 15	 15	 1	 0.000013	 -1	 0.000000	 8.560166
241	 15	 15	 1	 0.000012	 -1	 0.000000	 9.113996
242	 15	 15	 1	 0.000012	 -1	 0.000000	 8.465961
244	 15	 15	 1	 0.000012	 -1	 0.000000	 9.677043
245	 15	 15	 1	 0.000013	 -1	 0.000000	 15.521960
246	 15	 15	 1	 0.000013	 -1	 0.000000	 8.491198
247	 15	 15	 1	 0.000013	 -1	 0.000000	 7.108633
248	 15	 15	 1	 0.000012	 -1	 0.000000	 10.267769
249	 15	 15	 1	 0.000012	 -1	 0.000000	 8.933928
250	 15	 15	 1	 0.000014	 -1	 0.000000	 9.139603
251	 15	 15	 1	 0.000010	 -1	 0.000000	 8.683632
252	 15	 15	 1	 0.000011	 -1	 0.000000	 9.652381
253	 15	 15	 1	 0.000012	 -1	 0.000000	 9.941331
254	 15	 15	 1	 0.000011	 -1	 0.000000	 8.372370
255	 15	 15	 1	 0.000005	 -1	 0.000000	 7.790801
256	 15	 15	 1	 0.000011	 -1	 0.000000	 8.429097
257	 15	 15	 1	 0.000017	 -1	 0.000000	 7.539311
258	 15	 15	 1	 0.000016	 -1	 0.000000	 8.455746
259	 15	 15	 1	 0.000011	 -1	 0.000000	 8.087625
280	 15	 15	 1	 0.000013	 -1	 0.000000	 7.304416
281	 15	 15	 1	 0.000010	 -1	 0.000000	 8.765150
282	 15	 15	 1	 0.000012	 -1	 0.000000	 11.260168
283	 15	 15	 1	 0.000009	 -1	 0.000000	 12.655959
284	 15	 15	 1	 0.000015	 -1	 0.000000	 7.053689
285	 15	 15	 1	 0.000009	 -1	 0.000000	 8.417295
286	 15	 15	 1	 0.000010	 -1	 0.000000	 7.976648
287	 15	 15	 1	 0.000014	 -1	 0.000000	 7.487073
289	 15	 15	 1	 0.000015	 -1	 0.000000	 8.305592
290	 15	 15	 1	 0.000013	 -1	 0.000000	 7.981855
291	 15	 15	 1	 0.000013	 -1	 0.000000	 8.152435
292	 15	 15	 1	 0.000014	 -1	 0.000000	 6.992521
293	 15	 15	 1	 0.000010	 -1	 0.000000	 9.682817
300	 15	 15	 1	 0.000011	 -1	 0.000000	 9.667675
301	 15	 15	 1	 0.000014	 -1	 0.000000	 8.778324
302	 15	 15	 1	 0.000015	 -1	 0.000000	 8.775518
303	 15	 15	 1	 0.000012	 -1	 0.000000	 16.362064
304	 15	 15	 1	 0.000011	 -1	 0.000000	 10.216600
305	 15	 15	 1	 0.000016	 -1	 0.000000	 7.227672
306	 15	 15	 1	 0.000014	 -1	 0.000000	 8.437674
307	 15	 15	 1	 0.000011	 -1	 0.000000	 8.701508
308	 15	 15	 1	 0.000013	 -1	 0.000000	 11.048337
309	 15	 15	 1	 0.000014	 -1	 0.000000	 9.827313
310	 15	 15	 1	 0.000010	 -1	 0.000000	 12.258798
311	 15	 15	 1	 0.000011	 -1	 0.000000	 12.537374
312	 15	 15	 1	 0.000011	 -1	 0.000000	 8.694522
313	 15	 15	 1	 0.000021	 -1	 0.000000	 6.885475
314	 15	 15	 1	 0.000013	 -1	 0.000000	 9.063869
315	 15	 15	 1	 0.000010	 -1	 0.000000	 9.400183
316	 15	 15	 1	 0.000012	 -1	 0.000000	 7.821540
317	 15	 15	 1	 0.000012	 -1	 0.000000	 6.675614
318	 15	 15	 1	 0.000014	 -1	 0.000000	 8.681973
319	 15	 15	 1	 0.000012	 -1	 0.000000	 8.406050
320	 15	 15	 1	 44.320922	 -1	 0.000000	 8.630771
321	 15	 15	 1	 0.000013	 -1	 0.000000	 7.604688
322	 15	 15	 1	 0.000015	 -1	 0.000000	 6.792294
323	 15	 15	 1	 0.000016	 -1	 0.000000	 7.309015
324	 15	 15	 1	 0.000013	 -1	 0.000000	 7.829885
325	 15	 15	 1	 0.000012	 -1	 0.000000	 8.133889
326	 15	 15	 1	 0.000015	 -1	 0.000000	 7.780057
327	 15	 15	 1	 0.000009	 -1	 0.000000	 9.570690
328	 15	 15	 1	 0.000013	 -1	 0.000000	 7.918394
329	 15	 15	 1	 0.000003	 -1	 0.000000	 13.146988
330	 15	 15	 1	 0.000013	 -1	 0.000000	 7.909481
331	 15	 15	 1	 0.000013	 -1	 0.000000	 9.215171
332	 15	 15	 1	 0.000011	 -1	 0.000000	 8.528731
333	 15	 15	 1	 0.000016	 -1	 0.000000	 11.064637
334	 15	 15	 1	 0.000009	 -1	 0.000000	 8.138800
335	 15	 15	 1	 0.000014	 -1	 0.000000	 7.735520
336	 15	 15	 1	 0.000012	 -1	 0.000000	 8.890514
337	 15	 15	 1	 0.000012	 -1	 0.000000	 7.884680
338	 15	 15	 1	 0.000012	 -1	 0.000000	 8.464641
339	 15	 15	 1	 0.000009	 -1	 0.000000	 12.473615
351	 15	 15	 1	 0.000011	 -1	 0.000000	 7.589059
354	 15	 15	 1	 0.000009	 -1	 0.000000	 11.083977
355	 15	 15	 1	 0.000021	 -1	 0.000000	 7.474649
356	 15	 15	 1	 0.000018	 -1	 0.000000	 8.233922
357	 15	 15	 1	 0.000014	 -1	 0.000000	 20.897064
358	 15	 15	 1	 0.000012	 -1	 0.000000	 10.943087
359	 15	 15	 1	 0.000012	 -1	 0.000000	 8.447721
360	 15	 15	 1	 0.000014	 -1	 0.000000	 8.479815
361	 15	 15	 1	 0.000017	 -1	 0.000000	 7.190620
362	 15	 15	 1	 0.000013	 -1	 0.000000	 9.703929
363	 15	 15	 1	 0.000015	 -1	 0.000000	 10.839450
365	 15	 15	 1	 0.000013	 -1	 0.000000	 7.376582
366	 15	 15	 1	 0.000013	 -1	 0.000000	 10.589863
367	 15	 15	 1	 0.000012	 -1	 0.000000	 7.891262
368	 15	 15	 1	 0.000019	 -1	 0.000000	 7.794690
369	 15	 15	 1	 0.000014	 -1	 0.000000	 7.748039
370	 15	 15	 1	 0.000017	 -1	 0.000000	 7.132382
371	 15	 15	 1	 0.000013	 -1	 0.000000	 7.467590
372	 15	 15	 1	 0.000015	 -1	 0.000000	 8.780931
373	 15	 15	 1	 0.000013	 -1	 0.000000	 7.583532
374	 15	 15	 1	 0.000016	 -1	 0.000000	 8.038250
375	 15	 15	 1	 0.000013	 -1	 0.000000	 11.186624
376	 15	 15	 1	 0.000012	 -1	 0.000000	 8.434398
377	 15	 15	 1	 0.000016	 -1	 0.000000	 9.434420
378	 15	 15	 1	 0.000008	 -1	 0.000000	 14.046671
379	 15	 15	 1	 0.000012	 -1	 0.000000	 8.992922
349	 15	 15	 1	 0.000041	 -1	 0.000000	 8.063240
380	 15	 15	 1	 0.000012	 -1	 0.000000	 7.776293
381	 15	 15	 1	 0.000009	 -1	 0.000000	 8.850092
382	 15	 15	 1	 0.000014	 -1	 0.000000	 8.341743
383	 15	 15	 1	 0.000007	 -1	 0.000000	 9.958380
384	 15	 15	 1	 0.000017	 -1	 0.000000	 7.354648
385	 15	 15	 1	 0.000004	 -1	 0.000000	 10.788027
386	 15	 15	 1	 0.000009	 -1	 0.000000	 8.233440
387	 15	 15	 1	 0.000012	 -1	 0.000000	 8.735159
388	 15	 15	 1	 0.000014	 -1	 0.000000	 7.683134
389	 15	 15	 1	 0.000015	 -1	 0.000000	 10.103071
398	 15	 15	 1	 0.000008	 -1	 0.000000	 7.895872
399	 15	 15	 1	 0.000013	 -1	 0.000000	 7.075500
400	 15	 15	 1	 0.000017	 -1	 0.000000	 11.800998
401	 15	 15	 1	 0.000013	 -1	 0.000000	 12.326825
402	 15	 15	 1	 0.000013	 -1	 0.000000	 6.927103
403	 15	 15	 1	 0.000012	 -1	 0.000000	 9.990157
83	 15	 15	 1	 0.000013	 -1	 0.000000	 12.023050
84	 15	 15	 1	 0.000008	 -1	 0.000000	 9.035107
85	 15	 15	 1	 0.000009	 -1	 0.000000	 8.671596
86	 15	 15	 1	 0.000012	 -1	 0.000000	 16.341908
87	 15	 15	 1	 0.000010	 -1	 0.000000	 7.403050
88	 15	 15	 1	 0.000022	 -1	 0.000000	 7.034154
89	 15	 15	 1	 0.000010	 -1	 0.000000	 8.474220
90	 15	 15	 1	 0.000023	 -1	 0.000000	 7.179018
91	 15	 15	 1	 0.000011	 -1	 0.000000	 8.234310
92	 15	 15	 1	 0.000011	 -1	 0.000000	 7.053537
93	 15	 15	 1	 0.000010	 -1	 0.000000	 13.548236
94	 15	 15	 1	 0.000010	 -1	 0.000000	 8.919664
96	 15	 15	 1	 0.000020	 -1	 0.000000	 7.461312
97	 15	 15	 1	 0.000016	 -1	 0.000000	 8.486756
98	 15	 15	 1	 0.000012	 -1	 0.000000	 12.232113
99	 15	 15	 1	 0.000008	 -1	 0.000000	 11.841581
100	 15	 15	 1	 0.000009	 -1	 0.000000	 21.055922
101	 15	 15	 1	 0.000011	 -1	 0.000000	 8.157161
102	 15	 15	 1	 0.000012	 -1	 0.000000	 7.962194
103	 15	 15	 1	 0.001353	 -1	 0.000000	 10.504362
104	 15	 15	 1	 0.000012	 -1	 0.000000	 8.231036
105	 15	 15	 1	 0.000015	 -1	 0.000000	 12.876502
106	 15	 15	 1	 0.000019	 -1	 0.000000	 6.886462
107	 15	 15	 1	 0.000016	 -1	 0.000000	 7.980315
108	 15	 15	 1	 0.000021	 -1	 0.000000	 6.146470
109	 15	 15	 1	 0.000012	 -1	 0.000000	 7.807692
110	 15	 15	 1	 0.000015	 -1	 0.000000	 8.793241
111	 15	 15	 1	 0.000011	 -1	 0.000000	 9.100012
112	 15	 15	 1	 0.000012	 -1	 0.000000	 8.764241
113	 15	 15	 1	 0.000012	 -1	 0.000000	 8.628706
114	 15	 15	 1	 0.000011	 -1	 0.000000	 10.468974
115	 15	 15	 1	 0.000012	 -1	 0.000000	 12.154081
116	 15	 15	 1	 0.000019	 -1	 0.000000	 7.208719
117	 15	 15	 1	 0.000015	 -1	 0.000000	 9.313621
118	 15	 15	 1	 0.000011	 -1	 0.000000	 15.762201
119	 15	 15	 1	 0.000017	 -1	 0.000000	 7.223347
120	 15	 15	 1	 0.000013	 -1	 0.000000	 10.811603
121	 15	 15	 1	 0.000016	 -1	 0.000000	 7.528713
122	 15	 15	 1	 0.000015	 -1	 0.000000	 11.889088
123	 15	 15	 1	 0.000013	 -1	 0.000000	 10.927525
124	 15	 15	 1	 0.000013	 -1	 0.000000	 7.489602
125	 15	 15	 1	 0.000014	 -1	 0.000000	 9.032434
126	 15	 15	 1	 0.000017	 -1	 0.000000	 8.477166
127	 15	 15	 1	 0.000015	 -1	 0.000000	 8.257375
128	 15	 15	 1	 0.000008	 -1	 0.000000	 9.700545
129	 15	 15	 1	 0.000013	 -1	 0.000000	 7.554148
130	 15	 15	 1	 0.000010	 -1	 0.000000	 9.155573
131	 15	 15	 1	 0.000016	 -1	 0.000000	 7.346030
132	 15	 15	 1	 0.000013	 -1	 0.000000	 9.094747
133	 15	 15	 1	 0.000009	 -1	 0.000000	 7.319487
134	 15	 15	 1	 0.000004	 -1	 0.000000	 8.590910
135	 15	 15	 1	 0.000013	 -1	 0.000000	 7.359816
136	 15	 15	 1	 0.000017	 -1	 0.000000	 7.884336
137	 15	 15	 1	 0.000011	 -1	 0.000000	 9.600126
138	 15	 15	 1	 0.000004	 -1	 0.000000	 7.719603
139	 15	 15	 1	 0.000013	 -1	 0.000000	 7.616724
140	 15	 15	 1	 0.000011	 -1	 0.000000	 8.034911
141	 15	 15	 1	 0.000006	 -1	 0.000000	 6.590758
142	 15	 15	 1	 0.000004	 -1	 0.000000	 7.822580
143	 15	 15	 1	 0.000013	 -1	 0.000000	 10.067110
144	 15	 15	 1	 0.000013	 -1	 0.000000	 8.569928
145	 15	 15	 1	 0.000011	 -1	 0.000000	 8.256393
146	 15	 15	 1	 0.000013	 -1	 0.000000	 8.065845
147	 15	 15	 1	 0.000012	 -1	 0.000000	 8.543171
148	 15	 15	 1	 0.000014	 -1	 0.000000	 16.817217
149	 15	 15	 1	 0.000004	 -1	 0.000000	 9.250422
150	 15	 15	 1	 0.000008	 -1	 0.000000	 8.397640
151	 15	 15	 1	 0.000011	 -1	 0.000000	 10.184343
152	 15	 15	 1	 0.000014	 -1	 0.000000	 8.495699
153	 15	 15	 1	 0.000017	 -1	 0.000000	 7.678524
154	 15	 15	 1	 0.000012	 -1	 0.000000	 9.296055
155	 15	 15	 1	 0.000011	 -1	 0.000000	 7.816498
156	 15	 15	 1	 0.000017	 -1	 0.000000	 7.451270
157	 15	 15	 1	 0.000014	 -1	 0.000000	 19.294796
158	 15	 15	 1	 0.000014	 -1	 0.000000	 9.326246
159	 15	 15	 1	 0.000014	 -1	 0.000000	 7.478625
160	 15	 15	 1	 0.000011	 -1	 0.000000	 7.594309
161	 15	 15	 1	 0.000014	 -1	 0.000000	 8.005567
162	 15	 15	 1	 0.000008	 -1	 0.000000	 10.724431
163	 15	 15	 1	 0.000011	 -1	 0.000000	 8.671996
164	 15	 15	 1	 0.000018	 -1	 0.000000	 10.662418
165	 15	 15	 1	 0.000016	 -1	 0.000000	 8.862508
166	 15	 15	 1	 0.000016	 -1	 0.000000	 9.767368
167	 15	 15	 1	 0.000012	 -1	 0.000000	 6.986513
168	 15	 15	 1	 0.000014	 -1	 0.000000	 8.622385
169	 15	 15	 1	 0.000010	 -1	 0.000000	 11.630330
170	 15	 15	 1	 0.000015	 -1	 0.000000	 7.545838
171	 15	 15	 1	 0.000014	 -1	 0.000000	 11.562130
172	 15	 15	 1	 0.000010	 -1	 0.000000	 8.851938
173	 15	 15	 1	 0.000015	 -1	 0.000000	 8.747346
174	 15	 15	 1	 0.000013	 -1	 0.000000	 8.762098
175	 15	 15	 1	 0.000014	 -1	 0.000000	 7.882552
176	 15	 15	 1	 0.000011	 -1	 0.000000	 14.001392
177	 15	 15	 1	 0.000010	 -1	 0.000000	 9.649919
178	 15	 15	 1	 0.000011	 -1	 0.000000	 8.100085
179	 15	 15	 1	 0.000011	 -1	 0.000000	 9.758198
180	 15	 15	 1	 0.000014	 -1	 0.000000	 7.234917
181	 15	 15	 1	 0.000013	 -1	 0.000000	 7.953955
182	 15	 15	 1	 0.000012	 -1	 0.000000	 7.747832
183	 15	 15	 1	 0.000017	 -1	 0.000000	 8.441963
184	 15	 15	 1	 0.000009	 -1	 0.000000	 8.546219
185	 15	 15	 1	 0.000018	 -1	 0.000000	 6.943361
186	 15	 15	 1	 0.000011	 -1	 0.000000	 9.126264
187	 15	 15	 1	 0.000009	 -1	 0.000000	 8.085893
188	 15	 15	 1	 0.000014	 -1	 0.000000	 9.387657
189	 15	 15	 1	 0.000010	 -1	 0.000000	 8.771893
190	 15	 15	 1	 0.000013	 -1	 0.000000	 9.201997
191	 15	 15	 1	 0.000010	 -1	 0.000000	 8.184146
1171	 15	 15	 0	 403.692680	 -1	 0.000000	 5.386824
192	 15	 15	 1	 0.000012	 -1	 0.000000	 7.581755
193	 15	 15	 1	 0.000019	 -1	 0.000000	 7.133734
194	 15	 15	 1	 0.000011	 -1	 0.000000	 8.481375
195	 15	 15	 1	 0.000015	 -1	 0.000000	 7.074823
196	 15	 15	 1	 0.000014	 -1	 0.000000	 11.293381
197	 15	 15	 1	 0.000014	 -1	 0.000000	 7.293140
198	 15	 15	 1	 0.000011	 -1	 0.000000	 7.929294
199	 15	 15	 1	 0.847799	 -1	 0.000000	 12.216772
200	 15	 15	 1	 0.000011	 -1	 0.000000	 7.969022
201	 15	 15	 1	 0.000014	 -1	 0.000000	 9.995204
202	 15	 15	 1	 0.000014	 -1	 0.000000	 8.296446
204	 15	 15	 1	 0.000010	 -1	 0.000000	 8.381041
205	 15	 15	 1	 0.000012	 -1	 0.000000	 7.876469
206	 15	 15	 1	 0.000013	 -1	 0.000000	 7.248192
207	 15	 15	 1	 0.000014	 -1	 0.000000	 7.680921
208	 15	 15	 1	 0.000014	 -1	 0.000000	 8.429255
209	 15	 15	 1	 0.000013	 -1	 0.000000	 9.659966
210	 15	 15	 1	 0.000015	 -1	 0.000000	 8.624749
211	 15	 15	 1	 0.000010	 -1	 0.000000	 7.298483
212	 15	 15	 1	 0.000004	 -1	 0.000000	 8.421419
213	 15	 15	 1	 0.000013	 -1	 0.000000	 7.263392
214	 15	 15	 1	 0.000018	 -1	 0.000000	 7.201200
216	 15	 15	 1	 0.000009	 -1	 0.000000	 22.584597
217	 15	 15	 1	 0.000010	 -1	 0.000000	 12.223499
218	 15	 15	 1	 0.000013	 -1	 0.000000	 8.863220
219	 15	 15	 1	 0.000017	 -1	 0.000000	 8.289177
220	 15	 15	 1	 0.000022	 -1	 0.000000	 7.324427
221	 15	 15	 1	 0.000014	 -1	 0.000000	 7.420047
222	 15	 15	 1	 0.000012	 -1	 0.000000	 8.818065
223	 15	 15	 1	 0.000013	 -1	 0.000000	 8.873976
224	 15	 15	 1	 0.000015	 -1	 0.000000	 9.784480
225	 15	 15	 1	 0.000010	 -1	 0.000000	 9.450217
226	 15	 15	 1	 0.000012	 -1	 0.000000	 10.657155
227	 15	 15	 1	 0.000019	 -1	 0.000000	 7.943708
228	 15	 15	 1	 0.000012	 -1	 0.000000	 7.860475
229	 15	 15	 1	 0.000012	 -1	 0.000000	 11.747347
230	 15	 15	 1	 0.000012	 -1	 0.000000	 8.057597
231	 15	 15	 1	 0.000012	 -1	 0.000000	 9.474510
232	 15	 15	 1	 0.000012	 -1	 0.000000	 8.396245
233	 15	 15	 1	 0.000004	 -1	 0.000000	 7.932702
234	 15	 15	 1	 0.000015	 -1	 0.000000	 11.874796
235	 15	 15	 1	 0.000011	 -1	 0.000000	 8.581768
236	 15	 15	 1	 0.000011	 -1	 0.000000	 8.352305
237	 15	 15	 1	 0.000013	 -1	 0.000000	 8.273683
238	 15	 15	 1	 0.000013	 -1	 0.000000	 8.919929
239	 15	 15	 1	 0.000013	 -1	 0.000000	 7.778849
240	 15	 15	 1	 0.000009	 -1	 0.000000	 8.181161
241	 15	 15	 0	 288.002711	 -1	 0.000000	 8.107804
242	 15	 15	 1	 0.000014	 -1	 0.000000	 6.773966
243	 15	 15	 1	 0.000013	 -1	 0.000000	 12.088211
244	 15	 15	 1	 0.000016	 -1	 0.000000	 8.551269
245	 15	 15	 1	 0.000012	 -1	 0.000000	 7.982652
246	 15	 15	 1	 0.000010	 -1	 0.000000	 11.485842
247	 15	 15	 1	 0.000019	 -1	 0.000000	 6.400558
248	 15	 15	 1	 0.000011	 -1	 0.000000	 9.529404
249	 15	 15	 1	 0.000014	 -1	 0.000000	 10.385228
250	 15	 15	 1	 0.000010	 -1	 0.000000	 9.862176
251	 15	 15	 1	 0.000011	 -1	 0.000000	 9.424865
252	 15	 15	 1	 0.000012	 -1	 0.000000	 9.036776
253	 15	 15	 1	 0.000012	 -1	 0.000000	 8.588883
254	 15	 15	 1	 0.000011	 -1	 0.000000	 8.983778
255	 15	 15	 1	 0.000013	 -1	 0.000000	 8.985488
256	 15	 15	 1	 0.000020	 -1	 0.000000	 8.594798
257	 15	 15	 1	 0.000013	 -1	 0.000000	 8.808742
258	 15	 15	 1	 0.000015	 -1	 0.000000	 8.210921
259	 15	 15	 1	 0.000010	 -1	 0.000000	 9.208657
260	 15	 15	 1	 0.000018	 -1	 0.000000	 8.133475
261	 15	 15	 1	 0.000021	 -1	 0.000000	 7.719664
262	 15	 15	 1	 0.000014	 -1	 0.000000	 7.526932
263	 15	 15	 1	 0.000012	 -1	 0.000000	 9.485395
264	 15	 15	 1	 0.000010	 -1	 0.000000	 7.364365
267	 15	 15	 1	 0.000012	 -1	 0.000000	 8.678554
268	 15	 15	 1	 0.000011	 -1	 0.000000	 9.161006
269	 15	 15	 1	 0.000009	 -1	 0.000000	 9.110162
270	 15	 15	 1	 0.000013	 -1	 0.000000	 7.449830
271	 15	 15	 0	 266.417270	 -1	 0.000000	 6.815716
273	 15	 15	 1	 0.000012	 -1	 0.000000	 8.131236
274	 15	 15	 1	 0.000009	 -1	 0.000000	 8.244599
275	 15	 15	 1	 0.000018	 -1	 0.000000	 8.012168
277	 15	 15	 1	 0.000017	 -1	 0.000000	 6.758345
278	 15	 15	 1	 0.000013	 -1	 0.000000	 7.620846
279	 15	 15	 1	 0.000011	 -1	 0.000000	 7.052415
281	 15	 15	 1	 2.147091	 -1	 0.000000	 9.180326
282	 15	 15	 0	 135.772515	 -1	 0.000000	 7.320725
284	 15	 15	 1	 0.000009	 -1	 0.000000	 8.924156
320	 15	 15	 1	 0.000013	 -1	 0.000000	 8.611612
321	 15	 15	 1	 0.000015	 -1	 0.000000	 8.656272
322	 15	 15	 1	 0.000011	 -1	 0.000000	 15.535468
323	 15	 15	 1	 0.000013	 -1	 0.000000	 10.604834
324	 15	 15	 1	 0.000014	 -1	 0.000000	 7.235969
325	 15	 15	 1	 0.000012	 -1	 0.000000	 9.580551
326	 15	 15	 1	 0.000017	 -1	 0.000000	 9.251286
327	 15	 15	 1	 0.000008	 -1	 0.000000	 9.841901
328	 15	 15	 1	 0.000011	 -1	 0.000000	 7.132853
329	 15	 15	 1	 0.000012	 -1	 0.000000	 8.981657
330	 15	 15	 1	 0.000016	 -1	 0.000000	 7.363002
331	 15	 15	 1	 0.000013	 -1	 0.000000	 8.633434
332	 15	 15	 1	 0.000013	 -1	 0.000000	 10.530336
333	 15	 15	 1	 0.000013	 -1	 0.000000	 8.084465
335	 15	 15	 1	 0.000015	 -1	 0.000000	 8.021457
336	 15	 15	 1	 0.000014	 -1	 0.000000	 8.189791
337	 15	 15	 1	 0.000012	 -1	 0.000000	 9.590750
338	 15	 15	 1	 0.000011	 -1	 0.000000	 7.939498
340	 15	 15	 1	 0.000014	 -1	 0.000000	 7.779189
341	 15	 15	 1	 0.000011	 -1	 0.000000	 8.626213
342	 15	 15	 1	 0.000014	 -1	 0.000000	 7.388914
344	 15	 15	 1	 0.000010	 -1	 0.000000	 8.121058
345	 15	 15	 1	 0.000014	 -1	 0.000000	 10.365963
346	 15	 15	 1	 0.000010	 -1	 0.000000	 9.966872
353	 15	 15	 1	 0.000003	 -1	 0.000000	 10.320981
354	 15	 15	 1	 0.000013	 -1	 0.000000	 11.075679
355	 15	 15	 1	 0.000024	 -1	 0.000000	 8.512009
356	 15	 15	 1	 0.000013	 -1	 0.000000	 10.434191
357	 15	 15	 1	 0.151471	 -1	 0.000000	 10.762138
358	 15	 15	 1	 0.000017	 -1	 0.000000	 7.105554
359	 15	 15	 1	 0.000012	 -1	 0.000000	 7.721493
365	 15	 15	 1	 0.000011	 -1	 0.000000	 8.307564
366	 15	 15	 1	 0.000012	 -1	 0.000000	 7.924592
367	 15	 15	 1	 0.000013	 -1	 0.000000	 8.289076
368	 15	 15	 1	 0.000011	 -1	 0.000000	 8.031356
369	 15	 15	 1	 0.000011	 -1	 0.000000	 8.227565
370	 15	 15	 1	 0.000009	 -1	 0.000000	 9.027062
371	 15	 15	 1	 0.000013	 -1	 0.000000	 9.306174
372	 15	 15	 1	 0.000013	 -1	 0.000000	 7.541708
373	 15	 15	 1	 0.000015	 -1	 0.000000	 8.897127
374	 15	 15	 1	 0.000016	 -1	 0.000000	 7.876945
375	 15	 15	 1	 0.000011	 -1	 0.000000	 7.695437
376	 15	 15	 1	 0.000004	 -1	 0.000000	 8.836439
377	 15	 15	 1	 0.000017	 -1	 0.000000	 7.492390
378	 15	 15	 1	 0.000011	 -1	 0.000000	 7.600865
379	 15	 15	 1	 0.000012	 -1	 0.000000	 7.653975
380	 15	 15	 1	 0.000010	 -1	 0.000000	 10.162663
381	 15	 15	 1	 0.000012	 -1	 0.000000	 8.356319
382	 15	 15	 1	 0.000013	 -1	 0.000000	 7.992257
383	 15	 15	 1	 0.000016	 -1	 0.000000	 6.193398
384	 15	 15	 1	 0.000019	 -1	 0.000000	 7.006696
385	 15	 15	 1	 0.000014	 -1	 0.000000	 7.927223
386	 15	 15	 1	 0.000010	 -1	 0.000000	 8.741949
387	 15	 15	 1	 0.000014	 -1	 0.000000	 6.938308
388	 15	 15	 1	 0.000017	 -1	 0.000000	 7.392658
389	 15	 15	 1	 0.000011	 -1	 0.000000	 10.254539
390	 15	 15	 1	 0.000010	 -1	 0.000000	 7.703360
391	 15	 15	 1	 0.000011	 -1	 0.000000	 8.259574
392	 15	 15	 1	 0.000010	 -1	 0.000000	 9.863147
393	 15	 15	 1	 0.000019	 -1	 0.000000	 7.855150
394	 15	 15	 1	 0.000013	 -1	 0.000000	 8.075751
395	 15	 15	 1	 0.000011	 -1	 0.000000	 9.222338
396	 15	 15	 1	 0.000012	 -1	 0.000000	 9.121787
397	 15	 15	 1	 0.000009	 -1	 0.000000	 7.421839
398	 15	 15	 1	 0.000013	 -1	 0.000000	 11.178186
399	 15	 15	 1	 0.000013	 -1	 0.000000	 8.508396
400	 15	 15	 1	 0.000013	 -1	 0.000000	 15.567080
401	 15	 15	 1	 0.000017	 -1	 0.000000	 10.322805
402	 15	 15	 1	 0.000010	 -1	 0.000000	 7.480068
403	 15	 15	 1	 0.000013	 -1	 0.000000	 9.755222
404	 15	 15	 1	 0.000012	 -1	 0.000000	 8.110035
405	 15	 15	 1	 0.000015	 -1	 0.000000	 8.649868
406	 15	 15	 1	 0.000013	 -1	 0.000000	 8.109534
407	 15	 15	 1	 0.000012	 -1	 0.000000	 8.551987
408	 15	 15	 1	 0.000014	 -1	 0.000000	 8.636405
409	 15	 15	 1	 0.000009	 -1	 0.000000	 9.258610
410	 15	 15	 1	 0.000011	 -1	 0.000000	 9.811810
411	 15	 15	 1	 0.000010	 -1	 0.000000	 7.468184
412	 15	 15	 1	 0.000014	 -1	 0.000000	 7.043514
413	 15	 15	 1	 0.000014	 -1	 0.000000	 8.891941
414	 15	 15	 1	 0.000009	 -1	 0.000000	 8.549202
415	 15	 15	 1	 0.000014	 -1	 0.000000	 8.284314
416	 15	 15	 1	 0.000011	 -1	 0.000000	 8.647075
417	 15	 15	 1	 0.000016	 -1	 0.000000	 8.575827
419	 15	 15	 1	 0.000011	 -1	 0.000000	 7.779201
420	 15	 15	 1	 0.000013	 -1	 0.000000	 11.391156
421	 15	 15	 1	 0.000011	 -1	 0.000000	 10.433349
422	 15	 15	 1	 0.000013	 -1	 0.000000	 20.887386
423	 15	 15	 1	 0.000012	 -1	 0.000000	 7.649541
424	 15	 15	 1	 0.000012	 -1	 0.000000	 10.053430
425	 15	 15	 1	 0.000016	 -1	 0.000000	 9.831849
426	 15	 15	 1	 0.000016	 -1	 0.000000	 6.806840
427	 15	 15	 1	 0.000013	 -1	 0.000000	 7.931090
428	 15	 15	 1	 0.000009	 -1	 0.000000	 7.997801
429	 15	 15	 1	 0.000014	 -1	 0.000000	 7.681549
430	 15	 15	 1	 0.000017	 -1	 0.000000	 7.819932
431	 15	 15	 0	 75.419630	 -1	 0.000000	 9.062104
432	 15	 15	 1	 0.000014	 -1	 0.000000	 8.403644
433	 15	 15	 1	 0.000012	 -1	 0.000000	 8.474202
434	 15	 15	 1	 0.000012	 -1	 0.000000	 7.402686
435	 15	 15	 1	 0.000013	 -1	 0.000000	 8.220914
436	 15	 15	 1	 0.000008	 -1	 0.000000	 8.753298
437	 15	 15	 1	 0.000014	 -1	 0.000000	 8.409617
438	 15	 15	 1	 0.000010	 -1	 0.000000	 8.970377
439	 15	 15	 1	 0.000016	 -1	 0.000000	 7.560170
440	 15	 15	 1	 0.000020	 -1	 0.000000	 8.810226
441	 15	 15	 1	 0.000014	 -1	 0.000000	 9.222468
442	 15	 15	 1	 0.000014	 -1	 0.000000	 8.037121
443	 15	 15	 1	 0.000008	 -1	 0.000000	 11.281534
444	 15	 15	 0	 187.860426	 -1	 0.000000	 7.303892
445	 15	 15	 1	 0.000011	 -1	 0.000000	 9.802727
446	 15	 15	 1	 0.000012	 -1	 0.000000	 7.805657
447	 15	 15	 1	 0.000013	 -1	 0.000000	 8.981191
448	 15	 15	 1	 0.000009	 -1	 0.000000	 8.479792
456	 15	 15	 1	 0.000014	 -1	 0.000000	 8.113059
457	 15	 15	 1	 0.000012	 -1	 0.000000	 9.255144
458	 15	 15	 1	 0.000011	 -1	 0.000000	 7.988468
459	 15	 15	 1	 0.000009	 -1	 0.000000	 11.874074
460	 15	 15	 1	 0.000018	 -1	 0.000000	 6.954449
461	 15	 15	 1	 0.000013	 -1	 0.000000	 8.951359
467	 15	 15	 1	 0.000010	 -1	 0.000000	 9.064368
468	 15	 15	 1	 0.000011	 -1	 0.000000	 8.154263
469	 15	 15	 1	 0.000011	 -1	 0.000000	 9.254149
470	 15	 15	 1	 0.000010	 -1	 0.000000	 9.343798
471	 15	 15	 1	 0.000012	 -1	 0.000000	 9.175613
472	 15	 15	 1	 98.333058	 -1	 0.000000	 11.058653
473	 15	 15	 1	 0.000011	 -1	 0.000000	 7.151666
474	 15	 15	 1	 0.000012	 -1	 0.000000	 8.149121
475	 15	 15	 1	 0.000012	 -1	 0.000000	 8.170220
477	 15	 15	 1	 0.000009	 -1	 0.000000	 9.175831
478	 15	 15	 1	 0.000012	 -1	 0.000000	 10.722360
479	 15	 15	 1	 0.000014	 -1	 0.000000	 7.054150
>>> gr_fir_ccf: using E
>>> gr_fir_fff: using E
terminate called after throwing an instance of 'std::invalid_argument'
  what():  gr_ofdm_demod: Incorrect subcarriers allocated
>>> gr_fir_ccf: using E
>>> gr_fir_fff: using E
gr_buffer::allocate_buffer: warning: tried to allocate
   47 items of size 1392. Due to alignment requirements
   256 were allocated.  If this isn't OK, consider padding
   your structure to a power-of-two bytes.
   On this platform, our allocation granularity is 4096 bytes.
81	 5	 5	 1	 0.000910	 -1	 0.000000	 8.773541
82	 5	 5	 1	 0.000818	 -1	 0.000000	 14.627543
83	 5	 5	 1	 0.001384	 -1	 0.000000	 9.224443
84	 5	 5	 1	 0.000607	 -1	 0.000000	 9.192512
85	 5	 5	 1	 0.000936	 -1	 0.000000	 8.902246
86	 5	 5	 1	 0.001114	 -1	 0.000000	 8.418000
87	 5	 5	 1	 0.000765	 -1	 0.000000	 9.760670
88	 5	 5	 1	 0.000732	 -1	 0.000000	 11.279585
89	 5	 5	 1	 0.000705	 -1	 0.000000	 8.201688
90	 5	 5	 1	 0.000868	 -1	 0.000000	 9.024931
91	 5	 5	 1	 0.000943	 -1	 0.000000	 7.984244
92	 5	 5	 1	 0.000876	 -1	 0.000000	 14.142462
93	 5	 5	 1	 0.000776	 -1	 0.000000	 8.446322
95	 5	 5	 1	 0.000593	 -1	 0.000000	 7.581214
96	 5	 5	 1	 0.000367	 -1	 0.000000	 8.562617
97	 5	 5	 1	 0.000631	 -1	 0.000000	 7.943246
98	 5	 5	 1	 0.000830	 -1	 0.000000	 8.528375
99	 5	 5	 1	 0.000724	 -1	 0.000000	 8.430738
100	 5	 5	 1	 0.000819	 -1	 0.000000	 8.935392
102	 5	 5	 1	 0.000798	 -1	 0.000000	 7.656383
103	 5	 5	 1	 0.001266	 -1	 0.000000	 7.801249
104	 5	 5	 1	 0.001012	 -1	 0.000000	 8.726093
105	 5	 5	 1	 0.000659	 -1	 0.000000	 7.867888
106	 5	 5	 1	 0.000621	 -1	 0.000000	 9.075900
107	 5	 5	 1	 0.000525	 -1	 0.000000	 8.665242
108	 5	 5	 1	 0.000954	 -1	 0.000000	 9.169877
109	 5	 5	 0	 289.618805	 -1	 0.000000	 9.512281
110	 5	 5	 1	 0.000919	 -1	 0.000000	 8.604976
111	 5	 5	 1	 0.000622	 -1	 0.000000	 8.689467
112	 5	 5	 1	 0.000299	 -1	 0.000000	 9.804681
113	 5	 5	 1	 0.001840	 -1	 0.000000	 7.954521
114	 5	 5	 1	 0.000875	 -1	 0.000000	 8.211134
115	 5	 5	 1	 0.001305	 -1	 0.000000	 11.666437
116	 5	 5	 1	 0.000914	 -1	 0.000000	 15.794387
117	 5	 5	 1	 0.001024	 -1	 0.000000	 7.230783
118	 5	 5	 1	 0.000724	 -1	 0.000000	 8.459478
119	 5	 5	 1	 0.001190	 -1	 0.000000	 8.596605
120	 5	 5	 1	 0.001077	 -1	 0.000000	 7.386371
121	 5	 5	 1	 0.000883	 -1	 0.000000	 8.180321
122	 5	 5	 1	 0.000301	 -1	 0.000000	 10.276338
123	 5	 5	 1	 0.000413	 -1	 0.000000	 8.629279
124	 5	 5	 1	 0.000398	 -1	 0.000000	 7.608846
125	 5	 5	 1	 0.000830	 -1	 0.000000	 14.660284
127	 5	 5	 1	 0.000814	 -1	 0.000000	 10.019850
128	 5	 5	 1	 0.002215	 -1	 0.000000	 6.692683
129	 5	 5	 1	 0.001620	 -1	 0.000000	 9.035990
130	 5	 5	 1	 0.000845	 -1	 0.000000	 8.150065
131	 5	 5	 1	 0.000758	 -1	 0.000000	 7.632226
132	 5	 5	 1	 0.000426	 -1	 0.000000	 7.463498
133	 5	 5	 1	 0.001872	 -1	 0.000000	 6.654625
134	 5	 5	 1	 0.000552	 -1	 0.000000	 9.751996
135	 5	 5	 0	 229.655377	 -1	 0.000000	 9.560101
136	 5	 5	 1	 0.001500	 -1	 0.000000	 7.430026
137	 5	 5	 1	 0.000687	 -1	 0.000000	 9.239170
138	 5	 5	 1	 0.001316	 -1	 0.000000	 7.781484
139	 5	 5	 1	 0.000543	 -1	 0.000000	 7.896361
140	 5	 5	 1	 0.000766	 -1	 0.000000	 9.106375
141	 5	 5	 1	 0.001058	 -1	 0.000000	 7.810116
142	 5	 5	 1	 0.000650	 -1	 0.000000	 9.492910
143	 5	 5	 1	 0.000852	 -1	 0.000000	 8.949767
144	 5	 5	 1	 0.000452	 -1	 0.000000	 16.524921
145	 5	 5	 1	 0.000889	 -1	 0.000000	 8.466077
147	 5	 5	 1	 0.000620	 -1	 0.000000	 9.503119
148	 5	 5	 1	 0.000702	 -1	 0.000000	 10.286542
149	 5	 5	 1	 0.001006	 -1	 0.000000	 7.585767
150	 5	 5	 1	 0.001382	 -1	 0.000000	 8.701119
151	 5	 5	 1	 0.000935	 -1	 0.000000	 9.430791
152	 5	 5	 1	 0.001436	 -1	 0.000000	 6.853135
153	 5	 5	 1	 0.001094	 -1	 0.000000	 10.468139
154	 5	 5	 1	 0.000339	 -1	 0.000000	 8.555546
155	 5	 5	 1	 0.000968	 -1	 0.000000	 7.550336
156	 5	 5	 1	 0.000879	 -1	 0.000000	 10.625347
157	 5	 5	 1	 0.000667	 -1	 0.000000	 12.775655
158	 5	 5	 1	 0.000990	 -1	 0.000000	 12.871759
159	 5	 5	 1	 0.000910	 -1	 0.000000	 8.497667
160	 5	 5	 1	 0.000686	 -1	 0.000000	 9.380486
161	 5	 5	 1	 0.000753	 -1	 0.000000	 8.750188
162	 5	 5	 1	 0.000913	 -1	 0.000000	 8.884146
163	 5	 5	 1	 0.000888	 -1	 0.000000	 8.212295
164	 5	 5	 1	 0.000669	 -1	 0.000000	 8.541919
165	 5	 5	 1	 0.001137	 -1	 0.000000	 7.933603
166	 5	 5	 1	 0.000981	 -1	 0.000000	 7.497600
167	 5	 5	 1	 0.000739	 -1	 0.000000	 7.301122
168	 5	 5	 1	 0.001799	 -1	 0.000000	 6.584384
169	 5	 5	 1	 0.000900	 -1	 0.000000	 9.344736
170	 5	 5	 1	 0.001041	 -1	 0.000000	 9.096910
171	 5	 5	 1	 0.001087	 -1	 0.000000	 12.443531
172	 5	 5	 1	 0.000955	 -1	 0.000000	 7.086712
173	 5	 5	 1	 0.000753	 -1	 0.000000	 8.191967
174	 5	 5	 1	 0.001030	 -1	 0.000000	 14.551452
175	 5	 5	 1	 0.001699	 -1	 0.000000	 7.922321
176	 5	 5	 1	 0.000555	 -1	 0.000000	 13.796927
177	 5	 5	 1	 0.000765	 -1	 0.000000	 8.421209
178	 5	 5	 1	 0.000462	 -1	 0.000000	 7.655317
179	 5	 5	 1	 0.001136	 -1	 0.000000	 10.477966
180	 5	 5	 1	 0.001747	 -1	 0.000000	 6.922147
181	 5	 5	 1	 0.001142	 -1	 0.000000	 7.157439
183	 5	 5	 1	 0.000891	 -1	 0.000000	 11.911577
184	 5	 5	 1	 0.001048	 -1	 0.000000	 7.964121
185	 5	 5	 1	 0.001725	 -1	 0.000000	 8.780492
186	 5	 5	 1	 0.000928	 -1	 0.000000	 7.751951
187	 5	 5	 1	 0.000888	 -1	 0.000000	 7.999937
188	 5	 5	 1	 0.000592	 -1	 0.000000	 10.786133
189	 5	 5	 1	 0.000759	 -1	 0.000000	 9.230455
190	 5	 5	 1	 0.001426	 -1	 0.000000	 7.905133
191	 5	 5	 1	 0.001307	 -1	 0.000000	 9.599468
192	 5	 5	 1	 0.000705	 -1	 0.000000	 7.327017
193	 5	 5	 1	 0.000927	 -1	 0.000000	 8.520638
194	 5	 5	 1	 0.000696	 -1	 0.000000	 7.302729
195	 5	 5	 1	 0.000894	 -1	 0.000000	 14.228276
196	 5	 5	 1	 0.000590	 -1	 0.000000	 9.456903
197	 5	 5	 1	 0.000908	 -1	 0.000000	 8.250074
198	 5	 5	 1	 0.000499	 -1	 0.000000	 7.707981
199	 5	 5	 1	 0.000745	 -1	 0.000000	 9.599645
200	 5	 5	 1	 0.001153	 -1	 0.000000	 10.110041
201	 5	 5	 1	 0.000675	 -1	 0.000000	 12.490814
202	 5	 5	 1	 0.001893	 -1	 0.000000	 7.618384
204	 5	 5	 1	 0.000610	 -1	 0.000000	 8.681804
205	 5	 5	 1	 0.000911	 -1	 0.000000	 9.346344
206	 5	 5	 1	 0.000648	 -1	 0.000000	 9.079216
207	 5	 5	 1	 0.000807	 -1	 0.000000	 9.411736
208	 5	 5	 1	 0.001938	 -1	 0.000000	 8.879897
209	 5	 5	 1	 0.001329	 -1	 0.000000	 7.142206
210	 5	 5	 1	 0.000671	 -1	 0.000000	 9.727010
211	 5	 5	 1	 0.000880	 -1	 0.000000	 8.080915
212	 5	 5	 1	 0.001188	 -1	 0.000000	 6.991109
213	 5	 5	 1	 0.000917	 -1	 0.000000	 7.631846
214	 5	 5	 1	 0.000944	 -1	 0.000000	 8.519162
215	 5	 5	 1	 0.001133	 -1	 0.000000	 7.886147
216	 5	 5	 1	 0.000802	 -1	 0.000000	 8.328150
217	 5	 5	 1	 0.000745	 -1	 0.000000	 8.096308
218	 5	 5	 1	 0.001007	 -1	 0.000000	 7.033153
219	 5	 5	 1	 0.001206	 -1	 0.000000	 7.669213
220	 5	 5	 1	 0.000467	 -1	 0.000000	 7.882351
221	 5	 5	 1	 0.000587	 -1	 0.000000	 9.086566
222	 5	 5	 1	 0.000660	 -1	 0.000000	 9.839373
223	 5	 5	 1	 0.000756	 -1	 0.000000	 8.964581
224	 5	 5	 1	 0.000926	 -1	 0.000000	 6.820666
225	 5	 5	 1	 0.001144	 -1	 0.000000	 7.455273
226	 5	 5	 1	 0.000538	 -1	 0.000000	 13.556819
228	 5	 5	 1	 0.000877	 -1	 0.000000	 8.314530
229	 5	 5	 1	 0.002243	 -1	 0.000000	 7.279457
230	 5	 5	 1	 0.001399	 -1	 0.000000	 9.081551
231	 5	 5	 1	 0.000983	 -1	 0.000000	 10.133752
232	 5	 5	 1	 0.000802	 -1	 0.000000	 8.859537
233	 5	 5	 1	 0.003894	 -1	 0.000000	 8.258684
234	 5	 5	 1	 0.001367	 -1	 0.000000	 7.021133
235	 5	 5	 1	 0.000506	 -1	 0.000000	 9.790643
236	 5	 5	 1	 0.000579	 -1	 0.000000	 7.478705
237	 5	 5	 1	 0.000815	 -1	 0.000000	 11.640215
238	 5	 5	 1	 0.000708	 -1	 0.000000	 9.265918
239	 5	 5	 1	 0.000892	 -1	 0.000000	 6.539187
240	 5	 5	 1	 0.000806	 -1	 0.000000	 7.815850
241	 5	 5	 1	 0.001007	 -1	 0.000000	 8.299386
242	 5	 5	 1	 0.000404	 -1	 0.000000	 8.688224
243	 5	 5	 1	 0.001889	 -1	 0.000000	 8.855183
245	 5	 5	 1	 0.000681	 -1	 0.000000	 7.663897
247	 5	 5	 1	 0.000807	 -1	 0.000000	 8.569899
248	 5	 5	 1	 0.000601	 -1	 0.000000	 8.973175
249	 5	 5	 1	 0.000818	 -1	 0.000000	 10.118069
250	 5	 5	 1	 0.000674	 -1	 0.000000	 9.709764
252	 5	 5	 1	 0.000857	 -1	 0.000000	 7.955690
253	 5	 5	 1	 0.000931	 -1	 0.000000	 7.428421
254	 5	 5	 1	 0.000754	 -1	 0.000000	 8.640829
255	 5	 5	 1	 0.000652	 -1	 0.000000	 7.335134
257	 5	 5	 1	 0.000776	 -1	 0.000000	 7.671981
259	 5	 5	 1	 0.000563	 -1	 0.000000	 9.650591
260	 5	 5	 1	 0.001006	 -1	 0.000000	 7.036754
261	 5	 5	 1	 0.000862	 -1	 0.000000	 8.640186
264	 5	 5	 0	 183.107724	 -1	 0.000000	 7.699052
265	 5	 5	 1	 0.000665	 -1	 0.000000	 9.795249
266	 5	 5	 1	 0.001432	 -1	 0.000000	 7.950843
268	 5	 5	 1	 0.000619	 -1	 0.000000	 10.777490
269	 5	 5	 1	 0.000590	 -1	 0.000000	 8.115088
270	 5	 5	 1	 0.000782	 -1	 0.000000	 11.054580
271	 5	 5	 1	 0.001149	 -1	 0.000000	 6.759980
272	 5	 5	 1	 0.000886	 -1	 0.000000	 9.072587
274	 5	 5	 1	 0.001209	 -1	 0.000000	 7.607311
276	 5	 5	 1	 58.942938	 -1	 0.000000	 7.606726
277	 5	 5	 1	 0.000768	 -1	 0.000000	 8.545171
278	 5	 5	 1	 0.001358	 -1	 0.000000	 7.002524
279	 5	 5	 0	 252.505639	 -1	 0.000000	 6.567104
280	 5	 5	 0	 289.424992	 -1	 0.000000	 9.489820
282	 5	 5	 1	 0.000583	 -1	 0.000000	 10.620193
285	 5	 5	 1	 0.000546	 -1	 0.000000	 7.802910
286	 5	 5	 1	 0.000892	 -1	 0.000000	 11.456923
320	 5	 5	 1	 0.000769	 -1	 0.000000	 9.270206
321	 5	 5	 1	 0.001033	 -1	 0.000000	 6.547301
322	 5	 5	 1	 0.000712	 -1	 0.000000	 8.030469
323	 5	 5	 1	 0.001229	 -1	 0.000000	 6.893575
324	 5	 5	 1	 0.000799	 -1	 0.000000	 8.067725
325	 5	 5	 1	 0.001377	 -1	 0.000000	 7.619417
327	 5	 5	 1	 0.000639	 -1	 0.000000	 7.666802
328	 5	 5	 1	 0.000745	 -1	 0.000000	 7.947602
329	 5	 5	 1	 0.000591	 -1	 0.000000	 8.285713
331	 5	 5	 1	 0.000633	 -1	 0.000000	 10.809040
332	 5	 5	 1	 0.000575	 -1	 0.000000	 10.655699
333	 5	 5	 1	 0.000888	 -1	 0.000000	 7.953374
334	 5	 5	 0	 174.994896	 -1	 0.000000	 8.045172
335	 5	 5	 1	 0.000676	 -1	 0.000000	 10.190938
336	 5	 5	 1	 0.001120	 -1	 0.000000	 7.588485
337	 5	 5	 1	 0.001008	 -1	 0.000000	 9.486900
338	 5	 5	 1	 0.001364	 -1	 0.000000	 8.912947
339	 5	 5	 1	 0.000735	 -1	 0.000000	 9.531231
340	 5	 5	 1	 0.000543	 -1	 0.000000	 10.391227
341	 5	 5	 1	 0.000959	 -1	 0.000000	 10.170129
342	 5	 5	 1	 0.000987	 -1	 0.000000	 7.549496
343	 5	 5	 1	 0.000653	 -1	 0.000000	 8.397685
344	 5	 5	 1	 0.001294	 -1	 0.000000	 7.416426
345	 5	 5	 1	 0.000620	 -1	 0.000000	 7.328208
346	 5	 5	 1	 0.000769	 -1	 0.000000	 9.235249
347	 5	 5	 1	 0.000981	 -1	 0.000000	 9.029643
349	 5	 5	 1	 0.000744	 -1	 0.000000	 9.029066
350	 5	 5	 1	 0.001714	 -1	 0.000000	 7.909604
351	 5	 5	 1	 0.000692	 -1	 0.000000	 8.881092
80	 7	 7	 1	 0.017622	 -1	 0.000000	 8.077509
81	 7	 7	 1	 0.017236	 -1	 0.000000	 8.614838
82	 7	 7	 1	 0.014768	 -1	 0.000000	 7.476206
83	 7	 7	 1	 0.015113	 -1	 0.000000	 8.258729
84	 7	 7	 1	 0.015164	 -1	 0.000000	 8.886074
85	 7	 7	 1	 0.015122	 -1	 0.000000	 7.670938
86	 7	 7	 1	 0.018564	 -1	 0.000000	 7.308079
87	 7	 7	 1	 33.163136	 -1	 0.000000	 8.804530
88	 7	 7	 0	 397.805259	 -1	 0.000000	 7.568590
89	 7	 7	 1	 0.017699	 -1	 0.000000	 9.598654
90	 7	 7	 1	 0.023868	 -1	 0.000000	 7.024241
91	 7	 7	 1	 0.015522	 -1	 0.000000	 7.359649
92	 7	 7	 1	 0.010316	 -1	 0.000000	 8.994372
94	 7	 7	 1	 0.019104	 -1	 0.000000	 13.376335
95	 7	 7	 1	 0.017606	 -1	 0.000000	 10.030097
96	 7	 7	 1	 0.014695	 -1	 0.000000	 9.963058
97	 7	 7	 1	 0.023381	 -1	 0.000000	 8.120387
98	 7	 7	 1	 0.014032	 -1	 0.000000	 11.191221
99	 7	 7	 1	 0.015463	 -1	 0.000000	 9.359545
100	 7	 7	 1	 0.034562	 -1	 0.000000	 7.412183
101	 7	 7	 1	 0.014855	 -1	 0.000000	 8.508130
102	 7	 7	 1	 0.014434	 -1	 0.000000	 7.926572
103	 7	 7	 1	 0.018957	 -1	 0.000000	 11.891822
104	 7	 7	 1	 0.018829	 -1	 0.000000	 7.992805
105	 7	 7	 1	 0.016161	 -1	 0.000000	 8.736174
106	 7	 7	 1	 0.021196	 -1	 0.000000	 10.614020
107	 7	 7	 1	 0.014848	 -1	 0.000000	 8.316868
108	 7	 7	 1	 0.017354	 -1	 0.000000	 8.131055
109	 7	 7	 1	 0.019755	 -1	 0.000000	 9.797578
110	 7	 7	 0	 390.432824	 -1	 0.000000	 14.088253
111	 7	 7	 1	 0.020402	 -1	 0.000000	 11.052224
112	 7	 7	 1	 0.012468	 -1	 0.000000	 13.833625
81	 7	 7	 0	 390.918071	 -1	 0.000000	 9.531297
82	 7	 7	 1	 0.001774	 -1	 0.000000	 7.538738
3263	 7	 7	 0	 407.346382	 -1	 0.000000	 5.096255
83	 7	 7	 1	 0.022021	 -1	 0.000000	 7.886019
84	 7	 7	 1	 0.014248	 -1	 0.000000	 9.462611
85	 7	 7	 0	 178.211460	 -1	 0.000000	 10.474494
86	 7	 7	 1	 0.020437	 -1	 0.000000	 7.084538
87	 7	 7	 1	 0.016947	 -1	 0.000000	 7.303836
88	 7	 7	 0	 396.148578	 -1	 0.000000	 9.721665
89	 7	 7	 1	 0.014389	 -1	 0.000000	 6.797574
90	 7	 7	 1	 0.002710	 -1	 0.000000	 7.129255
92	 7	 7	 1	 0.012016	 -1	 0.000000	 15.074854
93	 7	 7	 1	 0.015610	 -1	 0.000000	 8.328801
94	 7	 7	 1	 0.015043	 -1	 0.000000	 7.498137
95	 7	 7	 1	 0.022365	 -1	 0.000000	 7.432434
96	 7	 7	 1	 0.019983	 -1	 0.000000	 9.231345
97	 7	 7	 1	 0.023785	 -1	 0.000000	 7.855157
98	 7	 7	 1	 0.015493	 -1	 0.000000	 12.159306
99	 7	 7	 1	 107.907546	 -1	 0.000000	 10.974759
100	 7	 7	 1	 0.025719	 -1	 0.000000	 7.257109
101	 7	 7	 1	 0.013673	 -1	 0.000000	 9.289548
102	 7	 7	 1	 0.018647	 -1	 0.000000	 7.213201
103	 7	 7	 1	 0.014147	 -1	 0.000000	 9.516939
104	 7	 7	 1	 0.012317	 -1	 0.000000	 11.654835
105	 7	 7	 1	 0.018251	 -1	 0.000000	 8.493088
106	 7	 7	 1	 0.017225	 -1	 0.000000	 8.479609
107	 7	 7	 0	 115.592319	 -1	 0.000000	 8.368039
109	 7	 7	 1	 0.019049	 -1	 0.000000	 7.439174
110	 7	 7	 1	 0.016430	 -1	 0.000000	 7.917477
111	 7	 7	 1	 0.020063	 -1	 0.000000	 10.982057
112	 7	 7	 1	 0.020475	 -1	 0.000000	 9.002684
113	 7	 7	 1	 0.013166	 -1	 0.000000	 10.547950
114	 7	 7	 1	 1.559103	 -1	 0.000000	 7.704669
115	 7	 7	 1	 0.017037	 -1	 0.000000	 13.241838
116	 7	 7	 1	 0.021999	 -1	 0.000000	 10.102997
117	 7	 7	 1	 0.017774	 -1	 0.000000	 7.379845
118	 7	 7	 0	 338.548375	 -1	 0.000000	 15.294758
119	 7	 7	 1	 0.015386	 -1	 0.000000	 7.664168
120	 7	 7	 1	 0.001934	 -1	 0.000000	 7.610223
121	 7	 7	 1	 0.015192	 -1	 0.000000	 7.735054
122	 7	 7	 0	 391.635979	 -1	 0.000000	 8.536556
123	 7	 7	 1	 0.014031	 -1	 0.000000	 8.790890
124	 7	 7	 1	 0.023882	 -1	 0.000000	 8.219002
125	 7	 7	 0	 365.186510	 -1	 0.000000	 13.650461
126	 7	 7	 0	 409.568426	 -1	 0.000000	 12.507293
127	 7	 7	 0	 418.038957	 -1	 0.000000	 8.629932
128	 7	 7	 1	 0.014821	 -1	 0.000000	 7.778603
129	 7	 7	 1	 0.016383	 -1	 0.000000	 8.485653
130	 7	 7	 1	 0.016714	 -1	 0.000000	 7.545551
131	 7	 7	 1	 0.015945	 -1	 0.000000	 7.091509
132	 7	 7	 1	 0.014064	 -1	 0.000000	 8.335292
133	 7	 7	 1	 0.012492	 -1	 0.000000	 9.643409
134	 7	 7	 1	 0.001939	 -1	 0.000000	 8.197597
135	 7	 7	 1	 0.021751	 -1	 0.000000	 7.356272
136	 7	 7	 1	 0.019667	 -1	 0.000000	 11.463507
137	 7	 7	 1	 0.015555	 -1	 0.000000	 9.476045
138	 7	 7	 1	 0.012750	 -1	 0.000000	 10.906385
139	 7	 7	 1	 0.014181	 -1	 0.000000	 12.209172
140	 7	 7	 1	 0.016628	 -1	 0.000000	 8.765101
141	 7	 7	 1	 0.014847	 -1	 0.000000	 8.969501
142	 7	 7	 1	 0.015546	 -1	 0.000000	 13.002460
143	 7	 7	 1	 0.340353	 -1	 0.000000	 10.480290
144	 7	 7	 1	 0.020659	 -1	 0.000000	 8.822425
145	 7	 7	 1	 0.013059	 -1	 0.000000	 8.843640
146	 7	 7	 1	 0.019904	 -1	 0.000000	 8.310852
147	 7	 7	 1	 0.011348	 -1	 0.000000	 8.732831
148	 7	 7	 1	 0.018898	 -1	 0.000000	 7.906950
150	 7	 7	 1	 0.013211	 -1	 0.000000	 9.818243
151	 7	 7	 1	 0.018070	 -1	 0.000000	 8.131635
152	 7	 7	 1	 0.013842	 -1	 0.000000	 9.473074
153	 7	 7	 1	 0.016418	 -1	 0.000000	 8.140889
154	 7	 7	 1	 0.014071	 -1	 0.000000	 9.244932
155	 7	 7	 1	 0.013015	 -1	 0.000000	 7.803363
156	 7	 7	 1	 0.019530	 -1	 0.000000	 10.853426
157	 7	 7	 1	 0.018862	 -1	 0.000000	 9.763401
158	 7	 7	 1	 0.020579	 -1	 0.000000	 7.964691
159	 7	 7	 0	 348.000394	 -1	 0.000000	 13.012531
160	 7	 7	 1	 0.014294	 -1	 0.000000	 11.837667
161	 7	 7	 1	 0.013160	 -1	 0.000000	 8.181628
162	 7	 7	 0	 157.950934	 -1	 0.000000	 9.714322
163	 7	 7	 1	 0.014911	 -1	 0.000000	 8.654050
164	 7	 7	 1	 0.025160	 -1	 0.000000	 7.316368
165	 7	 7	 1	 0.015909	 -1	 0.000000	 11.181672
166	 7	 7	 1	 0.013225	 -1	 0.000000	 8.738059
167	 7	 7	 1	 0.017675	 -1	 0.000000	 11.279862
168	 7	 7	 1	 0.023953	 -1	 0.000000	 8.478557
169	 7	 7	 0	 327.504093	 -1	 0.000000	 13.708526
171	 7	 7	 1	 0.019244	 -1	 0.000000	 8.539722
172	 7	 7	 1	 0.030070	 -1	 0.000000	 11.820125
173	 7	 7	 1	 0.022446	 -1	 0.000000	 11.128434
174	 7	 7	 1	 0.015482	 -1	 0.000000	 8.513408
175	 7	 7	 0	 386.112898	 -1	 0.000000	 7.582856
176	 7	 7	 1	 0.016063	 -1	 0.000000	 7.431105
177	 7	 7	 1	 0.016983	 -1	 0.000000	 10.695692
178	 7	 7	 1	 0.014989	 -1	 0.000000	 8.408000
807	 3	 3	 0	 486.934290	 -1	 0.000000	 5.866556
179	 7	 7	 0	 475.321675	 -1	 0.000000	 9.496799
180	 7	 7	 0	 480.945731	 -1	 0.000000	 8.522601
181	 7	 7	 1	 0.001577	 -1	 0.000000	 7.080951
182	 7	 7	 1	 17.982158	 -1	 0.000000	 8.413967
183	 7	 7	 1	 0.018478	 -1	 0.000000	 7.884151
184	 7	 7	 0	 366.021413	 -1	 0.000000	 8.478403
185	 7	 7	 1	 0.017029	 -1	 0.000000	 8.324436
186	 7	 7	 1	 0.015676	 -1	 0.000000	 8.258083
187	 7	 7	 1	 0.013930	 -1	 0.000000	 10.206732
188	 7	 7	 1	 0.002001	 -1	 0.000000	 30.251118
189	 7	 7	 1	 0.014309	 -1	 0.000000	 7.655234
190	 7	 7	 1	 0.018300	 -1	 0.000000	 10.049818
191	 7	 7	 1	 0.017108	 -1	 0.000000	 12.074278
192	 7	 7	 0	 295.701701	 -1	 0.000000	 10.953872
193	 7	 7	 1	 0.016841	 -1	 0.000000	 7.507183
194	 7	 7	 1	 0.014556	 -1	 0.000000	 8.338632
195	 7	 7	 1	 0.020593	 -1	 0.000000	 7.338219
196	 7	 7	 1	 0.022544	 -1	 0.000000	 8.767585
198	 7	 7	 1	 0.002626	 -1	 0.000000	 8.370620
199	 7	 7	 1	 0.017389	 -1	 0.000000	 9.123113
200	 7	 7	 1	 0.024980	 -1	 0.000000	 8.626861
201	 7	 7	 0	 192.989954	 -1	 0.000000	 7.563525
202	 7	 7	 1	 0.020227	 -1	 0.000000	 8.122200
203	 7	 7	 1	 0.014913	 -1	 0.000000	 8.516003
204	 7	 7	 1	 0.024166	 -1	 0.000000	 10.508248
205	 7	 7	 1	 0.019947	 -1	 0.000000	 13.331761
206	 7	 7	 1	 0.020479	 -1	 0.000000	 10.604273
207	 7	 7	 1	 0.023804	 -1	 0.000000	 10.032336
208	 7	 7	 0	 360.195398	 -1	 0.000000	 8.550694
209	 7	 7	 0	 276.684604	 -1	 0.000000	 7.486779
210	 7	 7	 1	 0.017013	 -1	 0.000000	 9.468188
211	 7	 7	 0	 394.580833	 -1	 0.000000	 7.187791
212	 7	 7	 1	 0.015222	 -1	 0.000000	 7.397786
213	 7	 7	 1	 0.015757	 -1	 0.000000	 8.106916
214	 7	 7	 1	 0.023295	 -1	 0.000000	 7.661331
215	 7	 7	 1	 0.018601	 -1	 0.000000	 8.529021
216	 7	 7	 1	 0.016312	 -1	 0.000000	 11.168727
217	 7	 7	 1	 0.016676	 -1	 0.000000	 7.197224
218	 7	 7	 1	 0.014724	 -1	 0.000000	 10.360916
219	 7	 7	 1	 0.019100	 -1	 0.000000	 12.463009
220	 7	 7	 1	 0.014393	 -1	 0.000000	 7.245459
221	 7	 7	 0	 339.934068	 -1	 0.000000	 8.535032
222	 7	 7	 0	 495.648997	 -1	 0.000000	 7.394557
3911	 7	 7	 1	 118.323274	 -1	 0.000000	 4.771154
100	 9	 9	 1	 18.492842	 -1	 0.000000	 8.964679
101	 9	 9	 1	 16.556294	 -1	 0.000000	 8.138222
102	 9	 9	 1	 39.564907	 -1	 0.000000	 11.262012
103	 9	 9	 0	 452.612742	 -1	 0.000000	 8.002897
104	 9	 9	 1	 35.856752	 -1	 0.000000	 8.451173
105	 9	 9	 1	 11.882604	 -1	 0.000000	 6.940077
106	 9	 9	 1	 41.886727	 -1	 0.000000	 7.232610
107	 9	 9	 1	 11.645419	 -1	 0.000000	 7.195656
108	 9	 9	 1	 22.623070	 -1	 0.000000	 8.472418
109	 9	 9	 1	 24.014562	 -1	 0.000000	 7.534501
110	 9	 9	 1	 6.030466	 -1	 0.000000	 8.541780
111	 9	 9	 1	 29.892024	 -1	 0.000000	 12.570205
113	 9	 9	 0	 442.022575	 -1	 0.000000	 9.133776
114	 9	 9	 0	 432.571988	 -1	 0.000000	 17.386375
115	 9	 9	 1	 23.510153	 -1	 0.000000	 7.637603
100	 9	 9	 1	 16.359277	 -1	 0.000000	 8.199100
101	 9	 9	 1	 13.453558	 -1	 0.000000	 10.717225
102	 9	 9	 1	 47.843510	 -1	 0.000000	 9.334719
103	 9	 9	 1	 44.442826	 -1	 0.000000	 8.580640
104	 9	 9	 1	 24.051014	 -1	 0.000000	 7.456171
105	 9	 9	 0	 450.337088	 -1	 0.000000	 10.439003
106	 9	 9	 1	 23.772951	 -1	 0.000000	 9.507364
107	 9	 9	 0	 437.425156	 -1	 0.000000	 14.539426
108	 9	 9	 1	 9.461602	 -1	 0.000000	 8.735085
109	 9	 9	 0	 438.548740	 -1	 0.000000	 14.153052
110	 9	 9	 1	 10.918292	 -1	 0.000000	 8.557580
111	 9	 9	 0	 434.095179	 -1	 0.000000	 8.398305
112	 9	 9	 1	 43.518479	 -1	 0.000000	 9.403866
113	 9	 9	 1	 1.637230	 -1	 0.000000	 8.244256
114	 9	 9	 0	 446.822738	 -1	 0.000000	 9.416506
115	 9	 9	 1	 7.423097	 -1	 0.000000	 8.040221
116	 9	 9	 1	 14.949350	 -1	 0.000000	 8.352662
117	 9	 9	 1	 7.637002	 -1	 0.000000	 8.756383
118	 9	 9	 1	 19.792745	 -1	 0.000000	 10.811730
119	 9	 9	 1	 33.418608	 -1	 0.000000	 7.984888
120	 9	 9	 0	 458.786299	 -1	 0.000000	 7.320952
121	 9	 9	 1	 5.571211	 -1	 0.000000	 9.829567
122	 9	 9	 1	 9.376377	 -1	 0.000000	 10.211382
123	 9	 9	 1	 4.708979	 -1	 0.000000	 9.177522
124	 9	 9	 1	 1.756395	 -1	 0.000000	 8.634912
125	 9	 9	 1	 2.561899	 -1	 0.000000	 15.586501
126	 9	 9	 1	 22.205687	 -1	 0.000000	 7.146620
127	 9	 9	 1	 22.438538	 -1	 0.000000	 7.363821
129	 9	 9	 1	 15.038190	 -1	 0.000000	 16.365410
130	 9	 9	 1	 191.242855	 -1	 0.000000	 6.709813
131	 9	 9	 1	 17.593159	 -1	 0.000000	 13.285963
132	 9	 9	 1	 44.995033	 -1	 0.000000	 9.499330
133	 9	 9	 1	 16.979243	 -1	 0.000000	 8.398303
134	 9	 9	 0	 432.092026	 -1	 0.000000	 13.844553
135	 9	 9	 0	 439.688073	 -1	 0.000000	 8.838985
136	 9	 9	 1	 2.026219	 -1	 0.000000	 7.692375
137	 9	 9	 1	 23.303900	 -1	 0.000000	 7.519304
138	 9	 9	 1	 21.509690	 -1	 0.000000	 7.179141
139	 9	 9	 1	 47.059551	 -1	 0.000000	 8.480838
140	 9	 9	 1	 12.038316	 -1	 0.000000	 8.147235
141	 9	 9	 1	 15.763193	 -1	 0.000000	 7.994570
142	 9	 9	 1	 7.354152	 -1	 0.000000	 7.481424
143	 9	 9	 1	 19.764451	 -1	 0.000000	 7.110248
144	 9	 9	 1	 13.885460	 -1	 0.000000	 8.334404
145	 9	 9	 0	 455.932456	 -1	 0.000000	 8.611529
146	 9	 9	 0	 436.590282	 -1	 0.000000	 10.736975
147	 9	 9	 1	 18.176610	 -1	 0.000000	 7.070074
148	 9	 9	 1	 13.513431	 -1	 0.000000	 10.772161
149	 9	 9	 1	 7.034042	 -1	 0.000000	 9.741427
150	 9	 9	 0	 457.347627	 -1	 0.000000	 8.471352
151	 9	 9	 1	 2.376399	 -1	 0.000000	 7.185659
152	 9	 9	 1	 46.609068	 -1	 0.000000	 8.156629
153	 9	 9	 1	 12.295495	 -1	 0.000000	 9.049445
155	 9	 9	 1	 23.729798	 -1	 0.000000	 6.788793
156	 9	 9	 1	 13.611937	 -1	 0.000000	 8.054976
157	 9	 9	 1	 16.797220	 -1	 0.000000	 6.994617
158	 9	 9	 1	 19.900066	 -1	 0.000000	 6.819964
159	 9	 9	 1	 39.193835	 -1	 0.000000	 8.088924
160	 9	 9	 1	 36.840991	 -1	 0.000000	 9.449072
161	 9	 9	 1	 5.337206	 -1	 0.000000	 10.892569
162	 9	 9	 1	 33.876596	 -1	 0.000000	 8.399222
163	 9	 9	 1	 19.890139	 -1	 0.000000	 9.437893
164	 9	 9	 1	 35.785090	 -1	 0.000000	 7.443244
165	 9	 9	 1	 7.490279	 -1	 0.000000	 7.218880
166	 9	 9	 1	 203.548347	 -1	 0.000000	 8.058372
167	 9	 9	 0	 220.303059	 -1	 0.000000	 10.526626
168	 9	 9	 1	 34.022658	 -1	 0.000000	 10.623489
169	 9	 9	 1	 44.257623	 -1	 0.000000	 7.978848
170	 9	 9	 1	 13.585786	 -1	 0.000000	 7.878178
171	 9	 9	 1	 3.667116	 -1	 0.000000	 8.236648
172	 9	 9	 1	 31.061030	 -1	 0.000000	 6.938283
173	 9	 9	 1	 130.253104	 -1	 0.000000	 8.375557
174	 9	 9	 1	 18.296552	 -1	 0.000000	 7.458123
175	 9	 9	 1	 40.513602	 -1	 0.000000	 9.352714
176	 9	 9	 0	 421.196548	 -1	 0.000000	 7.314864
177	 9	 9	 1	 24.796806	 -1	 0.000000	 9.323859
178	 9	 9	 0	 439.637231	 -1	 0.000000	 13.329743
179	 9	 9	 1	 26.498101	 -1	 0.000000	 13.620835
180	 9	 9	 1	 18.047909	 -1	 0.000000	 8.218641
181	 9	 9	 1	 23.932392	 -1	 0.000000	 7.621149
182	 9	 9	 1	 6.232008	 -1	 0.000000	 8.736725
183	 9	 9	 1	 8.389487	 -1	 0.000000	 7.293967
184	 9	 9	 1	 5.507793	 -1	 0.000000	 9.010934
185	 9	 9	 1	 28.863833	 -1	 0.000000	 8.891298
186	 9	 9	 1	 22.015250	 -1	 0.000000	 8.088901
187	 9	 9	 1	 17.264598	 -1	 0.000000	 9.029568
188	 9	 9	 1	 17.787645	 -1	 0.000000	 6.946855
189	 9	 9	 1	 2.148040	 -1	 0.000000	 8.054535
191	 9	 9	 0	 427.221095	 -1	 0.000000	 11.980091
192	 9	 9	 1	 10.161741	 -1	 0.000000	 10.634141
193	 9	 9	 0	 444.371214	 -1	 0.000000	 8.397717
194	 9	 9	 1	 22.214032	 -1	 0.000000	 8.456182
195	 9	 9	 1	 6.752227	 -1	 0.000000	 8.344507
196	 9	 9	 1	 21.187072	 -1	 0.000000	 13.060872
197	 9	 9	 0	 455.637042	 -1	 0.000000	 9.447223
198	 9	 9	 1	 8.873877	 -1	 0.000000	 10.480852
199	 9	 9	 1	 10.755865	 -1	 0.000000	 9.478918
200	 9	 9	 1	 7.949098	 -1	 0.000000	 6.768248
201	 9	 9	 1	 1.566368	 -1	 0.000000	 10.803641
202	 9	 9	 1	 86.874162	 -1	 0.000000	 6.801591
203	 9	 9	 1	 41.359927	 -1	 0.000000	 12.120368
204	 9	 9	 1	 4.699679	 -1	 0.000000	 12.342182
205	 9	 9	 1	 8.124634	 -1	 0.000000	 8.407248
206	 9	 9	 0	 442.178061	 -1	 0.000000	 8.730202
207	 9	 9	 1	 22.250819	 -1	 0.000000	 9.583740
208	 9	 9	 1	 23.033657	 -1	 0.000000	 7.888376
209	 9	 9	 1	 19.453090	 -1	 0.000000	 9.053049
210	 9	 9	 1	 1.696200	 -1	 0.000000	 8.850097
211	 9	 9	 1	 11.003449	 -1	 0.000000	 13.584037
212	 9	 9	 1	 1.997256	 -1	 0.000000	 7.754770
213	 9	 9	 0	 457.178831	 -1	 0.000000	 16.291012
214	 9	 9	 1	 23.828556	 -1	 0.000000	 9.321557
215	 9	 9	 1	 16.954496	 -1	 0.000000	 7.657371
216	 9	 9	 1	 5.801609	 -1	 0.000000	 8.444402
217	 9	 9	 1	 17.304269	 -1	 0.000000	 8.668782
218	 9	 9	 1	 46.550708	 -1	 0.000000	 8.078139
219	 9	 9	 0	 450.259493	 -1	 0.000000	 14.090683
220	 9	 9	 1	 19.848695	 -1	 0.000000	 7.690766
221	 9	 9	 1	 19.462556	 -1	 0.000000	 11.724804
222	 9	 9	 1	 24.203067	 -1	 0.000000	 7.749142
223	 9	 9	 1	 2.818183	 -1	 0.000000	 6.832701
224	 9	 9	 1	 6.945031	 -1	 0.000000	 8.552144
225	 9	 9	 1	 4.074520	 -1	 0.000000	 8.290529
226	 9	 9	 1	 5.211392	 -1	 0.000000	 10.017696
227	 9	 9	 1	 23.416642	 -1	 0.000000	 7.711108
100	 11	 11	 0	 430.966741	 -1	 0.000000	 8.932334
101	 11	 11	 0	 452.161828	 -1	 0.000000	 12.183748
102	 11	 11	 1	 109.957050	 -1	 0.000000	 13.004073
103	 11	 11	 1	 14.651979	 -1	 0.000000	 8.957556
104	 11	 11	 1	 11.405839	 -1	 0.000000	 7.913549
105	 11	 11	 1	 6.200863	 -1	 0.000000	 7.033435
106	 11	 11	 1	 21.587841	 -1	 0.000000	 8.452575
107	 11	 11	 1	 37.845231	 -1	 0.000000	 7.531928
108	 11	 11	 1	 6.275557	 -1	 0.000000	 10.716880
109	 11	 11	 0	 317.483479	 -1	 0.000000	 8.474414
110	 11	 11	 1	 16.806525	 -1	 0.000000	 8.579521
111	 11	 11	 1	 10.362818	 -1	 0.000000	 7.925632
112	 11	 11	 1	 9.819890	 -1	 0.000000	 7.613910
113	 11	 11	 1	 20.954915	 -1	 0.000000	 7.675232
114	 11	 11	 0	 251.003084	 -1	 0.000000	 11.007185
115	 11	 11	 1	 8.828118	 -1	 0.000000	 7.466264
116	 11	 11	 1	 20.561775	 -1	 0.000000	 7.568053
117	 11	 11	 1	 10.353233	 -1	 0.000000	 7.883841
118	 11	 11	 1	 27.944283	 -1	 0.000000	 8.213897
119	 11	 11	 1	 5.065240	 -1	 0.000000	 7.204467
120	 11	 11	 1	 11.482768	 -1	 0.000000	 8.965372
121	 11	 11	 1	 12.470626	 -1	 0.000000	 8.245031
122	 11	 11	 1	 15.543997	 -1	 0.000000	 6.588828
123	 11	 11	 1	 12.898108	 -1	 0.000000	 8.676963
124	 11	 11	 0	 450.771974	 -1	 0.000000	 8.717823
125	 11	 11	 1	 10.974972	 -1	 0.000000	 7.504119
126	 11	 11	 0	 317.247441	 -1	 0.000000	 8.021713
127	 11	 11	 1	 12.209317	 -1	 0.000000	 7.223054
128	 11	 11	 1	 30.865080	 -1	 0.000000	 8.967568
129	 11	 11	 0	 200.392570	 -1	 0.000000	 11.736769
130	 11	 11	 1	 9.952346	 -1	 0.000000	 8.490025
131	 11	 11	 1	 14.572541	 -1	 0.000000	 11.195368
132	 11	 11	 0	 447.343323	 -1	 0.000000	 7.714581
133	 11	 11	 1	 15.919803	 -1	 0.000000	 6.892857
134	 11	 11	 1	 3.682692	 -1	 0.000000	 17.166704
135	 11	 11	 1	 16.151232	 -1	 0.000000	 7.031064
136	 11	 11	 1	 14.033855	 -1	 0.000000	 11.054000
137	 11	 11	 0	 431.639801	 -1	 0.000000	 7.819149
138	 11	 11	 1	 3.644618	 -1	 0.000000	 7.779077
