>>> gr_fir_ccf: using E
>>> gr_fir_fff: using E
gr_buffer::allocate_buffer: warning: tried to allocate
   36 items of size 1776. Due to alignment requirements
   256 were allocated.  If this isn't OK, consider padding
   your structure to a power-of-two bytes.
   On this platform, our allocation granularity is 4096 bytes.
80	 13	 13	 1	 0.000003	 -1	 0.000000	 8.763663
81	 13	 13	 1	 0.000003	 -1	 0.000000	 9.601842
82	 13	 13	 1	 0.000004	 -1	 0.000000	 9.770477
83	 13	 13	 1	 0.000003	 -1	 0.000000	 16.358242
84	 13	 13	 1	 0.000003	 -1	 0.000000	 11.408113
85	 13	 13	 1	 0.021652	 -1	 0.000000	 9.185438
86	 13	 13	 1	 0.000003	 -1	 0.000000	 8.607060
87	 13	 13	 1	 0.000003	 -1	 0.000000	 14.161386
88	 13	 13	 1	 0.002321	 -1	 0.000000	 7.406194
89	 13	 13	 1	 0.000004	 -1	 0.000000	 10.069758
90	 13	 13	 1	 0.000003	 -1	 0.000000	 9.184065
91	 13	 13	 1	 0.000010	 -1	 0.000000	 8.632251
92	 13	 13	 1	 0.000003	 -1	 0.000000	 13.867024
93	 13	 13	 1	 0.000003	 -1	 0.000000	 10.645248
94	 13	 13	 1	 0.000004	 -1	 0.000000	 12.126561
95	 13	 13	 1	 0.000003	 -1	 0.000000	 9.291199
96	 13	 13	 1	 0.000003	 -1	 0.000000	 14.953220
97	 13	 13	 1	 0.000003	 -1	 0.000000	 10.463817
98	 13	 13	 1	 0.000003	 -1	 0.000000	 10.409667
99	 13	 13	 1	 0.000003	 -1	 0.000000	 8.695394
100	 13	 13	 1	 0.000003	 -1	 0.000000	 14.352512
101	 13	 13	 1	 0.000004	 -1	 0.000000	 8.407754
102	 13	 13	 1	 0.000003	 -1	 0.000000	 11.237105
103	 13	 13	 0	 165.079552	 -1	 0.000000	 4.377797
79	 13	 13	 1	 0.000004	 -1	 0.000000	 12.625792
80	 13	 13	 1	 0.000003	 -1	 0.000000	 11.208612
81	 13	 13	 1	 0.000003	 -1	 0.000000	 11.513963
82	 13	 13	 1	 0.000004	 -1	 0.000000	 10.219454
83	 13	 13	 1	 0.000003	 -1	 0.000000	 11.782185
84	 13	 13	 1	 0.000004	 -1	 0.000000	 10.525548
85	 13	 13	 1	 0.000004	 -1	 0.000000	 10.730639
86	 13	 13	 1	 0.000003	 -1	 0.000000	 8.611751
87	 13	 13	 1	 0.000003	 -1	 0.000000	 12.979535
88	 13	 13	 1	 0.000003	 -1	 0.000000	 9.807116
89	 13	 13	 1	 0.000004	 -1	 0.000000	 8.216350
90	 13	 13	 1	 0.000003	 -1	 0.000000	 8.877895
91	 13	 13	 1	 0.000003	 -1	 0.000000	 9.365903
92	 13	 13	 1	 0.000004	 -1	 0.000000	 10.169534
93	 13	 13	 1	 0.007059	 -1	 0.000000	 8.086588
94	 13	 13	 1	 0.281320	 -1	 0.000000	 6.475796
95	 13	 13	 1	 0.000003	 -1	 0.000000	 8.705100
96	 13	 13	 1	 0.000003	 -1	 0.000000	 10.991653
97	 13	 13	 1	 0.000003	 -1	 0.000000	 9.267100
98	 13	 13	 1	 0.000003	 -1	 0.000000	 12.569378
99	 13	 13	 1	 0.000004	 -1	 0.000000	 11.523708
100	 13	 13	 1	 0.000003	 -1	 0.000000	 12.601942
101	 13	 13	 1	 0.000003	 -1	 0.000000	 13.947457
102	 13	 13	 1	 0.000003	 -1	 0.000000	 8.776711
103	 13	 13	 1	 0.000004	 -1	 0.000000	 14.604388
104	 13	 13	 1	 0.000004	 -1	 0.000000	 11.407630
105	 13	 13	 1	 0.000003	 -1	 0.000000	 18.487778
106	 13	 13	 1	 0.000003	 -1	 0.000000	 9.591250
107	 13	 13	 1	 0.000003	 -1	 0.000000	 8.562017
108	 13	 13	 1	 0.000003	 -1	 0.000000	 9.380009
109	 13	 13	 1	 0.000003	 -1	 0.000000	 9.017806
110	 13	 13	 1	 0.000002	 -1	 0.000000	 7.553164
111	 13	 13	 1	 0.012559	 -1	 0.000000	 6.232756
112	 13	 13	 1	 0.000004	 -1	 0.000000	 10.515816
113	 13	 13	 1	 0.000003	 -1	 0.000000	 13.249419
114	 13	 13	 1	 0.000004	 -1	 0.000000	 8.466633
115	 13	 13	 1	 0.000003	 -1	 0.000000	 13.786802
116	 13	 13	 1	 0.000003	 -1	 0.000000	 12.197801
117	 13	 13	 1	 0.000003	 -1	 0.000000	 8.438321
118	 13	 13	 1	 0.000004	 -1	 0.000000	 9.812535
119	 13	 13	 1	 0.000003	 -1	 0.000000	 7.386350
120	 13	 13	 1	 0.000003	 -1	 0.000000	 13.848044
121	 13	 13	 1	 0.000004	 -1	 0.000000	 10.069334
122	 13	 13	 1	 0.205710	 -1	 0.000000	 6.254138
123	 13	 13	 1	 0.000004	 -1	 0.000000	 9.828724
124	 13	 13	 1	 0.000003	 -1	 0.000000	 8.617506
125	 13	 13	 1	 0.000004	 -1	 0.000000	 9.938671
126	 13	 13	 1	 0.000004	 -1	 0.000000	 8.399496
127	 13	 13	 1	 0.000005	 -1	 0.000000	 17.931658
128	 13	 13	 1	 0.000004	 -1	 0.000000	 12.352929
130	 13	 13	 1	 0.000004	 -1	 0.000000	 16.449070
131	 13	 13	 1	 0.000004	 -1	 0.000000	 10.018370
132	 13	 13	 1	 0.000003	 -1	 0.000000	 9.112603
133	 13	 13	 1	 0.000004	 -1	 0.000000	 9.197366
134	 13	 13	 1	 0.000004	 -1	 0.000000	 7.284549
135	 13	 13	 1	 0.000003	 -1	 0.000000	 8.439586
136	 13	 13	 1	 0.001716	 -1	 0.000000	 7.692220
137	 13	 13	 1	 0.000003	 -1	 0.000000	 11.234107
138	 13	 13	 1	 0.000003	 -1	 0.000000	 9.401756
139	 13	 13	 1	 0.000004	 -1	 0.000000	 11.426943
140	 13	 13	 1	 0.000003	 -1	 0.000000	 14.094403
141	 13	 13	 1	 0.000004	 -1	 0.000000	 10.736448
143	 13	 13	 1	 0.000004	 -1	 0.000000	 9.539287
144	 13	 13	 1	 0.000003	 -1	 0.000000	 10.762795
145	 13	 13	 1	 0.000004	 -1	 0.000000	 9.894661
146	 13	 13	 1	 0.000004	 -1	 0.000000	 10.208474
147	 13	 13	 1	 0.000004	 -1	 0.000000	 15.871553
148	 13	 13	 1	 0.000004	 -1	 0.000000	 9.121309
149	 13	 13	 1	 0.000003	 -1	 0.000000	 9.544797
150	 13	 13	 1	 0.000003	 -1	 0.000000	 9.352386
151	 13	 13	 1	 0.000004	 -1	 0.000000	 11.885696
152	 13	 13	 1	 0.000005	 -1	 0.000000	 22.822149
153	 13	 13	 1	 0.000004	 -1	 0.000000	 9.771490
154	 13	 13	 1	 0.000003	 -1	 0.000000	 11.872289
155	 13	 13	 1	 0.000003	 -1	 0.000000	 9.649839
156	 13	 13	 1	 0.000003	 -1	 0.000000	 9.946985
157	 13	 13	 1	 0.000004	 -1	 0.000000	 13.050505
158	 13	 13	 1	 0.000004	 -1	 0.000000	 9.566552
159	 13	 13	 1	 0.000003	 -1	 0.000000	 12.024435
160	 13	 13	 1	 0.000003	 -1	 0.000000	 12.540957
161	 13	 13	 1	 0.000004	 -1	 0.000000	 14.562963
162	 13	 13	 1	 0.000004	 -1	 0.000000	 9.494238
163	 13	 13	 1	 0.000004	 -1	 0.000000	 8.840819
164	 13	 13	 1	 0.000004	 -1	 0.000000	 9.646138
165	 13	 13	 1	 0.000003	 -1	 0.000000	 7.680525
166	 13	 13	 1	 0.000004	 -1	 0.000000	 9.412479
167	 13	 13	 1	 0.000003	 -1	 0.000000	 9.415857
782	 11	 11	 0	 464.111326	 -1	 0.000000	 6.014542
168	 13	 13	 1	 0.000003	 -1	 0.000000	 10.257160
169	 13	 13	 1	 0.000003	 -1	 0.000000	 8.982233
170	 13	 13	 1	 0.000003	 -1	 0.000000	 10.000313
171	 13	 13	 1	 0.000003	 -1	 0.000000	 10.755480
172	 13	 13	 1	 0.000004	 -1	 0.000000	 9.471694
173	 13	 13	 1	 0.000004	 -1	 0.000000	 10.946070
3489	 3	 3	 0	 485.687281	 -1	 0.000000	 5.993329
174	 13	 13	 0	 153.675038	 -1	 0.000000	 9.337663
175	 13	 13	 0	 9.964635	 -1	 0.000000	 27.547707
176	 13	 13	 0	 38.723625	 -1	 0.000000	 9.999890
177	 13	 13	 0	 33.578357	 -1	 0.000000	 10.162234
178	 13	 13	 0	 35.022269	 -1	 0.000000	 9.285002
2638	 3	 3	 0	 441.404521	 -1	 0.000000	 5.051233
179	 13	 13	 0	 482.962066	 -1	 0.000000	 9.830632
180	 13	 13	 0	 154.476844	 -1	 0.000000	 10.870164
181	 13	 13	 0	 15.483891	 -1	 0.000000	 8.299224
182	 13	 13	 0	 24.937067	 -1	 0.000000	 12.636737
183	 13	 13	 0	 43.286046	 -1	 0.000000	 9.591623
184	 13	 13	 0	 36.924965	 -1	 0.000000	 10.835837
185	 13	 13	 0	 37.634795	 -1	 0.000000	 10.625333
186	 13	 13	 0	 17.593170	 -1	 0.000000	 10.642642
187	 13	 13	 0	 20.641014	 -1	 0.000000	 9.168812
188	 13	 13	 0	 36.871756	 -1	 0.000000	 10.157251
190	 13	 13	 0	 40.837605	 -1	 0.000000	 9.407033
191	 13	 13	 0	 40.798497	 -1	 0.000000	 9.662058
192	 13	 13	 0	 27.567755	 -1	 0.000000	 9.218439
193	 13	 13	 0	 14.872151	 -1	 0.000000	 11.117836
194	 13	 13	 0	 27.055115	 -1	 0.000000	 10.201661
195	 13	 13	 0	 41.018247	 -1	 0.000000	 9.718180
196	 13	 13	 0	 38.571593	 -1	 0.000000	 13.538057
197	 13	 13	 0	 34.398886	 -1	 0.000000	 9.286915
1612	 7	 7	 0	 232.637629	 -1	 0.000000	 5.200413
198	 13	 13	 0	 466.376461	 -1	 0.000000	 8.471159
199	 13	 13	 0	 152.698754	 -1	 0.000000	 6.429026
280	 10	 10	 0	 311.363842	 -1	 0.000000	 4.973991
200	 13	 13	 0	 487.785426	 -1	 0.000000	 9.581875
201	 13	 13	 0	 152.456927	 -1	 0.000000	 9.194006
202	 13	 13	 0	 40.146514	 -1	 0.000000	 8.449004
203	 13	 13	 0	 44.916613	 -1	 0.000000	 5.276121
204	 13	 13	 0	 210.685433	 -1	 0.000000	 16.742262
205	 13	 13	 0	 49.424724	 -1	 0.000000	 9.601861
206	 13	 13	 0	 35.349761	 -1	 0.000000	 11.615762
207	 13	 13	 0	 44.467224	 -1	 0.000000	 10.067964
208	 13	 13	 0	 37.778892	 -1	 0.000000	 8.931381
209	 13	 13	 0	 30.325282	 -1	 0.000000	 9.282312
210	 13	 13	 0	 29.851736	 -1	 0.000000	 13.184379
211	 13	 13	 0	 24.531530	 -1	 0.000000	 9.125150
212	 13	 13	 0	 13.715136	 -1	 0.000000	 8.334025
213	 13	 13	 0	 38.435556	 -1	 0.000000	 6.782863
214	 13	 13	 0	 62.638592	 -1	 0.000000	 9.471407
215	 13	 13	 0	 73.546724	 -1	 0.000000	 8.908584
216	 13	 13	 0	 44.781539	 -1	 0.000000	 10.916240
217	 13	 13	 0	 17.366778	 -1	 0.000000	 10.250387
218	 13	 13	 0	 13.841200	 -1	 0.000000	 11.019299
219	 13	 13	 0	 12.109947	 -1	 0.000000	 8.328527
260	 13	 13	 0	 23.553456	 -1	 0.000000	 9.402961
261	 13	 13	 0	 23.485159	 -1	 0.000000	 11.382526
262	 13	 13	 0	 17.935454	 -1	 0.000000	 8.943980
264	 13	 13	 0	 26.564114	 -1	 0.000000	 9.167108
265	 13	 13	 0	 41.801430	 -1	 0.000000	 7.970188
266	 13	 13	 0	 31.952464	 -1	 0.000000	 8.020115
267	 13	 13	 0	 31.317950	 -1	 0.000000	 9.685480
268	 13	 13	 0	 20.275192	 -1	 0.000000	 11.341185
269	 13	 13	 0	 40.055665	 -1	 0.000000	 13.450864
270	 13	 13	 0	 10.794269	 -1	 0.000000	 8.281816
271	 13	 13	 0	 41.171011	 -1	 0.000000	 11.089973
272	 13	 13	 0	 41.940075	 -1	 0.000000	 8.387834
273	 13	 13	 0	 29.095220	 -1	 0.000000	 13.185987
274	 13	 13	 0	 31.811833	 -1	 0.000000	 12.228805
275	 13	 13	 0	 38.025829	 -1	 0.000000	 9.205391
276	 13	 13	 0	 30.400996	 -1	 0.000000	 13.212102
277	 13	 13	 0	 34.196750	 -1	 0.000000	 9.850899
278	 13	 13	 0	 14.310101	 -1	 0.000000	 10.059362
279	 13	 13	 0	 44.581460	 -1	 0.000000	 9.074908
280	 13	 13	 0	 39.314031	 -1	 0.000000	 9.730161
281	 13	 13	 0	 36.659190	 -1	 0.000000	 13.317963
282	 13	 13	 0	 12.751671	 -1	 0.000000	 6.766843
283	 13	 13	 0	 33.859551	 -1	 0.000000	 9.955440
284	 13	 13	 0	 22.158956	 -1	 0.000000	 10.878229
285	 13	 13	 0	 24.860054	 -1	 0.000000	 14.150317
286	 13	 13	 0	 20.872524	 -1	 0.000000	 10.173598
288	 13	 13	 0	 14.470947	 -1	 0.000000	 10.011300
289	 13	 13	 0	 29.607823	 -1	 0.000000	 7.548291
290	 13	 13	 0	 27.379156	 -1	 0.000000	 8.664507
291	 13	 13	 0	 26.032334	 -1	 0.000000	 12.130905
292	 13	 13	 0	 21.545745	 -1	 0.000000	 11.242872
293	 13	 13	 0	 39.300005	 -1	 0.000000	 10.029509
294	 13	 13	 0	 14.336414	 -1	 0.000000	 7.731530
295	 13	 13	 0	 29.602673	 -1	 0.000000	 7.931953
296	 13	 13	 0	 41.626424	 -1	 0.000000	 7.237667
297	 13	 13	 0	 16.109638	 -1	 0.000000	 9.504988
298	 13	 13	 0	 18.309733	 -1	 0.000000	 13.453414
299	 13	 13	 0	 45.299398	 -1	 0.000000	 13.780475
3956	 11	 11	 0	 34.005470	 -1	 0.000000	 3.914168
303	 13	 13	 0	 277.248939	 -1	 0.000000	 13.097339
304	 13	 13	 0	 467.546283	 -1	 0.000000	 10.546241
305	 13	 13	 0	 141.546796	 -1	 0.000000	 10.623335
306	 13	 13	 0	 20.512734	 -1	 0.000000	 8.468443
307	 13	 13	 0	 7.650555	 -1	 0.000000	 8.383892
308	 13	 13	 0	 38.450138	 -1	 0.000000	 12.874658
309	 13	 13	 0	 42.595405	 -1	 0.000000	 8.408699
310	 13	 13	 0	 42.024916	 -1	 0.000000	 10.646812
311	 13	 13	 0	 15.718162	 -1	 0.000000	 8.613175
312	 13	 13	 0	 47.746183	 -1	 0.000000	 10.686742
313	 13	 13	 0	 41.564016	 -1	 0.000000	 11.153528
314	 13	 13	 0	 26.850830	 -1	 0.000000	 11.919181
315	 13	 13	 0	 424.323631	 -1	 0.000000	 10.306529
316	 13	 13	 0	 128.806657	 -1	 0.000000	 8.882766
322	 13	 13	 0	 40.796100	 -1	 0.000000	 9.752974
323	 13	 13	 0	 22.041084	 -1	 0.000000	 10.858689
99	 10	 10	 0	 231.222355	 -1	 0.000000	 13.165956
326	 13	 13	 0	 486.645723	 -1	 0.000000	 9.014128
327	 13	 13	 0	 151.152523	 -1	 0.000000	 10.713519
328	 13	 13	 0	 30.949038	 -1	 0.000000	 10.492288
329	 13	 13	 0	 42.067163	 -1	 0.000000	 14.604877
330	 13	 13	 0	 44.333142	 -1	 0.000000	 7.319291
331	 13	 13	 0	 15.192968	 -1	 0.000000	 11.633843
332	 13	 13	 0	 33.865911	 -1	 0.000000	 8.760948
334	 13	 13	 0	 28.016557	 -1	 0.000000	 9.212933
335	 13	 13	 0	 41.573142	 -1	 0.000000	 9.941251
336	 13	 13	 0	 48.730245	 -1	 0.000000	 8.421624
337	 13	 13	 0	 23.321225	 -1	 0.000000	 16.002041
338	 13	 13	 0	 22.333886	 -1	 0.000000	 15.165268
339	 13	 13	 0	 28.838419	 -1	 0.000000	 16.668726
340	 13	 13	 0	 11.251022	 -1	 0.000000	 19.283995
341	 13	 13	 0	 14.957087	 -1	 0.000000	 11.111784
343	 13	 13	 0	 37.255047	 -1	 0.000000	 6.326919
344	 13	 13	 0	 19.968031	 -1	 0.000000	 9.407529
345	 13	 13	 0	 52.353198	 -1	 0.000000	 7.805233
346	 13	 13	 0	 41.078366	 -1	 0.000000	 10.702559
347	 13	 13	 0	 30.032819	 -1	 0.000000	 10.804131
348	 13	 13	 0	 12.030603	 -1	 0.000000	 9.634285
349	 13	 13	 0	 39.779302	 -1	 0.000000	 14.820312
350	 13	 13	 0	 39.188870	 -1	 0.000000	 9.792000
351	 13	 13	 0	 31.600293	 -1	 0.000000	 10.009388
352	 13	 13	 0	 16.470869	 -1	 0.000000	 21.983604
353	 13	 13	 0	 483.142653	 -1	 0.000000	 7.681045
354	 13	 13	 0	 155.055237	 -1	 0.000000	 11.010197
355	 13	 13	 0	 38.673205	 -1	 0.000000	 9.340135
356	 13	 13	 0	 25.128342	 -1	 0.000000	 10.828882
357	 13	 13	 0	 40.413465	 -1	 0.000000	 11.125016
358	 13	 13	 0	 40.530936	 -1	 0.000000	 6.565392
359	 13	 13	 0	 58.580979	 -1	 0.000000	 8.432552
360	 13	 13	 0	 53.875043	 -1	 0.000000	 9.318994
361	 13	 13	 0	 40.454026	 -1	 0.000000	 12.450686
362	 13	 13	 0	 26.489423	 -1	 0.000000	 11.031433
363	 13	 13	 0	 29.150829	 -1	 0.000000	 7.795599
364	 13	 13	 0	 18.752683	 -1	 0.000000	 9.745012
365	 13	 13	 0	 11.126486	 -1	 0.000000	 9.640374
366	 13	 13	 0	 20.009143	 -1	 0.000000	 8.226017
367	 13	 13	 0	 20.347517	 -1	 0.000000	 9.072184
368	 13	 13	 0	 24.445989	 -1	 0.000000	 10.040338
369	 13	 13	 0	 26.666087	 -1	 0.000000	 9.054669
370	 13	 13	 0	 31.084559	 -1	 0.000000	 9.366542
371	 13	 13	 0	 42.494898	 -1	 0.000000	 11.127026
372	 13	 13	 0	 34.365255	 -1	 0.000000	 10.487370
373	 13	 13	 0	 31.753333	 -1	 0.000000	 15.752529
374	 13	 13	 0	 11.354558	 -1	 0.000000	 11.541665
375	 13	 13	 0	 35.657161	 -1	 0.000000	 8.305226
376	 13	 13	 0	 30.376421	 -1	 0.000000	 12.612665
380	 13	 13	 0	 14.188952	 -1	 0.000000	 9.355414
381	 13	 13	 0	 30.240765	 -1	 0.000000	 12.002416
382	 13	 13	 0	 30.048810	 -1	 0.000000	 10.145340
383	 13	 13	 0	 19.109638	 -1	 0.000000	 9.578547
384	 13	 13	 0	 29.264049	 -1	 0.000000	 9.769138
385	 13	 13	 0	 379.470015	 -1	 0.000000	 13.446161
386	 13	 13	 0	 131.812452	 -1	 0.000000	 8.893027
387	 13	 13	 0	 16.377725	 -1	 0.000000	 9.692626
388	 13	 13	 0	 37.826449	 -1	 0.000000	 10.515391
389	 13	 13	 0	 28.652222	 -1	 0.000000	 11.160810
390	 13	 13	 0	 30.835488	 -1	 0.000000	 12.446670
391	 13	 13	 0	 15.804933	 -1	 0.000000	 14.590037
392	 13	 13	 0	 35.912196	 -1	 0.000000	 9.755747
393	 13	 13	 0	 24.739634	 -1	 0.000000	 10.380736
394	 13	 13	 0	 15.488842	 -1	 0.000000	 13.117732
395	 13	 13	 0	 25.560381	 -1	 0.000000	 9.807435
401	 13	 13	 0	 33.363355	 -1	 0.000000	 9.564335
402	 13	 13	 0	 17.555639	 -1	 0.000000	 10.045103
403	 13	 13	 0	 33.414781	 -1	 0.000000	 11.589801
404	 13	 13	 0	 24.428046	 -1	 0.000000	 9.642026
405	 13	 13	 0	 35.729823	 -1	 0.000000	 9.370687
406	 13	 13	 0	 17.479376	 -1	 0.000000	 7.119132
407	 13	 13	 0	 81.510526	 -1	 0.000000	 8.646764
408	 13	 13	 0	 88.742274	 -1	 0.000000	 10.929433
409	 13	 13	 0	 16.630040	 -1	 0.000000	 11.428370
410	 13	 13	 0	 40.064385	 -1	 0.000000	 8.955764
411	 13	 13	 0	 12.228327	 -1	 0.000000	 8.362174
412	 13	 13	 0	 35.168761	 -1	 0.000000	 7.750031
413	 13	 13	 0	 30.498359	 -1	 0.000000	 13.804386
414	 13	 13	 0	 397.563338	 -1	 0.000000	 10.765055
415	 13	 13	 0	 135.659149	 -1	 0.000000	 8.846299
416	 13	 13	 0	 34.369852	 -1	 0.000000	 7.554028
417	 13	 13	 0	 15.993678	 -1	 0.000000	 7.619304
418	 13	 13	 0	 34.278089	 -1	 0.000000	 10.130461
419	 13	 13	 0	 46.502470	 -1	 0.000000	 9.349930
438	 13	 13	 0	 32.728027	 -1	 0.000000	 11.212841
439	 13	 13	 0	 24.404783	 -1	 0.000000	 11.127745
440	 13	 13	 0	 17.488059	 -1	 0.000000	 10.219162
441	 13	 13	 0	 19.453981	 -1	 0.000000	 10.451860
442	 13	 13	 0	 21.999520	 -1	 0.000000	 10.835405
443	 13	 13	 0	 50.213852	 -1	 0.000000	 9.267820
444	 13	 13	 0	 17.883131	 -1	 0.000000	 9.159578
445	 13	 13	 0	 13.354501	 -1	 0.000000	 12.362769
446	 13	 13	 0	 17.036904	 -1	 0.000000	 8.688078
447	 13	 13	 0	 31.378020	 -1	 0.000000	 8.852554
452	 13	 13	 0	 31.412429	 -1	 0.000000	 8.595301
453	 13	 13	 0	 46.053160	 -1	 0.000000	 11.384092
457	 13	 13	 0	 24.653017	 -1	 0.000000	 11.007215
458	 13	 13	 0	 34.708052	 -1	 0.000000	 10.496228
459	 13	 13	 0	 39.671201	 -1	 0.000000	 8.758652
460	 13	 13	 0	 37.078690	 -1	 0.000000	 10.478530
461	 13	 13	 0	 22.864605	 -1	 0.000000	 10.572812
462	 13	 13	 0	 23.229611	 -1	 0.000000	 9.528471
463	 13	 13	 0	 27.556560	 -1	 0.000000	 9.698491
464	 13	 13	 0	 23.414682	 -1	 0.000000	 12.282732
465	 13	 13	 0	 16.901083	 -1	 0.000000	 9.072314
466	 13	 13	 0	 39.585944	 -1	 0.000000	 14.621895
467	 13	 13	 0	 20.141861	 -1	 0.000000	 8.526888
470	 13	 13	 0	 35.650652	 -1	 0.000000	 11.363518
471	 13	 13	 0	 106.091758	 -1	 0.000000	 11.099081
472	 13	 13	 0	 24.850424	 -1	 0.000000	 12.546432
473	 13	 13	 0	 9.858937	 -1	 0.000000	 8.645385
474	 13	 13	 0	 47.377265	 -1	 0.000000	 8.676836
475	 13	 13	 0	 16.488330	 -1	 0.000000	 11.144726
476	 13	 13	 0	 14.094771	 -1	 0.000000	 10.364176
477	 13	 13	 0	 19.265775	 -1	 0.000000	 11.568242
478	 13	 13	 0	 41.069264	 -1	 0.000000	 9.429934
479	 13	 13	 0	 50.954121	 -1	 0.000000	 8.613157
480	 13	 13	 0	 52.526633	 -1	 0.000000	 8.267382
481	 13	 13	 0	 13.095514	 -1	 0.000000	 8.560358
482	 13	 13	 0	 23.008607	 -1	 0.000000	 10.750813
483	 13	 13	 0	 42.479504	 -1	 0.000000	 9.369662
484	 13	 13	 0	 11.791360	 -1	 0.000000	 9.458012
485	 13	 13	 0	 17.181458	 -1	 0.000000	 9.973977
486	 13	 13	 0	 27.887329	 -1	 0.000000	 8.663583
487	 13	 13	 0	 12.567535	 -1	 0.000000	 9.617351
488	 13	 13	 0	 41.553729	 -1	 0.000000	 13.412798
490	 13	 13	 0	 37.221600	 -1	 0.000000	 13.725545
491	 13	 13	 0	 24.399133	 -1	 0.000000	 10.116869
492	 13	 13	 0	 31.081109	 -1	 0.000000	 8.207905
493	 13	 13	 0	 35.155148	 -1	 0.000000	 7.996442
494	 13	 13	 0	 34.785088	 -1	 0.000000	 8.813669
495	 13	 13	 0	 17.538786	 -1	 0.000000	 9.507041
496	 13	 13	 0	 41.238756	 -1	 0.000000	 9.466232
497	 13	 13	 0	 20.281603	 -1	 0.000000	 11.405179
498	 13	 13	 0	 13.628147	 -1	 0.000000	 11.233671
499	 13	 13	 0	 11.187925	 -1	 0.000000	 8.900502
0	 15	 15	 0	 40.428756	 -1	 0.000000	 8.463958
1	 15	 15	 0	 5.481762	 -1	 0.000000	 8.465585
2	 15	 15	 0	 355.867770	 -1	 0.000000	 16.091442
3	 15	 15	 0	 80.877721	 -1	 0.000000	 11.716718
4	 15	 15	 0	 32.291389	 -1	 0.000000	 12.993502
18	 15	 15	 0	 38.716425	 -1	 0.000000	 16.907909
19	 15	 15	 0	 19.713904	 -1	 0.000000	 17.311310
20	 15	 15	 0	 32.356586	 -1	 0.000000	 12.748514
21	 15	 15	 0	 18.430661	 -1	 0.000000	 10.270431
22	 15	 15	 0	 65.633906	 -1	 0.000000	 9.763363
23	 15	 15	 0	 48.450156	 -1	 0.000000	 12.162855
24	 15	 15	 0	 32.512550	 -1	 0.000000	 12.829749
25	 15	 15	 0	 23.920727	 -1	 0.000000	 12.706730
26	 15	 15	 0	 21.606244	 -1	 0.000000	 15.188662
27	 15	 15	 0	 46.243065	 -1	 0.000000	 13.006859
28	 15	 15	 0	 27.904114	 -1	 0.000000	 9.113061
29	 15	 15	 0	 51.793642	 -1	 0.000000	 9.721315
30	 15	 15	 0	 14.643079	 -1	 0.000000	 13.643020
31	 15	 15	 0	 37.934472	 -1	 0.000000	 14.582992
37	 15	 15	 0	 19.773856	 -1	 0.000000	 9.197400
38	 15	 15	 0	 22.874033	 -1	 0.000000	 7.931663
39	 15	 15	 0	 26.346392	 -1	 0.000000	 10.957650
40	 15	 15	 0	 32.381159	 -1	 0.000000	 12.246009
41	 15	 15	 0	 29.820641	 -1	 0.000000	 8.527982
42	 15	 15	 0	 30.240074	 -1	 0.000000	 11.236083
43	 15	 15	 0	 7.529534	 -1	 0.000000	 9.624817
44	 15	 15	 0	 22.361167	 -1	 0.000000	 16.299698
45	 15	 15	 0	 14.255171	 -1	 0.000000	 9.055085
46	 15	 15	 0	 27.083323	 -1	 0.000000	 8.183043
47	 15	 15	 0	 8.693782	 -1	 0.000000	 8.195170
48	 15	 15	 0	 13.818108	 -1	 0.000000	 8.895111
49	 15	 15	 0	 53.768277	 -1	 0.000000	 10.425712
50	 15	 15	 0	 14.854799	 -1	 0.000000	 15.822871
51	 15	 15	 0	 474.262675	 -1	 0.000000	 10.514059
52	 15	 15	 0	 108.188732	 -1	 0.000000	 17.097536
53	 15	 15	 0	 55.695079	 -1	 0.000000	 7.678066
54	 15	 15	 0	 51.847935	 -1	 0.000000	 8.144804
55	 15	 15	 0	 40.251614	 -1	 0.000000	 10.714110
56	 15	 15	 0	 53.363419	 -1	 0.000000	 9.595439
57	 15	 15	 0	 62.725907	 -1	 0.000000	 9.505242
58	 15	 15	 0	 46.454241	 -1	 0.000000	 7.892043
59	 15	 15	 0	 15.322269	 -1	 0.000000	 8.709079
60	 15	 15	 0	 48.152999	 -1	 0.000000	 6.410451
61	 15	 15	 0	 159.586755	 -1	 0.000000	 8.214578
62	 15	 15	 0	 70.284939	 -1	 0.000000	 9.282104
63	 15	 15	 0	 15.653628	 -1	 0.000000	 8.404585
64	 15	 15	 0	 28.307448	 -1	 0.000000	 12.707414
97	 15	 15	 0	 43.336248	 -1	 0.000000	 7.250531
66	 15	 15	 0	 121.850757	 -1	 0.000000	 9.963019
67	 15	 15	 0	 76.398452	 -1	 0.000000	 10.717348
68	 15	 15	 0	 22.517077	 -1	 0.000000	 8.876484
69	 15	 15	 0	 20.662458	 -1	 0.000000	 8.359628
70	 15	 15	 0	 6.680966	 -1	 0.000000	 10.858220
71	 15	 15	 0	 9.797384	 -1	 0.000000	 9.243453
72	 15	 15	 0	 63.000601	 -1	 0.000000	 8.449441
73	 15	 15	 0	 11.664015	 -1	 0.000000	 9.979045
74	 15	 15	 0	 58.616095	 -1	 0.000000	 9.682606
>>> gr_fir_ccf: using E
>>> gr_fir_fff: using E
gr_buffer::allocate_buffer: warning: tried to allocate
   36 items of size 1776. Due to alignment requirements
   256 were allocated.  If this isn't OK, consider padding
   your structure to a power-of-two bytes.
   On this platform, our allocation granularity is 4096 bytes.
80	 15	 15	 1	 0.000027	 -1	 0.000000	 7.320888
81	 15	 15	 1	 0.000039	 -1	 0.000000	 9.902566
82	 15	 15	 1	 0.000032	 -1	 0.000000	 12.289102
83	 15	 15	 1	 0.000026	 -1	 0.000000	 10.399503
84	 15	 15	 1	 0.114998	 -1	 0.000000	 6.933509
85	 15	 15	 1	 0.000029	 -1	 0.000000	 12.336702
86	 15	 15	 1	 0.000040	 -1	 0.000000	 13.560532
87	 15	 15	 1	 0.000029	 -1	 0.000000	 10.067623
88	 15	 15	 1	 0.000035	 -1	 0.000000	 10.391829
89	 15	 15	 1	 0.000033	 -1	 0.000000	 12.309192
90	 15	 15	 1	 0.000024	 -1	 0.000000	 8.005363
91	 15	 15	 1	 0.000036	 -1	 0.000000	 10.536024
92	 15	 15	 1	 0.000025	 -1	 0.000000	 9.635716
93	 15	 15	 1	 0.000035	 -1	 0.000000	 15.865850
94	 15	 15	 1	 0.000030	 -1	 0.000000	 10.035694
95	 15	 15	 1	 0.000027	 -1	 0.000000	 9.073653
96	 15	 15	 1	 0.000030	 -1	 0.000000	 9.587907
97	 15	 15	 1	 0.000023	 -1	 0.000000	 9.209243
98	 15	 15	 1	 0.000030	 -1	 0.000000	 10.220743
99	 15	 15	 1	 0.000035	 -1	 0.000000	 9.379041
101	 15	 15	 1	 0.000033	 -1	 0.000000	 8.548654
102	 15	 15	 1	 0.000023	 -1	 0.000000	 7.545533
103	 15	 15	 1	 0.000033	 -1	 0.000000	 13.975992
100	 15	 15	 1	 0.000033	 -1	 0.000000	 14.930302
101	 15	 15	 1	 0.000034	 -1	 0.000000	 10.545630
102	 15	 15	 1	 0.000032	 -1	 0.000000	 10.213939
103	 15	 15	 1	 0.000034	 -1	 0.000000	 11.649814
105	 15	 15	 1	 3.169947	 -1	 0.000000	 6.778417
106	 15	 15	 1	 0.000031	 -1	 0.000000	 18.764484
107	 15	 15	 1	 0.000031	 -1	 0.000000	 11.433953
108	 15	 15	 1	 0.000033	 -1	 0.000000	 14.824086
109	 15	 15	 1	 0.000029	 -1	 0.000000	 11.834165
110	 15	 15	 1	 0.000036	 -1	 0.000000	 10.826850
111	 15	 15	 1	 0.000026	 -1	 0.000000	 8.001913
112	 15	 15	 1	 0.000032	 -1	 0.000000	 10.123842
113	 15	 15	 1	 0.000029	 -1	 0.000000	 17.001221
114	 15	 15	 1	 0.000025	 -1	 0.000000	 8.010539
115	 15	 15	 1	 0.000034	 -1	 0.000000	 15.313628
116	 15	 15	 1	 1.067314	 -1	 0.000000	 7.050858
117	 15	 15	 1	 0.000058	 -1	 0.000000	 15.537107
118	 15	 15	 1	 0.000029	 -1	 0.000000	 9.127594
119	 15	 15	 1	 0.000027	 -1	 0.000000	 15.306507
120	 15	 15	 1	 0.000031	 -1	 0.000000	 8.160568
121	 15	 15	 1	 0.000027	 -1	 0.000000	 9.932728
122	 15	 15	 1	 0.000033	 -1	 0.000000	 9.093256
123	 15	 15	 1	 0.000030	 -1	 0.000000	 13.004987
124	 15	 15	 1	 0.000024	 -1	 0.000000	 8.715394
125	 15	 15	 1	 0.000037	 -1	 0.000000	 12.749057
126	 15	 15	 1	 0.000030	 -1	 0.000000	 10.970481
127	 15	 15	 1	 0.000030	 -1	 0.000000	 9.775329
128	 15	 15	 1	 0.000035	 -1	 0.000000	 10.134196
129	 15	 15	 1	 0.000030	 -1	 0.000000	 10.520538
130	 15	 15	 1	 0.000033	 -1	 0.000000	 8.813703
131	 15	 15	 1	 0.000033	 -1	 0.000000	 9.111040
132	 15	 15	 1	 0.000027	 -1	 0.000000	 9.114377
133	 15	 15	 1	 0.000030	 -1	 0.000000	 10.203606
134	 15	 15	 1	 0.000026	 -1	 0.000000	 8.971613
135	 15	 15	 1	 0.000031	 -1	 0.000000	 8.219412
136	 15	 15	 1	 0.000026	 -1	 0.000000	 12.394901
137	 15	 15	 1	 0.000042	 -1	 0.000000	 10.995603
3387	 10	 10	 0	 480.031184	 -1	 0.000000	 4.703671
138	 15	 15	 1	 0.000029	 -1	 0.000000	 10.222601
139	 15	 15	 0	 153.842766	 -1	 0.000000	 7.259365
140	 15	 15	 1	 0.000039	 -1	 0.000000	 11.366876
141	 15	 15	 1	 0.000024	 -1	 0.000000	 10.511196
142	 15	 15	 1	 0.000031	 -1	 0.000000	 9.646761
143	 15	 15	 1	 0.000054	 -1	 0.000000	 10.321914
144	 15	 15	 1	 0.000036	 -1	 0.000000	 13.426981
145	 15	 15	 1	 0.000032	 -1	 0.000000	 11.612563
146	 15	 15	 1	 0.000039	 -1	 0.000000	 11.806528
147	 15	 15	 1	 0.000041	 -1	 0.000000	 9.657525
148	 15	 15	 1	 0.000029	 -1	 0.000000	 10.444824
149	 15	 15	 1	 0.000036	 -1	 0.000000	 10.645592
150	 15	 15	 1	 0.000027	 -1	 0.000000	 8.694051
151	 15	 15	 1	 0.000028	 -1	 0.000000	 10.595753
152	 15	 15	 1	 0.000033	 -1	 0.000000	 9.664112
153	 15	 15	 1	 0.000040	 -1	 0.000000	 8.335540
154	 15	 15	 1	 0.000033	 -1	 0.000000	 9.300056
155	 15	 15	 1	 0.000028	 -1	 0.000000	 8.279098
156	 15	 15	 1	 0.000037	 -1	 0.000000	 9.053639
158	 15	 15	 1	 0.000025	 -1	 0.000000	 7.298288
159	 15	 15	 1	 0.000039	 -1	 0.000000	 9.527707
160	 15	 15	 1	 0.000027	 -1	 0.000000	 15.130208
161	 15	 15	 1	 0.000028	 -1	 0.000000	 8.211692
162	 15	 15	 1	 0.000030	 -1	 0.000000	 12.478089
163	 15	 15	 1	 0.000034	 -1	 0.000000	 11.596032
164	 15	 15	 1	 0.000056	 -1	 0.000000	 11.654644
165	 15	 15	 1	 0.000027	 -1	 0.000000	 8.728145
166	 15	 15	 1	 0.000030	 -1	 0.000000	 8.318527
167	 15	 15	 1	 0.000037	 -1	 0.000000	 10.638357
168	 15	 15	 1	 0.320295	 -1	 0.000000	 7.042283
169	 15	 15	 1	 0.000034	 -1	 0.000000	 12.334028
170	 15	 15	 1	 0.000027	 -1	 0.000000	 9.310046
171	 15	 15	 1	 0.000031	 -1	 0.000000	 11.443801
172	 15	 15	 1	 0.000032	 -1	 0.000000	 10.558454
173	 15	 15	 1	 0.000031	 -1	 0.000000	 8.134670
174	 15	 15	 1	 0.000028	 -1	 0.000000	 8.352782
175	 15	 15	 1	 0.000026	 -1	 0.000000	 10.114019
176	 15	 15	 1	 0.000029	 -1	 0.000000	 11.646558
177	 15	 15	 1	 0.000027	 -1	 0.000000	 10.963797
178	 15	 15	 1	 0.000041	 -1	 0.000000	 7.577371
179	 15	 15	 1	 0.000030	 -1	 0.000000	 9.083869
180	 15	 15	 1	 0.000023	 -1	 0.000000	 9.510019
181	 15	 15	 1	 0.000036	 -1	 0.000000	 11.505742
182	 15	 15	 1	 0.000030	 -1	 0.000000	 8.963615
183	 15	 15	 1	 0.000035	 -1	 0.000000	 10.747049
184	 15	 15	 1	 0.000031	 -1	 0.000000	 10.692945
185	 15	 15	 1	 0.000029	 -1	 0.000000	 10.391706
186	 15	 15	 1	 0.000055	 -1	 0.000000	 9.875839
187	 15	 15	 1	 0.000029	 -1	 0.000000	 8.947269
189	 15	 15	 1	 0.000031	 -1	 0.000000	 8.216652
190	 15	 15	 1	 0.000027	 -1	 0.000000	 10.516509
191	 15	 15	 1	 0.000038	 -1	 0.000000	 10.228886
192	 15	 15	 1	 0.000026	 -1	 0.000000	 8.080098
193	 15	 15	 1	 0.000035	 -1	 0.000000	 9.331968
194	 15	 15	 1	 0.000030	 -1	 0.000000	 10.131975
195	 15	 15	 1	 0.000029	 -1	 0.000000	 11.291949
196	 15	 15	 1	 0.000028	 -1	 0.000000	 11.630220
198	 15	 15	 1	 0.000029	 -1	 0.000000	 9.216174
199	 15	 15	 1	 0.000023	 -1	 0.000000	 9.518130
200	 15	 15	 1	 0.000032	 -1	 0.000000	 11.521872
201	 15	 15	 1	 0.000031	 -1	 0.000000	 9.979545
202	 15	 15	 1	 0.000031	 -1	 0.000000	 11.239485
203	 15	 15	 1	 0.000031	 -1	 0.000000	 8.946820
204	 15	 15	 1	 0.000022	 -1	 0.000000	 8.375183
205	 15	 15	 1	 0.000038	 -1	 0.000000	 20.417944
206	 15	 15	 1	 0.000028	 -1	 0.000000	 11.973983
207	 15	 15	 1	 0.000031	 -1	 0.000000	 9.382769
208	 15	 15	 1	 0.000035	 -1	 0.000000	 11.729332
209	 15	 15	 1	 0.000032	 -1	 0.000000	 11.433534
210	 15	 15	 1	 0.000034	 -1	 0.000000	 9.447264
211	 15	 15	 1	 0.000028	 -1	 0.000000	 8.882002
212	 15	 15	 1	 0.000050	 -1	 0.000000	 9.104309
213	 15	 15	 1	 0.000033	 -1	 0.000000	 16.870022
214	 15	 15	 1	 0.000030	 -1	 0.000000	 7.682199
215	 15	 15	 1	 0.000032	 -1	 0.000000	 9.463106
217	 15	 15	 1	 0.000035	 -1	 0.000000	 9.828337
218	 15	 15	 1	 0.000027	 -1	 0.000000	 11.765875
219	 15	 15	 1	 0.000029	 -1	 0.000000	 8.883178
220	 15	 15	 1	 0.000033	 -1	 0.000000	 11.458952
222	 15	 15	 1	 0.000036	 -1	 0.000000	 9.795667
223	 15	 15	 1	 0.000030	 -1	 0.000000	 15.563567
224	 15	 15	 1	 0.000029	 -1	 0.000000	 13.317757
225	 15	 15	 1	 0.000031	 -1	 0.000000	 10.860773
226	 15	 15	 1	 0.000034	 -1	 0.000000	 13.083920
227	 15	 15	 1	 0.000032	 -1	 0.000000	 8.939840
228	 15	 15	 1	 0.000030	 -1	 0.000000	 12.880819
229	 15	 15	 1	 0.000035	 -1	 0.000000	 10.576742
230	 15	 15	 1	 0.000026	 -1	 0.000000	 8.451050
231	 15	 15	 0	 274.718000	 -1	 0.000000	 4.282328
232	 15	 15	 1	 0.000033	 -1	 0.000000	 10.343822
233	 15	 15	 1	 0.000030	 -1	 0.000000	 9.389546
234	 15	 15	 1	 0.000029	 -1	 0.000000	 9.907253
235	 15	 15	 1	 0.000027	 -1	 0.000000	 9.332298
236	 15	 15	 1	 0.000032	 -1	 0.000000	 15.010717
237	 15	 15	 1	 0.000029	 -1	 0.000000	 11.060880
238	 15	 15	 1	 0.000025	 -1	 0.000000	 10.065004
239	 15	 15	 1	 0.000059	 -1	 0.000000	 13.277384
240	 15	 15	 1	 0.000025	 -1	 0.000000	 8.015106
241	 15	 15	 1	 0.000035	 -1	 0.000000	 9.826119
242	 15	 15	 1	 0.000030	 -1	 0.000000	 14.321776
243	 15	 15	 1	 0.000030	 -1	 0.000000	 10.397913
244	 15	 15	 1	 0.000033	 -1	 0.000000	 8.567358
245	 15	 15	 1	 0.000025	 -1	 0.000000	 9.841522
246	 15	 15	 1	 0.000039	 -1	 0.000000	 9.152856
247	 15	 15	 1	 0.000028	 -1	 0.000000	 10.432343
80	 5	 5	 1	 0.003695	 -1	 0.000000	 11.249192
81	 5	 5	 1	 0.004866	 -1	 0.000000	 8.853021
82	 5	 5	 1	 0.003465	 -1	 0.000000	 11.524451
83	 5	 5	 1	 0.003039	 -1	 0.000000	 9.799988
84	 5	 5	 1	 0.004435	 -1	 0.000000	 11.856884
85	 5	 5	 1	 0.004801	 -1	 0.000000	 13.633850
86	 5	 5	 1	 0.003881	 -1	 0.000000	 10.576951
87	 5	 5	 1	 0.004118	 -1	 0.000000	 8.772180
88	 5	 5	 1	 0.003055	 -1	 0.000000	 10.165733
89	 5	 5	 1	 0.004775	 -1	 0.000000	 12.080191
90	 5	 5	 1	 0.005722	 -1	 0.000000	 9.236167
91	 5	 5	 1	 0.003909	 -1	 0.000000	 9.885893
92	 5	 5	 1	 0.004913	 -1	 0.000000	 9.419075
93	 5	 5	 1	 0.003223	 -1	 0.000000	 10.528416
94	 5	 5	 1	 0.003663	 -1	 0.000000	 8.390014
95	 5	 5	 1	 0.003846	 -1	 0.000000	 11.006831
96	 5	 5	 0	 401.842476	 -1	 0.000000	 6.536341
97	 5	 5	 1	 0.003664	 -1	 0.000000	 9.446120
98	 5	 5	 0	 385.804136	 -1	 0.000000	 5.989605
99	 5	 5	 1	 0.003966	 -1	 0.000000	 11.000509
100	 5	 5	 0	 379.124958	 -1	 0.000000	 8.024867
101	 5	 5	 1	 0.003069	 -1	 0.000000	 7.186027
102	 5	 5	 0	 378.838156	 -1	 0.000000	 5.583822
103	 5	 5	 1	 0.004640	 -1	 0.000000	 13.279898
>>> gr_fir_ccf: using E
>>> gr_fir_fff: using E
gr_buffer::allocate_buffer: warning: tried to allocate
   36 items of size 1776. Due to alignment requirements
   256 were allocated.  If this isn't OK, consider padding
   your structure to a power-of-two bytes.
   On this platform, our allocation granularity is 4096 bytes.
80	 7	 7	 1	 2.162920	 -1	 0.000000	 8.984508
81	 7	 7	 1	 0.012055	 -1	 0.000000	 13.024076
82	 7	 7	 1	 0.011086	 -1	 0.000000	 8.622350
83	 7	 7	 1	 0.012704	 -1	 0.000000	 10.025658
84	 7	 7	 1	 0.015487	 -1	 0.000000	 8.344025
85	 7	 7	 1	 3.933869	 -1	 0.000000	 7.168808
86	 7	 7	 1	 0.017284	 -1	 0.000000	 8.240736
87	 7	 7	 1	 0.010081	 -1	 0.000000	 8.162924
88	 7	 7	 0	 13.779450	 -1	 0.000000	 13.911660
89	 7	 7	 1	 0.013986	 -1	 0.000000	 14.024553
90	 7	 7	 1	 0.014618	 -1	 0.000000	 10.533264
91	 7	 7	 1	 0.016613	 -1	 0.000000	 10.158365
92	 7	 7	 1	 0.010508	 -1	 0.000000	 11.020064
93	 7	 7	 1	 0.011221	 -1	 0.000000	 10.738363
95	 7	 7	 1	 0.011143	 -1	 0.000000	 8.624068
96	 7	 7	 1	 0.020242	 -1	 0.000000	 8.530467
97	 7	 7	 1	 0.014080	 -1	 0.000000	 15.837328
98	 7	 7	 1	 0.013184	 -1	 0.000000	 10.767281
99	 7	 7	 1	 0.011500	 -1	 0.000000	 13.865925
100	 7	 7	 1	 0.010925	 -1	 0.000000	 8.578036
101	 7	 7	 1	 0.015213	 -1	 0.000000	 13.301801
16	 15	 15	 0	 382.162221	 -1	 0.000000	 6.114622
102	 7	 7	 1	 0.016304	 -1	 0.000000	 10.848171
103	 7	 7	 1	 0.010953	 -1	 0.000000	 10.247272
104	 7	 7	 0	 292.369546	 -1	 0.000000	 6.658490
105	 7	 7	 1	 0.014824	 -1	 0.000000	 9.918817
106	 7	 7	 1	 0.014399	 -1	 0.000000	 15.991096
108	 7	 7	 1	 0.011375	 -1	 0.000000	 10.074922
109	 7	 7	 1	 0.013224	 -1	 0.000000	 10.549135
110	 7	 7	 1	 0.009283	 -1	 0.000000	 9.396699
111	 7	 7	 0	 415.759072	 -1	 0.000000	 7.955473
112	 7	 7	 1	 0.013827	 -1	 0.000000	 8.890311
113	 7	 7	 1	 0.011500	 -1	 0.000000	 10.490571
114	 7	 7	 1	 0.011168	 -1	 0.000000	 10.417486
115	 7	 7	 0	 388.555445	 -1	 0.000000	 5.633962
116	 7	 7	 0	 390.143822	 -1	 0.000000	 6.982077
117	 7	 7	 1	 0.016760	 -1	 0.000000	 11.669044
118	 7	 7	 1	 0.014343	 -1	 0.000000	 9.934361
119	 7	 7	 1	 0.019349	 -1	 0.000000	 9.161865
120	 7	 7	 0	 412.114857	 -1	 0.000000	 7.972812
121	 7	 7	 1	 0.013074	 -1	 0.000000	 13.320942
122	 7	 7	 1	 0.016751	 -1	 0.000000	 9.131869
123	 7	 7	 0	 392.517976	 -1	 0.000000	 6.426671
124	 7	 7	 1	 0.012299	 -1	 0.000000	 11.558843
125	 7	 7	 1	 0.015825	 -1	 0.000000	 8.843349
126	 7	 7	 1	 0.010393	 -1	 0.000000	 7.287418
127	 7	 7	 1	 0.012633	 -1	 0.000000	 9.057418
128	 7	 7	 1	 0.011273	 -1	 0.000000	 8.361217
129	 7	 7	 1	 0.015720	 -1	 0.000000	 9.281791
130	 7	 7	 1	 0.013236	 -1	 0.000000	 9.327185
131	 7	 7	 0	 374.664169	 -1	 0.000000	 7.683723
132	 7	 7	 1	 0.015084	 -1	 0.000000	 9.973536
133	 7	 7	 1	 0.018886	 -1	 0.000000	 9.529900
135	 7	 7	 1	 0.271031	 -1	 0.000000	 7.338347
136	 7	 7	 0	 402.917048	 -1	 0.000000	 7.827796
137	 7	 7	 1	 0.016264	 -1	 0.000000	 11.444548
138	 7	 7	 0	 324.109175	 -1	 0.000000	 7.019006
139	 7	 7	 1	 0.009419	 -1	 0.000000	 10.039393
140	 7	 7	 1	 0.013968	 -1	 0.000000	 9.140132
141	 7	 7	 1	 0.017623	 -1	 0.000000	 10.978994
142	 7	 7	 1	 61.345459	 -1	 0.000000	 6.993683
143	 7	 7	 0	 365.449053	 -1	 0.000000	 6.793211
144	 7	 7	 1	 18.136204	 -1	 0.000000	 5.964458
145	 7	 7	 1	 0.017719	 -1	 0.000000	 12.981837
146	 7	 7	 1	 0.013853	 -1	 0.000000	 9.928596
147	 7	 7	 0	 424.132550	 -1	 0.000000	 8.218328
148	 7	 7	 1	 34.803059	 -1	 0.000000	 7.074181
149	 7	 7	 1	 0.015234	 -1	 0.000000	 19.439886
150	 7	 7	 1	 9.716488	 -1	 0.000000	 7.255282
151	 7	 7	 1	 0.014076	 -1	 0.000000	 9.119548
152	 7	 7	 0	 192.643029	 -1	 0.000000	 7.709695
153	 7	 7	 0	 387.340563	 -1	 0.000000	 6.619605
154	 7	 7	 1	 0.009358	 -1	 0.000000	 7.117412
155	 7	 7	 1	 0.021100	 -1	 0.000000	 13.648810
156	 7	 7	 1	 0.928754	 -1	 0.000000	 6.830770
157	 7	 7	 1	 0.019885	 -1	 0.000000	 7.859236
158	 7	 7	 1	 0.016842	 -1	 0.000000	 15.731195
159	 7	 7	 0	 399.899770	 -1	 0.000000	 7.796911
160	 7	 7	 0	 412.700946	 -1	 0.000000	 7.350460
161	 7	 7	 1	 0.010110	 -1	 0.000000	 8.682383
162	 7	 7	 1	 0.017499	 -1	 0.000000	 11.500392
163	 7	 7	 1	 0.018575	 -1	 0.000000	 14.588196
164	 7	 7	 1	 0.012666	 -1	 0.000000	 10.531987
165	 7	 7	 1	 0.015848	 -1	 0.000000	 10.110970
166	 7	 7	 1	 15.429686	 -1	 0.000000	 7.998940
167	 7	 7	 1	 0.016154	 -1	 0.000000	 14.638597
168	 7	 7	 0	 422.066361	 -1	 0.000000	 7.141449
169	 7	 7	 1	 0.042989	 -1	 0.000000	 9.256108
170	 7	 7	 1	 168.490401	 -1	 0.000000	 6.754080
171	 7	 7	 1	 0.011275	 -1	 0.000000	 8.955850
172	 7	 7	 1	 0.012719	 -1	 0.000000	 9.810463
173	 7	 7	 1	 0.015607	 -1	 0.000000	 9.383934
174	 7	 7	 1	 0.012534	 -1	 0.000000	 8.205120
176	 7	 7	 1	 0.010804	 -1	 0.000000	 7.249957
177	 7	 7	 1	 0.013417	 -1	 0.000000	 11.002058
178	 7	 7	 0	 397.855850	 -1	 0.000000	 6.807082
179	 7	 7	 1	 0.016309	 -1	 0.000000	 8.717108
180	 7	 7	 1	 0.015715	 -1	 0.000000	 10.354134
181	 7	 7	 1	 0.017235	 -1	 0.000000	 12.707195
182	 7	 7	 1	 0.020905	 -1	 0.000000	 13.468524
183	 7	 7	 1	 0.009513	 -1	 0.000000	 7.727114
184	 7	 7	 1	 0.017629	 -1	 0.000000	 11.230002
185	 7	 7	 1	 0.011455	 -1	 0.000000	 7.951427
186	 7	 7	 1	 0.026722	 -1	 0.000000	 8.856614
187	 7	 7	 1	 0.014695	 -1	 0.000000	 9.426064
188	 7	 7	 1	 0.014413	 -1	 0.000000	 8.787326
189	 7	 7	 1	 0.018602	 -1	 0.000000	 9.461238
190	 7	 7	 1	 0.014234	 -1	 0.000000	 11.842869
191	 7	 7	 1	 0.009142	 -1	 0.000000	 8.951454
192	 7	 7	 0	 405.208184	 -1	 0.000000	 7.456894
193	 7	 7	 1	 0.016743	 -1	 0.000000	 14.645474
194	 7	 7	 1	 0.010881	 -1	 0.000000	 9.334388
195	 7	 7	 1	 0.013459	 -1	 0.000000	 11.355199
196	 7	 7	 1	 0.012477	 -1	 0.000000	 10.414465
197	 7	 7	 1	 0.010474	 -1	 0.000000	 7.871804
198	 7	 7	 1	 0.010885	 -1	 0.000000	 8.347355
199	 7	 7	 1	 0.012077	 -1	 0.000000	 9.699144
201	 7	 7	 1	 0.014319	 -1	 0.000000	 13.733310
202	 7	 7	 1	 0.011720	 -1	 0.000000	 10.491401
204	 7	 7	 1	 0.021578	 -1	 0.000000	 8.062872
205	 7	 7	 1	 0.012869	 -1	 0.000000	 9.717196
206	 7	 7	 1	 0.011959	 -1	 0.000000	 8.474283
207	 7	 7	 1	 0.020257	 -1	 0.000000	 10.611555
208	 7	 7	 1	 0.011295	 -1	 0.000000	 11.851166
225	 7	 7	 0	 391.759145	 -1	 0.000000	 6.904270
210	 7	 7	 1	 0.010714	 -1	 0.000000	 19.648697
211	 7	 7	 1	 0.021275	 -1	 0.000000	 8.636634
212	 7	 7	 0	 286.328011	 -1	 0.000000	 7.014456
213	 7	 7	 1	 0.010480	 -1	 0.000000	 8.138137
214	 7	 7	 1	 0.013912	 -1	 0.000000	 11.918186
215	 7	 7	 1	 0.011292	 -1	 0.000000	 11.021318
216	 7	 7	 1	 0.019437	 -1	 0.000000	 9.935706
217	 7	 7	 1	 35.906286	 -1	 0.000000	 8.268071
218	 7	 7	 1	 0.011240	 -1	 0.000000	 16.726580
219	 7	 7	 1	 0.010732	 -1	 0.000000	 7.438421
220	 7	 7	 1	 0.022352	 -1	 0.000000	 8.841981
221	 7	 7	 1	 0.011725	 -1	 0.000000	 12.104267
222	 7	 7	 1	 0.011324	 -1	 0.000000	 10.463455
223	 7	 7	 1	 0.018897	 -1	 0.000000	 13.538749
224	 7	 7	 0	 98.258443	 -1	 0.000000	 9.157854
225	 7	 7	 1	 0.016667	 -1	 0.000000	 16.734268
226	 7	 7	 1	 0.030899	 -1	 0.000000	 8.153297
227	 7	 7	 1	 0.014758	 -1	 0.000000	 11.861353
228	 7	 7	 1	 0.008861	 -1	 0.000000	 10.348530
229	 7	 7	 1	 0.012755	 -1	 0.000000	 11.411430
230	 7	 7	 1	 0.010706	 -1	 0.000000	 9.909427
231	 7	 7	 1	 0.018589	 -1	 0.000000	 10.978152
232	 7	 7	 1	 0.016221	 -1	 0.000000	 10.754260
233	 7	 7	 1	 0.013854	 -1	 0.000000	 11.872949
234	 7	 7	 1	 0.012338	 -1	 0.000000	 11.132040
236	 7	 7	 0	 153.517102	 -1	 0.000000	 8.045375
237	 7	 7	 1	 0.019162	 -1	 0.000000	 17.503826
238	 7	 7	 1	 0.011232	 -1	 0.000000	 12.992696
240	 7	 7	 0	 468.856937	 -1	 0.000000	 23.809563
241	 7	 7	 0	 134.840201	 -1	 0.000000	 9.489210
242	 7	 7	 0	 111.909165	 -1	 0.000000	 6.313333
243	 7	 7	 0	 391.599201	 -1	 0.000000	 10.069549
244	 7	 7	 0	 110.067971	 -1	 0.000000	 8.037718
245	 7	 7	 0	 132.027863	 -1	 0.000000	 9.897183
246	 7	 7	 0	 174.723006	 -1	 0.000000	 8.552739
248	 7	 7	 0	 164.896799	 -1	 0.000000	 11.378827
249	 7	 7	 0	 141.375078	 -1	 0.000000	 8.663874
250	 7	 7	 0	 71.828305	 -1	 0.000000	 9.360881
251	 7	 7	 0	 130.685797	 -1	 0.000000	 15.305090
252	 7	 7	 0	 157.623896	 -1	 0.000000	 12.954101
253	 7	 7	 0	 75.481706	 -1	 0.000000	 10.172536
254	 7	 7	 0	 131.166530	 -1	 0.000000	 9.354292
255	 7	 7	 0	 80.984273	 -1	 0.000000	 8.147310
256	 7	 7	 0	 144.748443	 -1	 0.000000	 5.508638
257	 7	 7	 0	 397.731126	 -1	 0.000000	 8.788062
258	 7	 7	 0	 147.374951	 -1	 0.000000	 13.826889
259	 7	 7	 0	 112.921112	 -1	 0.000000	 13.960447
260	 7	 7	 0	 124.007556	 -1	 0.000000	 7.921630
262	 7	 7	 0	 434.262214	 -1	 0.000000	 7.756172
263	 7	 7	 0	 126.440843	 -1	 0.000000	 8.374949
266	 7	 7	 0	 147.814761	 -1	 0.000000	 12.881945
267	 7	 7	 0	 117.103903	 -1	 0.000000	 11.517247
270	 7	 7	 0	 451.314901	 -1	 0.000000	 9.916230
271	 7	 7	 0	 131.670543	 -1	 0.000000	 6.771601
272	 7	 7	 0	 222.678522	 -1	 0.000000	 12.496618
273	 7	 7	 0	 112.135130	 -1	 0.000000	 16.046751
274	 7	 7	 0	 78.293492	 -1	 0.000000	 5.169789
275	 7	 7	 0	 415.670357	 -1	 0.000000	 9.986429
276	 7	 7	 0	 466.947073	 -1	 0.000000	 7.470186
278	 7	 7	 0	 157.455645	 -1	 0.000000	 8.116249
284	 7	 7	 0	 468.169112	 -1	 0.000000	 8.181479
285	 7	 7	 0	 130.187797	 -1	 0.000000	 10.468242
286	 7	 7	 0	 102.183325	 -1	 0.000000	 7.116827
287	 7	 7	 0	 365.642275	 -1	 0.000000	 18.901440
289	 7	 7	 0	 70.506457	 -1	 0.000000	 7.578562
290	 7	 7	 0	 445.532663	 -1	 0.000000	 7.064523
292	 7	 7	 0	 356.756965	 -1	 0.000000	 8.851824
293	 7	 7	 0	 145.907824	 -1	 0.000000	 10.246158
294	 7	 7	 0	 90.073773	 -1	 0.000000	 10.309885
295	 7	 7	 0	 89.415674	 -1	 0.000000	 8.281423
296	 7	 7	 0	 124.554993	 -1	 0.000000	 10.366455
297	 7	 7	 0	 114.298452	 -1	 0.000000	 11.865783
299	 7	 7	 0	 83.876687	 -1	 0.000000	 9.486123
301	 7	 7	 0	 173.637480	 -1	 0.000000	 10.056345
302	 7	 7	 0	 379.756298	 -1	 0.000000	 13.265147
303	 7	 7	 0	 125.746301	 -1	 0.000000	 10.842334
304	 7	 7	 0	 137.582316	 -1	 0.000000	 10.807197
3047	 13	 13	 0	 284.439671	 -1	 0.000000	 4.424777
305	 7	 7	 0	 274.936503	 -1	 0.000000	 10.664217
python: trellis_siso_combined_packet.cc:233: virtual int trellis_siso_combined_packet::general_work(int, gr_vector_int&, gr_vector_const_void_star&, gr_vector_void_star&): Assertion `d_flush_input1 >= num_oldinput[1]' failed.
>>> gr_fir_ccf: using E
>>> gr_fir_fff: using E
gr_buffer::allocate_buffer: warning: tried to allocate
   36 items of size 1776. Due to alignment requirements
   256 were allocated.  If this isn't OK, consider padding
   your structure to a power-of-two bytes.
   On this platform, our allocation granularity is 4096 bytes.
80	 7	 7	 0	 360.637266	 -1	 0.000000	 6.864174
81	 7	 7	 1	 0.010733	 -1	 0.000000	 15.188221
82	 7	 7	 1	 0.011944	 -1	 0.000000	 7.981781
83	 7	 7	 1	 0.010104	 -1	 0.000000	 11.429055
84	 7	 7	 1	 0.016207	 -1	 0.000000	 9.862803
85	 7	 7	 1	 0.012946	 -1	 0.000000	 8.784553
86	 7	 7	 1	 0.016983	 -1	 0.000000	 11.082037
87	 7	 7	 1	 0.011579	 -1	 0.000000	 8.810471
88	 7	 7	 1	 0.014791	 -1	 0.000000	 12.672583
89	 7	 7	 1	 0.012545	 -1	 0.000000	 8.734783
90	 7	 7	 1	 0.015090	 -1	 0.000000	 9.340930
91	 7	 7	 1	 0.011406	 -1	 0.000000	 14.244573
92	 7	 7	 1	 0.011047	 -1	 0.000000	 8.377961
93	 7	 7	 1	 0.010107	 -1	 0.000000	 10.240744
94	 7	 7	 1	 0.014585	 -1	 0.000000	 9.645275
95	 7	 7	 0	 416.307894	 -1	 0.000000	 4.632494
96	 7	 7	 1	 0.016989	 -1	 0.000000	 9.627603
97	 7	 7	 0	 390.652815	 -1	 0.000000	 7.306562
98	 7	 7	 1	 0.018683	 -1	 0.000000	 8.101252
99	 7	 7	 1	 0.010926	 -1	 0.000000	 9.150855
100	 7	 7	 1	 0.012876	 -1	 0.000000	 9.320439
101	 7	 7	 1	 0.013625	 -1	 0.000000	 9.076571
102	 7	 7	 1	 0.012962	 -1	 0.000000	 7.051954
103	 7	 7	 1	 0.009861	 -1	 0.000000	 10.365705
104	 7	 7	 1	 0.044627	 -1	 0.000000	 9.526394
105	 7	 7	 1	 0.020308	 -1	 0.000000	 12.052330
106	 7	 7	 1	 0.013999	 -1	 0.000000	 10.848142
107	 7	 7	 1	 0.012799	 -1	 0.000000	 15.762363
108	 7	 7	 1	 0.009882	 -1	 0.000000	 8.726474
109	 7	 7	 1	 0.016430	 -1	 0.000000	 10.972560
110	 7	 7	 1	 0.021204	 -1	 0.000000	 10.161330
111	 7	 7	 1	 0.020098	 -1	 0.000000	 10.852176
112	 7	 7	 1	 0.011403	 -1	 0.000000	 12.212047
113	 7	 7	 1	 0.011053	 -1	 0.000000	 7.232286
114	 7	 7	 1	 0.010812	 -1	 0.000000	 10.021768
115	 7	 7	 1	 0.012063	 -1	 0.000000	 13.282381
116	 7	 7	 1	 0.011118	 -1	 0.000000	 9.848200
117	 7	 7	 1	 0.022447	 -1	 0.000000	 10.723648
118	 7	 7	 0	 367.653487	 -1	 0.000000	 7.473639
119	 7	 7	 1	 0.025759	 -1	 0.000000	 9.777030
121	 7	 7	 1	 0.012173	 -1	 0.000000	 8.736272
122	 7	 7	 1	 0.012445	 -1	 0.000000	 8.785407
123	 7	 7	 0	 383.283187	 -1	 0.000000	 6.522242
124	 7	 7	 1	 0.011990	 -1	 0.000000	 8.370892
2453	 9	 9	 0	 459.809809	 -1	 0.000000	 10.615655
125	 7	 7	 1	 0.011882	 -1	 0.000000	 15.551241
126	 7	 7	 1	 0.013895	 -1	 0.000000	 11.285410
127	 7	 7	 1	 0.012726	 -1	 0.000000	 10.180773
128	 7	 7	 1	 0.009501	 -1	 0.000000	 7.992204
129	 7	 7	 0	 391.405388	 -1	 0.000000	 7.117567
130	 7	 7	 1	 0.015926	 -1	 0.000000	 12.504531
131	 7	 7	 1	 0.012564	 -1	 0.000000	 8.588793
132	 7	 7	 1	 0.016870	 -1	 0.000000	 12.561896
133	 7	 7	 1	 0.027061	 -1	 0.000000	 9.109373
134	 7	 7	 1	 0.021802	 -1	 0.000000	 8.154392
135	 7	 7	 1	 18.147007	 -1	 0.000000	 8.094614
136	 7	 7	 1	 0.014398	 -1	 0.000000	 9.215245
137	 7	 7	 1	 0.017877	 -1	 0.000000	 11.322204
138	 7	 7	 1	 0.009593	 -1	 0.000000	 8.456020
139	 7	 7	 0	 421.456122	 -1	 0.000000	 7.187819
140	 7	 7	 1	 0.013681	 -1	 0.000000	 11.915190
141	 7	 7	 1	 0.014978	 -1	 0.000000	 8.239086
142	 7	 7	 1	 0.012717	 -1	 0.000000	 9.704168
143	 7	 7	 1	 0.013803	 -1	 0.000000	 14.025710
144	 7	 7	 1	 0.010877	 -1	 0.000000	 19.319439
145	 7	 7	 1	 0.009608	 -1	 0.000000	 20.774572
146	 7	 7	 1	 0.013806	 -1	 0.000000	 18.506184
147	 7	 7	 0	 319.433311	 -1	 0.000000	 8.387770
148	 7	 7	 0	 414.594352	 -1	 0.000000	 6.895577
149	 7	 7	 1	 0.014827	 -1	 0.000000	 12.901095
150	 7	 7	 1	 0.013038	 -1	 0.000000	 9.460725
151	 7	 7	 1	 0.012954	 -1	 0.000000	 9.065183
152	 7	 7	 0	 136.551921	 -1	 0.000000	 6.354282
153	 7	 7	 1	 0.016503	 -1	 0.000000	 11.184010
154	 7	 7	 1	 0.009836	 -1	 0.000000	 8.215916
155	 7	 7	 1	 0.026297	 -1	 0.000000	 10.473532
156	 7	 7	 1	 0.018689	 -1	 0.000000	 9.041652
157	 7	 7	 1	 0.009869	 -1	 0.000000	 11.647909
158	 7	 7	 1	 0.016920	 -1	 0.000000	 11.383465
159	 7	 7	 1	 0.012552	 -1	 0.000000	 8.360514
160	 7	 7	 1	 0.011606	 -1	 0.000000	 9.982192
161	 7	 7	 1	 0.015025	 -1	 0.000000	 9.463123
163	 7	 7	 1	 0.578079	 -1	 0.000000	 6.976929
164	 7	 7	 1	 0.014961	 -1	 0.000000	 11.370090
165	 7	 7	 0	 329.547906	 -1	 0.000000	 6.556708
166	 7	 7	 1	 0.024453	 -1	 0.000000	 8.772671
167	 7	 7	 1	 0.016210	 -1	 0.000000	 9.495749
168	 7	 7	 1	 0.011565	 -1	 0.000000	 8.443207
169	 7	 7	 1	 0.030363	 -1	 0.000000	 12.636275
170	 7	 7	 1	 0.023618	 -1	 0.000000	 10.720939
171	 7	 7	 1	 0.018275	 -1	 0.000000	 16.346291
172	 7	 7	 1	 0.012223	 -1	 0.000000	 10.229239
173	 7	 7	 1	 30.593875	 -1	 0.000000	 7.704232
174	 7	 7	 1	 0.014526	 -1	 0.000000	 9.198448
175	 7	 7	 1	 0.017250	 -1	 0.000000	 11.902260
176	 7	 7	 1	 0.009843	 -1	 0.000000	 8.950017
177	 7	 7	 1	 0.011899	 -1	 0.000000	 10.044588
86	 9	 9	 1	 167.169228	 -1	 0.000000	 9.136851
87	 9	 9	 1	 77.121174	 -1	 0.000000	 8.139839
88	 9	 9	 0	 335.897574	 -1	 0.000000	 7.415515
89	 9	 9	 0	 446.335892	 -1	 0.000000	 6.826308
90	 9	 9	 1	 50.435650	 -1	 0.000000	 10.112182
91	 9	 9	 1	 68.148232	 -1	 0.000000	 8.330311
92	 9	 9	 1	 94.182149	 -1	 0.000000	 9.547243
93	 9	 9	 1	 76.791202	 -1	 0.000000	 8.788309
94	 9	 9	 1	 86.625625	 -1	 0.000000	 10.109144
95	 9	 9	 1	 123.103167	 -1	 0.000000	 11.830379
96	 9	 9	 1	 100.396172	 -1	 0.000000	 8.395515
97	 9	 9	 1	 83.748785	 -1	 0.000000	 11.029679
98	 9	 9	 0	 401.953662	 -1	 0.000000	 7.014064
99	 9	 9	 1	 89.658303	 -1	 0.000000	 10.959457
100	 9	 9	 1	 104.077284	 -1	 0.000000	 9.471557
101	 9	 9	 1	 73.058629	 -1	 0.000000	 8.956009
102	 9	 9	 1	 100.294081	 -1	 0.000000	 10.168403
103	 9	 9	 1	 89.949886	 -1	 0.000000	 11.584350
104	 9	 9	 1	 91.393794	 -1	 0.000000	 11.623528
105	 9	 9	 1	 109.329073	 -1	 0.000000	 10.875581
106	 9	 9	 1	 139.813283	 -1	 0.000000	 8.631483
107	 9	 9	 1	 82.211208	 -1	 0.000000	 8.426549
108	 9	 9	 1	 77.085085	 -1	 0.000000	 8.214910
109	 9	 9	 0	 382.732002	 -1	 0.000000	 6.671329
110	 9	 9	 0	 376.060142	 -1	 0.000000	 6.622482
111	 9	 9	 1	 155.093241	 -1	 0.000000	 8.948089
112	 9	 9	 1	 102.755576	 -1	 0.000000	 10.020194
113	 9	 9	 1	 92.068685	 -1	 0.000000	 11.087312
114	 9	 9	 1	 118.764032	 -1	 0.000000	 12.209505
115	 9	 9	 1	 97.786713	 -1	 0.000000	 11.863713
116	 9	 9	 1	 68.563028	 -1	 0.000000	 10.285438
117	 9	 9	 0	 342.749219	 -1	 0.000000	 6.980734
118	 9	 9	 1	 90.523792	 -1	 0.000000	 9.254263
119	 9	 9	 1	 95.662614	 -1	 0.000000	 10.047284
120	 9	 9	 1	 104.986393	 -1	 0.000000	 9.078182
121	 9	 9	 1	 88.961935	 -1	 0.000000	 10.465786
122	 9	 9	 1	 119.567758	 -1	 0.000000	 11.374760
123	 9	 9	 1	 91.509814	 -1	 0.000000	 9.348248
124	 9	 9	 1	 242.447089	 -1	 0.000000	 8.174683
125	 9	 9	 0	 359.758365	 -1	 0.000000	 7.578994
126	 9	 9	 0	 418.931355	 -1	 0.000000	 6.714461
127	 9	 9	 1	 95.857492	 -1	 0.000000	 7.703641
128	 9	 9	 1	 90.947585	 -1	 0.000000	 8.661615
129	 9	 9	 1	 243.655053	 -1	 0.000000	 9.091429
130	 9	 9	 1	 95.776002	 -1	 0.000000	 12.651460
131	 9	 9	 1	 79.960098	 -1	 0.000000	 9.010020
132	 9	 9	 1	 58.451862	 -1	 0.000000	 10.196565
133	 9	 9	 1	 262.812777	 -1	 0.000000	 7.127788
134	 9	 9	 1	 73.192990	 -1	 0.000000	 11.737488
135	 9	 9	 1	 93.088409	 -1	 0.000000	 10.725732
136	 9	 9	 1	 267.600753	 -1	 0.000000	 11.451449
137	 9	 9	 1	 87.197646	 -1	 0.000000	 10.896520
138	 9	 9	 0	 392.141169	 -1	 0.000000	 8.995396
139	 9	 9	 1	 137.928963	 -1	 0.000000	 9.371937
140	 9	 9	 1	 186.155381	 -1	 0.000000	 8.001227
80	 9	 9	 0	 401.777580	 -1	 0.000000	 6.920160
81	 9	 9	 1	 84.718500	 -1	 0.000000	 10.090291
82	 9	 9	 1	 119.304522	 -1	 0.000000	 14.506453
83	 9	 9	 1	 40.424012	 -1	 0.000000	 8.248885
84	 9	 9	 1	 160.104301	 -1	 0.000000	 11.854527
85	 9	 9	 1	 98.256540	 -1	 0.000000	 9.252367
86	 9	 9	 1	 121.192198	 -1	 0.000000	 10.499755
87	 9	 9	 1	 115.476347	 -1	 0.000000	 10.822645
88	 9	 9	 1	 91.236499	 -1	 0.000000	 15.195175
89	 9	 9	 1	 78.253608	 -1	 0.000000	 9.951941
90	 9	 9	 1	 80.115630	 -1	 0.000000	 11.104188
91	 9	 9	 1	 85.332756	 -1	 0.000000	 11.769858
92	 9	 9	 1	 74.586002	 -1	 0.000000	 8.847397
93	 9	 9	 1	 168.487129	 -1	 0.000000	 8.595083
94	 9	 9	 1	 51.511635	 -1	 0.000000	 8.159931
95	 9	 9	 1	 82.930177	 -1	 0.000000	 11.325887
96	 9	 9	 1	 91.286014	 -1	 0.000000	 9.161269
97	 9	 9	 1	 74.991035	 -1	 0.000000	 8.123092
98	 9	 9	 1	 98.835733	 -1	 0.000000	 8.324343
99	 9	 9	 1	 118.908316	 -1	 0.000000	 10.399850
100	 9	 9	 1	 89.627812	 -1	 0.000000	 10.146602
101	 9	 9	 1	 85.390527	 -1	 0.000000	 8.904494
102	 9	 9	 1	 82.979732	 -1	 0.000000	 9.989090
103	 9	 9	 0	 323.703024	 -1	 0.000000	 8.742625
104	 9	 9	 1	 94.734774	 -1	 0.000000	 16.195168
105	 9	 9	 1	 88.308814	 -1	 0.000000	 11.783662
106	 9	 9	 1	 120.003774	 -1	 0.000000	 10.621165
107	 9	 9	 0	 401.502167	 -1	 0.000000	 7.202391
108	 9	 9	 1	 76.418607	 -1	 0.000000	 9.555078
109	 9	 9	 0	 447.518715	 -1	 0.000000	 6.440461
110	 9	 9	 0	 443.620178	 -1	 0.000000	 7.428625
111	 9	 9	 1	 81.745339	 -1	 0.000000	 11.911727
112	 9	 9	 1	 111.736760	 -1	 0.000000	 10.446881
113	 9	 9	 0	 340.961792	 -1	 0.000000	 6.677519
114	 9	 9	 1	 96.787177	 -1	 0.000000	 7.727766
115	 9	 9	 1	 74.717616	 -1	 0.000000	 9.828973
116	 9	 9	 1	 89.691838	 -1	 0.000000	 8.597138
117	 9	 9	 1	 89.211755	 -1	 0.000000	 9.816798
118	 9	 9	 1	 94.024115	 -1	 0.000000	 11.439736
119	 9	 9	 1	 88.996325	 -1	 0.000000	 11.176855
2983	 7	 7	 0	 426.303402	 -1	 0.000000	 6.244800
120	 9	 9	 1	 97.267769	 -1	 0.000000	 12.716747
121	 9	 9	 1	 98.546982	 -1	 0.000000	 17.112930
122	 9	 9	 1	 87.014221	 -1	 0.000000	 7.900872
123	 9	 9	 0	 393.497004	 -1	 0.000000	 6.780845
124	 9	 9	 1	 78.419834	 -1	 0.000000	 10.638763
125	 9	 9	 1	 107.553366	 -1	 0.000000	 10.088735
126	 9	 9	 1	 110.842940	 -1	 0.000000	 9.476935
127	 9	 9	 1	 86.134949	 -1	 0.000000	 8.855936
128	 9	 9	 1	 92.186993	 -1	 0.000000	 10.854771
129	 9	 9	 1	 81.744492	 -1	 0.000000	 13.017881
130	 9	 9	 1	 138.750920	 -1	 0.000000	 9.598166
131	 9	 9	 1	 81.494600	 -1	 0.000000	 10.086947
132	 9	 9	 1	 82.100150	 -1	 0.000000	 9.479808
133	 9	 9	 0	 420.913443	 -1	 0.000000	 7.237051
134	 9	 9	 1	 33.214634	 -1	 0.000000	 8.760594
135	 9	 9	 1	 144.972486	 -1	 0.000000	 13.890923
136	 9	 9	 1	 93.020214	 -1	 0.000000	 11.332791
137	 9	 9	 1	 90.601512	 -1	 0.000000	 10.717975
138	 9	 9	 1	 61.889798	 -1	 0.000000	 10.160573
139	 9	 9	 1	 76.032062	 -1	 0.000000	 13.423593
140	 9	 9	 1	 123.122885	 -1	 0.000000	 12.235135
141	 9	 9	 1	 148.277144	 -1	 0.000000	 10.149965
142	 9	 9	 1	 80.778445	 -1	 0.000000	 11.429348
143	 9	 9	 0	 360.269118	 -1	 0.000000	 8.180985
144	 9	 9	 1	 77.622774	 -1	 0.000000	 8.488441
145	 9	 9	 1	 77.632594	 -1	 0.000000	 7.717865
146	 9	 9	 1	 72.694912	 -1	 0.000000	 7.708361
147	 9	 9	 0	 368.726725	 -1	 0.000000	 7.331582
148	 9	 9	 1	 133.314058	 -1	 0.000000	 14.195509
149	 9	 9	 1	 110.207629	 -1	 0.000000	 8.666200
150	 9	 9	 1	 106.962991	 -1	 0.000000	 9.764529
151	 9	 9	 1	 86.121023	 -1	 0.000000	 10.158853
152	 9	 9	 1	 126.098643	 -1	 0.000000	 9.981679
153	 9	 9	 1	 56.328575	 -1	 0.000000	 13.849169
154	 9	 9	 0	 369.607936	 -1	 0.000000	 6.627408
155	 9	 9	 1	 91.977516	 -1	 0.000000	 9.305303
156	 9	 9	 0	 380.932642	 -1	 0.000000	 6.940605
157	 9	 9	 1	 92.533290	 -1	 0.000000	 11.738164
158	 9	 9	 1	 117.942258	 -1	 0.000000	 10.083595
159	 9	 9	 1	 104.107418	 -1	 0.000000	 11.662410
160	 9	 9	 1	 95.786883	 -1	 0.000000	 11.652167
161	 9	 9	 1	 104.537245	 -1	 0.000000	 8.902530
162	 9	 9	 1	 133.066552	 -1	 0.000000	 13.098536
163	 9	 9	 1	 83.907475	 -1	 0.000000	 11.003598
164	 9	 9	 1	 98.352416	 -1	 0.000000	 17.791538
165	 9	 9	 1	 84.360605	 -1	 0.000000	 11.568379
166	 9	 9	 1	 88.419465	 -1	 0.000000	 8.588203
167	 9	 9	 1	 103.648174	 -1	 0.000000	 9.373944
168	 9	 9	 1	 89.258984	 -1	 0.000000	 8.969217
169	 9	 9	 1	 98.926673	 -1	 0.000000	 13.913789
170	 9	 9	 1	 124.652967	 -1	 0.000000	 7.604524
171	 9	 9	 1	 121.966290	 -1	 0.000000	 11.365183
172	 9	 9	 1	 121.973443	 -1	 0.000000	 8.898687
173	 9	 9	 1	 85.528159	 -1	 0.000000	 12.471744
174	 9	 9	 0	 433.867371	 -1	 0.000000	 6.495543
175	 9	 9	 1	 70.332349	 -1	 0.000000	 10.274302
176	 9	 9	 1	 81.066698	 -1	 0.000000	 8.836314
177	 9	 9	 1	 80.446000	 -1	 0.000000	 11.514942
178	 9	 9	 1	 85.243830	 -1	 0.000000	 11.033488
179	 9	 9	 1	 101.393940	 -1	 0.000000	 10.366332
180	 9	 9	 1	 84.073854	 -1	 0.000000	 13.609938
181	 9	 9	 1	 93.582225	 -1	 0.000000	 15.023522
182	 9	 9	 1	 82.028952	 -1	 0.000000	 11.429869
183	 9	 9	 1	 77.586717	 -1	 0.000000	 9.243220
184	 9	 9	 1	 82.696413	 -1	 0.000000	 10.080818
185	 9	 9	 1	 81.364678	 -1	 0.000000	 9.614894
186	 9	 9	 0	 422.805211	 -1	 0.000000	 6.656188
187	 9	 9	 1	 101.063292	 -1	 0.000000	 8.704684
188	 9	 9	 1	 114.623730	 -1	 0.000000	 8.605877
189	 9	 9	 0	 389.101721	 -1	 0.000000	 6.400717
190	 9	 9	 0	 427.824566	 -1	 0.000000	 8.486061
191	 9	 9	 1	 79.637337	 -1	 0.000000	 16.993914
192	 9	 9	 1	 79.456288	 -1	 0.000000	 7.557200
193	 9	 9	 0	 343.298198	 -1	 0.000000	 7.205396
194	 9	 9	 0	 433.134270	 -1	 0.000000	 8.244269
195	 9	 9	 0	 316.639600	 -1	 0.000000	 6.770558
196	 9	 9	 1	 105.064986	 -1	 0.000000	 11.684006
197	 9	 9	 0	 309.094113	 -1	 0.000000	 7.380077
198	 9	 9	 0	 418.534292	 -1	 0.000000	 6.964478
199	 9	 9	 0	 389.334832	 -1	 0.000000	 6.250902
200	 9	 9	 1	 52.652431	 -1	 0.000000	 7.621781
201	 9	 9	 1	 76.128453	 -1	 0.000000	 7.754692
202	 9	 9	 0	 377.736033	 -1	 0.000000	 7.592540
203	 9	 9	 1	 48.825556	 -1	 0.000000	 9.169591
204	 9	 9	 0	 400.548574	 -1	 0.000000	 6.793955
205	 9	 9	 1	 128.318481	 -1	 0.000000	 10.012078
206	 9	 9	 1	 90.089341	 -1	 0.000000	 9.750162
207	 9	 9	 1	 85.876459	 -1	 0.000000	 12.337771
208	 9	 9	 1	 104.266496	 -1	 0.000000	 10.445661
209	 9	 9	 1	 73.514911	 -1	 0.000000	 9.275887
210	 9	 9	 1	 95.344468	 -1	 0.000000	 7.033079
211	 9	 9	 1	 91.940618	 -1	 0.000000	 12.942641
212	 9	 9	 0	 326.309751	 -1	 0.000000	 8.307747
213	 9	 9	 1	 108.845148	 -1	 0.000000	 7.627751
214	 9	 9	 1	 73.376642	 -1	 0.000000	 9.665301
215	 9	 9	 1	 114.559777	 -1	 0.000000	 7.733481
216	 9	 9	 0	 327.367092	 -1	 0.000000	 7.505316
217	 9	 9	 1	 100.240955	 -1	 0.000000	 10.521797
218	 9	 9	 1	 92.128344	 -1	 0.000000	 9.732714
219	 9	 9	 0	 439.294951	 -1	 0.000000	 6.866691
220	 9	 9	 1	 84.528847	 -1	 0.000000	 8.593696
221	 9	 9	 1	 100.863673	 -1	 0.000000	 14.792967
222	 9	 9	 1	 95.757941	 -1	 0.000000	 8.569347
223	 9	 9	 1	 71.053386	 -1	 0.000000	 8.125030
224	 9	 9	 0	 342.637373	 -1	 0.000000	 7.950461
225	 9	 9	 1	 40.028750	 -1	 0.000000	 10.285253
226	 9	 9	 1	 103.976606	 -1	 0.000000	 12.036476
227	 9	 9	 1	 77.106868	 -1	 0.000000	 13.105211
228	 9	 9	 1	 290.481980	 -1	 0.000000	 7.516923
229	 9	 9	 1	 120.086424	 -1	 0.000000	 8.424679
230	 9	 9	 1	 107.969829	 -1	 0.000000	 9.318892
231	 9	 9	 1	 82.108664	 -1	 0.000000	 11.211947
232	 9	 9	 0	 430.725256	 -1	 0.000000	 7.520901
233	 9	 9	 1	 105.883462	 -1	 0.000000	 8.338077
234	 9	 9	 1	 104.457714	 -1	 0.000000	 11.921517
235	 9	 9	 1	 88.554385	 -1	 0.000000	 13.451772
236	 9	 9	 0	 438.654496	 -1	 0.000000	 7.641727
237	 9	 9	 1	 105.444778	 -1	 0.000000	 8.426497
238	 9	 9	 1	 85.500424	 -1	 0.000000	 14.273267
239	 9	 9	 1	 91.340538	 -1	 0.000000	 11.141121
240	 9	 9	 1	 80.459396	 -1	 0.000000	 10.513791
241	 9	 9	 1	 96.824584	 -1	 0.000000	 7.905499
242	 9	 9	 1	 212.657104	 -1	 0.000000	 7.366936
243	 9	 9	 1	 64.439704	 -1	 0.000000	 8.440191
244	 9	 9	 1	 103.101749	 -1	 0.000000	 12.397308
245	 9	 9	 1	 99.247149	 -1	 0.000000	 10.001987
246	 9	 9	 1	 41.101872	 -1	 0.000000	 8.445064
247	 9	 9	 1	 89.709220	 -1	 0.000000	 9.892797
248	 9	 9	 1	 76.184333	 -1	 0.000000	 9.493103
249	 9	 9	 1	 83.998016	 -1	 0.000000	 13.018278
250	 9	 9	 1	 72.519012	 -1	 0.000000	 10.877814
>>> gr_fir_ccf: using E
>>> gr_fir_fff: using E
terminate called after throwing an instance of 'std::invalid_argument'
  what():  gr_ofdm_demod: Incorrect subcarriers allocated
>>> gr_fir_ccf: using E
>>> gr_fir_fff: using E
gr_buffer::allocate_buffer: warning: tried to allocate
   36 items of size 1776. Due to alignment requirements
   256 were allocated.  If this isn't OK, consider padding
   your structure to a power-of-two bytes.
   On this platform, our allocation granularity is 4096 bytes.
89	 11	 11	 1	 84.872899	 -1	 0.000000	 8.266950
90	 11	 11	 0	 412.536703	 -1	 0.000000	 8.348178
91	 11	 11	 1	 52.176235	 -1	 0.000000	 12.412822
92	 11	 11	 1	 62.025029	 -1	 0.000000	 9.759823
93	 11	 11	 1	 58.965963	 -1	 0.000000	 13.763665
94	 11	 11	 1	 51.718279	 -1	 0.000000	 11.762406
95	 11	 11	 1	 55.131367	 -1	 0.000000	 10.324622
96	 11	 11	 1	 117.969018	 -1	 0.000000	 9.150190
97	 11	 11	 1	 123.691700	 -1	 0.000000	 9.761525
98	 11	 11	 0	 390.445475	 -1	 0.000000	 6.946929
95	 10	 10	 1	 278.464711	 -1	 0.000000	 22.427465
96	 10	 10	 1	 256.965937	 -1	 0.000000	 11.845733
97	 10	 10	 1	 231.393314	 -1	 0.000000	 7.299813
98	 10	 10	 0	 395.500783	 -1	 0.000000	 11.183251
99	 10	 10	 1	 187.694577	 -1	 0.000000	 10.612720
100	 10	 10	 1	 253.784298	 -1	 0.000000	 8.725876
101	 10	 10	 0	 389.339826	 -1	 0.000000	 10.099390
102	 10	 10	 0	 412.684794	 -1	 0.000000	 16.495169
103	 10	 10	 1	 181.249979	 -1	 0.000000	 8.372992
104	 10	 10	 1	 201.867285	 -1	 0.000000	 8.280227
105	 10	 10	 1	 292.918261	 -1	 0.000000	 12.229365
106	 10	 10	 1	 220.640410	 -1	 0.000000	 8.559649
107	 10	 10	 1	 325.743194	 -1	 0.000000	 7.650518
108	 10	 10	 0	 405.637370	 -1	 0.000000	 9.693974
109	 10	 10	 1	 263.232738	 -1	 0.000000	 11.945621
110	 10	 10	 1	 240.361905	 -1	 0.000000	 9.993887
111	 10	 10	 1	 326.976823	 -1	 0.000000	 14.531277
112	 10	 10	 0	 412.969425	 -1	 0.000000	 13.728276
113	 10	 10	 1	 267.684762	 -1	 0.000000	 12.210568
114	 10	 10	 1	 255.904847	 -1	 0.000000	 11.516562
115	 10	 10	 1	 227.614012	 -1	 0.000000	 11.432122
116	 10	 10	 1	 181.205331	 -1	 0.000000	 9.942446
117	 10	 10	 0	 351.415953	 -1	 0.000000	 9.489647
118	 10	 10	 1	 277.609840	 -1	 0.000000	 11.479583
119	 10	 10	 1	 303.484024	 -1	 0.000000	 10.855256
120	 10	 10	 0	 395.377918	 -1	 0.000000	 9.327085
121	 10	 10	 1	 263.951323	 -1	 0.000000	 10.760407
122	 10	 10	 1	 259.170899	 -1	 0.000000	 11.164578
123	 10	 10	 1	 285.625637	 -1	 0.000000	 10.444050
124	 10	 10	 1	 301.567525	 -1	 0.000000	 9.891227
125	 10	 10	 0	 409.307945	 -1	 0.000000	 10.953406
126	 10	 10	 1	 320.996314	 -1	 0.000000	 9.041665
127	 10	 10	 1	 297.039774	 -1	 0.000000	 9.085078
2086	 7	 7	 0	 422.871461	 -1	 0.000000	 6.951111
128	 10	 10	 0	 386.505844	 -1	 0.000000	 11.078380
129	 10	 10	 0	 435.187722	 -1	 0.000000	 7.551033
131	 10	 10	 0	 370.463269	 -1	 0.000000	 9.966898
132	 10	 10	 0	 422.438658	 -1	 0.000000	 15.940508
133	 10	 10	 1	 293.009097	 -1	 0.000000	 9.092769
134	 10	 10	 0	 419.203664	 -1	 0.000000	 7.841763
135	 10	 10	 1	 231.674806	 -1	 0.000000	 9.002592
136	 10	 10	 1	 196.903504	 -1	 0.000000	 11.355618
137	 10	 10	 1	 320.122395	 -1	 0.000000	 12.049805
138	 10	 10	 0	 432.027206	 -1	 0.000000	 12.873997
139	 10	 10	 0	 418.057293	 -1	 0.000000	 8.058800
140	 10	 10	 1	 261.603184	 -1	 0.000000	 10.793439
141	 10	 10	 0	 387.836270	 -1	 0.000000	 10.312207
142	 10	 10	 1	 275.748509	 -1	 0.000000	 16.627357
144	 10	 10	 1	 261.997957	 -1	 0.000000	 13.342648
146	 10	 10	 1	 302.910598	 -1	 0.000000	 10.436869
147	 10	 10	 0	 426.486888	 -1	 0.000000	 10.240219
148	 10	 10	 1	 209.653458	 -1	 0.000000	 10.202446
149	 10	 10	 1	 335.686179	 -1	 0.000000	 10.627498
150	 10	 10	 1	 316.174764	 -1	 0.000000	 10.777942
151	 10	 10	 1	 325.002111	 -1	 0.000000	 7.658708
152	 10	 10	 1	 241.880162	 -1	 0.000000	 8.671657
153	 10	 10	 1	 295.480876	 -1	 0.000000	 13.162725
154	 10	 10	 1	 262.976512	 -1	 0.000000	 9.708508
155	 10	 10	 1	 224.413462	 -1	 0.000000	 9.917962
156	 10	 10	 1	 261.945100	 -1	 0.000000	 10.927881
157	 10	 10	 1	 263.183088	 -1	 0.000000	 8.832863
158	 10	 10	 1	 305.283142	 -1	 0.000000	 10.076925
159	 10	 10	 1	 365.168122	 -1	 0.000000	 11.075223
160	 10	 10	 1	 280.810214	 -1	 0.000000	 12.273007
161	 10	 10	 1	 231.005292	 -1	 0.000000	 7.986668
162	 10	 10	 0	 368.032416	 -1	 0.000000	 10.542313
163	 10	 10	 1	 221.240564	 -1	 0.000000	 8.186222
164	 10	 10	 1	 306.533062	 -1	 0.000000	 14.269369
165	 10	 10	 1	 239.342788	 -1	 0.000000	 6.981908
166	 10	 10	 1	 187.696638	 -1	 0.000000	 7.768639
167	 10	 10	 1	 250.845580	 -1	 0.000000	 11.557481
168	 10	 10	 1	 285.461398	 -1	 0.000000	 9.850148
169	 10	 10	 0	 411.378101	 -1	 0.000000	 10.577009
171	 10	 10	 1	 228.133796	 -1	 0.000000	 7.047293
172	 10	 10	 0	 389.464320	 -1	 0.000000	 8.668056
173	 10	 10	 0	 365.706625	 -1	 0.000000	 15.835163
174	 10	 10	 1	 289.427914	 -1	 0.000000	 11.729236
175	 10	 10	 0	 422.583020	 -1	 0.000000	 10.047750
176	 10	 10	 0	 373.183961	 -1	 0.000000	 9.288777
177	 10	 10	 1	 285.577350	 -1	 0.000000	 7.629539
16	 10	 10	 0	 478.088050	 -1	 0.000000	 7.767403
178	 10	 10	 1	 268.031203	 -1	 0.000000	 8.286946
179	 10	 10	 1	 199.328687	 -1	 0.000000	 8.593434
180	 10	 10	 0	 386.375211	 -1	 0.000000	 10.168797
181	 10	 10	 1	 201.452327	 -1	 0.000000	 10.542483
182	 10	 10	 1	 170.016204	 -1	 0.000000	 7.800306
183	 10	 10	 1	 303.933511	 -1	 0.000000	 13.298147
184	 10	 10	 1	 294.923556	 -1	 0.000000	 12.100233
185	 10	 10	 0	 393.445419	 -1	 0.000000	 8.978210
186	 10	 10	 0	 410.205390	 -1	 0.000000	 11.102379
187	 10	 10	 0	 412.270041	 -1	 0.000000	 10.309127
188	 10	 10	 1	 249.808745	 -1	 0.000000	 11.028715
189	 10	 10	 1	 309.587868	 -1	 0.000000	 9.539822
190	 10	 10	 1	 238.179570	 -1	 0.000000	 11.821762
191	 10	 10	 0	 418.112213	 -1	 0.000000	 8.175455
3149	 11	 11	 0	 459.819942	 -1	 0.000000	 8.547430
192	 10	 10	 1	 214.453561	 -1	 0.000000	 12.717515
193	 10	 10	 1	 306.980954	 -1	 0.000000	 8.700759
194	 10	 10	 0	 409.647478	 -1	 0.000000	 11.081190
195	 10	 10	 0	 429.784149	 -1	 0.000000	 9.844638
196	 10	 10	 1	 222.128920	 -1	 0.000000	 11.625555
197	 10	 10	 0	 389.601077	 -1	 0.000000	 9.971124
198	 10	 10	 0	 423.850246	 -1	 0.000000	 14.797523
199	 10	 10	 1	 346.897961	 -1	 0.000000	 9.283648
200	 10	 10	 1	 230.284323	 -1	 0.000000	 8.833896
201	 10	 10	 0	 364.858487	 -1	 0.000000	 8.668970
202	 10	 10	 1	 199.940978	 -1	 0.000000	 14.396663
203	 10	 10	 1	 249.610324	 -1	 0.000000	 11.304793
204	 10	 10	 0	 426.517188	 -1	 0.000000	 9.717455
205	 10	 10	 1	 309.256721	 -1	 0.000000	 15.093039
206	 10	 10	 1	 183.789639	 -1	 0.000000	 11.885765
207	 10	 10	 0	 386.466997	 -1	 0.000000	 7.915725
208	 10	 10	 1	 262.098206	 -1	 0.000000	 11.718678
209	 10	 10	 1	 214.408270	 -1	 0.000000	 9.569815
210	 10	 10	 0	 422.558968	 -1	 0.000000	 12.050735
211	 10	 10	 1	 319.115679	 -1	 0.000000	 8.759930
212	 10	 10	 1	 282.138080	 -1	 0.000000	 12.516402
214	 10	 10	 0	 388.626867	 -1	 0.000000	 7.119252
215	 10	 10	 0	 401.477127	 -1	 0.000000	 10.312888
217	 10	 10	 0	 426.382600	 -1	 0.000000	 13.087080
218	 10	 10	 0	 378.139389	 -1	 0.000000	 10.196310
219	 10	 10	 1	 217.006310	 -1	 0.000000	 8.070882
220	 10	 10	 0	 387.153283	 -1	 0.000000	 10.339509
221	 10	 10	 1	 291.681101	 -1	 0.000000	 9.828032
222	 10	 10	 1	 287.917127	 -1	 0.000000	 12.275769
223	 10	 10	 0	 388.930135	 -1	 0.000000	 9.792508
224	 10	 10	 1	 261.865316	 -1	 0.000000	 10.878751
225	 10	 10	 1	 224.337741	 -1	 0.000000	 9.900865
226	 10	 10	 1	 260.486207	 -1	 0.000000	 9.519115
227	 10	 10	 1	 292.931326	 -1	 0.000000	 9.320271
228	 10	 10	 0	 408.387431	 -1	 0.000000	 9.027028
229	 10	 10	 1	 189.460382	 -1	 0.000000	 10.599445
231	 10	 10	 0	 420.049111	 -1	 0.000000	 10.258039
232	 10	 10	 1	 237.224316	 -1	 0.000000	 8.481317
233	 10	 10	 0	 406.354044	 -1	 0.000000	 8.375437
234	 10	 10	 1	 227.391679	 -1	 0.000000	 7.557266
235	 10	 10	 1	 210.624406	 -1	 0.000000	 11.206048
236	 10	 10	 1	 253.088951	 -1	 0.000000	 8.290595
237	 10	 10	 0	 393.319711	 -1	 0.000000	 10.470136
>>> gr_fir_ccf: using E
>>> gr_fir_fff: using E
gr_buffer::allocate_buffer: warning: tried to allocate
   36 items of size 1776. Due to alignment requirements
   256 were allocated.  If this isn't OK, consider padding
   your structure to a power-of-two bytes.
   On this platform, our allocation granularity is 4096 bytes.
100	 10	 10	 0	 396.631397	 -1	 0.000000	 8.120853
101	 10	 10	 0	 361.486425	 -1	 0.000000	 10.128799
102	 10	 10	 1	 365.576858	 -1	 0.000000	 9.750385
103	 10	 10	 1	 264.209156	 -1	 0.000000	 9.954348
104	 10	 10	 0	 256.722488	 -1	 0.000000	 9.693962
105	 10	 10	 0	 398.494857	 -1	 0.000000	 11.480427
106	 10	 10	 1	 216.657416	 -1	 0.000000	 13.609234
107	 10	 10	 1	 249.822356	 -1	 0.000000	 8.930518
108	 10	 10	 1	 234.540230	 -1	 0.000000	 9.444017
109	 10	 10	 0	 397.779355	 -1	 0.000000	 10.143815
110	 10	 10	 0	 371.236451	 -1	 0.000000	 8.145953
111	 10	 10	 1	 274.249898	 -1	 0.000000	 8.585143
112	 10	 10	 1	 238.887967	 -1	 0.000000	 8.681060
113	 10	 10	 0	 401.377187	 -1	 0.000000	 9.429832
114	 10	 10	 0	 410.835900	 -1	 0.000000	 12.153816
115	 10	 10	 1	 208.709608	 -1	 0.000000	 9.088063
116	 10	 10	 1	 259.767558	 -1	 0.000000	 10.825943
117	 10	 10	 1	 215.808768	 -1	 0.000000	 9.738541
118	 10	 10	 1	 256.168043	 -1	 0.000000	 12.565702
119	 10	 10	 0	 373.208518	 -1	 0.000000	 7.614823
120	 10	 10	 0	 398.739522	 -1	 0.000000	 8.973755
121	 10	 10	 1	 271.967320	 -1	 0.000000	 12.507122
122	 10	 10	 1	 250.938689	 -1	 0.000000	 9.445517
123	 10	 10	 1	 250.129267	 -1	 0.000000	 8.194983
124	 10	 10	 0	 424.191345	 -1	 0.000000	 7.987789
125	 10	 10	 0	 394.939866	 -1	 0.000000	 9.488418
126	 10	 10	 1	 354.467315	 -1	 0.000000	 11.383057
127	 10	 10	 1	 163.396031	 -1	 0.000000	 7.893451
128	 10	 10	 1	 267.402591	 -1	 0.000000	 8.548241
129	 10	 10	 0	 418.942744	 -1	 0.000000	 10.016244
130	 10	 10	 0	 380.176236	 -1	 0.000000	 10.639414
131	 10	 10	 1	 216.073664	 -1	 0.000000	 8.596348
133	 10	 10	 1	 272.075343	 -1	 0.000000	 8.262800
134	 10	 10	 0	 421.875917	 -1	 0.000000	 9.379884
135	 10	 10	 1	 274.026672	 -1	 0.000000	 11.287877
136	 10	 10	 1	 205.407421	 -1	 0.000000	 8.145215
137	 10	 10	 1	 276.699920	 -1	 0.000000	 9.528475
138	 10	 10	 1	 307.035509	 -1	 0.000000	 9.759148
139	 10	 10	 1	 273.359433	 -1	 0.000000	 7.989391
140	 10	 10	 0	 394.051695	 -1	 0.000000	 7.962376
141	 10	 10	 1	 254.209312	 -1	 0.000000	 9.494901
142	 10	 10	 1	 261.007892	 -1	 0.000000	 9.330180
143	 10	 10	 0	 386.385889	 -1	 0.000000	 7.820724
144	 10	 10	 0	 393.546819	 -1	 0.000000	 8.053962
145	 10	 10	 1	 186.346507	 -1	 0.000000	 9.030555
146	 10	 10	 0	 422.327972	 -1	 0.000000	 12.797912
147	 10	 10	 1	 300.846752	 -1	 0.000000	 11.759560
149	 10	 10	 0	 423.710770	 -1	 0.000000	 24.922478
151	 10	 10	 1	 396.411697	 -1	 0.000000	 13.468189
152	 10	 10	 1	 257.611645	 -1	 0.000000	 8.294835
