>>> gr_fir_ccf: using E
>>> gr_fir_fff: using E
terminate called after throwing an instance of 'std::invalid_argument'
  what():  gr_ofdm_demod: Incorrect subcarriers allocated
>>> gr_fir_ccf: using E
>>> gr_fir_fff: using E
gr_buffer::allocate_buffer: warning: tried to allocate
   36 items of size 1776. Due to alignment requirements
   256 were allocated.  If this isn't OK, consider padding
   your structure to a power-of-two bytes.
   On this platform, our allocation granularity is 4096 bytes.
160	 13	 13	 1	 0.001771	 -1	 0.000000	 3.936934
161	 13	 13	 1	 0.002488	 -1	 0.000000	 4.197353
162	 13	 13	 1	 0.002777	 -1	 0.000000	 3.299341
163	 13	 13	 1	 0.002012	 -1	 0.000000	 3.457706
164	 13	 13	 1	 0.003232	 -1	 0.000000	 3.189061
165	 13	 13	 1	 0.003413	 -1	 0.000000	 3.229589
166	 13	 13	 1	 0.003520	 -1	 0.000000	 4.173291
167	 13	 13	 1	 0.002305	 -1	 0.000000	 4.130410
168	 13	 13	 1	 0.002111	 -1	 0.000000	 3.322256
169	 13	 13	 1	 0.002239	 -1	 0.000000	 3.480116
170	 13	 13	 1	 0.003302	 -1	 0.000000	 3.879928
171	 13	 13	 1	 0.002194	 -1	 0.000000	 3.323717
173	 13	 13	 1	 0.002459	 -1	 0.000000	 3.849862
174	 13	 13	 1	 0.001647	 -1	 0.000000	 3.765988
175	 13	 13	 1	 0.002296	 -1	 0.000000	 3.364061
176	 13	 13	 1	 0.002284	 -1	 0.000000	 3.588859
177	 13	 13	 1	 0.003080	 -1	 0.000000	 4.135237
178	 13	 13	 1	 0.003893	 -1	 0.000000	 3.407857
179	 13	 13	 1	 0.005272	 -1	 0.000000	 1.513066
180	 13	 13	 1	 0.002006	 -1	 0.000000	 3.079783
181	 13	 13	 1	 0.002782	 -1	 0.000000	 3.834744
182	 13	 13	 1	 0.002192	 -1	 0.000000	 3.927314
183	 13	 13	 1	 0.001980	 -1	 0.000000	 3.615160
184	 13	 13	 1	 0.002057	 -1	 0.000000	 3.880873
185	 13	 13	 1	 0.003700	 -1	 0.000000	 3.278020
186	 13	 13	 1	 0.002264	 -1	 0.000000	 3.659642
187	 13	 13	 1	 0.002091	 -1	 0.000000	 3.155093
188	 13	 13	 1	 0.005079	 -1	 0.000000	 3.638402
189	 13	 13	 1	 0.003170	 -1	 0.000000	 3.240055
191	 13	 13	 1	 0.002842	 -1	 0.000000	 3.995170
192	 13	 13	 1	 0.002076	 -1	 0.000000	 3.395561
193	 13	 13	 1	 0.001749	 -1	 0.000000	 4.369752
194	 13	 13	 1	 0.002560	 -1	 0.000000	 3.192812
195	 13	 13	 1	 0.001794	 -1	 0.000000	 3.821811
196	 13	 13	 1	 0.004784	 -1	 0.000000	 3.372540
197	 13	 13	 1	 0.002307	 -1	 0.000000	 3.577218
198	 13	 13	 1	 0.002091	 -1	 0.000000	 3.099232
199	 13	 13	 1	 0.004074	 -1	 0.000000	 3.789865
200	 13	 13	 1	 0.002359	 -1	 0.000000	 4.030677
201	 13	 13	 1	 0.001536	 -1	 0.000000	 4.448058
202	 13	 13	 1	 0.002460	 -1	 0.000000	 3.899680
203	 13	 13	 1	 0.004059	 -1	 0.000000	 2.960231
204	 13	 13	 1	 0.002411	 -1	 0.000000	 3.371777
205	 13	 13	 1	 0.003184	 -1	 0.000000	 3.151051
206	 13	 13	 1	 0.002500	 -1	 0.000000	 4.316127
207	 13	 13	 1	 0.006773	 -1	 0.000000	 3.199587
208	 13	 13	 1	 0.002933	 -1	 0.000000	 3.569973
209	 13	 13	 1	 0.002432	 -1	 0.000000	 3.712734
210	 13	 13	 1	 0.002891	 -1	 0.000000	 3.169683
211	 13	 13	 1	 0.002293	 -1	 0.000000	 4.007952
212	 13	 13	 1	 0.002683	 -1	 0.000000	 3.182669
213	 13	 13	 1	 0.002692	 -1	 0.000000	 3.455421
214	 13	 13	 1	 0.001955	 -1	 0.000000	 3.822434
215	 13	 13	 1	 0.002065	 -1	 0.000000	 3.584707
216	 13	 13	 1	 0.002265	 -1	 0.000000	 4.475031
217	 13	 13	 1	 0.001933	 -1	 0.000000	 4.514604
218	 13	 13	 1	 0.001605	 -1	 0.000000	 4.076175
219	 13	 13	 1	 0.002231	 -1	 0.000000	 4.362278
3770	 13	 13	 0	 381.323886	 -1	 0.000000	 4.507225
220	 13	 13	 1	 0.003850	 -1	 0.000000	 3.093077
221	 13	 13	 1	 0.002171	 -1	 0.000000	 3.842522
222	 13	 13	 1	 0.003469	 -1	 0.000000	 4.093158
223	 13	 13	 1	 0.003430	 -1	 0.000000	 3.675269
224	 13	 13	 1	 0.001928	 -1	 0.000000	 4.026289
225	 13	 13	 1	 0.003799	 -1	 0.000000	 3.473056
226	 13	 13	 1	 0.004548	 -1	 0.000000	 3.526472
227	 13	 13	 1	 0.002957	 -1	 0.000000	 3.154465
228	 13	 13	 1	 0.004522	 -1	 0.000000	 3.647522
229	 13	 13	 1	 0.003110	 -1	 0.000000	 3.137090
230	 13	 13	 1	 0.003794	 -1	 0.000000	 3.398024
231	 13	 13	 1	 0.002296	 -1	 0.000000	 3.070306
232	 13	 13	 1	 0.002114	 -1	 0.000000	 3.326590
233	 13	 13	 1	 0.002841	 -1	 0.000000	 3.695677
234	 13	 13	 1	 0.002060	 -1	 0.000000	 3.268776
235	 13	 13	 1	 0.002308	 -1	 0.000000	 3.448094
237	 13	 13	 1	 0.003125	 -1	 0.000000	 3.222443
238	 13	 13	 1	 0.001663	 -1	 0.000000	 4.426350
239	 13	 13	 1	 0.005058	 -1	 0.000000	 3.979884
240	 13	 13	 1	 0.002890	 -1	 0.000000	 3.368741
241	 13	 13	 1	 0.002243	 -1	 0.000000	 3.680559
242	 13	 13	 1	 0.007558	 -1	 0.000000	 3.160853
243	 13	 13	 1	 0.002434	 -1	 0.000000	 3.802471
244	 13	 13	 1	 0.002879	 -1	 0.000000	 3.805015
245	 13	 13	 1	 0.002227	 -1	 0.000000	 3.255179
246	 13	 13	 1	 0.003300	 -1	 0.000000	 3.214162
247	 13	 13	 1	 0.002466	 -1	 0.000000	 4.052736
248	 13	 13	 1	 0.003078	 -1	 0.000000	 4.006847
249	 13	 13	 1	 0.002621	 -1	 0.000000	 4.060270
250	 13	 13	 1	 0.002275	 -1	 0.000000	 3.290222
251	 13	 13	 1	 0.004312	 -1	 0.000000	 3.327599
252	 13	 13	 1	 0.001924	 -1	 0.000000	 4.006387
253	 13	 13	 1	 0.001757	 -1	 0.000000	 3.683559
254	 13	 13	 1	 0.002184	 -1	 0.000000	 3.654873
255	 13	 13	 1	 0.002176	 -1	 0.000000	 3.599653
256	 13	 13	 1	 0.003510	 -1	 0.000000	 4.022038
257	 13	 13	 1	 0.002280	 -1	 0.000000	 3.496985
258	 13	 13	 1	 0.001044	 -1	 0.000000	 3.863492
259	 13	 13	 1	 0.002612	 -1	 0.000000	 4.450664
260	 13	 13	 1	 0.003412	 -1	 0.000000	 3.300225
261	 13	 13	 1	 0.002834	 -1	 0.000000	 3.457290
262	 13	 13	 1	 0.002260	 -1	 0.000000	 3.576307
263	 13	 13	 1	 0.001900	 -1	 0.000000	 4.095514
264	 13	 13	 1	 0.001942	 -1	 0.000000	 4.104081
265	 13	 13	 1	 0.002169	 -1	 0.000000	 3.802735
266	 13	 13	 1	 0.002795	 -1	 0.000000	 4.020137
267	 13	 13	 1	 0.003646	 -1	 0.000000	 3.564923
268	 13	 13	 1	 0.004185	 -1	 0.000000	 4.039526
269	 13	 13	 1	 0.002733	 -1	 0.000000	 3.682516
270	 13	 13	 1	 0.001856	 -1	 0.000000	 3.564741
271	 13	 13	 1	 0.002448	 -1	 0.000000	 3.154776
272	 13	 13	 1	 0.001821	 -1	 0.000000	 4.438382
273	 13	 13	 1	 0.001542	 -1	 0.000000	 4.532243
274	 13	 13	 1	 0.389827	 -1	 0.000000	 2.035121
275	 13	 13	 1	 0.003913	 -1	 0.000000	 2.956688
276	 13	 13	 1	 0.004535	 -1	 0.000000	 3.184788
277	 13	 13	 1	 0.001953	 -1	 0.000000	 3.412929
278	 13	 13	 1	 0.002956	 -1	 0.000000	 3.823965
279	 13	 13	 1	 0.005020	 -1	 0.000000	 4.106810
280	 13	 13	 1	 0.002096	 -1	 0.000000	 3.940671
281	 13	 13	 1	 0.003199	 -1	 0.000000	 3.298510
282	 13	 13	 1	 0.002566	 -1	 0.000000	 3.528184
283	 13	 13	 1	 0.002419	 -1	 0.000000	 3.371131
284	 13	 13	 1	 0.002962	 -1	 0.000000	 2.995520
285	 13	 13	 1	 0.002339	 -1	 0.000000	 3.396835
286	 13	 13	 1	 0.001701	 -1	 0.000000	 3.268841
287	 13	 13	 1	 0.001409	 -1	 0.000000	 4.243207
288	 13	 13	 1	 0.003809	 -1	 0.000000	 3.191483
289	 13	 13	 1	 0.003298	 -1	 0.000000	 4.015906
290	 13	 13	 1	 0.002606	 -1	 0.000000	 3.224917
291	 13	 13	 1	 0.002916	 -1	 0.000000	 4.238939
292	 13	 13	 1	 0.003835	 -1	 0.000000	 3.587614
294	 13	 13	 1	 0.003231	 -1	 0.000000	 3.138671
295	 13	 13	 1	 0.002483	 -1	 0.000000	 1.266003
296	 13	 13	 1	 0.002129	 -1	 0.000000	 3.354620
297	 13	 13	 1	 0.001997	 -1	 0.000000	 4.077140
298	 13	 13	 1	 0.003301	 -1	 0.000000	 4.028209
299	 13	 13	 1	 0.002225	 -1	 0.000000	 3.288168
300	 13	 13	 1	 0.002427	 -1	 0.000000	 3.536940
301	 13	 13	 1	 0.001801	 -1	 0.000000	 4.305348
302	 13	 13	 1	 0.001953	 -1	 0.000000	 3.556160
303	 13	 13	 1	 0.002611	 -1	 0.000000	 4.265794
304	 13	 13	 1	 0.001536	 -1	 0.000000	 4.026997
305	 13	 13	 1	 0.002576	 -1	 0.000000	 3.319365
306	 13	 13	 1	 0.002018	 -1	 0.000000	 3.170909
65	 15	 15	 0	 27.919107	 -1	 0.000000	 3.107028
python: trellis_siso_combined_packet.cc:233: virtual int trellis_siso_combined_packet::general_work(int, gr_vector_int&, gr_vector_const_void_star&, gr_vector_void_star&): Assertion `d_flush_input1 >= num_oldinput[1]' failed.
>>> gr_fir_ccf: using E
>>> gr_fir_fff: using E
gr_buffer::allocate_buffer: warning: tried to allocate
   36 items of size 1776. Due to alignment requirements
   256 were allocated.  If this isn't OK, consider padding
   your structure to a power-of-two bytes.
   On this platform, our allocation granularity is 4096 bytes.
160	 15	 15	 1	 0.018172	 -1	 0.000000	 3.271796
161	 15	 15	 1	 0.010817	 -1	 0.000000	 4.038286
162	 15	 15	 1	 0.012242	 -1	 0.000000	 4.172294
163	 15	 15	 1	 0.008925	 -1	 0.000000	 3.212252
164	 15	 15	 1	 0.009085	 -1	 0.000000	 3.264488
165	 15	 15	 1	 0.008813	 -1	 0.000000	 3.253283
166	 15	 15	 1	 0.011883	 -1	 0.000000	 4.220426
167	 15	 15	 1	 0.006674	 -1	 0.000000	 3.910885
168	 15	 15	 1	 0.007924	 -1	 0.000000	 4.396959
169	 15	 15	 1	 0.009511	 -1	 0.000000	 3.463270
170	 15	 15	 1	 0.007673	 -1	 0.000000	 3.362285
171	 15	 15	 1	 0.010155	 -1	 0.000000	 3.569871
172	 15	 15	 1	 0.022684	 -1	 0.000000	 4.269869
173	 15	 15	 1	 0.018092	 -1	 0.000000	 3.886183
174	 15	 15	 1	 0.009554	 -1	 0.000000	 3.378907
175	 15	 15	 1	 0.015864	 -1	 0.000000	 3.112157
176	 15	 15	 1	 0.016840	 -1	 0.000000	 1.955846
177	 15	 15	 1	 0.006662	 -1	 0.000000	 3.422489
178	 15	 15	 1	 0.013450	 -1	 0.000000	 3.224977
179	 15	 15	 1	 0.008221	 -1	 0.000000	 3.681361
180	 15	 15	 1	 0.010292	 -1	 0.000000	 3.582936
181	 15	 15	 1	 0.010919	 -1	 0.000000	 3.874967
182	 15	 15	 1	 0.007533	 -1	 0.000000	 3.776703
183	 15	 15	 1	 0.017611	 -1	 0.000000	 3.882531
184	 15	 15	 1	 0.011768	 -1	 0.000000	 4.149137
185	 15	 15	 1	 0.013476	 -1	 0.000000	 4.030761
186	 15	 15	 1	 0.011909	 -1	 0.000000	 3.926676
187	 15	 15	 1	 13.457812	 -1	 0.000000	 2.259044
188	 15	 15	 1	 0.013434	 -1	 0.000000	 3.541857
189	 15	 15	 1	 0.007502	 -1	 0.000000	 4.511223
190	 15	 15	 1	 0.008037	 -1	 0.000000	 4.426320
191	 15	 15	 1	 0.016605	 -1	 0.000000	 3.569591
192	 15	 15	 1	 0.012296	 -1	 0.000000	 3.721721
193	 15	 15	 1	 0.009831	 -1	 0.000000	 4.191404
194	 15	 15	 1	 0.006588	 -1	 0.000000	 3.600269
195	 15	 15	 1	 2.388445	 -1	 0.000000	 6.186554
196	 15	 15	 1	 0.013762	 -1	 0.000000	 3.686678
197	 15	 15	 1	 0.018614	 -1	 0.000000	 4.012122
198	 15	 15	 1	 0.012914	 -1	 0.000000	 4.224382
199	 15	 15	 1	 0.012043	 -1	 0.000000	 3.322981
200	 15	 15	 1	 0.008510	 -1	 0.000000	 3.362303
201	 15	 15	 1	 0.011734	 -1	 0.000000	 3.952536
202	 15	 15	 1	 0.009655	 -1	 0.000000	 4.106017
203	 15	 15	 1	 0.008129	 -1	 0.000000	 3.463759
204	 15	 15	 1	 0.012069	 -1	 0.000000	 3.491010
205	 15	 15	 1	 0.009450	 -1	 0.000000	 3.339188
831	 15	 15	 0	 198.278488	 -1	 0.000000	 3.094333
207	 15	 15	 1	 0.015808	 -1	 0.000000	 4.451276
208	 15	 15	 0	 118.123451	 -1	 0.000000	 2.398433
209	 15	 15	 1	 0.007439	 -1	 0.000000	 4.182006
210	 15	 15	 1	 0.011380	 -1	 0.000000	 1.526294
212	 15	 15	 1	 0.010732	 -1	 0.000000	 4.314908
213	 15	 15	 1	 0.008236	 -1	 0.000000	 3.321509
214	 15	 15	 1	 0.011515	 -1	 0.000000	 3.101785
215	 15	 15	 1	 0.009426	 -1	 0.000000	 3.355838
216	 15	 15	 1	 0.007980	 -1	 0.000000	 3.876753
217	 15	 15	 1	 0.010338	 -1	 0.000000	 3.901313
218	 15	 15	 1	 0.010886	 -1	 0.000000	 4.190770
219	 15	 15	 1	 0.015147	 -1	 0.000000	 4.343857
220	 15	 15	 1	 0.009170	 -1	 0.000000	 3.162086
221	 15	 15	 1	 0.007656	 -1	 0.000000	 3.408046
222	 15	 15	 1	 0.013653	 -1	 0.000000	 3.942230
223	 15	 15	 1	 0.007857	 -1	 0.000000	 3.288528
224	 15	 15	 1	 0.009771	 -1	 0.000000	 3.292621
225	 15	 15	 1	 0.012521	 -1	 0.000000	 3.979383
226	 15	 15	 1	 0.012031	 -1	 0.000000	 3.422771
227	 15	 15	 1	 0.009551	 -1	 0.000000	 3.473168
228	 15	 15	 1	 0.007468	 -1	 0.000000	 3.388669
229	 15	 15	 1	 0.015787	 -1	 0.000000	 3.799835
230	 15	 15	 1	 0.010191	 -1	 0.000000	 3.053933
231	 15	 15	 1	 0.010986	 -1	 0.000000	 3.827541
232	 15	 15	 1	 0.010279	 -1	 0.000000	 4.296512
233	 15	 15	 1	 0.012158	 -1	 0.000000	 3.865493
234	 15	 15	 1	 0.015038	 -1	 0.000000	 4.173455
235	 15	 15	 1	 0.014842	 -1	 0.000000	 3.629212
236	 15	 15	 1	 0.017718	 -1	 0.000000	 4.015430
237	 15	 15	 1	 0.017199	 -1	 0.000000	 1.565046
238	 15	 15	 1	 0.017159	 -1	 0.000000	 1.541372
239	 15	 15	 1	 0.018008	 -1	 0.000000	 3.790311
241	 15	 15	 1	 0.016572	 -1	 0.000000	 3.991094
242	 15	 15	 1	 0.011422	 -1	 0.000000	 3.592524
243	 15	 15	 1	 0.019259	 -1	 0.000000	 4.847421
244	 15	 15	 1	 0.011266	 -1	 0.000000	 4.358043
245	 15	 15	 1	 0.010331	 -1	 0.000000	 3.982206
246	 15	 15	 1	 0.010381	 -1	 0.000000	 3.261800
247	 15	 15	 1	 0.008262	 -1	 0.000000	 3.085410
248	 15	 15	 1	 0.012250	 -1	 0.000000	 4.170405
249	 15	 15	 1	 0.010064	 -1	 0.000000	 3.249250
250	 15	 15	 1	 0.007001	 -1	 0.000000	 3.457722
251	 15	 15	 1	 0.009024	 -1	 0.000000	 3.249513
253	 15	 15	 1	 0.007730	 -1	 0.000000	 3.461761
254	 15	 15	 1	 0.010084	 -1	 0.000000	 3.474706
160	 5	 5	 1	 2.124116	 -1	 0.000000	 3.387419
161	 5	 5	 1	 2.854254	 -1	 0.000000	 3.324284
162	 5	 5	 1	 1.949096	 -1	 0.000000	 3.961679
164	 5	 5	 1	 2.770445	 -1	 0.000000	 3.335557
165	 5	 5	 1	 5.349802	 -1	 0.000000	 3.226063
166	 5	 5	 1	 2.988374	 -1	 0.000000	 3.363330
167	 5	 5	 1	 6.285545	 -1	 0.000000	 3.601806
168	 5	 5	 1	 16.546335	 -1	 0.000000	 1.885659
169	 5	 5	 1	 2.064089	 -1	 0.000000	 4.002191
170	 5	 5	 1	 1.511722	 -1	 0.000000	 3.716218
171	 5	 5	 1	 4.700355	 -1	 0.000000	 3.288438
172	 5	 5	 1	 3.058863	 -1	 0.000000	 3.237406
173	 5	 5	 1	 3.752274	 -1	 0.000000	 3.592624
174	 5	 5	 1	 2.936002	 -1	 0.000000	 3.689490
175	 5	 5	 1	 4.312714	 -1	 0.000000	 3.980664
176	 5	 5	 1	 3.588022	 -1	 0.000000	 4.540594
177	 5	 5	 1	 2.072806	 -1	 0.000000	 4.290422
178	 5	 5	 1	 2.431977	 -1	 0.000000	 3.296412
179	 5	 5	 1	 1.632477	 -1	 0.000000	 3.282927
180	 5	 5	 1	 4.244839	 -1	 0.000000	 4.340545
181	 5	 5	 1	 3.067072	 -1	 0.000000	 3.862420
182	 5	 5	 1	 3.577936	 -1	 0.000000	 3.466420
183	 5	 5	 1	 14.269479	 -1	 0.000000	 4.021868
185	 5	 5	 1	 2.561410	 -1	 0.000000	 3.254096
186	 5	 5	 0	 114.380798	 -1	 0.000000	 2.476751
187	 5	 5	 1	 5.147492	 -1	 0.000000	 3.930173
188	 5	 5	 1	 7.055661	 -1	 0.000000	 3.721098
189	 5	 5	 1	 2.408911	 -1	 0.000000	 3.041337
190	 5	 5	 1	 2.749799	 -1	 0.000000	 3.682542
191	 5	 5	 1	 1.486847	 -1	 0.000000	 3.956473
192	 5	 5	 1	 3.710128	 -1	 0.000000	 3.362776
194	 5	 5	 1	 22.072437	 -1	 0.000000	 2.421378
195	 5	 5	 1	 3.104412	 -1	 0.000000	 3.484408
196	 5	 5	 0	 331.539072	 -1	 0.000000	 2.429611
197	 5	 5	 1	 2.884512	 -1	 0.000000	 3.838997
198	 5	 5	 0	 184.007314	 -1	 0.000000	 2.241298
199	 5	 5	 1	 3.261832	 -1	 0.000000	 3.578768
200	 5	 5	 1	 2.824934	 -1	 0.000000	 4.492018
201	 5	 5	 1	 1.837774	 -1	 0.000000	 4.088573
202	 5	 5	 1	 2.336627	 -1	 0.000000	 3.417347
203	 5	 5	 1	 2.444837	 -1	 0.000000	 3.544918
204	 5	 5	 1	 35.593817	 -1	 0.000000	 1.761424
205	 5	 5	 1	 4.115661	 -1	 0.000000	 4.132760
206	 5	 5	 1	 3.518149	 -1	 0.000000	 3.752024
207	 5	 5	 1	 3.638492	 -1	 0.000000	 3.125732
208	 5	 5	 0	 297.993727	 -1	 0.000000	 9.588626
209	 5	 5	 1	 3.753161	 -1	 0.000000	 3.528786
211	 5	 5	 1	 2.433245	 -1	 0.000000	 3.307582
212	 5	 5	 1	 5.881717	 -1	 0.000000	 3.892952
213	 5	 5	 1	 4.253053	 -1	 0.000000	 4.220232
215	 5	 5	 1	 26.364869	 -1	 0.000000	 3.737292
217	 5	 5	 1	 2.088786	 -1	 0.000000	 3.160052
218	 5	 5	 1	 3.533675	 -1	 0.000000	 3.716392
220	 5	 5	 1	 4.913591	 -1	 0.000000	 2.958765
221	 5	 5	 1	 20.133386	 -1	 0.000000	 3.675987
222	 5	 5	 1	 2.182889	 -1	 0.000000	 3.908881
223	 5	 5	 1	 2.700801	 -1	 0.000000	 3.446228
224	 5	 5	 1	 4.499760	 -1	 0.000000	 4.173463
225	 5	 5	 1	 161.378734	 -1	 0.000000	 2.217488
226	 5	 5	 1	 10.732966	 -1	 0.000000	 4.283176
227	 5	 5	 1	 5.888639	 -1	 0.000000	 3.777253
228	 5	 5	 1	 3.493021	 -1	 0.000000	 3.613920
229	 5	 5	 0	 321.291242	 -1	 0.000000	 2.367775
230	 5	 5	 1	 24.182811	 -1	 0.000000	 1.804566
396	 5	 5	 0	 406.176326	 -1	 0.000000	 4.224379
231	 5	 5	 1	 3.929626	 -1	 0.000000	 3.981439
232	 5	 5	 1	 3.825120	 -1	 0.000000	 4.020547
233	 5	 5	 1	 2.130765	 -1	 0.000000	 3.499787
234	 5	 5	 1	 1.796338	 -1	 0.000000	 3.779273
235	 5	 5	 1	 3.860112	 -1	 0.000000	 4.347108
236	 5	 5	 1	 3.119730	 -1	 0.000000	 4.094944
237	 5	 5	 1	 4.475856	 -1	 0.000000	 4.085186
238	 5	 5	 1	 2.776255	 -1	 0.000000	 3.413971
239	 5	 5	 1	 2.798069	 -1	 0.000000	 3.594414
242	 5	 5	 1	 3.921736	 -1	 0.000000	 3.723500
243	 5	 5	 1	 7.873958	 -1	 0.000000	 3.906684
244	 5	 5	 1	 7.020000	 -1	 0.000000	 4.127384
245	 5	 5	 0	 409.887714	 -1	 0.000000	 3.758093
246	 5	 5	 1	 2.515663	 -1	 0.000000	 4.239960
247	 5	 5	 1	 23.726569	 -1	 0.000000	 6.344905
248	 5	 5	 1	 6.254101	 -1	 0.000000	 3.660154
250	 5	 5	 1	 2.549474	 -1	 0.000000	 4.079386
251	 5	 5	 1	 2.486629	 -1	 0.000000	 3.451669
252	 5	 5	 1	 5.046911	 -1	 0.000000	 4.591925
253	 5	 5	 1	 27.397625	 -1	 0.000000	 4.392485
255	 5	 5	 1	 9.863587	 -1	 0.000000	 1.491514
256	 5	 5	 1	 2.973135	 -1	 0.000000	 3.321817
257	 5	 5	 0	 177.168962	 -1	 0.000000	 6.571423
258	 5	 5	 1	 3.305054	 -1	 0.000000	 2.989267
259	 5	 5	 1	 3.547320	 -1	 0.000000	 3.566350
260	 5	 5	 1	 8.393697	 -1	 0.000000	 4.083597
261	 5	 5	 1	 1.449101	 -1	 0.000000	 3.645642
262	 5	 5	 1	 1.776800	 -1	 0.000000	 3.976753
263	 5	 5	 1	 1.781312	 -1	 0.000000	 3.174581
264	 5	 5	 1	 4.133618	 -1	 0.000000	 3.563448
265	 5	 5	 1	 2.352492	 -1	 0.000000	 4.122576
267	 5	 5	 1	 6.884844	 -1	 0.000000	 4.003093
268	 5	 5	 1	 5.679524	 -1	 0.000000	 4.277336
269	 5	 5	 1	 3.800852	 -1	 0.000000	 4.117663
270	 5	 5	 1	 2.658930	 -1	 0.000000	 3.401326
271	 5	 5	 1	 5.270625	 -1	 0.000000	 3.862540
272	 5	 5	 1	 6.746292	 -1	 0.000000	 3.593225
273	 5	 5	 1	 3.749867	 -1	 0.000000	 3.880395
274	 5	 5	 1	 2.812882	 -1	 0.000000	 3.346027
275	 5	 5	 1	 4.016031	 -1	 0.000000	 3.751967
276	 5	 5	 1	 4.088233	 -1	 0.000000	 4.154597
277	 5	 5	 1	 97.497649	 -1	 0.000000	 9.029026
278	 5	 5	 1	 4.191570	 -1	 0.000000	 3.857575
279	 5	 5	 1	 5.907505	 -1	 0.000000	 4.237761
280	 5	 5	 1	 8.048906	 -1	 0.000000	 3.851580
281	 5	 5	 1	 1.387506	 -1	 0.000000	 3.362221
282	 5	 5	 1	 4.443750	 -1	 0.000000	 3.868270
283	 5	 5	 1	 2.762212	 -1	 0.000000	 3.891649
284	 5	 5	 1	 8.073046	 -1	 0.000000	 4.289594
285	 5	 5	 1	 1.707941	 -1	 0.000000	 3.619457
286	 5	 5	 1	 3.084790	 -1	 0.000000	 3.363265
287	 5	 5	 1	 2.985601	 -1	 0.000000	 3.354950
288	 5	 5	 1	 2.517630	 -1	 0.000000	 3.491867
289	 5	 5	 1	 2.419322	 -1	 0.000000	 3.983583
290	 5	 5	 1	 25.937934	 -1	 0.000000	 4.046006
291	 5	 5	 1	 3.135876	 -1	 0.000000	 3.486379
292	 5	 5	 0	 359.426622	 -1	 0.000000	 2.935174
293	 5	 5	 1	 2.339983	 -1	 0.000000	 3.767775
294	 5	 5	 1	 4.630172	 -1	 0.000000	 3.953203
295	 5	 5	 1	 5.067743	 -1	 0.000000	 4.015127
296	 5	 5	 1	 140.952056	 -1	 0.000000	 7.969688
297	 5	 5	 1	 129.952534	 -1	 0.000000	 2.253844
298	 5	 5	 0	 298.497110	 -1	 0.000000	 10.814694
299	 5	 5	 1	 3.390988	 -1	 0.000000	 3.182381
300	 5	 5	 1	 25.770006	 -1	 0.000000	 1.856040
301	 5	 5	 1	 2.891276	 -1	 0.000000	 4.111991
302	 5	 5	 1	 2.440267	 -1	 0.000000	 3.968482
303	 5	 5	 1	 2.260517	 -1	 0.000000	 3.353670
304	 5	 5	 1	 70.816766	 -1	 0.000000	 1.859208
305	 5	 5	 1	 24.862915	 -1	 0.000000	 4.283278
306	 5	 5	 1	 6.974423	 -1	 0.000000	 3.221190
307	 5	 5	 1	 3.474658	 -1	 0.000000	 3.909636
308	 5	 5	 1	 4.377281	 -1	 0.000000	 3.364454
309	 5	 5	 1	 3.139472	 -1	 0.000000	 3.426230
310	 5	 5	 1	 5.699302	 -1	 0.000000	 4.212928
311	 5	 5	 0	 162.055085	 -1	 0.000000	 7.755507
312	 5	 5	 1	 8.357375	 -1	 0.000000	 3.688696
313	 5	 5	 1	 1.263523	 -1	 0.000000	 4.196707
314	 5	 5	 1	 2.107911	 -1	 0.000000	 3.347673
315	 5	 5	 1	 3.333123	 -1	 0.000000	 4.267706
316	 5	 5	 1	 8.021465	 -1	 0.000000	 4.088794
317	 5	 5	 1	 2.740993	 -1	 0.000000	 3.850855
318	 5	 5	 1	 2.539795	 -1	 0.000000	 3.232998
319	 5	 5	 1	 16.164059	 -1	 0.000000	 1.913802
320	 5	 5	 0	 125.785201	 -1	 0.000000	 2.778625
322	 5	 5	 1	 3.211865	 -1	 0.000000	 4.375313
323	 5	 5	 1	 2.258308	 -1	 0.000000	 3.276963
324	 5	 5	 0	 212.802990	 -1	 0.000000	 7.027526
325	 5	 5	 1	 3.566592	 -1	 0.000000	 3.140387
326	 5	 5	 1	 7.816739	 -1	 0.000000	 3.393419
327	 5	 5	 1	 2.258775	 -1	 0.000000	 3.334734
328	 5	 5	 1	 1.510603	 -1	 0.000000	 3.433568
329	 5	 5	 1	 2.697051	 -1	 0.000000	 3.636937
331	 5	 5	 1	 30.660866	 -1	 0.000000	 3.898037
332	 5	 5	 1	 3.259590	 -1	 0.000000	 3.667548
333	 5	 5	 1	 22.845274	 -1	 0.000000	 1.835554
334	 5	 5	 1	 2.298965	 -1	 0.000000	 3.809749
335	 5	 5	 1	 2.331325	 -1	 0.000000	 3.363583
336	 5	 5	 1	 39.621620	 -1	 0.000000	 2.226955
337	 5	 5	 1	 1.817337	 -1	 0.000000	 3.743411
339	 5	 5	 1	 6.756762	 -1	 0.000000	 4.391734
340	 5	 5	 1	 7.959491	 -1	 0.000000	 4.250918
341	 5	 5	 1	 26.371417	 -1	 0.000000	 1.661982
342	 5	 5	 1	 2.608423	 -1	 0.000000	 3.338234
175	 5	 5	 0	 410.553491	 -1	 0.000000	 4.080153
343	 5	 5	 1	 2.297985	 -1	 0.000000	 3.911764
344	 5	 5	 1	 4.450892	 -1	 0.000000	 3.137632
346	 5	 5	 1	 3.923336	 -1	 0.000000	 4.179303
348	 5	 5	 1	 2.110989	 -1	 0.000000	 3.981584
350	 5	 5	 0	 209.792239	 -1	 0.000000	 7.486545
351	 5	 5	 0	 206.079426	 -1	 0.000000	 7.680990
352	 5	 5	 1	 104.929811	 -1	 0.000000	 2.377944
353	 5	 5	 1	 6.029420	 -1	 0.000000	 3.498366
354	 5	 5	 1	 33.860475	 -1	 0.000000	 4.046740
355	 5	 5	 0	 162.573682	 -1	 0.000000	 7.379125
356	 5	 5	 1	 1.732407	 -1	 0.000000	 3.514405
357	 5	 5	 1	 4.567926	 -1	 0.000000	 3.843722
358	 5	 5	 1	 2.480211	 -1	 0.000000	 4.354286
382	 5	 5	 1	 4.063775	 -1	 0.000000	 3.157434
383	 5	 5	 1	 28.893867	 -1	 0.000000	 3.475709
384	 5	 5	 1	 2.909202	 -1	 0.000000	 3.480520
385	 5	 5	 1	 4.060902	 -1	 0.000000	 3.390388
386	 5	 5	 1	 3.931188	 -1	 0.000000	 3.842122
391	 5	 5	 1	 77.075064	 -1	 0.000000	 2.648614
393	 5	 5	 1	 44.619400	 -1	 0.000000	 1.611373
394	 5	 5	 1	 2.007382	 -1	 0.000000	 3.644550
395	 5	 5	 1	 4.868757	 -1	 0.000000	 4.061314
396	 5	 5	 1	 2.612854	 -1	 0.000000	 3.374573
397	 5	 5	 1	 7.032930	 -1	 0.000000	 4.146305
398	 5	 5	 1	 3.362567	 -1	 0.000000	 3.299692
400	 5	 5	 1	 3.232253	 -1	 0.000000	 3.316925
401	 5	 5	 0	 418.422436	 -1	 0.000000	 2.694640
402	 5	 5	 1	 5.037394	 -1	 0.000000	 4.546885
403	 5	 5	 1	 2.078418	 -1	 0.000000	 3.132985
404	 5	 5	 1	 6.473142	 -1	 0.000000	 4.346455
405	 5	 5	 1	 2.874308	 -1	 0.000000	 3.141732
406	 5	 5	 1	 1.823412	 -1	 0.000000	 4.360359
408	 5	 5	 1	 6.094181	 -1	 0.000000	 4.042778
409	 5	 5	 1	 7.139116	 -1	 0.000000	 4.167305
410	 5	 5	 1	 3.593930	 -1	 0.000000	 3.231315
411	 5	 5	 1	 2.022653	 -1	 0.000000	 3.150296
412	 5	 5	 1	 3.396994	 -1	 0.000000	 3.986687
413	 5	 5	 1	 2.148304	 -1	 0.000000	 4.076864
414	 5	 5	 1	 6.423866	 -1	 0.000000	 3.396504
415	 5	 5	 1	 2.545009	 -1	 0.000000	 3.663327
416	 5	 5	 1	 24.256421	 -1	 0.000000	 3.820548
418	 5	 5	 1	 4.332399	 -1	 0.000000	 4.245573
419	 5	 5	 1	 2.698116	 -1	 0.000000	 4.253463
381	 5	 5	 1	 34.215559	 -1	 0.000000	 2.180584
420	 5	 5	 1	 2.927578	 -1	 0.000000	 3.364174
421	 5	 5	 1	 2.930014	 -1	 0.000000	 3.089707
422	 5	 5	 1	 2.592209	 -1	 0.000000	 4.648630
425	 5	 5	 1	 16.064067	 -1	 0.000000	 3.918227
427	 5	 5	 1	 27.244922	 -1	 0.000000	 1.918355
439	 5	 5	 1	 6.416694	 -1	 0.000000	 1.532773
440	 5	 5	 1	 4.410580	 -1	 0.000000	 3.343325
441	 5	 5	 1	 2.740945	 -1	 0.000000	 3.750477
442	 5	 5	 1	 5.390772	 -1	 0.000000	 3.676609
444	 5	 5	 1	 3.202073	 -1	 0.000000	 3.072615
445	 5	 5	 1	 2.319332	 -1	 0.000000	 3.345400
446	 5	 5	 1	 1.935416	 -1	 0.000000	 3.514296
447	 5	 5	 1	 1.413559	 -1	 0.000000	 3.637903
448	 5	 5	 1	 6.527743	 -1	 0.000000	 4.013602
449	 5	 5	 1	 22.653003	 -1	 0.000000	 1.727720
450	 5	 5	 1	 2.516341	 -1	 0.000000	 3.909397
451	 5	 5	 1	 2.427254	 -1	 0.000000	 3.091493
457	 5	 5	 1	 28.746959	 -1	 0.000000	 3.365848
458	 5	 5	 1	 130.554406	 -1	 0.000000	 6.631483
459	 5	 5	 1	 2.386112	 -1	 0.000000	 3.170832
434	 5	 5	 0	 450.418107	 -1	 0.000000	 1.838028
460	 5	 5	 1	 7.601112	 -1	 0.000000	 4.153536
461	 5	 5	 0	 182.891314	 -1	 0.000000	 10.454676
462	 5	 5	 1	 2.172283	 -1	 0.000000	 3.321352
463	 5	 5	 1	 2.481730	 -1	 0.000000	 3.459812
464	 5	 5	 1	 2.660578	 -1	 0.000000	 3.410262
465	 5	 5	 1	 1.927299	 -1	 0.000000	 3.366807
466	 5	 5	 1	 74.928386	 -1	 0.000000	 2.031719
160	 5	 5	 1	 2.683875	 -1	 0.000000	 3.271367
161	 5	 5	 1	 2.764069	 -1	 0.000000	 3.500700
162	 5	 5	 1	 1.806981	 -1	 0.000000	 3.731925
163	 5	 5	 1	 2.471116	 -1	 0.000000	 3.579984
164	 5	 5	 1	 3.400950	 -1	 0.000000	 3.433195
165	 5	 5	 1	 9.595044	 -1	 0.000000	 1.527776
166	 5	 5	 1	 2.930834	 -1	 0.000000	 4.131541
167	 5	 5	 1	 3.495137	 -1	 0.000000	 3.273602
168	 5	 5	 1	 2.020695	 -1	 0.000000	 3.289721
169	 5	 5	 1	 6.209255	 -1	 0.000000	 1.768265
170	 5	 5	 1	 2.398078	 -1	 0.000000	 3.140239
171	 5	 5	 1	 2.448336	 -1	 0.000000	 3.690836
172	 5	 5	 1	 12.706745	 -1	 0.000000	 3.609555
173	 5	 5	 1	 4.284305	 -1	 0.000000	 3.175051
174	 5	 5	 1	 2.098057	 -1	 0.000000	 3.136634
175	 5	 5	 1	 3.979707	 -1	 0.000000	 3.256916
176	 5	 5	 1	 2.456329	 -1	 0.000000	 4.460338
177	 5	 5	 1	 2.102753	 -1	 0.000000	 3.366341
178	 5	 5	 1	 4.206739	 -1	 0.000000	 4.218187
179	 5	 5	 1	 2.323935	 -1	 0.000000	 3.221417
180	 5	 5	 1	 33.956593	 -1	 0.000000	 3.666665
182	 5	 5	 1	 108.443674	 -1	 0.000000	 5.721488
183	 5	 5	 1	 14.303471	 -1	 0.000000	 3.990732
184	 5	 5	 1	 2.515895	 -1	 0.000000	 3.891471
185	 5	 5	 1	 2.067057	 -1	 0.000000	 3.305693
187	 5	 5	 0	 136.791141	 -1	 0.000000	 2.157222
188	 5	 5	 1	 4.883163	 -1	 0.000000	 3.239977
189	 5	 5	 1	 2.629340	 -1	 0.000000	 3.336357
190	 5	 5	 1	 3.091881	 -1	 0.000000	 4.067833
191	 5	 5	 1	 1.375829	 -1	 0.000000	 3.605996
192	 5	 5	 1	 4.462792	 -1	 0.000000	 3.610644
193	 5	 5	 1	 3.406727	 -1	 0.000000	 3.567516
194	 5	 5	 1	 4.536085	 -1	 0.000000	 3.703830
196	 5	 5	 1	 1.982991	 -1	 0.000000	 4.860641
197	 5	 5	 1	 2.036204	 -1	 0.000000	 3.375733
198	 5	 5	 1	 2.891417	 -1	 0.000000	 3.308331
199	 5	 5	 1	 2.437286	 -1	 0.000000	 3.426419
200	 5	 5	 1	 2.457695	 -1	 0.000000	 3.367640
201	 5	 5	 1	 3.495121	 -1	 0.000000	 3.317421
202	 5	 5	 1	 3.642727	 -1	 0.000000	 3.449282
203	 5	 5	 1	 2.457166	 -1	 0.000000	 4.094924
204	 5	 5	 1	 56.938495	 -1	 0.000000	 1.651083
206	 5	 5	 1	 3.041904	 -1	 0.000000	 1.563640
207	 5	 5	 1	 5.202641	 -1	 0.000000	 3.184522
208	 5	 5	 1	 1.738927	 -1	 0.000000	 4.051187
541	 5	 5	 0	 360.736708	 -1	 0.000000	 8.665522
210	 5	 5	 1	 2.944419	 -1	 0.000000	 3.303762
211	 5	 5	 1	 2.878882	 -1	 0.000000	 3.426102
212	 5	 5	 1	 6.538740	 -1	 0.000000	 3.835917
213	 5	 5	 1	 123.441152	 -1	 0.000000	 2.639135
214	 5	 5	 1	 3.222689	 -1	 0.000000	 4.258810
215	 5	 5	 1	 3.061669	 -1	 0.000000	 4.024932
216	 5	 5	 1	 3.250244	 -1	 0.000000	 3.284397
217	 5	 5	 1	 4.815834	 -1	 0.000000	 3.981806
218	 5	 5	 1	 22.142973	 -1	 0.000000	 1.773272
219	 5	 5	 1	 3.649423	 -1	 0.000000	 4.575193
220	 5	 5	 1	 104.055429	 -1	 0.000000	 1.684606
222	 5	 5	 1	 3.021624	 -1	 0.000000	 4.267004
223	 5	 5	 1	 2.800540	 -1	 0.000000	 3.490026
224	 5	 5	 1	 3.994681	 -1	 0.000000	 3.307079
225	 5	 5	 1	 6.291349	 -1	 0.000000	 4.641847
226	 5	 5	 1	 20.706485	 -1	 0.000000	 3.626877
227	 5	 5	 1	 119.764861	 -1	 0.000000	 2.160315
228	 5	 5	 1	 2.723437	 -1	 0.000000	 4.242288
229	 5	 5	 1	 1.749827	 -1	 0.000000	 3.438552
230	 5	 5	 1	 8.099099	 -1	 0.000000	 4.432176
231	 5	 5	 1	 106.731217	 -1	 0.000000	 5.785250
232	 5	 5	 1	 6.064958	 -1	 0.000000	 3.482973
233	 5	 5	 1	 2.506990	 -1	 0.000000	 3.680692
234	 5	 5	 1	 87.261774	 -1	 0.000000	 3.695437
235	 5	 5	 1	 4.315174	 -1	 0.000000	 4.576010
236	 5	 5	 1	 3.804968	 -1	 0.000000	 3.467374
237	 5	 5	 1	 5.152660	 -1	 0.000000	 3.521453
238	 5	 5	 1	 65.696194	 -1	 0.000000	 5.544824
241	 5	 5	 1	 4.043923	 -1	 0.000000	 3.647028
242	 5	 5	 1	 4.365477	 -1	 0.000000	 3.374326
243	 5	 5	 1	 12.345942	 -1	 0.000000	 3.724355
244	 5	 5	 1	 6.933169	 -1	 0.000000	 4.082308
245	 5	 5	 1	 2.555375	 -1	 0.000000	 3.333546
246	 5	 5	 0	 203.357104	 -1	 0.000000	 2.243129
247	 5	 5	 1	 2.998865	 -1	 0.000000	 3.404409
248	 5	 5	 1	 24.963314	 -1	 0.000000	 1.521690
3312	 5	 5	 0	 426.301045	 -1	 0.000000	 2.716280
249	 5	 5	 1	 103.684266	 -1	 0.000000	 1.716733
250	 5	 5	 1	 6.151347	 -1	 0.000000	 3.736575
253	 5	 5	 1	 6.503819	 -1	 0.000000	 1.425841
254	 5	 5	 1	 3.561699	 -1	 0.000000	 1.927046
255	 5	 5	 1	 1.784666	 -1	 0.000000	 3.612386
256	 5	 5	 1	 2.480362	 -1	 0.000000	 3.273351
257	 5	 5	 1	 7.502027	 -1	 0.000000	 3.867443
258	 5	 5	 1	 2.881319	 -1	 0.000000	 3.658821
259	 5	 5	 1	 5.353959	 -1	 0.000000	 3.761369
260	 5	 5	 0	 311.499054	 -1	 0.000000	 2.476741
261	 5	 5	 1	 1.334589	 -1	 0.000000	 4.483764
262	 5	 5	 1	 1.734669	 -1	 0.000000	 3.494558
263	 5	 5	 0	 219.450762	 -1	 0.000000	 8.013828
264	 5	 5	 1	 3.179937	 -1	 0.000000	 4.677113
265	 5	 5	 1	 1.810058	 -1	 0.000000	 3.531021
266	 5	 5	 1	 3.584214	 -1	 0.000000	 3.456862
267	 5	 5	 1	 5.796992	 -1	 0.000000	 3.832720
268	 5	 5	 1	 3.016043	 -1	 0.000000	 4.113447
269	 5	 5	 1	 161.675651	 -1	 0.000000	 5.542968
270	 5	 5	 1	 4.188356	 -1	 0.000000	 3.434096
271	 5	 5	 1	 7.588907	 -1	 0.000000	 4.043844
272	 5	 5	 1	 4.472718	 -1	 0.000000	 4.123733
273	 5	 5	 1	 1.672124	 -1	 0.000000	 3.445495
274	 5	 5	 1	 1.758303	 -1	 0.000000	 3.539669
275	 5	 5	 1	 3.075517	 -1	 0.000000	 3.803242
276	 5	 5	 1	 3.506002	 -1	 0.000000	 4.084899
277	 5	 5	 1	 3.380394	 -1	 0.000000	 3.018700
278	 5	 5	 1	 4.350670	 -1	 0.000000	 4.655782
279	 5	 5	 1	 3.992357	 -1	 0.000000	 3.198733
280	 5	 5	 1	 4.843842	 -1	 0.000000	 3.780897
281	 5	 5	 1	 2.238088	 -1	 0.000000	 4.064185
282	 5	 5	 1	 4.439283	 -1	 0.000000	 4.030386
283	 5	 5	 1	 4.819269	 -1	 0.000000	 3.497738
284	 5	 5	 1	 1.995410	 -1	 0.000000	 3.188658
285	 5	 5	 1	 1.929578	 -1	 0.000000	 4.324559
287	 5	 5	 1	 2.247553	 -1	 0.000000	 3.596100
288	 5	 5	 1	 6.703756	 -1	 0.000000	 3.825905
289	 5	 5	 1	 3.165937	 -1	 0.000000	 3.033714
290	 5	 5	 1	 17.985671	 -1	 0.000000	 3.659196
291	 5	 5	 1	 2.355098	 -1	 0.000000	 3.827606
292	 5	 5	 1	 4.484173	 -1	 0.000000	 4.023081
293	 5	 5	 1	 1.788262	 -1	 0.000000	 3.911082
295	 5	 5	 1	 1.895006	 -1	 0.000000	 3.385535
296	 5	 5	 1	 2.169855	 -1	 0.000000	 3.944174
298	 5	 5	 1	 2.417149	 -1	 0.000000	 3.215317
299	 5	 5	 1	 2.329829	 -1	 0.000000	 3.116189
300	 5	 5	 1	 1.761737	 -1	 0.000000	 3.870147
301	 5	 5	 1	 9.750638	 -1	 0.000000	 1.835445
302	 5	 5	 1	 3.074759	 -1	 0.000000	 3.406423
303	 5	 5	 1	 2.050847	 -1	 0.000000	 3.679360
304	 5	 5	 1	 6.279828	 -1	 0.000000	 4.397879
305	 5	 5	 1	 3.260590	 -1	 0.000000	 3.804630
306	 5	 5	 1	 5.782578	 -1	 0.000000	 3.453334
307	 5	 5	 1	 2.823696	 -1	 0.000000	 3.237489
309	 5	 5	 1	 2.792745	 -1	 0.000000	 3.154713
310	 5	 5	 1	 2.314420	 -1	 0.000000	 4.086730
311	 5	 5	 1	 1.465092	 -1	 0.000000	 3.520617
312	 5	 5	 1	 2.795031	 -1	 0.000000	 3.223569
313	 5	 5	 0	 179.184499	 -1	 0.000000	 2.327864
314	 5	 5	 1	 5.137377	 -1	 0.000000	 3.409601
315	 5	 5	 1	 2.526058	 -1	 0.000000	 3.833236
316	 5	 5	 1	 6.221322	 -1	 0.000000	 3.397249
318	 5	 5	 1	 2.916901	 -1	 0.000000	 3.309484
319	 5	 5	 1	 2.830425	 -1	 0.000000	 3.885089
320	 5	 5	 1	 1.972303	 -1	 0.000000	 3.712633
321	 5	 5	 1	 5.087783	 -1	 0.000000	 4.497844
322	 5	 5	 1	 2.137318	 -1	 0.000000	 3.778944
323	 5	 5	 1	 4.996855	 -1	 0.000000	 4.285324
324	 5	 5	 1	 2.237542	 -1	 0.000000	 3.779456
325	 5	 5	 1	 6.583259	 -1	 0.000000	 3.567051
327	 5	 5	 1	 2.215645	 -1	 0.000000	 3.184571
328	 5	 5	 1	 3.361323	 -1	 0.000000	 3.782858
329	 5	 5	 1	 3.774984	 -1	 0.000000	 4.029327
330	 5	 5	 1	 3.831619	 -1	 0.000000	 3.488932
1003	 5	 5	 0	 326.527160	 -1	 0.000000	 2.468795
332	 5	 5	 1	 4.227167	 -1	 0.000000	 3.455724
333	 5	 5	 1	 2.679406	 -1	 0.000000	 3.298401
334	 5	 5	 0	 252.733675	 -1	 0.000000	 7.121443
335	 5	 5	 1	 1.939301	 -1	 0.000000	 3.633182
336	 5	 5	 1	 2.625187	 -1	 0.000000	 3.200474
337	 5	 5	 1	 2.561565	 -1	 0.000000	 3.892591
338	 5	 5	 1	 3.965746	 -1	 0.000000	 3.160761
339	 5	 5	 1	 3.641337	 -1	 0.000000	 3.071424
340	 5	 5	 1	 2.823665	 -1	 0.000000	 4.065114
341	 5	 5	 1	 5.962609	 -1	 0.000000	 3.624410
342	 5	 5	 1	 27.351135	 -1	 0.000000	 2.019547
343	 5	 5	 1	 2.707544	 -1	 0.000000	 3.972968
344	 5	 5	 1	 5.088879	 -1	 0.000000	 3.441566
346	 5	 5	 1	 3.705364	 -1	 0.000000	 4.304675
347	 5	 5	 1	 4.860627	 -1	 0.000000	 3.599135
348	 5	 5	 1	 1.939591	 -1	 0.000000	 3.564006
349	 5	 5	 1	 2.268531	 -1	 0.000000	 3.680873
350	 5	 5	 1	 18.639121	 -1	 0.000000	 1.615314
351	 5	 5	 1	 5.713533	 -1	 0.000000	 4.199390
353	 5	 5	 1	 7.739073	 -1	 0.000000	 3.485384
354	 5	 5	 1	 1.476034	 -1	 0.000000	 3.717177
355	 5	 5	 1	 2.532815	 -1	 0.000000	 3.723960
356	 5	 5	 0	 107.396940	 -1	 0.000000	 2.483690
357	 5	 5	 1	 3.005887	 -1	 0.000000	 4.355800
358	 5	 5	 1	 50.131229	 -1	 0.000000	 1.668459
359	 5	 5	 1	 2.043883	 -1	 0.000000	 3.371797
360	 5	 5	 0	 339.134659	 -1	 0.000000	 2.801013
2708	 5	 5	 0	 417.576662	 -1	 0.000000	 1.515620
361	 5	 5	 0	 394.788094	 -1	 0.000000	 3.641547
362	 5	 5	 1	 3.580470	 -1	 0.000000	 3.242700
364	 5	 5	 1	 5.416815	 -1	 0.000000	 3.155652
365	 5	 5	 1	 18.020625	 -1	 0.000000	 4.179123
367	 5	 5	 1	 3.723670	 -1	 0.000000	 3.793482
368	 5	 5	 1	 3.626258	 -1	 0.000000	 3.215347
369	 5	 5	 1	 87.374812	 -1	 0.000000	 2.131159
370	 5	 5	 1	 2.922905	 -1	 0.000000	 3.918728
371	 5	 5	 1	 3.852574	 -1	 0.000000	 3.740730
0	 7	 7	 1	 2.326517	 -1	 0.000000	 3.945793
1	 7	 7	 1	 15.748183	 -1	 0.000000	 3.482187
2	 7	 7	 1	 6.888656	 -1	 0.000000	 3.467038
4	 7	 7	 1	 5.837869	 -1	 0.000000	 3.928543
5	 7	 7	 1	 6.514571	 -1	 0.000000	 3.973522
6	 7	 7	 1	 17.991344	 -1	 0.000000	 4.064625
8	 7	 7	 1	 3.671718	 -1	 0.000000	 3.638225
9	 7	 7	 1	 10.723016	 -1	 0.000000	 3.337932
10	 7	 7	 1	 16.021194	 -1	 0.000000	 3.012090
11	 7	 7	 0	 422.441156	 -1	 0.000000	 9.551054
12	 7	 7	 1	 12.918962	 -1	 0.000000	 3.922279
13	 7	 7	 1	 28.139231	 -1	 0.000000	 3.436017
14	 7	 7	 0	 337.710944	 -1	 0.000000	 10.755181
16	 7	 7	 1	 7.577968	 -1	 0.000000	 3.103889
17	 7	 7	 1	 6.364858	 -1	 0.000000	 3.863165
18	 7	 7	 1	 8.784905	 -1	 0.000000	 3.503690
19	 7	 7	 1	 110.062068	 -1	 0.000000	 4.711768
20	 7	 7	 1	 4.138519	 -1	 0.000000	 4.303360
21	 7	 7	 0	 342.007234	 -1	 0.000000	 2.462632
22	 7	 7	 1	 5.714164	 -1	 0.000000	 3.489495
23	 7	 7	 1	 6.421733	 -1	 0.000000	 4.037156
24	 7	 7	 1	 7.297304	 -1	 0.000000	 4.271962
25	 7	 7	 1	 8.493955	 -1	 0.000000	 3.181212
26	 7	 7	 1	 23.062368	 -1	 0.000000	 3.950944
27	 7	 7	 1	 7.826780	 -1	 0.000000	 4.187708
28	 7	 7	 1	 9.919204	 -1	 0.000000	 1.638653
29	 7	 7	 1	 8.669294	 -1	 0.000000	 3.196333
31	 7	 7	 1	 10.819898	 -1	 0.000000	 3.957007
32	 7	 7	 1	 6.501575	 -1	 0.000000	 3.649290
33	 7	 7	 1	 11.525157	 -1	 0.000000	 3.310389
35	 7	 7	 0	 157.714150	 -1	 0.000000	 5.843324
36	 7	 7	 1	 11.229539	 -1	 0.000000	 3.876346
37	 7	 7	 1	 6.092605	 -1	 0.000000	 4.213937
3838	 7	 7	 0	 448.174810	 -1	 0.000000	 7.271898
39	 7	 7	 1	 64.191321	 -1	 0.000000	 8.208087
40	 7	 7	 1	 11.030734	 -1	 0.000000	 3.772249
41	 7	 7	 1	 6.357709	 -1	 0.000000	 3.638041
42	 7	 7	 1	 14.283042	 -1	 0.000000	 3.229297
43	 7	 7	 1	 4.605015	 -1	 0.000000	 4.597951
44	 7	 7	 1	 7.025122	 -1	 0.000000	 4.175799
45	 7	 7	 1	 9.696373	 -1	 0.000000	 3.711951
47	 7	 7	 1	 14.431243	 -1	 0.000000	 3.119865
48	 7	 7	 1	 11.360007	 -1	 0.000000	 3.366414
>>> gr_fir_ccf: using E
>>> gr_fir_fff: using E
gr_buffer::allocate_buffer: warning: tried to allocate
   36 items of size 1776. Due to alignment requirements
   256 were allocated.  If this isn't OK, consider padding
   your structure to a power-of-two bytes.
   On this platform, our allocation granularity is 4096 bytes.
2076	 15	 15	 0	 367.623411	 -1	 0.000000	 9.926111
2152	 9	 9	 0	 453.687018	 -1	 0.000000	 7.321124
3455	 3	 3	 0	 487.398718	 -1	 0.000000	 1.916798
>>> gr_fir_ccf: using E
>>> gr_fir_fff: using E
gr_buffer::allocate_buffer: warning: tried to allocate
   36 items of size 1776. Due to alignment requirements
   256 were allocated.  If this isn't OK, consider padding
   your structure to a power-of-two bytes.
   On this platform, our allocation granularity is 4096 bytes.
163	 9	 9	 0	 342.514435	 -1	 0.000000	 4.001152
164	 9	 9	 0	 446.729104	 -1	 0.000000	 2.220814
165	 9	 9	 0	 398.149247	 -1	 0.000000	 3.567624
166	 9	 9	 0	 418.054112	 -1	 0.000000	 3.940943
167	 9	 9	 0	 410.631359	 -1	 0.000000	 3.375141
168	 9	 9	 0	 383.981511	 -1	 0.000000	 3.228830
169	 9	 9	 0	 448.485156	 -1	 0.000000	 4.658339
170	 9	 9	 0	 409.211907	 -1	 0.000000	 4.904144
171	 9	 9	 0	 405.821520	 -1	 0.000000	 4.146839
3305	 10	 10	 0	 479.041991	 -1	 0.000000	 1.775163
172	 9	 9	 0	 414.797147	 -1	 0.000000	 3.881732
173	 9	 9	 0	 418.657341	 -1	 0.000000	 4.109240
174	 9	 9	 0	 454.601006	 -1	 0.000000	 5.828166
175	 9	 9	 0	 404.855773	 -1	 0.000000	 1.885289
176	 9	 9	 0	 418.542119	 -1	 0.000000	 3.314014
177	 9	 9	 0	 402.324037	 -1	 0.000000	 3.320280
178	 9	 9	 0	 422.330529	 -1	 0.000000	 4.494969
179	 9	 9	 0	 419.274811	 -1	 0.000000	 4.251972
180	 9	 9	 0	 427.720150	 -1	 0.000000	 1.898402
181	 9	 9	 0	 424.329158	 -1	 0.000000	 3.440818
182	 9	 9	 0	 416.086087	 -1	 0.000000	 3.819015
183	 9	 9	 0	 437.251195	 -1	 0.000000	 4.340663
184	 9	 9	 0	 429.056577	 -1	 0.000000	 3.766536
185	 9	 9	 0	 412.918492	 -1	 0.000000	 3.822755
186	 9	 9	 0	 422.677392	 -1	 0.000000	 3.311046
187	 9	 9	 1	 353.577022	 -1	 0.000000	 4.424998
188	 9	 9	 0	 360.921220	 -1	 0.000000	 5.013398
189	 9	 9	 0	 395.142419	 -1	 0.000000	 3.690180
190	 9	 9	 0	 422.868599	 -1	 0.000000	 3.543323
191	 9	 9	 0	 439.686489	 -1	 0.000000	 11.434029
192	 9	 9	 0	 436.212804	 -1	 0.000000	 3.212664
193	 9	 9	 0	 369.246335	 -1	 0.000000	 1.810472
194	 9	 9	 0	 417.729650	 -1	 0.000000	 3.978324
195	 9	 9	 0	 432.516953	 -1	 0.000000	 3.290877
196	 9	 9	 0	 392.787861	 -1	 0.000000	 4.206402
197	 9	 9	 0	 422.768255	 -1	 0.000000	 5.728063
198	 9	 9	 0	 444.126315	 -1	 0.000000	 2.428954
199	 9	 9	 0	 405.849989	 -1	 0.000000	 3.684999
200	 9	 9	 0	 402.418601	 -1	 0.000000	 3.704565
201	 9	 9	 0	 425.615044	 -1	 0.000000	 2.380101
202	 9	 9	 0	 399.968830	 -1	 0.000000	 3.388985
203	 9	 9	 0	 381.078731	 -1	 0.000000	 4.377955
204	 9	 9	 0	 421.876180	 -1	 0.000000	 4.025783
205	 9	 9	 0	 377.391129	 -1	 0.000000	 4.628891
206	 9	 9	 0	 445.943937	 -1	 0.000000	 5.253860
207	 9	 9	 0	 417.063195	 -1	 0.000000	 2.032040
208	 9	 9	 0	 393.989067	 -1	 0.000000	 3.697574
209	 9	 9	 0	 415.838721	 -1	 0.000000	 3.483937
210	 9	 9	 0	 404.033845	 -1	 0.000000	 1.789897
211	 9	 9	 1	 355.006468	 -1	 0.000000	 1.848794
212	 9	 9	 0	 375.732356	 -1	 0.000000	 5.691751
213	 9	 9	 0	 378.076063	 -1	 0.000000	 4.248340
215	 9	 9	 0	 433.614720	 -1	 0.000000	 3.408574
216	 9	 9	 0	 413.515048	 -1	 0.000000	 3.722582
217	 9	 9	 0	 405.231812	 -1	 0.000000	 1.870191
218	 9	 9	 0	 420.446230	 -1	 0.000000	 3.626399
219	 9	 9	 0	 423.942550	 -1	 0.000000	 3.185022
220	 9	 9	 0	 401.143092	 -1	 0.000000	 4.214920
221	 9	 9	 0	 392.118228	 -1	 0.000000	 3.603490
3191	 15	 15	 0	 225.037141	 -1	 0.000000	 2.656266
222	 9	 9	 0	 407.438766	 -1	 0.000000	 3.105644
223	 9	 9	 0	 416.341276	 -1	 0.000000	 3.250641
224	 9	 9	 0	 414.416195	 -1	 0.000000	 4.002486
225	 9	 9	 0	 405.558432	 -1	 0.000000	 3.045058
226	 9	 9	 0	 424.309786	 -1	 0.000000	 4.071009
227	 9	 9	 0	 388.471494	 -1	 0.000000	 1.733324
228	 9	 9	 0	 354.545802	 -1	 0.000000	 2.202745
229	 9	 9	 0	 419.519778	 -1	 0.000000	 3.200651
230	 9	 9	 0	 400.298085	 -1	 0.000000	 4.180677
231	 9	 9	 0	 412.445438	 -1	 0.000000	 3.132838
232	 9	 9	 0	 432.731830	 -1	 0.000000	 3.929534
233	 9	 9	 0	 416.950651	 -1	 0.000000	 3.474225
234	 9	 9	 0	 407.669078	 -1	 0.000000	 3.512820
235	 9	 9	 0	 433.913230	 -1	 0.000000	 3.380009
236	 9	 9	 0	 384.681311	 -1	 0.000000	 4.293211
237	 9	 9	 0	 430.132314	 -1	 0.000000	 3.181318
238	 9	 9	 0	 427.814362	 -1	 0.000000	 7.501843
239	 9	 9	 0	 397.369862	 -1	 0.000000	 3.466458
240	 9	 9	 0	 418.565687	 -1	 0.000000	 3.550760
241	 9	 9	 0	 428.542862	 -1	 0.000000	 3.763675
242	 9	 9	 0	 454.006560	 -1	 0.000000	 7.319348
243	 9	 9	 0	 418.852227	 -1	 0.000000	 3.231767
244	 9	 9	 0	 390.641849	 -1	 0.000000	 1.794569
245	 9	 9	 0	 428.927039	 -1	 0.000000	 3.244955
246	 9	 9	 0	 427.735309	 -1	 0.000000	 2.458671
247	 9	 9	 0	 428.976191	 -1	 0.000000	 5.230715
248	 9	 9	 0	 393.350594	 -1	 0.000000	 4.225755
249	 9	 9	 0	 399.154366	 -1	 0.000000	 3.732774
250	 9	 9	 0	 451.514247	 -1	 0.000000	 5.876976
251	 9	 9	 0	 410.282895	 -1	 0.000000	 3.192891
252	 9	 9	 0	 407.585545	 -1	 0.000000	 4.170748
253	 9	 9	 0	 422.571826	 -1	 0.000000	 3.275585
254	 9	 9	 0	 439.507084	 -1	 0.000000	 2.002842
255	 9	 9	 0	 420.115462	 -1	 0.000000	 3.710581
256	 9	 9	 0	 407.702810	 -1	 0.000000	 1.762839
257	 9	 9	 0	 429.660698	 -1	 0.000000	 4.230621
258	 9	 9	 0	 447.848468	 -1	 0.000000	 10.733668
259	 9	 9	 0	 425.617775	 -1	 0.000000	 2.679511
260	 9	 9	 0	 369.352071	 -1	 0.000000	 1.892728
261	 9	 9	 0	 382.343869	 -1	 0.000000	 4.733175
2411	 15	 15	 0	 407.007310	 -1	 0.000000	 3.009141
262	 9	 9	 0	 438.849102	 -1	 0.000000	 3.169538
263	 9	 9	 0	 401.372231	 -1	 0.000000	 3.691701
264	 9	 9	 0	 453.240069	 -1	 0.000000	 1.905925
265	 9	 9	 0	 358.389586	 -1	 0.000000	 2.113695
2122	 15	 15	 0	 393.161827	 -1	 0.000000	 5.878291
266	 9	 9	 0	 402.656731	 -1	 0.000000	 4.567060
267	 9	 9	 0	 426.247509	 -1	 0.000000	 3.260305
268	 9	 9	 0	 430.601490	 -1	 0.000000	 4.102242
269	 9	 9	 0	 401.974040	 -1	 0.000000	 3.146065
270	 9	 9	 0	 394.105307	 -1	 0.000000	 3.224614
271	 9	 9	 0	 374.957476	 -1	 0.000000	 1.949772
272	 9	 9	 0	 414.337319	 -1	 0.000000	 4.619770
273	 9	 9	 0	 407.275446	 -1	 0.000000	 4.458056
274	 9	 9	 0	 417.231063	 -1	 0.000000	 3.744449
275	 9	 9	 0	 428.404634	 -1	 0.000000	 3.596448
276	 9	 9	 0	 396.721583	 -1	 0.000000	 1.952990
277	 9	 9	 0	 438.130453	 -1	 0.000000	 3.982722
278	 9	 9	 0	 425.506399	 -1	 0.000000	 5.774423
279	 9	 9	 0	 393.557369	 -1	 0.000000	 1.910228
280	 9	 9	 0	 408.263023	 -1	 0.000000	 4.110631
281	 9	 9	 0	 446.062764	 -1	 0.000000	 8.752247
282	 9	 9	 0	 401.362761	 -1	 0.000000	 3.128496
283	 9	 9	 0	 397.219616	 -1	 0.000000	 4.112018
284	 9	 9	 0	 403.052654	 -1	 0.000000	 3.886987
285	 9	 9	 0	 426.861493	 -1	 0.000000	 3.703694
286	 9	 9	 0	 446.244805	 -1	 0.000000	 2.126835
287	 9	 9	 0	 388.598170	 -1	 0.000000	 3.608577
288	 9	 9	 0	 421.766730	 -1	 0.000000	 3.701997
289	 9	 9	 0	 392.156051	 -1	 0.000000	 4.113561
290	 9	 9	 0	 449.065660	 -1	 0.000000	 2.171493
291	 9	 9	 0	 400.800460	 -1	 0.000000	 4.061293
292	 9	 9	 0	 407.388781	 -1	 0.000000	 1.926587
293	 9	 9	 0	 399.875620	 -1	 0.000000	 5.225310
294	 9	 9	 0	 401.157749	 -1	 0.000000	 3.673293
295	 9	 9	 0	 391.698328	 -1	 0.000000	 3.643758
296	 9	 9	 0	 434.113187	 -1	 0.000000	 1.955786
297	 9	 9	 0	 417.682383	 -1	 0.000000	 3.390757
298	 9	 9	 0	 431.121808	 -1	 0.000000	 3.840345
299	 9	 9	 0	 428.358321	 -1	 0.000000	 3.341484
300	 9	 9	 0	 431.953593	 -1	 0.000000	 4.138508
301	 9	 9	 0	 401.512687	 -1	 0.000000	 2.250227
302	 9	 9	 0	 389.944660	 -1	 0.000000	 2.184814
303	 9	 9	 0	 444.834195	 -1	 0.000000	 2.215517
304	 9	 9	 0	 406.311580	 -1	 0.000000	 1.498206
305	 9	 9	 0	 419.785669	 -1	 0.000000	 3.603591
306	 9	 9	 0	 423.030631	 -1	 0.000000	 3.538375
307	 9	 9	 0	 422.781221	 -1	 0.000000	 3.896285
308	 9	 9	 0	 387.602610	 -1	 0.000000	 1.680060
309	 9	 9	 0	 427.279989	 -1	 0.000000	 3.837828
310	 9	 9	 0	 405.553475	 -1	 0.000000	 4.772202
311	 9	 9	 0	 390.657942	 -1	 0.000000	 4.407118
312	 9	 9	 0	 420.045662	 -1	 0.000000	 2.306283
313	 9	 9	 0	 424.131060	 -1	 0.000000	 3.988194
314	 9	 9	 0	 401.494927	 -1	 0.000000	 3.458741
315	 9	 9	 0	 435.930044	 -1	 0.000000	 3.227028
316	 9	 9	 0	 430.571567	 -1	 0.000000	 3.448034
317	 9	 9	 0	 380.577387	 -1	 0.000000	 5.242220
318	 9	 9	 0	 415.898064	 -1	 0.000000	 3.728410
319	 9	 9	 0	 378.123707	 -1	 0.000000	 4.708753
345	 9	 9	 0	 406.301711	 -1	 0.000000	 4.382656
346	 9	 9	 0	 373.405224	 -1	 0.000000	 2.166034
347	 9	 9	 0	 423.676028	 -1	 0.000000	 1.642278
348	 9	 9	 0	 404.709800	 -1	 0.000000	 4.186087
349	 9	 9	 0	 405.041335	 -1	 0.000000	 3.216075
350	 9	 9	 0	 373.949098	 -1	 0.000000	 3.845474
351	 9	 9	 0	 410.226777	 -1	 0.000000	 3.861367
352	 9	 9	 0	 445.921265	 -1	 0.000000	 1.854244
353	 9	 9	 0	 398.706846	 -1	 0.000000	 4.091740
354	 9	 9	 0	 398.919782	 -1	 0.000000	 4.595568
355	 9	 9	 0	 419.921765	 -1	 0.000000	 3.493224
356	 9	 9	 0	 425.421413	 -1	 0.000000	 3.088591
357	 9	 9	 0	 379.620192	 -1	 0.000000	 4.530828
358	 9	 9	 1	 356.012859	 -1	 0.000000	 2.057036
359	 9	 9	 0	 424.174641	 -1	 0.000000	 3.193281
360	 9	 9	 0	 428.251900	 -1	 0.000000	 2.506021
361	 9	 9	 1	 367.187087	 -1	 0.000000	 5.214335
362	 9	 9	 0	 432.485852	 -1	 0.000000	 3.352056
363	 9	 9	 0	 441.182079	 -1	 0.000000	 9.351576
364	 9	 9	 0	 409.876878	 -1	 0.000000	 3.739401
365	 9	 9	 0	 407.833364	 -1	 0.000000	 2.990260
366	 9	 9	 0	 400.576797	 -1	 0.000000	 1.968839
367	 9	 9	 0	 411.619971	 -1	 0.000000	 1.634000
368	 9	 9	 0	 394.813467	 -1	 0.000000	 3.681338
369	 9	 9	 0	 423.498463	 -1	 0.000000	 3.822823
370	 9	 9	 0	 410.887739	 -1	 0.000000	 3.402245
371	 9	 9	 0	 358.939285	 -1	 0.000000	 2.093816
372	 9	 9	 0	 425.909138	 -1	 0.000000	 3.474087
373	 9	 9	 0	 425.480446	 -1	 0.000000	 3.477359
374	 9	 9	 0	 428.868638	 -1	 0.000000	 4.483701
375	 9	 9	 0	 396.412372	 -1	 0.000000	 4.161228
341	 9	 9	 0	 417.573573	 -1	 0.000000	 1.924324
342	 9	 9	 0	 383.395661	 -1	 0.000000	 4.271675
343	 9	 9	 0	 389.592421	 -1	 0.000000	 1.854608
344	 9	 9	 0	 469.934935	 -1	 0.000000	 3.762187
380	 9	 9	 0	 423.716083	 -1	 0.000000	 3.284347
381	 9	 9	 0	 416.984604	 -1	 0.000000	 5.179894
382	 9	 9	 0	 424.834129	 -1	 0.000000	 3.474644
383	 9	 9	 0	 433.534285	 -1	 0.000000	 4.373470
384	 9	 9	 0	 402.523146	 -1	 0.000000	 3.819106
385	 9	 9	 0	 373.042466	 -1	 0.000000	 4.938653
386	 9	 9	 0	 390.228278	 -1	 0.000000	 3.863294
387	 9	 9	 0	 402.399051	 -1	 0.000000	 3.524672
388	 9	 9	 0	 424.581082	 -1	 0.000000	 3.865897
389	 9	 9	 0	 432.835766	 -1	 0.000000	 3.137012
390	 9	 9	 0	 450.719732	 -1	 0.000000	 4.548467
391	 9	 9	 0	 388.904972	 -1	 0.000000	 1.982538
392	 9	 9	 0	 412.753947	 -1	 0.000000	 2.424978
393	 9	 9	 0	 409.535913	 -1	 0.000000	 4.251298
394	 9	 9	 0	 365.165278	 -1	 0.000000	 4.443125
395	 9	 9	 0	 432.588199	 -1	 0.000000	 2.437876
396	 9	 9	 0	 403.278557	 -1	 0.000000	 3.107586
397	 9	 9	 0	 409.976996	 -1	 0.000000	 3.965758
398	 9	 9	 0	 424.261532	 -1	 0.000000	 3.663422
399	 9	 9	 0	 383.567804	 -1	 0.000000	 3.326966
409	 9	 9	 0	 391.974756	 -1	 0.000000	 3.501505
410	 9	 9	 0	 404.575391	 -1	 0.000000	 3.557905
411	 9	 9	 0	 396.665720	 -1	 0.000000	 3.726073
412	 9	 9	 0	 417.967768	 -1	 0.000000	 3.715459
419	 9	 9	 0	 396.513532	 -1	 0.000000	 4.291986
937	 5	 5	 0	 427.316673	 -1	 0.000000	 9.007867
420	 9	 9	 0	 435.446763	 -1	 0.000000	 4.150670
421	 9	 9	 0	 438.505250	 -1	 0.000000	 4.109103
422	 9	 9	 0	 426.230391	 -1	 0.000000	 4.304598
423	 9	 9	 0	 433.410333	 -1	 0.000000	 4.632978
424	 9	 9	 0	 430.267247	 -1	 0.000000	 3.166643
425	 9	 9	 0	 382.064348	 -1	 0.000000	 3.934750
426	 9	 9	 0	 418.618800	 -1	 0.000000	 3.148092
427	 9	 9	 0	 414.416781	 -1	 0.000000	 3.403780
428	 9	 9	 0	 413.546668	 -1	 0.000000	 6.438278
429	 9	 9	 0	 397.622851	 -1	 0.000000	 3.383830
430	 9	 9	 0	 415.151634	 -1	 0.000000	 3.849500
431	 9	 9	 0	 391.546536	 -1	 0.000000	 5.716128
432	 9	 9	 0	 403.566237	 -1	 0.000000	 1.524886
433	 9	 9	 0	 395.691834	 -1	 0.000000	 4.038507
434	 9	 9	 0	 446.727844	 -1	 0.000000	 5.054675
435	 9	 9	 0	 442.832528	 -1	 0.000000	 4.113950
1987	 10	 10	 0	 480.829782	 -1	 0.000000	 2.533805
436	 9	 9	 0	 382.041627	 -1	 0.000000	 4.251005
437	 9	 9	 0	 430.783720	 -1	 0.000000	 3.041795
438	 9	 9	 0	 425.440831	 -1	 0.000000	 4.526734
439	 9	 9	 0	 387.063940	 -1	 0.000000	 3.802078
417	 9	 9	 0	 404.895131	 -1	 0.000000	 3.173185
443	 9	 9	 0	 403.154789	 -1	 0.000000	 1.672894
444	 9	 9	 0	 412.394162	 -1	 0.000000	 3.820032
445	 9	 9	 0	 407.376366	 -1	 0.000000	 3.635598
446	 9	 9	 0	 408.591124	 -1	 0.000000	 2.303164
447	 9	 9	 0	 366.663219	 -1	 0.000000	 4.647109
448	 9	 9	 0	 416.708038	 -1	 0.000000	 2.016335
449	 9	 9	 0	 404.210848	 -1	 0.000000	 2.067861
450	 9	 9	 0	 419.426878	 -1	 0.000000	 3.907431
451	 9	 9	 0	 426.471126	 -1	 0.000000	 3.792599
452	 9	 9	 0	 361.585399	 -1	 0.000000	 2.147338
453	 9	 9	 0	 410.732750	 -1	 0.000000	 3.603364
454	 9	 9	 0	 421.109771	 -1	 0.000000	 3.482983
455	 9	 9	 0	 375.065004	 -1	 0.000000	 4.461507
456	 9	 9	 0	 414.010058	 -1	 0.000000	 4.077735
457	 9	 9	 0	 373.314578	 -1	 0.000000	 5.206704
458	 9	 9	 0	 410.795912	 -1	 0.000000	 3.497982
459	 9	 9	 0	 405.155662	 -1	 0.000000	 3.661214
460	 9	 9	 0	 346.738393	 -1	 0.000000	 1.925595
461	 9	 9	 0	 368.887355	 -1	 0.000000	 4.877476
462	 9	 9	 0	 374.126240	 -1	 0.000000	 4.996513
463	 9	 9	 0	 412.132439	 -1	 0.000000	 3.425812
464	 9	 9	 0	 414.921370	 -1	 0.000000	 2.911376
465	 9	 9	 0	 382.996811	 -1	 0.000000	 4.535353
466	 9	 9	 1	 365.862608	 -1	 0.000000	 5.465037
467	 9	 9	 0	 438.707437	 -1	 0.000000	 3.336820
468	 9	 9	 0	 435.537507	 -1	 0.000000	 2.402519
469	 9	 9	 0	 429.411399	 -1	 0.000000	 2.321001
470	 9	 9	 0	 437.365907	 -1	 0.000000	 4.064742
471	 9	 9	 0	 416.554918	 -1	 0.000000	 2.063128
472	 9	 9	 0	 429.490119	 -1	 0.000000	 3.352715
473	 9	 9	 0	 437.051590	 -1	 0.000000	 5.218350
480	 9	 9	 0	 403.355931	 -1	 0.000000	 3.202798
481	 9	 9	 0	 432.113021	 -1	 0.000000	 2.142086
482	 9	 9	 0	 406.051890	 -1	 0.000000	 2.641824
483	 9	 9	 0	 400.820526	 -1	 0.000000	 3.415346
484	 9	 9	 0	 402.002472	 -1	 0.000000	 4.055630
485	 9	 9	 0	 435.766990	 -1	 0.000000	 2.799673
486	 9	 9	 0	 401.166913	 -1	 0.000000	 3.196772
487	 9	 9	 0	 403.985113	 -1	 0.000000	 4.028599
488	 9	 9	 0	 430.208642	 -1	 0.000000	 3.698625
489	 9	 9	 0	 412.712276	 -1	 0.000000	 3.345889
490	 9	 9	 0	 420.052764	 -1	 0.000000	 3.784414
491	 9	 9	 0	 385.151943	 -1	 0.000000	 3.247473
492	 9	 9	 1	 368.854881	 -1	 0.000000	 2.081107
493	 9	 9	 0	 434.579770	 -1	 0.000000	 5.217987
494	 9	 9	 0	 431.429853	 -1	 0.000000	 3.759679
495	 9	 9	 0	 406.338857	 -1	 0.000000	 3.175965
496	 9	 9	 0	 418.424859	 -1	 0.000000	 5.750319
497	 9	 9	 0	 371.926592	 -1	 0.000000	 4.538304
498	 9	 9	 0	 431.187494	 -1	 0.000000	 3.729939
499	 9	 9	 0	 396.562419	 -1	 0.000000	 3.419030
0	 9	 9	 0	 434.251531	 -1	 0.000000	 3.675077
1	 9	 9	 0	 393.018138	 -1	 0.000000	 4.008092
2	 9	 9	 0	 396.505765	 -1	 0.000000	 3.871171
3	 9	 9	 0	 459.716018	 -1	 0.000000	 5.635650
4	 9	 9	 0	 391.123422	 -1	 0.000000	 3.697458
5	 9	 9	 0	 413.405579	 -1	 0.000000	 4.234919
6	 9	 9	 0	 457.043641	 -1	 0.000000	 2.583854
7	 9	 9	 0	 382.401366	 -1	 0.000000	 5.495524
8	 9	 9	 0	 406.467876	 -1	 0.000000	 3.530438
9	 9	 9	 0	 440.587945	 -1	 0.000000	 3.175809
10	 9	 9	 0	 438.918486	 -1	 0.000000	 6.158110
11	 9	 9	 0	 418.369702	 -1	 0.000000	 3.875842
12	 9	 9	 0	 413.006423	 -1	 0.000000	 3.272802
13	 9	 9	 0	 398.774303	 -1	 0.000000	 3.934015
14	 9	 9	 0	 413.187856	 -1	 0.000000	 3.693345
15	 9	 9	 0	 416.134032	 -1	 0.000000	 4.057022
16	 9	 9	 0	 415.320648	 -1	 0.000000	 3.029560
2401	 7	 7	 0	 422.965301	 -1	 0.000000	 4.151178
17	 9	 9	 0	 354.690741	 -1	 0.000000	 4.866420
18	 9	 9	 0	 406.279815	 -1	 0.000000	 4.126050
19	 9	 9	 0	 439.778888	 -1	 0.000000	 6.810419
20	 9	 9	 0	 391.417833	 -1	 0.000000	 1.989547
21	 9	 9	 0	 452.531850	 -1	 0.000000	 2.414583
22	 9	 9	 0	 413.202384	 -1	 0.000000	 3.177377
23	 9	 9	 0	 405.022476	 -1	 0.000000	 3.119209
24	 9	 9	 0	 411.048744	 -1	 0.000000	 3.988334
25	 9	 9	 0	 417.855947	 -1	 0.000000	 3.839513
26	 9	 9	 0	 374.770035	 -1	 0.000000	 2.249991
27	 9	 9	 0	 409.675126	 -1	 0.000000	 3.212334
28	 9	 9	 0	 419.435845	 -1	 0.000000	 3.231332
29	 9	 9	 0	 417.895341	 -1	 0.000000	 3.225225
30	 9	 9	 0	 453.705079	 -1	 0.000000	 2.077461
31	 9	 9	 0	 401.156171	 -1	 0.000000	 3.488196
32	 9	 9	 0	 442.784609	 -1	 0.000000	 7.054188
33	 9	 9	 0	 410.043287	 -1	 0.000000	 6.490324
34	 9	 9	 0	 425.958077	 -1	 0.000000	 4.738044
35	 9	 9	 0	 404.029941	 -1	 0.000000	 1.829709
36	 9	 9	 0	 428.540745	 -1	 0.000000	 3.093716
37	 9	 9	 0	 414.159910	 -1	 0.000000	 1.906239
38	 9	 9	 0	 403.944798	 -1	 0.000000	 3.312561
39	 9	 9	 0	 390.646968	 -1	 0.000000	 2.142527
40	 9	 9	 0	 415.758752	 -1	 0.000000	 3.172581
41	 9	 9	 0	 439.309420	 -1	 0.000000	 6.873484
42	 9	 9	 0	 437.904710	 -1	 0.000000	 4.172155
43	 9	 9	 1	 355.086553	 -1	 0.000000	 4.689307
44	 9	 9	 0	 403.843318	 -1	 0.000000	 4.950030
57	 9	 9	 0	 382.891625	 -1	 0.000000	 4.176018
58	 9	 9	 0	 444.706798	 -1	 0.000000	 2.228379
59	 9	 9	 0	 398.154618	 -1	 0.000000	 3.615162
60	 9	 9	 0	 401.945737	 -1	 0.000000	 3.620232
61	 9	 9	 0	 427.624379	 -1	 0.000000	 2.177708
62	 9	 9	 0	 409.598226	 -1	 0.000000	 3.889163
63	 9	 9	 0	 441.459521	 -1	 0.000000	 4.514042
700	 7	 7	 0	 430.708764	 -1	 0.000000	 8.180776
64	 9	 9	 0	 418.913092	 -1	 0.000000	 3.358778
65	 9	 9	 0	 403.214646	 -1	 0.000000	 3.395573
66	 9	 9	 0	 424.590777	 -1	 0.000000	 6.527983
67	 9	 9	 0	 418.128683	 -1	 0.000000	 3.211153
68	 9	 9	 0	 407.809537	 -1	 0.000000	 3.831882
69	 9	 9	 0	 403.879293	 -1	 0.000000	 3.407696
70	 9	 9	 0	 454.284884	 -1	 0.000000	 5.089138
71	 9	 9	 0	 415.076583	 -1	 0.000000	 3.062064
72	 9	 9	 0	 425.262216	 -1	 0.000000	 3.632144
73	 9	 9	 0	 383.960905	 -1	 0.000000	 4.390637
74	 9	 9	 0	 349.443165	 -1	 0.000000	 2.284101
75	 9	 9	 0	 414.693572	 -1	 0.000000	 3.754027
76	 9	 9	 0	 413.997776	 -1	 0.000000	 3.258605
77	 9	 9	 0	 401.044118	 -1	 0.000000	 3.313282
78	 9	 9	 0	 412.166852	 -1	 0.000000	 2.960512
79	 9	 9	 0	 409.044152	 -1	 0.000000	 3.676331
86	 9	 9	 0	 428.609470	 -1	 0.000000	 3.587068
87	 9	 9	 0	 405.044107	 -1	 0.000000	 1.927336
88	 9	 9	 0	 411.494399	 -1	 0.000000	 4.177223
89	 9	 9	 0	 387.033428	 -1	 0.000000	 1.626352
90	 9	 9	 0	 438.910690	 -1	 0.000000	 6.286312
91	 9	 9	 0	 435.962012	 -1	 0.000000	 2.497670
92	 9	 9	 0	 419.943103	 -1	 0.000000	 4.045151
93	 9	 9	 0	 466.046094	 -1	 0.000000	 6.238660
94	 9	 9	 0	 362.143982	 -1	 0.000000	 2.054074
95	 9	 9	 1	 346.971646	 -1	 0.000000	 6.076514
96	 9	 9	 0	 450.961340	 -1	 0.000000	 6.541579
97	 9	 9	 0	 415.629834	 -1	 0.000000	 3.418524
98	 9	 9	 0	 409.804317	 -1	 0.000000	 3.472266
99	 9	 9	 0	 441.063317	 -1	 0.000000	 2.417795
100	 9	 9	 0	 412.853163	 -1	 0.000000	 2.344467
101	 9	 9	 0	 446.977920	 -1	 0.000000	 2.404503
102	 9	 9	 0	 432.637134	 -1	 0.000000	 2.320232
103	 9	 9	 0	 373.544659	 -1	 0.000000	 1.588763
104	 9	 9	 0	 411.372094	 -1	 0.000000	 3.926708
105	 9	 9	 0	 441.920709	 -1	 0.000000	 6.832983
106	 9	 9	 0	 414.686656	 -1	 0.000000	 3.638591
107	 9	 9	 0	 365.865265	 -1	 0.000000	 1.766653
108	 9	 9	 0	 413.838804	 -1	 0.000000	 2.042030
109	 9	 9	 0	 371.962117	 -1	 0.000000	 4.921996
110	 9	 9	 0	 428.679691	 -1	 0.000000	 7.538376
111	 9	 9	 0	 391.256699	 -1	 0.000000	 4.105955
112	 9	 9	 0	 396.473222	 -1	 0.000000	 3.452480
113	 9	 9	 0	 425.668840	 -1	 0.000000	 3.186822
114	 9	 9	 0	 389.790585	 -1	 0.000000	 1.829599
115	 9	 9	 0	 405.040032	 -1	 0.000000	 4.048992
116	 9	 9	 0	 410.532094	 -1	 0.000000	 4.124611
83	 9	 9	 0	 494.799861	 -1	 0.000000	 3.693219
120	 9	 9	 0	 422.412850	 -1	 0.000000	 3.747039
121	 9	 9	 0	 405.345154	 -1	 0.000000	 4.134867
122	 9	 9	 0	 412.626114	 -1	 0.000000	 4.454975
123	 9	 9	 0	 371.985104	 -1	 0.000000	 4.124739
124	 9	 9	 0	 444.254696	 -1	 0.000000	 1.808685
126	 9	 9	 0	 393.933500	 -1	 0.000000	 4.037062
127	 9	 9	 0	 444.955480	 -1	 0.000000	 9.102996
128	 9	 9	 0	 449.555160	 -1	 0.000000	 2.505705
129	 9	 9	 0	 445.965505	 -1	 0.000000	 5.265845
130	 9	 9	 0	 428.958861	 -1	 0.000000	 3.663344
131	 9	 9	 0	 416.670119	 -1	 0.000000	 3.272365
132	 9	 9	 0	 415.750585	 -1	 0.000000	 3.201131
133	 9	 9	 0	 429.033517	 -1	 0.000000	 5.102917
134	 9	 9	 0	 423.220003	 -1	 0.000000	 3.717966
135	 9	 9	 0	 398.355811	 -1	 0.000000	 4.069720
136	 9	 9	 0	 427.534316	 -1	 0.000000	 3.729455
137	 9	 9	 0	 435.026084	 -1	 0.000000	 2.035692
138	 9	 9	 0	 394.072817	 -1	 0.000000	 4.818344
139	 9	 9	 0	 454.592607	 -1	 0.000000	 2.116521
149	 9	 9	 0	 470.191900	 -1	 0.000000	 2.207397
150	 9	 9	 0	 421.750523	 -1	 0.000000	 4.254058
151	 9	 9	 0	 419.989247	 -1	 0.000000	 3.601337
152	 9	 9	 0	 445.886363	 -1	 0.000000	 2.652386
153	 9	 9	 0	 411.017309	 -1	 0.000000	 4.858190
>>> gr_fir_ccf: using E
>>> gr_fir_fff: using E
gr_buffer::allocate_buffer: warning: tried to allocate
   36 items of size 1776. Due to alignment requirements
   256 were allocated.  If this isn't OK, consider padding
   your structure to a power-of-two bytes.
   On this platform, our allocation granularity is 4096 bytes.
180	 9	 9	 0	 431.369147	 -1	 0.000000	 5.645194
181	 9	 9	 0	 434.711702	 -1	 0.000000	 3.251905
182	 9	 9	 0	 428.413538	 -1	 0.000000	 3.421742
183	 9	 9	 0	 417.473252	 -1	 0.000000	 3.835953
184	 9	 9	 0	 405.634003	 -1	 0.000000	 5.249281
185	 9	 9	 0	 419.881859	 -1	 0.000000	 1.996552
186	 9	 9	 0	 426.306402	 -1	 0.000000	 3.308884
187	 9	 9	 0	 431.542699	 -1	 0.000000	 3.104552
188	 9	 9	 0	 449.477496	 -1	 0.000000	 6.091616
189	 9	 9	 0	 376.301558	 -1	 0.000000	 4.422905
190	 9	 9	 0	 401.109636	 -1	 0.000000	 3.177651
191	 9	 9	 0	 386.557529	 -1	 0.000000	 1.819536
192	 9	 9	 0	 431.172594	 -1	 0.000000	 3.223527
193	 9	 9	 0	 429.743964	 -1	 0.000000	 3.097577
194	 9	 9	 0	 451.656983	 -1	 0.000000	 2.207818
195	 9	 9	 0	 449.417283	 -1	 0.000000	 1.786643
196	 9	 9	 0	 405.528209	 -1	 0.000000	 3.037480
4038	 7	 7	 0	 430.148926	 -1	 0.000000	 4.887765
197	 9	 9	 0	 395.608779	 -1	 0.000000	 4.114763
198	 9	 9	 0	 425.716057	 -1	 0.000000	 3.125153
199	 9	 9	 0	 414.185175	 -1	 0.000000	 3.436723
200	 9	 9	 1	 354.592278	 -1	 0.000000	 2.022837
201	 9	 9	 0	 376.865222	 -1	 0.000000	 2.013314
202	 9	 9	 0	 402.672214	 -1	 0.000000	 3.499769
203	 9	 9	 0	 400.723851	 -1	 0.000000	 3.734724
204	 9	 9	 0	 396.130332	 -1	 0.000000	 4.337814
205	 9	 9	 0	 401.781426	 -1	 0.000000	 5.150896
206	 9	 9	 0	 396.525354	 -1	 0.000000	 3.700974
207	 9	 9	 0	 442.460186	 -1	 0.000000	 1.914539
208	 9	 9	 0	 451.400018	 -1	 0.000000	 2.365431
209	 9	 9	 0	 411.463729	 -1	 0.000000	 4.255584
210	 9	 9	 0	 403.166772	 -1	 0.000000	 2.077362
211	 9	 9	 0	 395.468420	 -1	 0.000000	 4.032497
213	 9	 9	 0	 442.056604	 -1	 0.000000	 7.530139
214	 9	 9	 0	 409.598276	 -1	 0.000000	 3.607426
215	 9	 9	 0	 432.277108	 -1	 0.000000	 4.962416
216	 9	 9	 0	 428.501293	 -1	 0.000000	 3.396254
217	 9	 9	 0	 419.883388	 -1	 0.000000	 3.415477
218	 9	 9	 0	 417.227820	 -1	 0.000000	 3.291210
219	 9	 9	 0	 441.774728	 -1	 0.000000	 8.621476
220	 9	 9	 0	 416.264736	 -1	 0.000000	 3.022037
221	 9	 9	 0	 419.788707	 -1	 0.000000	 1.926710
222	 9	 9	 0	 422.632134	 -1	 0.000000	 2.104867
223	 9	 9	 0	 410.809604	 -1	 0.000000	 3.855885
224	 9	 9	 0	 450.423062	 -1	 0.000000	 6.076761
225	 9	 9	 0	 384.402400	 -1	 0.000000	 3.965063
226	 9	 9	 0	 404.692994	 -1	 0.000000	 3.643969
227	 9	 9	 0	 422.634467	 -1	 0.000000	 3.653240
228	 9	 9	 0	 456.069782	 -1	 0.000000	 2.512642
229	 9	 9	 0	 422.683206	 -1	 0.000000	 14.477357
230	 9	 9	 0	 420.119122	 -1	 0.000000	 3.280876
231	 9	 9	 0	 399.618245	 -1	 0.000000	 5.013477
232	 9	 9	 0	 450.753846	 -1	 0.000000	 12.482651
233	 9	 9	 0	 379.956735	 -1	 0.000000	 1.989543
3511	 7	 7	 0	 436.312472	 -1	 0.000000	 2.440223
234	 9	 9	 0	 433.478605	 -1	 0.000000	 5.181661
235	 9	 9	 0	 405.743412	 -1	 0.000000	 4.203465
236	 9	 9	 0	 395.358364	 -1	 0.000000	 4.316662
237	 9	 9	 0	 400.918070	 -1	 0.000000	 3.840349
238	 9	 9	 0	 401.056556	 -1	 0.000000	 3.228884
239	 9	 9	 0	 408.936550	 -1	 0.000000	 3.378404
240	 9	 9	 0	 340.441068	 -1	 0.000000	 2.156374
241	 9	 9	 0	 408.657718	 -1	 0.000000	 4.449742
242	 9	 9	 0	 414.862127	 -1	 0.000000	 3.965952
243	 9	 9	 0	 395.900032	 -1	 0.000000	 3.889033
244	 9	 9	 0	 423.170587	 -1	 0.000000	 3.319090
245	 9	 9	 0	 443.965737	 -1	 0.000000	 2.316444
246	 9	 9	 1	 326.939648	 -1	 0.000000	 2.084374
247	 9	 9	 1	 345.793504	 -1	 0.000000	 1.980273
248	 9	 9	 0	 459.937291	 -1	 0.000000	 6.653925
249	 9	 9	 0	 394.953054	 -1	 0.000000	 4.103368
250	 9	 9	 0	 419.262965	 -1	 0.000000	 3.528261
251	 9	 9	 0	 394.888459	 -1	 0.000000	 1.986523
252	 9	 9	 0	 437.035203	 -1	 0.000000	 3.814327
253	 9	 9	 0	 372.793268	 -1	 0.000000	 4.264453
254	 9	 9	 0	 399.027729	 -1	 0.000000	 3.225313
255	 9	 9	 0	 409.556109	 -1	 0.000000	 3.168663
256	 9	 9	 0	 440.780964	 -1	 0.000000	 4.114013
257	 9	 9	 0	 429.500229	 -1	 0.000000	 2.216208
258	 9	 9	 0	 416.227620	 -1	 0.000000	 3.376641
259	 9	 9	 0	 410.803407	 -1	 0.000000	 2.048276
260	 9	 9	 0	 406.660836	 -1	 0.000000	 3.825882
261	 9	 9	 0	 448.732942	 -1	 0.000000	 2.562996
262	 9	 9	 0	 414.248611	 -1	 0.000000	 3.334362
263	 9	 9	 0	 416.825438	 -1	 0.000000	 3.655348
264	 9	 9	 0	 394.040332	 -1	 0.000000	 3.837586
265	 9	 9	 0	 392.188319	 -1	 0.000000	 4.351903
266	 9	 9	 0	 438.560148	 -1	 0.000000	 5.659070
267	 9	 9	 0	 415.197176	 -1	 0.000000	 4.915975
268	 9	 9	 0	 417.334285	 -1	 0.000000	 1.951196
269	 9	 9	 0	 415.588701	 -1	 0.000000	 4.011142
270	 9	 9	 0	 386.808159	 -1	 0.000000	 3.816613
271	 9	 9	 0	 428.985473	 -1	 0.000000	 3.487160
272	 9	 9	 0	 401.789657	 -1	 0.000000	 3.027000
273	 9	 9	 0	 417.042457	 -1	 0.000000	 2.082757
274	 9	 9	 0	 375.902461	 -1	 0.000000	 4.383514
275	 9	 9	 0	 402.600216	 -1	 0.000000	 3.204496
276	 9	 9	 0	 428.252476	 -1	 0.000000	 3.430085
277	 9	 9	 0	 416.721845	 -1	 0.000000	 3.301186
278	 9	 9	 0	 337.194117	 -1	 0.000000	 4.617977
279	 9	 9	 0	 431.286639	 -1	 0.000000	 4.015653
280	 9	 9	 0	 448.370311	 -1	 0.000000	 2.413965
281	 9	 9	 0	 395.939004	 -1	 0.000000	 3.381641
282	 9	 9	 0	 408.474641	 -1	 0.000000	 5.066232
283	 9	 9	 0	 415.741522	 -1	 0.000000	 4.940658
284	 9	 9	 0	 423.216946	 -1	 0.000000	 3.972109
>>> gr_fir_ccf: using E
>>> gr_fir_fff: using E
gr_buffer::allocate_buffer: warning: tried to allocate
   36 items of size 1776. Due to alignment requirements
   256 were allocated.  If this isn't OK, consider padding
   your structure to a power-of-two bytes.
   On this platform, our allocation granularity is 4096 bytes.
0	 11	 11	 0	 432.661473	 -1	 0.000000	 3.991693
1	 11	 11	 0	 450.974363	 -1	 0.000000	 3.561368
2	 11	 11	 0	 446.961354	 -1	 0.000000	 4.240772
3	 11	 11	 0	 455.482310	 -1	 0.000000	 2.441608
4	 11	 11	 0	 441.666225	 -1	 0.000000	 3.575684
5	 11	 11	 0	 439.681386	 -1	 0.000000	 3.635839
6	 11	 11	 0	 422.561404	 -1	 0.000000	 1.712507
8	 11	 11	 0	 428.549703	 -1	 0.000000	 3.950561
9	 11	 11	 0	 442.862266	 -1	 0.000000	 3.391873
10	 11	 11	 0	 449.022806	 -1	 0.000000	 2.204106
11	 11	 11	 0	 460.866015	 -1	 0.000000	 3.101339
12	 11	 11	 0	 458.980098	 -1	 0.000000	 1.991836
13	 11	 11	 0	 456.993257	 -1	 0.000000	 3.274361
14	 11	 11	 0	 444.791856	 -1	 0.000000	 2.871524
15	 11	 11	 0	 449.170560	 -1	 0.000000	 4.206338
16	 11	 11	 0	 451.705100	 -1	 0.000000	 5.943196
17	 11	 11	 0	 458.025288	 -1	 0.000000	 1.867820
18	 11	 11	 0	 459.569751	 -1	 0.000000	 4.723759
19	 11	 11	 0	 432.628855	 -1	 0.000000	 3.938367
20	 11	 11	 0	 434.853869	 -1	 0.000000	 2.404560
21	 11	 11	 0	 460.171407	 -1	 0.000000	 4.745412
22	 11	 11	 0	 461.572001	 -1	 0.000000	 3.250201
23	 11	 11	 0	 436.339447	 -1	 0.000000	 4.420803
24	 11	 11	 0	 463.866710	 -1	 0.000000	 5.409751
25	 11	 11	 0	 456.931859	 -1	 0.000000	 4.687788
26	 11	 11	 0	 453.838454	 -1	 0.000000	 2.930175
27	 11	 11	 0	 417.180001	 -1	 0.000000	 1.951511
28	 11	 11	 0	 459.027239	 -1	 0.000000	 4.279745
29	 11	 11	 0	 440.898820	 -1	 0.000000	 6.224937
30	 11	 11	 0	 445.428292	 -1	 0.000000	 2.675142
31	 11	 11	 0	 456.389529	 -1	 0.000000	 3.926336
32	 11	 11	 0	 435.126983	 -1	 0.000000	 3.719168
33	 11	 11	 0	 436.528985	 -1	 0.000000	 3.234158
34	 11	 11	 0	 435.505461	 -1	 0.000000	 2.372342
35	 11	 11	 0	 453.001177	 -1	 0.000000	 5.394501
36	 11	 11	 0	 449.819933	 -1	 0.000000	 2.091013
37	 11	 11	 0	 460.194773	 -1	 0.000000	 2.349912
38	 11	 11	 0	 432.275519	 -1	 0.000000	 11.476499
39	 11	 11	 0	 455.365686	 -1	 0.000000	 4.565333
40	 11	 11	 0	 461.631895	 -1	 0.000000	 4.032251
41	 11	 11	 0	 441.852544	 -1	 0.000000	 2.270559
42	 11	 11	 0	 458.125473	 -1	 0.000000	 3.297964
43	 11	 11	 0	 453.719186	 -1	 0.000000	 3.466758
44	 11	 11	 0	 450.295551	 -1	 0.000000	 7.783260
45	 11	 11	 0	 425.648403	 -1	 0.000000	 4.625591
1080	 13	 13	 0	 384.965799	 -1	 0.000000	 2.940053
46	 11	 11	 0	 454.021915	 -1	 0.000000	 2.066829
47	 11	 11	 0	 438.498102	 -1	 0.000000	 3.530552
48	 11	 11	 0	 447.295759	 -1	 0.000000	 4.065667
49	 11	 11	 0	 436.497749	 -1	 0.000000	 3.528826
50	 11	 11	 0	 458.044577	 -1	 0.000000	 2.401731
51	 11	 11	 0	 422.054634	 -1	 0.000000	 2.040745
52	 11	 11	 0	 446.094074	 -1	 0.000000	 3.248160
53	 11	 11	 0	 440.698392	 -1	 0.000000	 3.615531
54	 11	 11	 0	 447.041703	 -1	 0.000000	 3.886312
55	 11	 11	 0	 454.960325	 -1	 0.000000	 2.137856
56	 11	 11	 0	 455.493035	 -1	 0.000000	 3.435350
57	 11	 11	 0	 457.237470	 -1	 0.000000	 14.547248
58	 11	 11	 0	 438.529887	 -1	 0.000000	 2.223836
59	 11	 11	 0	 441.214955	 -1	 0.000000	 3.734809
60	 11	 11	 0	 439.910684	 -1	 0.000000	 3.755459
61	 11	 11	 0	 454.541635	 -1	 0.000000	 4.150456
62	 11	 11	 0	 437.595001	 -1	 0.000000	 3.424742
63	 11	 11	 0	 457.410783	 -1	 0.000000	 3.139321
64	 11	 11	 0	 442.494323	 -1	 0.000000	 9.604642
65	 11	 11	 0	 443.768766	 -1	 0.000000	 3.931493
66	 11	 11	 0	 459.831486	 -1	 0.000000	 5.412398
67	 11	 11	 0	 445.169436	 -1	 0.000000	 3.804440
68	 11	 11	 0	 450.360984	 -1	 0.000000	 3.682876
69	 11	 11	 0	 451.645890	 -1	 0.000000	 2.201776
70	 11	 11	 0	 429.205742	 -1	 0.000000	 4.916985
71	 11	 11	 0	 450.643745	 -1	 0.000000	 2.222764
3074	 11	 11	 0	 454.908738	 -1	 0.000000	 0.270193
72	 11	 11	 0	 415.285998	 -1	 0.000000	 3.784477
73	 11	 11	 0	 439.144642	 -1	 0.000000	 1.757347
74	 11	 11	 0	 433.820443	 -1	 0.000000	 4.473670
75	 11	 11	 0	 450.032745	 -1	 0.000000	 6.815874
76	 11	 11	 0	 446.918210	 -1	 0.000000	 2.665640
77	 11	 11	 0	 448.029257	 -1	 0.000000	 1.988402
78	 11	 11	 0	 444.921153	 -1	 0.000000	 3.537331
79	 11	 11	 0	 437.718229	 -1	 0.000000	 4.025939
80	 11	 11	 0	 439.293534	 -1	 0.000000	 2.131732
81	 11	 11	 0	 469.398184	 -1	 0.000000	 2.156535
82	 11	 11	 0	 441.901912	 -1	 0.000000	 4.066782
83	 11	 11	 0	 461.760307	 -1	 0.000000	 11.030805
84	 11	 11	 0	 457.271575	 -1	 0.000000	 2.541684
85	 11	 11	 0	 432.695286	 -1	 0.000000	 2.044764
87	 11	 11	 0	 433.462444	 -1	 0.000000	 3.090677
88	 11	 11	 0	 455.673606	 -1	 0.000000	 1.965519
89	 11	 11	 0	 438.052913	 -1	 0.000000	 2.076828
90	 11	 11	 0	 451.360180	 -1	 0.000000	 1.899710
91	 11	 11	 0	 452.977633	 -1	 0.000000	 6.239867
92	 11	 11	 0	 455.095364	 -1	 0.000000	 2.049484
93	 11	 11	 0	 439.675670	 -1	 0.000000	 1.832427
94	 11	 11	 0	 445.177759	 -1	 0.000000	 3.650313
95	 11	 11	 0	 435.970846	 -1	 0.000000	 11.770199
96	 11	 11	 0	 450.454862	 -1	 0.000000	 3.336823
97	 11	 11	 0	 439.116541	 -1	 0.000000	 1.825675
98	 11	 11	 0	 430.287158	 -1	 0.000000	 3.380951
99	 11	 11	 0	 458.398672	 -1	 0.000000	 3.971939
100	 11	 11	 0	 423.228052	 -1	 0.000000	 4.075703
101	 11	 11	 0	 442.226043	 -1	 0.000000	 3.773737
102	 11	 11	 0	 453.028731	 -1	 0.000000	 2.394873
103	 11	 11	 0	 441.819218	 -1	 0.000000	 4.346088
104	 11	 11	 0	 439.599125	 -1	 0.000000	 4.612763
105	 11	 11	 0	 456.645611	 -1	 0.000000	 4.084748
106	 11	 11	 0	 446.758940	 -1	 0.000000	 4.017133
107	 11	 11	 0	 439.769162	 -1	 0.000000	 4.301827
108	 11	 11	 0	 452.965799	 -1	 0.000000	 2.147810
109	 11	 11	 0	 455.690327	 -1	 0.000000	 2.239400
110	 11	 11	 0	 465.672467	 -1	 0.000000	 1.908230
111	 11	 11	 0	 453.971779	 -1	 0.000000	 2.114192
112	 11	 11	 0	 437.029773	 -1	 0.000000	 2.035893
113	 11	 11	 0	 414.914226	 -1	 0.000000	 3.867230
114	 11	 11	 0	 454.672405	 -1	 0.000000	 3.385918
115	 11	 11	 0	 439.150866	 -1	 0.000000	 2.033974
116	 11	 11	 0	 445.986750	 -1	 0.000000	 3.442431
117	 11	 11	 0	 434.965599	 -1	 0.000000	 2.393510
118	 11	 11	 0	 438.988333	 -1	 0.000000	 3.516961
119	 11	 11	 0	 436.540092	 -1	 0.000000	 4.686618
120	 11	 11	 0	 428.095202	 -1	 0.000000	 3.319963
121	 11	 11	 0	 447.982289	 -1	 0.000000	 3.339410
122	 11	 11	 0	 439.550791	 -1	 0.000000	 3.312843
123	 11	 11	 0	 438.227158	 -1	 0.000000	 4.878657
124	 11	 11	 0	 463.750673	 -1	 0.000000	 2.602326
125	 11	 11	 0	 435.529626	 -1	 0.000000	 4.289977
126	 11	 11	 0	 450.401579	 -1	 0.000000	 2.078054
127	 11	 11	 0	 449.529649	 -1	 0.000000	 3.623776
128	 11	 11	 0	 443.323524	 -1	 0.000000	 3.169416
129	 11	 11	 0	 437.832011	 -1	 0.000000	 4.293898
130	 11	 11	 0	 426.126078	 -1	 0.000000	 5.802666
131	 11	 11	 0	 438.760319	 -1	 0.000000	 3.171879
132	 11	 11	 0	 453.103158	 -1	 0.000000	 3.996880
133	 11	 11	 0	 448.718623	 -1	 0.000000	 3.793849
134	 11	 11	 0	 462.829066	 -1	 0.000000	 7.000527
135	 11	 11	 0	 442.899914	 -1	 0.000000	 2.564124
136	 11	 11	 0	 439.965445	 -1	 0.000000	 2.283979
137	 11	 11	 0	 452.291988	 -1	 0.000000	 3.356944
138	 11	 11	 0	 435.834725	 -1	 0.000000	 1.854587
>>> gr_fir_ccf: using E
>>> gr_fir_fff: using E
gr_buffer::allocate_buffer: warning: tried to allocate
   36 items of size 1776. Due to alignment requirements
   256 were allocated.  If this isn't OK, consider padding
   your structure to a power-of-two bytes.
   On this platform, our allocation granularity is 4096 bytes.
174	 11	 11	 0	 453.471852	 -1	 0.000000	 2.587966
175	 11	 11	 0	 451.690666	 -1	 0.000000	 2.068607
176	 11	 11	 0	 432.934850	 -1	 0.000000	 3.905164
177	 11	 11	 0	 464.492177	 -1	 0.000000	 2.988029
178	 11	 11	 0	 452.565987	 -1	 0.000000	 3.360225
179	 11	 11	 0	 440.814922	 -1	 0.000000	 3.874171
180	 11	 11	 0	 446.596330	 -1	 0.000000	 6.286540
181	 11	 11	 0	 419.368923	 -1	 0.000000	 6.688991
182	 11	 11	 0	 430.510523	 -1	 0.000000	 3.580222
183	 11	 11	 0	 464.629257	 -1	 0.000000	 4.434147
184	 11	 11	 0	 458.926110	 -1	 0.000000	 3.190482
185	 11	 11	 0	 448.625055	 -1	 0.000000	 3.421355
186	 11	 11	 0	 454.445906	 -1	 0.000000	 4.770982
187	 11	 11	 0	 456.922198	 -1	 0.000000	 3.825814
188	 11	 11	 0	 409.112062	 -1	 0.000000	 3.469600
189	 11	 11	 0	 430.538310	 -1	 0.000000	 2.167048
190	 11	 11	 0	 422.865618	 -1	 0.000000	 3.899871
191	 11	 11	 0	 457.118288	 -1	 0.000000	 3.711329
192	 11	 11	 0	 449.849218	 -1	 0.000000	 2.537317
193	 11	 11	 0	 451.225021	 -1	 0.000000	 2.160120
194	 11	 11	 0	 451.928975	 -1	 0.000000	 3.664253
195	 11	 11	 0	 444.183910	 -1	 0.000000	 3.315668
196	 11	 11	 0	 450.544819	 -1	 0.000000	 1.430983
197	 11	 11	 0	 444.337584	 -1	 0.000000	 2.012145
198	 11	 11	 0	 442.612775	 -1	 0.000000	 2.235791
199	 11	 11	 0	 443.212899	 -1	 0.000000	 3.205745
200	 11	 11	 0	 457.212980	 -1	 0.000000	 2.429739
201	 11	 11	 0	 428.636710	 -1	 0.000000	 2.364061
202	 11	 11	 0	 460.894611	 -1	 0.000000	 3.943765
203	 11	 11	 0	 444.907102	 -1	 0.000000	 9.541952
204	 11	 11	 0	 420.858724	 -1	 0.000000	 3.959226
205	 11	 11	 0	 439.164112	 -1	 0.000000	 5.486114
206	 11	 11	 0	 445.052407	 -1	 0.000000	 2.003395
207	 11	 11	 0	 442.164910	 -1	 0.000000	 9.250421
208	 11	 11	 0	 455.904777	 -1	 0.000000	 2.519320
209	 11	 11	 0	 454.728116	 -1	 0.000000	 3.248515
210	 11	 11	 0	 433.168067	 -1	 0.000000	 3.876439
211	 11	 11	 0	 423.009751	 -1	 0.000000	 5.082717
212	 11	 11	 0	 439.232537	 -1	 0.000000	 3.887174
213	 11	 11	 0	 453.635415	 -1	 0.000000	 4.678531
214	 11	 11	 0	 451.143784	 -1	 0.000000	 3.522081
215	 11	 11	 0	 448.382363	 -1	 0.000000	 4.291717
216	 11	 11	 0	 442.062266	 -1	 0.000000	 2.621086
217	 11	 11	 0	 448.055193	 -1	 0.000000	 3.522822
218	 11	 11	 0	 459.881702	 -1	 0.000000	 3.382639
219	 11	 11	 0	 439.038098	 -1	 0.000000	 4.369109
220	 11	 11	 0	 455.034402	 -1	 0.000000	 3.619874
221	 11	 11	 0	 442.301929	 -1	 0.000000	 3.303438
222	 11	 11	 0	 424.749102	 -1	 0.000000	 3.621187
223	 11	 11	 0	 464.035766	 -1	 0.000000	 1.888092
224	 11	 11	 0	 453.210531	 -1	 0.000000	 3.039417
375	 3	 3	 0	 488.367600	 -1	 0.000000	 2.748482
225	 11	 11	 0	 474.166410	 -1	 0.000000	 6.786020
226	 11	 11	 0	 456.509435	 -1	 0.000000	 4.591109
227	 11	 11	 0	 453.711111	 -1	 0.000000	 4.708530
228	 11	 11	 0	 451.999296	 -1	 0.000000	 4.103201
229	 11	 11	 0	 442.094851	 -1	 0.000000	 3.473034
230	 11	 11	 0	 455.696848	 -1	 0.000000	 3.929237
231	 11	 11	 0	 434.484145	 -1	 0.000000	 5.242177
232	 11	 11	 0	 449.479761	 -1	 0.000000	 3.769964
233	 11	 11	 0	 449.738566	 -1	 0.000000	 4.716122
234	 11	 11	 0	 453.769359	 -1	 0.000000	 7.113580
235	 11	 11	 0	 464.699428	 -1	 0.000000	 3.941544
236	 11	 11	 0	 438.631035	 -1	 0.000000	 3.303134
237	 11	 11	 0	 451.625322	 -1	 0.000000	 4.046651
238	 11	 11	 0	 434.712826	 -1	 0.000000	 4.102780
239	 11	 11	 0	 451.922719	 -1	 0.000000	 3.318430
240	 11	 11	 0	 445.559315	 -1	 0.000000	 1.541714
241	 11	 11	 0	 446.148719	 -1	 0.000000	 4.588669
242	 11	 11	 0	 447.251399	 -1	 0.000000	 4.620216
243	 11	 11	 0	 441.820085	 -1	 0.000000	 3.274230
244	 11	 11	 0	 453.605751	 -1	 0.000000	 2.395355
245	 11	 11	 0	 446.295252	 -1	 0.000000	 4.360199
246	 11	 11	 0	 466.079720	 -1	 0.000000	 4.547532
247	 11	 11	 0	 446.644299	 -1	 0.000000	 3.042502
248	 11	 11	 0	 452.564890	 -1	 0.000000	 7.083569
249	 11	 11	 0	 443.838682	 -1	 0.000000	 5.895511
250	 11	 11	 0	 471.044720	 -1	 0.000000	 2.996623
251	 11	 11	 0	 437.047834	 -1	 0.000000	 3.455896
252	 11	 11	 0	 453.871810	 -1	 0.000000	 3.309857
253	 11	 11	 0	 460.768024	 -1	 0.000000	 4.793163
254	 11	 11	 0	 439.475891	 -1	 0.000000	 1.936713
255	 11	 11	 0	 448.467354	 -1	 0.000000	 3.298604
256	 11	 11	 0	 455.970609	 -1	 0.000000	 3.119599
257	 11	 11	 0	 447.505166	 -1	 0.000000	 3.204519
258	 11	 11	 0	 458.816864	 -1	 0.000000	 3.349023
259	 11	 11	 0	 456.478923	 -1	 0.000000	 4.259553
260	 11	 11	 0	 438.948572	 -1	 0.000000	 3.686235
261	 11	 11	 0	 456.625209	 -1	 0.000000	 4.074044
262	 11	 11	 0	 453.864384	 -1	 0.000000	 2.199402
263	 11	 11	 0	 440.569414	 -1	 0.000000	 3.861750
264	 11	 11	 0	 442.741832	 -1	 0.000000	 5.020407
265	 11	 11	 0	 465.647109	 -1	 0.000000	 7.261000
266	 11	 11	 0	 449.683902	 -1	 0.000000	 2.450894
267	 11	 11	 0	 441.907850	 -1	 0.000000	 4.952778
268	 11	 11	 0	 439.433662	 -1	 0.000000	 1.632707
269	 11	 11	 0	 453.584840	 -1	 0.000000	 4.546542
270	 11	 11	 0	 433.759109	 -1	 0.000000	 4.112617
271	 11	 11	 0	 446.878649	 -1	 0.000000	 2.214507
272	 11	 11	 0	 443.316812	 -1	 0.000000	 4.218485
273	 11	 11	 0	 459.103508	 -1	 0.000000	 3.976492
274	 11	 11	 0	 435.267449	 -1	 0.000000	 3.224905
275	 11	 11	 0	 451.100050	 -1	 0.000000	 5.669375
276	 11	 11	 0	 438.109342	 -1	 0.000000	 4.604306
277	 11	 11	 0	 465.559439	 -1	 0.000000	 4.468097
278	 11	 11	 0	 461.138415	 -1	 0.000000	 4.111763
279	 11	 11	 0	 445.970870	 -1	 0.000000	 8.116058
280	 11	 11	 0	 428.906653	 -1	 0.000000	 4.282082
281	 11	 11	 0	 428.215329	 -1	 0.000000	 6.237667
282	 11	 11	 0	 416.800590	 -1	 0.000000	 3.721036
283	 11	 11	 0	 441.748501	 -1	 0.000000	 5.233923
284	 11	 11	 0	 446.320354	 -1	 0.000000	 5.008336
285	 11	 11	 0	 454.211860	 -1	 0.000000	 3.716319
1937	 13	 13	 0	 412.280868	 -1	 0.000000	 3.905342
286	 11	 11	 0	 240.529048	 -1	 0.000000	 3.289424
287	 11	 11	 0	 465.477226	 -1	 0.000000	 4.339823
288	 11	 11	 0	 454.387363	 -1	 0.000000	 3.760486
289	 11	 11	 0	 465.483710	 -1	 0.000000	 1.879501
290	 11	 11	 0	 447.734786	 -1	 0.000000	 4.205799
291	 11	 11	 0	 447.883911	 -1	 0.000000	 2.179216
292	 11	 11	 0	 439.916506	 -1	 0.000000	 2.719206
312	 9	 9	 0	 469.817111	 -1	 0.000000	 0.378077
293	 11	 11	 0	 396.082798	 -1	 0.000000	 4.820969
294	 11	 11	 0	 440.765699	 -1	 0.000000	 4.496667
295	 11	 11	 0	 465.918413	 -1	 0.000000	 2.096933
296	 11	 11	 0	 463.455756	 -1	 0.000000	 1.965714
297	 11	 11	 0	 454.209666	 -1	 0.000000	 2.099832
298	 11	 11	 0	 448.877841	 -1	 0.000000	 2.592469
299	 11	 11	 0	 446.784055	 -1	 0.000000	 4.076896
300	 11	 11	 0	 452.484004	 -1	 0.000000	 1.931244
301	 11	 11	 0	 446.120163	 -1	 0.000000	 3.056937
302	 11	 11	 0	 455.246945	 -1	 0.000000	 3.411083
303	 11	 11	 0	 451.341588	 -1	 0.000000	 8.532864
304	 11	 11	 0	 440.283504	 -1	 0.000000	 3.779798
305	 11	 11	 0	 449.013176	 -1	 0.000000	 3.392139
306	 11	 11	 0	 455.238350	 -1	 0.000000	 4.430670
307	 11	 11	 0	 447.873581	 -1	 0.000000	 2.204190
308	 11	 11	 0	 445.316034	 -1	 0.000000	 4.694162
309	 11	 11	 0	 446.127829	 -1	 0.000000	 5.904083
310	 11	 11	 0	 451.182520	 -1	 0.000000	 2.385842
311	 11	 11	 0	 448.557197	 -1	 0.000000	 2.199613
312	 11	 11	 0	 453.532617	 -1	 0.000000	 4.309819
313	 11	 11	 0	 415.730975	 -1	 0.000000	 4.252895
314	 11	 11	 0	 448.925138	 -1	 0.000000	 3.192050
315	 11	 11	 0	 450.435726	 -1	 0.000000	 1.817060
316	 11	 11	 0	 446.785827	 -1	 0.000000	 4.223223
317	 11	 11	 0	 448.272059	 -1	 0.000000	 2.733131
318	 11	 11	 0	 444.191461	 -1	 0.000000	 3.299561
319	 11	 11	 0	 452.993524	 -1	 0.000000	 2.249781
320	 11	 11	 0	 445.377996	 -1	 0.000000	 2.668732
321	 11	 11	 0	 461.115156	 -1	 0.000000	 8.519709
322	 11	 11	 0	 442.160760	 -1	 0.000000	 3.947313
323	 11	 11	 0	 418.278755	 -1	 0.000000	 1.956077
324	 11	 11	 0	 462.732212	 -1	 0.000000	 3.518784
325	 11	 11	 0	 443.698540	 -1	 0.000000	 4.470741
326	 11	 11	 0	 443.589759	 -1	 0.000000	 2.105286
327	 11	 11	 0	 442.765944	 -1	 0.000000	 1.937117
328	 11	 11	 0	 446.118337	 -1	 0.000000	 3.732809
329	 11	 11	 0	 440.071827	 -1	 0.000000	 2.303444
330	 11	 11	 0	 439.494786	 -1	 0.000000	 4.170334
331	 11	 11	 0	 440.507230	 -1	 0.000000	 4.006338
332	 11	 11	 0	 454.552231	 -1	 0.000000	 2.279764
333	 11	 11	 0	 448.229970	 -1	 0.000000	 7.739104
334	 11	 11	 0	 452.431592	 -1	 0.000000	 2.044064
335	 11	 11	 0	 449.474213	 -1	 0.000000	 2.082813
336	 11	 11	 0	 459.118759	 -1	 0.000000	 3.305102
2328	 5	 5	 0	 446.700309	 -1	 0.000000	 1.769909
337	 11	 11	 0	 366.268880	 -1	 0.000000	 3.737804
338	 11	 11	 0	 451.334787	 -1	 0.000000	 2.264034
339	 11	 11	 0	 441.105146	 -1	 0.000000	 4.501370
340	 11	 11	 0	 445.572216	 -1	 0.000000	 2.483672
341	 11	 11	 0	 458.247713	 -1	 0.000000	 2.198831
342	 11	 11	 0	 434.121830	 -1	 0.000000	 3.656732
343	 11	 11	 0	 439.547470	 -1	 0.000000	 4.147353
344	 11	 11	 0	 441.230976	 -1	 0.000000	 9.947517
345	 11	 11	 0	 432.333904	 -1	 0.000000	 3.855152
346	 11	 11	 0	 442.359058	 -1	 0.000000	 3.177671
347	 11	 11	 0	 454.247108	 -1	 0.000000	 2.464679
348	 11	 11	 0	 463.884019	 -1	 0.000000	 3.225758
349	 11	 11	 0	 447.337224	 -1	 0.000000	 3.411762
350	 11	 11	 0	 446.347728	 -1	 0.000000	 2.540416
351	 11	 11	 0	 425.295578	 -1	 0.000000	 3.275189
352	 11	 11	 0	 448.632367	 -1	 0.000000	 4.824022
353	 11	 11	 0	 444.274984	 -1	 0.000000	 4.500576
354	 11	 11	 0	 457.057775	 -1	 0.000000	 3.522956
355	 11	 11	 0	 435.568110	 -1	 0.000000	 5.404033
356	 11	 11	 0	 425.838259	 -1	 0.000000	 4.021322
357	 11	 11	 0	 454.334731	 -1	 0.000000	 4.193291
358	 11	 11	 0	 447.469264	 -1	 0.000000	 5.645158
359	 11	 11	 0	 459.849765	 -1	 0.000000	 4.576564
360	 11	 11	 0	 451.023603	 -1	 0.000000	 7.542500
361	 11	 11	 0	 444.366250	 -1	 0.000000	 2.518572
362	 11	 11	 0	 458.215798	 -1	 0.000000	 4.059625
363	 11	 11	 0	 467.231806	 -1	 0.000000	 3.302376
364	 11	 11	 0	 453.335163	 -1	 0.000000	 3.188432
365	 11	 11	 0	 445.053109	 -1	 0.000000	 2.239636
366	 11	 11	 0	 454.021283	 -1	 0.000000	 3.171031
367	 11	 11	 0	 457.943920	 -1	 0.000000	 3.430122
368	 11	 11	 0	 433.467743	 -1	 0.000000	 5.742953
369	 11	 11	 0	 444.386334	 -1	 0.000000	 3.657546
370	 11	 11	 0	 437.170585	 -1	 0.000000	 1.795110
371	 11	 11	 0	 455.372530	 -1	 0.000000	 2.145517
372	 11	 11	 0	 437.230381	 -1	 0.000000	 4.251640
373	 11	 11	 0	 432.758513	 -1	 0.000000	 4.252776
374	 11	 11	 0	 449.530669	 -1	 0.000000	 8.347368
375	 11	 11	 0	 452.678874	 -1	 0.000000	 4.159874
376	 11	 11	 0	 447.033761	 -1	 0.000000	 2.450699
377	 11	 11	 0	 438.308407	 -1	 0.000000	 5.024600
378	 11	 11	 0	 445.199383	 -1	 0.000000	 1.786455
379	 11	 11	 0	 465.473625	 -1	 0.000000	 3.641119
381	 11	 11	 0	 431.741765	 -1	 0.000000	 5.715247
382	 11	 11	 0	 453.416657	 -1	 0.000000	 5.700690
383	 11	 11	 0	 455.331352	 -1	 0.000000	 1.545538
384	 11	 11	 0	 443.710947	 -1	 0.000000	 2.442207
385	 11	 11	 0	 440.238892	 -1	 0.000000	 2.295749
386	 11	 11	 0	 455.579464	 -1	 0.000000	 3.970046
387	 11	 11	 0	 451.082751	 -1	 0.000000	 3.160484
388	 11	 11	 0	 459.562328	 -1	 0.000000	 2.547470
389	 11	 11	 0	 448.904244	 -1	 0.000000	 7.059085
390	 11	 11	 0	 430.258316	 -1	 0.000000	 3.324477
391	 11	 11	 0	 439.821830	 -1	 0.000000	 4.649836
392	 11	 11	 0	 456.308272	 -1	 0.000000	 4.302394
393	 11	 11	 0	 450.638233	 -1	 0.000000	 2.097941
394	 11	 11	 0	 450.615347	 -1	 0.000000	 2.261382
396	 11	 11	 0	 446.144699	 -1	 0.000000	 1.941789
397	 11	 11	 0	 455.156502	 -1	 0.000000	 2.456508
398	 11	 11	 0	 465.485538	 -1	 0.000000	 1.847943
399	 11	 11	 0	 445.462361	 -1	 0.000000	 4.057162
3232	 3	 3	 0	 472.635917	 -1	 0.000000	 14.784822
400	 11	 11	 0	 474.530249	 -1	 0.000000	 5.156982
407	 11	 11	 0	 439.718237	 -1	 0.000000	 8.511610
409	 11	 11	 0	 454.162515	 -1	 0.000000	 2.026597
410	 11	 11	 0	 450.014877	 -1	 0.000000	 3.495011
411	 11	 11	 0	 455.855208	 -1	 0.000000	 3.931687
414	 11	 11	 0	 464.844039	 -1	 0.000000	 3.818256
416	 11	 11	 0	 493.982629	 -1	 0.000000	 3.169966
418	 11	 11	 0	 460.990083	 -1	 0.000000	 3.325713
419	 11	 11	 0	 436.545576	 -1	 0.000000	 3.954670
420	 11	 11	 0	 444.167054	 -1	 0.000000	 2.076414
424	 11	 11	 0	 445.327858	 -1	 0.000000	 4.093555
425	 11	 11	 0	 447.008848	 -1	 0.000000	 5.566918
427	 11	 11	 0	 436.717788	 -1	 0.000000	 5.639156
431	 11	 11	 0	 439.698307	 -1	 0.000000	 3.854259
433	 11	 11	 0	 428.189841	 -1	 0.000000	 3.151891
460	 11	 11	 0	 434.466145	 -1	 0.000000	 2.074055
461	 11	 11	 0	 444.062618	 -1	 0.000000	 2.166539
462	 11	 11	 0	 447.975778	 -1	 0.000000	 5.053518
463	 11	 11	 0	 443.040112	 -1	 0.000000	 1.902712
464	 11	 11	 0	 445.674784	 -1	 0.000000	 2.994112
465	 11	 11	 0	 445.368819	 -1	 0.000000	 4.002102
466	 11	 11	 0	 457.203944	 -1	 0.000000	 4.760303
467	 11	 11	 0	 445.649713	 -1	 0.000000	 9.896095
468	 11	 11	 0	 441.977504	 -1	 0.000000	 3.749981
469	 11	 11	 0	 453.767024	 -1	 0.000000	 3.969917
470	 11	 11	 0	 445.488618	 -1	 0.000000	 1.859636
471	 11	 11	 0	 457.365025	 -1	 0.000000	 3.670779
472	 11	 11	 0	 436.007059	 -1	 0.000000	 4.280194
473	 11	 11	 0	 437.635622	 -1	 0.000000	 2.103285
474	 11	 11	 0	 440.791668	 -1	 0.000000	 3.816581
475	 11	 11	 0	 447.160594	 -1	 0.000000	 9.807165
476	 11	 11	 0	 435.117012	 -1	 0.000000	 3.818141
477	 11	 11	 0	 462.091121	 -1	 0.000000	 1.740581
478	 11	 11	 0	 443.461285	 -1	 0.000000	 3.044119
479	 11	 11	 0	 459.956488	 -1	 0.000000	 4.051268
480	 11	 11	 0	 444.202116	 -1	 0.000000	 2.077206
481	 11	 11	 0	 454.657204	 -1	 0.000000	 3.519887
482	 11	 11	 0	 452.116812	 -1	 0.000000	 4.200771
483	 11	 11	 0	 456.465051	 -1	 0.000000	 2.016041
484	 11	 11	 0	 450.030181	 -1	 0.000000	 6.861498
485	 11	 11	 0	 457.222648	 -1	 0.000000	 3.613064
486	 11	 11	 0	 452.863732	 -1	 0.000000	 3.976067
487	 11	 11	 0	 454.551164	 -1	 0.000000	 3.515450
488	 11	 11	 0	 452.227206	 -1	 0.000000	 3.989172
489	 11	 11	 0	 454.586034	 -1	 0.000000	 3.313760
490	 11	 11	 0	 444.380158	 -1	 0.000000	 2.990612
491	 11	 11	 0	 436.800219	 -1	 0.000000	 3.946535
492	 11	 11	 0	 447.214921	 -1	 0.000000	 5.184443
493	 11	 11	 0	 453.352398	 -1	 0.000000	 4.740851
494	 11	 11	 0	 457.723667	 -1	 0.000000	 10.544110
495	 11	 11	 0	 468.108568	 -1	 0.000000	 3.848583
496	 11	 11	 0	 457.227978	 -1	 0.000000	 3.152677
545	 9	 9	 0	 462.929690	 -1	 0.000000	 3.791247
497	 11	 11	 0	 414.837416	 -1	 0.000000	 3.054893
498	 11	 11	 0	 443.583432	 -1	 0.000000	 3.735089
499	 11	 11	 0	 447.404158	 -1	 0.000000	 4.650928
0	 10	 10	 0	 440.858992	 -1	 0.000000	 3.492469
1	 10	 10	 0	 449.375270	 -1	 0.000000	 3.273200
2	 10	 10	 0	 473.534215	 -1	 0.000000	 1.668352
3	 10	 10	 0	 477.542278	 -1	 0.000000	 3.717426
4	 10	 10	 0	 476.570934	 -1	 0.000000	 3.792428
5	 10	 10	 0	 477.970375	 -1	 0.000000	 3.315708
6	 10	 10	 0	 475.970876	 -1	 0.000000	 1.398043
7	 10	 10	 0	 478.184639	 -1	 0.000000	 3.775862
8	 10	 10	 0	 475.383615	 -1	 0.000000	 1.799817
9	 10	 10	 0	 472.090396	 -1	 0.000000	 4.056966
10	 10	 10	 0	 462.512540	 -1	 0.000000	 3.412189
11	 10	 10	 0	 475.513058	 -1	 0.000000	 4.144953
12	 10	 10	 0	 469.440545	 -1	 0.000000	 3.028089
13	 10	 10	 0	 474.383656	 -1	 0.000000	 1.867362
14	 10	 10	 0	 478.980253	 -1	 0.000000	 3.142869
15	 10	 10	 0	 477.811925	 -1	 0.000000	 3.905735
16	 10	 10	 0	 476.834372	 -1	 0.000000	 1.240831
17	 10	 10	 0	 478.287698	 -1	 0.000000	 3.794902
18	 10	 10	 0	 475.784629	 -1	 0.000000	 3.591460
19	 10	 10	 0	 478.237895	 -1	 0.000000	 1.760054
20	 10	 10	 0	 477.932536	 -1	 0.000000	 3.793047
21	 10	 10	 0	 473.828019	 -1	 0.000000	 3.708988
22	 10	 10	 0	 475.474409	 -1	 0.000000	 3.720615
23	 10	 10	 0	 481.620034	 -1	 0.000000	 3.592526
24	 10	 10	 0	 470.841018	 -1	 0.000000	 1.684949
25	 10	 10	 0	 480.923134	 -1	 0.000000	 1.969499
26	 10	 10	 0	 471.352402	 -1	 0.000000	 3.561697
27	 10	 10	 0	 473.974169	 -1	 0.000000	 3.390258
28	 10	 10	 0	 475.548757	 -1	 0.000000	 4.303500
29	 10	 10	 0	 479.901015	 -1	 0.000000	 1.697714
30	 10	 10	 0	 478.692799	 -1	 0.000000	 1.309628
31	 10	 10	 0	 474.476273	 -1	 0.000000	 1.697053
32	 10	 10	 0	 473.209273	 -1	 0.000000	 1.683397
33	 10	 10	 0	 482.108452	 -1	 0.000000	 3.183418
35	 10	 10	 0	 477.531578	 -1	 0.000000	 3.518057
36	 10	 10	 0	 479.264964	 -1	 0.000000	 3.968750
37	 10	 10	 0	 473.385897	 -1	 0.000000	 3.521032
38	 10	 10	 0	 479.513212	 -1	 0.000000	 1.424500
39	 10	 10	 0	 466.445149	 -1	 0.000000	 1.679898
40	 10	 10	 0	 477.650105	 -1	 0.000000	 1.783285
41	 10	 10	 0	 473.263417	 -1	 0.000000	 3.474363
42	 10	 10	 0	 473.488039	 -1	 0.000000	 3.665225
43	 10	 10	 0	 477.868055	 -1	 0.000000	 1.914150
44	 10	 10	 0	 477.632502	 -1	 0.000000	 3.946002
45	 10	 10	 0	 476.993775	 -1	 0.000000	 3.899593
46	 10	 10	 0	 472.177899	 -1	 0.000000	 1.490503
47	 10	 10	 0	 476.011049	 -1	 0.000000	 1.627303
48	 10	 10	 0	 476.446280	 -1	 0.000000	 3.700117
49	 10	 10	 0	 467.150717	 -1	 0.000000	 3.695303
50	 10	 10	 0	 475.823908	 -1	 0.000000	 3.765732
3212	 13	 13	 0	 444.059295	 -1	 0.000000	 3.753048
51	 10	 10	 0	 269.442561	 -1	 0.000000	 4.614535
52	 10	 10	 0	 396.394532	 -1	 0.000000	 1.698375
53	 10	 10	 0	 473.063616	 -1	 0.000000	 3.319338
54	 10	 10	 0	 475.238047	 -1	 0.000000	 3.377753
55	 10	 10	 0	 478.040793	 -1	 0.000000	 3.489794
56	 10	 10	 0	 467.651611	 -1	 0.000000	 3.765925
57	 10	 10	 0	 469.571562	 -1	 0.000000	 3.450014
58	 10	 10	 0	 473.364439	 -1	 0.000000	 3.407257
59	 10	 10	 0	 474.433806	 -1	 0.000000	 4.056998
60	 10	 10	 0	 473.581736	 -1	 0.000000	 1.765500
61	 10	 10	 0	 477.978734	 -1	 0.000000	 3.739391
62	 10	 10	 0	 476.368725	 -1	 0.000000	 3.223258
63	 10	 10	 0	 475.282938	 -1	 0.000000	 1.674298
65	 10	 10	 0	 469.569010	 -1	 0.000000	 3.944635
68	 10	 10	 0	 472.468609	 -1	 0.000000	 3.902674
69	 10	 10	 0	 470.863164	 -1	 0.000000	 3.231445
70	 10	 10	 0	 475.013822	 -1	 0.000000	 3.351516
71	 10	 10	 0	 477.284495	 -1	 0.000000	 4.256567
72	 10	 10	 0	 475.972721	 -1	 0.000000	 4.063449
73	 10	 10	 0	 467.292391	 -1	 0.000000	 1.298846
74	 10	 10	 0	 480.893498	 -1	 0.000000	 4.067286
75	 10	 10	 0	 468.516618	 -1	 0.000000	 3.762150
76	 10	 10	 0	 479.961269	 -1	 0.000000	 3.708760
77	 10	 10	 0	 466.997026	 -1	 0.000000	 4.042821
78	 10	 10	 0	 471.363539	 -1	 0.000000	 1.657113
79	 10	 10	 0	 481.941840	 -1	 0.000000	 4.400199
80	 10	 10	 0	 469.184405	 -1	 0.000000	 1.695729
81	 10	 10	 0	 470.066719	 -1	 0.000000	 1.451794
82	 10	 10	 0	 474.370128	 -1	 0.000000	 4.054401
83	 10	 10	 0	 468.936051	 -1	 0.000000	 1.744077
84	 10	 10	 0	 474.500948	 -1	 0.000000	 4.209403
85	 10	 10	 0	 483.268564	 -1	 0.000000	 3.507503
86	 10	 10	 0	 479.964890	 -1	 0.000000	 3.292932
87	 10	 10	 0	 462.998990	 -1	 0.000000	 3.341566
88	 10	 10	 0	 478.629272	 -1	 0.000000	 4.272263
89	 10	 10	 0	 466.150519	 -1	 0.000000	 3.690716
91	 10	 10	 0	 479.236996	 -1	 0.000000	 3.798945
92	 10	 10	 0	 468.527042	 -1	 0.000000	 1.488580
93	 10	 10	 0	 477.094655	 -1	 0.000000	 1.489101
94	 10	 10	 0	 469.897077	 -1	 0.000000	 3.260314
96	 10	 10	 0	 481.982720	 -1	 0.000000	 3.271082
97	 10	 10	 0	 476.011649	 -1	 0.000000	 3.328129
98	 10	 10	 0	 468.763449	 -1	 0.000000	 3.640116
99	 10	 10	 0	 478.962407	 -1	 0.000000	 3.897269
100	 10	 10	 0	 475.560630	 -1	 0.000000	 1.537573
101	 10	 10	 0	 479.796549	 -1	 0.000000	 3.697080
102	 10	 10	 0	 473.225079	 -1	 0.000000	 2.907715
103	 10	 10	 0	 476.309811	 -1	 0.000000	 3.453898
104	 10	 10	 0	 475.763133	 -1	 0.000000	 1.679669
105	 10	 10	 0	 480.637230	 -1	 0.000000	 1.988593
106	 10	 10	 0	 469.111616	 -1	 0.000000	 3.090820
107	 10	 10	 0	 474.005154	 -1	 0.000000	 3.404000
108	 10	 10	 0	 476.654019	 -1	 0.000000	 3.237474
109	 10	 10	 0	 476.233051	 -1	 0.000000	 1.866806
110	 10	 10	 0	 474.029508	 -1	 0.000000	 3.488485
111	 10	 10	 0	 476.849219	 -1	 0.000000	 3.629322
112	 10	 10	 0	 482.066725	 -1	 0.000000	 3.477623
113	 10	 10	 0	 474.865511	 -1	 0.000000	 3.323760
114	 10	 10	 0	 477.099187	 -1	 0.000000	 3.487813
2476	 13	 13	 0	 459.562954	 -1	 0.000000	 1.142591
115	 10	 10	 0	 224.115168	 -1	 0.000000	 3.956267
116	 10	 10	 0	 384.758420	 -1	 0.000000	 3.551191
117	 10	 10	 0	 467.761575	 -1	 0.000000	 1.561958
118	 10	 10	 0	 473.348540	 -1	 0.000000	 3.678014
119	 10	 10	 0	 464.843132	 -1	 0.000000	 3.722863
120	 10	 10	 0	 473.264431	 -1	 0.000000	 3.660953
121	 10	 10	 0	 467.512237	 -1	 0.000000	 3.456574
122	 10	 10	 0	 474.038510	 -1	 0.000000	 1.801970
123	 10	 10	 0	 466.580122	 -1	 0.000000	 1.542972
125	 10	 10	 0	 465.559055	 -1	 0.000000	 3.700556
126	 10	 10	 0	 470.628043	 -1	 0.000000	 1.518283
127	 10	 10	 0	 466.325225	 -1	 0.000000	 1.595841
128	 10	 10	 0	 470.683359	 -1	 0.000000	 1.572784
129	 10	 10	 0	 470.293924	 -1	 0.000000	 4.569308
130	 10	 10	 0	 471.254912	 -1	 0.000000	 3.588872
131	 10	 10	 0	 469.640005	 -1	 0.000000	 3.304792
133	 10	 10	 0	 475.170179	 -1	 0.000000	 4.171870
134	 10	 10	 0	 470.312041	 -1	 0.000000	 1.602124
135	 10	 10	 0	 481.654353	 -1	 0.000000	 1.397044
136	 10	 10	 0	 475.926304	 -1	 0.000000	 3.324157
137	 10	 10	 0	 466.826297	 -1	 0.000000	 1.655574
138	 10	 10	 0	 469.891613	 -1	 0.000000	 4.068048

