>>> gr_fir_ccf: using E
>>> gr_fir_fff: using E
terminate called after throwing an instance of 'std::invalid_argument'
  what():  gr_ofdm_demod: Incorrect subcarriers allocated
>>> gr_fir_ccf: using E
>>> gr_fir_fff: using E
gr_buffer::allocate_buffer: warning: tried to allocate
   36 items of size 1776. Due to alignment requirements
   256 were allocated.  If this isn't OK, consider padding
   your structure to a power-of-two bytes.
   On this platform, our allocation granularity is 4096 bytes.
0	 15	 15	 1	 0.000092	 -1	 0.000000	 3.263045
1	 15	 15	 1	 0.000084	 -1	 0.000000	 3.071641
2	 15	 15	 1	 0.000095	 -1	 0.000000	 3.183296
3	 15	 15	 1	 0.000085	 -1	 0.000000	 3.275132
4	 15	 15	 1	 0.000055	 -1	 0.000000	 3.483836
5	 15	 15	 1	 0.000084	 -1	 0.000000	 3.212797
6	 15	 15	 1	 0.000055	 -1	 0.000000	 3.317321
7	 15	 15	 1	 0.000048	 -1	 0.000000	 2.756824
9	 15	 15	 1	 0.000092	 -1	 0.000000	 3.223635
10	 15	 15	 1	 0.000092	 -1	 0.000000	 3.460231
11	 15	 15	 1	 0.000084	 -1	 0.000000	 3.158627
12	 15	 15	 1	 0.000067	 -1	 0.000000	 3.332493
13	 15	 15	 1	 0.000081	 -1	 0.000000	 3.191862
14	 15	 15	 1	 0.000081	 -1	 0.000000	 3.203349
15	 15	 15	 1	 0.000078	 -1	 0.000000	 3.449431
16	 15	 15	 1	 0.000069	 -1	 0.000000	 3.341873
17	 15	 15	 1	 0.000067	 -1	 0.000000	 3.360473
18	 15	 15	 1	 0.000083	 -1	 0.000000	 3.210294
19	 15	 15	 1	 0.000091	 -1	 0.000000	 3.439115
20	 15	 15	 1	 0.000050	 -1	 0.000000	 3.590962
21	 15	 15	 1	 0.000088	 -1	 0.000000	 3.286098
22	 15	 15	 1	 0.000084	 -1	 0.000000	 3.664897
23	 15	 15	 1	 0.000077	 -1	 0.000000	 3.219636
24	 15	 15	 1	 0.000096	 -1	 0.000000	 3.209761
25	 15	 15	 1	 0.000059	 -1	 0.000000	 3.528277
26	 15	 15	 1	 0.000091	 -1	 0.000000	 3.291439
27	 15	 15	 1	 0.000058	 -1	 0.000000	 2.660967
28	 15	 15	 1	 0.000059	 -1	 0.000000	 3.564926
29	 15	 15	 1	 0.000094	 -1	 0.000000	 3.418232
30	 15	 15	 1	 0.000056	 -1	 0.000000	 3.114314
31	 15	 15	 1	 0.000071	 -1	 0.000000	 3.629316
32	 15	 15	 1	 0.000079	 -1	 0.000000	 3.480029
33	 15	 15	 1	 0.000053	 -1	 0.000000	 3.620710
34	 15	 15	 1	 0.000082	 -1	 0.000000	 3.369135
35	 15	 15	 1	 0.000066	 -1	 0.000000	 3.324834
36	 15	 15	 1	 0.000102	 -1	 0.000000	 3.624772
38	 15	 15	 0	 94.776353	 -1	 0.000000	 3.147984
39	 15	 15	 1	 0.000064	 -1	 0.000000	 3.453231
40	 15	 15	 1	 0.000052	 -1	 0.000000	 3.293303
41	 15	 15	 1	 0.000085	 -1	 0.000000	 3.443779
42	 15	 15	 1	 0.000067	 -1	 0.000000	 3.436352
43	 15	 15	 1	 0.000069	 -1	 0.000000	 3.121557
44	 15	 15	 1	 0.000090	 -1	 0.000000	 3.157074
45	 15	 15	 1	 0.000072	 -1	 0.000000	 3.022379
46	 15	 15	 1	 0.000068	 -1	 0.000000	 3.653556
>>> gr_fir_ccf: using E
>>> gr_fir_fff: using E
gr_buffer::allocate_buffer: warning: tried to allocate
   36 items of size 1776. Due to alignment requirements
   256 were allocated.  If this isn't OK, consider padding
   your structure to a power-of-two bytes.
   On this platform, our allocation granularity is 4096 bytes.
60	 15	 15	 1	 0.000075	 -1	 0.000000	 3.162381
61	 15	 15	 1	 0.000084	 -1	 0.000000	 3.235173
62	 15	 15	 1	 0.000074	 -1	 0.000000	 3.395949
63	 15	 15	 1	 0.000066	 -1	 0.000000	 3.604629
64	 15	 15	 1	 0.000079	 -1	 0.000000	 3.503531
65	 15	 15	 1	 0.000091	 -1	 0.000000	 3.315068
66	 15	 15	 1	 0.000090	 -1	 0.000000	 3.454142
99	 15	 15	 0	 244.365758	 -1	 0.000000	 4.425987
68	 15	 15	 1	 0.000048	 -1	 0.000000	 2.875493
69	 15	 15	 1	 0.000050	 -1	 0.000000	 3.516197
70	 15	 15	 1	 0.000085	 -1	 0.000000	 3.213364
71	 15	 15	 1	 0.000062	 -1	 0.000000	 3.390107
72	 15	 15	 1	 0.000083	 -1	 0.000000	 3.549191
73	 15	 15	 1	 0.000058	 -1	 0.000000	 3.511041
74	 15	 15	 1	 0.000072	 -1	 0.000000	 3.242034
2766	 10	 10	 0	 475.024691	 -1	 0.000000	 5.157652
75	 15	 15	 0	 130.666098	 -1	 0.000000	 3.560232
76	 15	 15	 1	 0.000086	 -1	 0.000000	 3.209430
78	 15	 15	 1	 0.000065	 -1	 0.000000	 3.638739
79	 15	 15	 1	 0.000048	 -1	 0.000000	 3.469960
80	 15	 15	 1	 0.000060	 -1	 0.000000	 3.521324
81	 15	 15	 1	 0.000082	 -1	 0.000000	 3.284583
82	 15	 15	 1	 0.000091	 -1	 0.000000	 3.338120
83	 15	 15	 1	 0.305450	 -1	 0.000000	 2.874000
84	 15	 15	 1	 0.000087	 -1	 0.000000	 3.331178
85	 15	 15	 1	 0.000038	 -1	 0.000000	 3.098022
86	 15	 15	 1	 0.000081	 -1	 0.000000	 3.038573
87	 15	 15	 1	 0.000065	 -1	 0.000000	 3.486028
88	 15	 15	 1	 0.000060	 -1	 0.000000	 3.437945
89	 15	 15	 1	 0.000072	 -1	 0.000000	 3.417168
90	 15	 15	 1	 0.000073	 -1	 0.000000	 3.320583
91	 15	 15	 1	 0.000082	 -1	 0.000000	 3.191231
92	 15	 15	 1	 0.000095	 -1	 0.000000	 3.214359
93	 15	 15	 1	 0.000085	 -1	 0.000000	 3.314003
94	 15	 15	 1	 0.000091	 -1	 0.000000	 3.188219
96	 15	 15	 1	 0.000093	 -1	 0.000000	 3.579534
97	 15	 15	 1	 0.000057	 -1	 0.000000	 3.579149
98	 15	 15	 1	 0.000080	 -1	 0.000000	 3.037387
100	 15	 15	 1	 0.000080	 -1	 0.000000	 3.175357
101	 15	 15	 1	 0.000081	 -1	 0.000000	 3.295404
102	 15	 15	 1	 0.000045	 -1	 0.000000	 2.638008
103	 15	 15	 1	 0.000046	 -1	 0.000000	 2.566862
104	 15	 15	 1	 0.000093	 -1	 0.000000	 3.418403
105	 15	 15	 1	 0.000057	 -1	 0.000000	 3.548244
106	 15	 15	 1	 0.000089	 -1	 0.000000	 3.196577
107	 15	 15	 1	 0.000054	 -1	 0.000000	 3.647564
108	 15	 15	 1	 0.000075	 -1	 0.000000	 3.458536
109	 15	 15	 1	 0.000103	 -1	 0.000000	 3.389406
110	 15	 15	 1	 0.000081	 -1	 0.000000	 3.347398
111	 15	 15	 1	 0.000094	 -1	 0.000000	 3.134129
112	 15	 15	 1	 0.000082	 -1	 0.000000	 3.327788
113	 15	 15	 1	 0.000084	 -1	 0.000000	 3.143978
114	 15	 15	 1	 0.000102	 -1	 0.000000	 3.252959
115	 15	 15	 1	 0.000089	 -1	 0.000000	 3.473158
116	 15	 15	 1	 0.000088	 -1	 0.000000	 3.361995
117	 15	 15	 1	 0.000085	 -1	 0.000000	 3.274625
118	 15	 15	 1	 0.000084	 -1	 0.000000	 3.396124
119	 15	 15	 1	 0.000093	 -1	 0.000000	 3.229494
120	 15	 15	 1	 0.000057	 -1	 0.000000	 3.543574
121	 15	 15	 1	 0.000097	 -1	 0.000000	 3.279509
122	 15	 15	 1	 0.000076	 -1	 0.000000	 3.184640
1422	 13	 13	 0	 363.522864	 -1	 0.000000	 3.665372
123	 15	 15	 1	 0.000092	 -1	 0.000000	 3.378189
124	 15	 15	 1	 0.000091	 -1	 0.000000	 3.154127
125	 15	 15	 1	 0.000054	 -1	 0.000000	 3.446812
126	 15	 15	 1	 0.000063	 -1	 0.000000	 3.367104
127	 15	 15	 1	 0.000074	 -1	 0.000000	 3.143996
128	 15	 15	 1	 0.000084	 -1	 0.000000	 3.229061
129	 15	 15	 1	 0.000099	 -1	 0.000000	 3.333090
130	 15	 15	 1	 0.000071	 -1	 0.000000	 3.232453
131	 15	 15	 1	 0.000083	 -1	 0.000000	 3.195237
132	 15	 15	 1	 0.000055	 -1	 0.000000	 3.528199
133	 15	 15	 1	 0.000085	 -1	 0.000000	 3.455651
134	 15	 15	 1	 0.000095	 -1	 0.000000	 3.333724
135	 15	 15	 1	 0.000102	 -1	 0.000000	 3.409330
137	 15	 15	 1	 0.000046	 -1	 0.000000	 3.086697
138	 15	 15	 1	 0.000044	 -1	 0.000000	 2.796862
139	 15	 15	 1	 0.000058	 -1	 0.000000	 3.241298
140	 15	 15	 1	 0.000097	 -1	 0.000000	 3.368968
141	 15	 15	 1	 0.000076	 -1	 0.000000	 3.361207
142	 15	 15	 1	 0.000080	 -1	 0.000000	 3.472798
143	 15	 15	 1	 0.000071	 -1	 0.000000	 3.160312
144	 15	 15	 1	 0.000088	 -1	 0.000000	 2.673998
145	 15	 15	 1	 0.000099	 -1	 0.000000	 3.082805
146	 15	 15	 1	 0.000056	 -1	 0.000000	 3.428852
147	 15	 15	 1	 0.000083	 -1	 0.000000	 3.112684
148	 15	 15	 1	 0.000093	 -1	 0.000000	 3.325992
149	 15	 15	 1	 0.000035	 -1	 0.000000	 2.863615
150	 15	 15	 1	 0.000094	 -1	 0.000000	 3.425904
151	 15	 15	 1	 0.000049	 -1	 0.000000	 2.964164
152	 15	 15	 1	 0.000081	 -1	 0.000000	 3.422026
153	 15	 15	 1	 0.000091	 -1	 0.000000	 3.079915
154	 15	 15	 1	 0.000056	 -1	 0.000000	 3.266225
155	 15	 15	 1	 0.000089	 -1	 0.000000	 3.171970
156	 15	 15	 1	 0.000090	 -1	 0.000000	 3.117235
157	 15	 15	 1	 0.000093	 -1	 0.000000	 3.081295
158	 15	 15	 1	 0.000081	 -1	 0.000000	 3.422052
160	 15	 15	 1	 0.000082	 -1	 0.000000	 3.184916
161	 15	 15	 1	 0.000055	 -1	 0.000000	 3.230267
162	 15	 15	 1	 0.000095	 -1	 0.000000	 3.240741
163	 15	 15	 1	 0.000072	 -1	 0.000000	 3.103855
164	 15	 15	 1	 0.000087	 -1	 0.000000	 3.569392
165	 15	 15	 1	 0.000078	 -1	 0.000000	 3.400887
166	 15	 15	 1	 0.000059	 -1	 0.000000	 3.638034
167	 15	 15	 1	 0.000085	 -1	 0.000000	 3.234354
168	 15	 15	 1	 0.000090	 -1	 0.000000	 3.280984
169	 15	 15	 1	 0.000066	 -1	 0.000000	 3.459261
170	 15	 15	 1	 0.000086	 -1	 0.000000	 3.506355
171	 15	 15	 1	 0.000061	 -1	 0.000000	 3.506235
172	 15	 15	 1	 0.000094	 -1	 0.000000	 3.471526
173	 15	 15	 1	 0.000090	 -1	 0.000000	 3.438459
174	 15	 15	 1	 0.000058	 -1	 0.000000	 3.035678
175	 15	 15	 1	 0.000090	 -1	 0.000000	 3.250605
176	 15	 15	 1	 0.000084	 -1	 0.000000	 3.502579
177	 15	 15	 1	 0.000090	 -1	 0.000000	 3.490242
178	 15	 15	 1	 0.000078	 -1	 0.000000	 3.253897
179	 15	 15	 1	 0.000099	 -1	 0.000000	 3.503093
180	 15	 15	 1	 0.000052	 -1	 0.000000	 3.346783
181	 15	 15	 1	 0.000086	 -1	 0.000000	 3.321117
182	 15	 15	 1	 0.000085	 -1	 0.000000	 3.485169
183	 15	 15	 1	 0.000082	 -1	 0.000000	 3.441736
184	 15	 15	 1	 0.000066	 -1	 0.000000	 3.456257
2094	 13	 13	 0	 370.886502	 -1	 0.000000	 3.703995
185	 15	 15	 1	 0.000070	 -1	 0.000000	 3.443812
186	 15	 15	 1	 0.237366	 -1	 0.000000	 3.336419
187	 15	 15	 1	 0.000060	 -1	 0.000000	 3.267664
188	 15	 15	 1	 0.000087	 -1	 0.000000	 3.203546
189	 15	 15	 1	 0.000096	 -1	 0.000000	 3.427444
190	 15	 15	 1	 0.000082	 -1	 0.000000	 3.212178
191	 15	 15	 1	 0.000092	 -1	 0.000000	 3.370450
192	 15	 15	 1	 0.000080	 -1	 0.000000	 3.230758
193	 15	 15	 1	 0.000082	 -1	 0.000000	 3.375382
194	 15	 15	 1	 0.000071	 -1	 0.000000	 3.351757
195	 15	 15	 1	 0.000090	 -1	 0.000000	 3.428821
196	 15	 15	 1	 0.000069	 -1	 0.000000	 3.237335
197	 15	 15	 1	 0.000052	 -1	 0.000000	 3.506622
198	 15	 15	 1	 0.000075	 -1	 0.000000	 2.928285
199	 15	 15	 1	 0.000067	 -1	 0.000000	 3.502114
200	 15	 15	 1	 0.000089	 -1	 0.000000	 3.152130
201	 15	 15	 1	 0.000094	 -1	 0.000000	 3.208116
202	 15	 15	 1	 0.000074	 -1	 0.000000	 3.335728
203	 15	 15	 1	 0.000070	 -1	 0.000000	 3.231597
204	 15	 15	 1	 0.000055	 -1	 0.000000	 3.436499
205	 15	 15	 1	 0.000083	 -1	 0.000000	 3.362166
206	 15	 15	 1	 0.000087	 -1	 0.000000	 3.212597
207	 15	 15	 1	 0.000092	 -1	 0.000000	 3.204407
208	 15	 15	 1	 0.000067	 -1	 0.000000	 3.356876
209	 15	 15	 1	 0.000085	 -1	 0.000000	 3.372256
210	 15	 15	 1	 0.000098	 -1	 0.000000	 3.127871
211	 15	 15	 1	 0.000078	 -1	 0.000000	 3.426446
212	 15	 15	 1	 0.000083	 -1	 0.000000	 3.232661
213	 15	 15	 1	 0.000096	 -1	 0.000000	 3.090886
214	 15	 15	 1	 0.000043	 -1	 0.000000	 2.753488
216	 15	 15	 1	 0.000044	 -1	 0.000000	 2.854483
217	 15	 15	 1	 0.000080	 -1	 0.000000	 3.050779
218	 15	 15	 1	 0.000041	 -1	 0.000000	 2.718994
219	 15	 15	 1	 0.000081	 -1	 0.000000	 3.374681
220	 15	 15	 1	 0.000090	 -1	 0.000000	 3.453147
221	 15	 15	 1	 0.000029	 -1	 0.000000	 2.862661
222	 15	 15	 1	 0.000085	 -1	 0.000000	 3.361036
223	 15	 15	 1	 0.000087	 -1	 0.000000	 3.075623
224	 15	 15	 1	 0.000061	 -1	 0.000000	 3.319060
225	 15	 15	 1	 0.000101	 -1	 0.000000	 3.287133
226	 15	 15	 1	 0.000084	 -1	 0.000000	 3.286207
227	 15	 15	 1	 0.000095	 -1	 0.000000	 3.399508
228	 15	 15	 0	 11.310407	 -1	 0.000000	 3.102367
861	 11	 11	 0	 461.095917	 -1	 0.000000	 2.587769
2550	 13	 13	 0	 400.605012	 -1	 0.000000	 4.396330
583	 10	 10	 0	 478.757358	 -1	 0.000000	 4.990824
3809	 15	 15	 0	 365.441593	 -1	 0.000000	 8.565803
65	 5	 5	 1	 0.008580	 -1	 0.000000	 3.555344
66	 5	 5	 1	 0.008188	 -1	 0.000000	 3.087429
67	 5	 5	 1	 0.010468	 -1	 0.000000	 3.569407
69	 5	 5	 1	 0.020891	 -1	 0.000000	 2.680430
70	 5	 5	 1	 0.010439	 -1	 0.000000	 3.564101
72	 5	 5	 1	 0.010634	 -1	 0.000000	 3.213382
73	 5	 5	 1	 0.011318	 -1	 0.000000	 3.112064
74	 5	 5	 1	 0.011092	 -1	 0.000000	 3.243011
75	 5	 5	 1	 0.010402	 -1	 0.000000	 3.254069
76	 5	 5	 1	 0.011960	 -1	 0.000000	 3.382737
77	 5	 5	 1	 0.011404	 -1	 0.000000	 3.421014
78	 5	 5	 1	 0.012321	 -1	 0.000000	 3.228955
79	 5	 5	 1	 0.009363	 -1	 0.000000	 3.382303
80	 5	 5	 1	 0.010420	 -1	 0.000000	 3.293091
82	 5	 5	 1	 0.009345	 -1	 0.000000	 3.185490
83	 5	 5	 1	 0.009848	 -1	 0.000000	 3.301517
84	 5	 5	 1	 0.010248	 -1	 0.000000	 3.045518
85	 5	 5	 1	 0.007403	 -1	 0.000000	 3.298718
86	 5	 5	 1	 0.018959	 -1	 0.000000	 2.707583
87	 5	 5	 1	 0.010816	 -1	 0.000000	 3.172171
88	 5	 5	 1	 0.011036	 -1	 0.000000	 3.255152
89	 5	 5	 1	 0.009635	 -1	 0.000000	 3.159701
90	 5	 5	 1	 0.010791	 -1	 0.000000	 3.346689
91	 5	 5	 1	 0.010640	 -1	 0.000000	 3.371810
92	 5	 5	 1	 0.009903	 -1	 0.000000	 3.194113
93	 5	 5	 1	 0.009918	 -1	 0.000000	 3.289694
95	 5	 5	 1	 0.010294	 -1	 0.000000	 3.293461
96	 5	 5	 1	 0.009792	 -1	 0.000000	 3.293964
97	 5	 5	 1	 0.011191	 -1	 0.000000	 3.364470
98	 5	 5	 0	 153.665919	 -1	 0.000000	 3.244540
99	 5	 5	 1	 11.985123	 -1	 0.000000	 3.418116
100	 5	 5	 1	 0.013759	 -1	 0.000000	 3.390248
101	 5	 5	 1	 0.021348	 -1	 0.000000	 3.093355
102	 5	 5	 1	 0.009109	 -1	 0.000000	 3.192431
103	 5	 5	 1	 0.011375	 -1	 0.000000	 3.255103
104	 5	 5	 1	 0.008004	 -1	 0.000000	 3.249710
105	 5	 5	 1	 0.008577	 -1	 0.000000	 3.401342
106	 5	 5	 1	 0.009993	 -1	 0.000000	 3.365400
108	 5	 5	 1	 0.010986	 -1	 0.000000	 3.206895
109	 5	 5	 1	 0.008966	 -1	 0.000000	 3.292526
111	 5	 5	 1	 0.010095	 -1	 0.000000	 3.345646
112	 5	 5	 1	 0.065952	 -1	 0.000000	 2.921793
113	 5	 5	 1	 80.515498	 -1	 0.000000	 3.490827
114	 5	 5	 1	 0.008739	 -1	 0.000000	 3.266958
115	 5	 5	 1	 0.011087	 -1	 0.000000	 3.244023
116	 5	 5	 1	 0.011127	 -1	 0.000000	 3.260104
117	 5	 5	 1	 0.031289	 -1	 0.000000	 3.211941
118	 5	 5	 1	 0.011624	 -1	 0.000000	 3.059656
119	 5	 5	 1	 0.008950	 -1	 0.000000	 3.079691
120	 5	 5	 0	 328.769119	 -1	 0.000000	 2.681372
122	 5	 5	 1	 17.269061	 -1	 0.000000	 3.047878
123	 5	 5	 1	 0.010652	 -1	 0.000000	 3.102840
124	 5	 5	 1	 0.009722	 -1	 0.000000	 3.087827
125	 5	 5	 1	 0.045653	 -1	 0.000000	 2.548235
126	 5	 5	 1	 0.010214	 -1	 0.000000	 3.026194
127	 5	 5	 1	 0.010799	 -1	 0.000000	 3.202158
128	 5	 5	 1	 0.010723	 -1	 0.000000	 3.118437
129	 5	 5	 1	 0.011847	 -1	 0.000000	 3.328210
130	 5	 5	 1	 0.025606	 -1	 0.000000	 2.829866
131	 5	 5	 1	 0.008971	 -1	 0.000000	 3.281167
132	 5	 5	 1	 0.011099	 -1	 0.000000	 2.986868
133	 5	 5	 1	 0.010691	 -1	 0.000000	 3.305143
134	 5	 5	 1	 0.011452	 -1	 0.000000	 3.394642
135	 5	 5	 1	 0.009055	 -1	 0.000000	 3.149762
136	 5	 5	 1	 0.013189	 -1	 0.000000	 3.292593
137	 5	 5	 0	 390.979286	 -1	 0.000000	 3.167364
138	 5	 5	 1	 0.009982	 -1	 0.000000	 3.120505
139	 5	 5	 1	 0.012131	 -1	 0.000000	 3.051191
140	 5	 5	 1	 0.012040	 -1	 0.000000	 3.097868
141	 5	 5	 1	 0.010195	 -1	 0.000000	 3.119474
142	 5	 5	 1	 0.012570	 -1	 0.000000	 3.253731
143	 5	 5	 1	 0.013148	 -1	 0.000000	 3.246876
144	 5	 5	 1	 0.011017	 -1	 0.000000	 3.340713
145	 5	 5	 1	 0.009337	 -1	 0.000000	 3.376341
147	 5	 5	 1	 0.011253	 -1	 0.000000	 3.272089
148	 5	 5	 1	 0.008916	 -1	 0.000000	 3.201991
149	 5	 5	 1	 0.010410	 -1	 0.000000	 3.304546
150	 5	 5	 1	 0.010983	 -1	 0.000000	 3.269624
151	 5	 5	 1	 0.008976	 -1	 0.000000	 3.298684
152	 5	 5	 1	 17.269294	 -1	 0.000000	 3.126151
153	 5	 5	 1	 0.022103	 -1	 0.000000	 3.268004
154	 5	 5	 1	 0.009552	 -1	 0.000000	 3.286852
155	 5	 5	 1	 0.009763	 -1	 0.000000	 3.103116
156	 5	 5	 1	 42.198999	 -1	 0.000000	 2.829043
157	 5	 5	 1	 0.009578	 -1	 0.000000	 3.177858
158	 5	 5	 1	 0.010104	 -1	 0.000000	 3.163633
159	 5	 5	 1	 0.010356	 -1	 0.000000	 3.235377
82	 7	 7	 0	 98.382877	 -1	 0.000000	 2.938099
83	 7	 7	 1	 0.029911	 -1	 0.000000	 3.261981
84	 7	 7	 1	 0.049223	 -1	 0.000000	 3.476759
86	 7	 7	 1	 0.058010	 -1	 0.000000	 3.369458
87	 7	 7	 1	 0.033744	 -1	 0.000000	 3.075134
88	 7	 7	 1	 0.031587	 -1	 0.000000	 3.242649
89	 7	 7	 1	 0.033552	 -1	 0.000000	 3.291630
90	 7	 7	 1	 0.027201	 -1	 0.000000	 3.292314
91	 7	 7	 1	 0.048196	 -1	 0.000000	 2.913722
92	 7	 7	 1	 0.035975	 -1	 0.000000	 3.118149
93	 7	 7	 1	 0.031147	 -1	 0.000000	 3.084284
94	 7	 7	 1	 0.051443	 -1	 0.000000	 3.116184
95	 7	 7	 1	 0.051353	 -1	 0.000000	 3.122952
96	 7	 7	 1	 0.042922	 -1	 0.000000	 3.216254
97	 7	 7	 1	 0.062727	 -1	 0.000000	 3.103334
98	 7	 7	 1	 0.064350	 -1	 0.000000	 3.384025
99	 7	 7	 1	 0.062289	 -1	 0.000000	 3.610716
100	 7	 7	 0	 406.512645	 -1	 0.000000	 3.374818
101	 7	 7	 1	 0.064678	 -1	 0.000000	 3.278356
103	 7	 7	 1	 0.032525	 -1	 0.000000	 3.097463
104	 7	 7	 1	 0.043346	 -1	 0.000000	 3.179963
105	 7	 7	 1	 0.061029	 -1	 0.000000	 3.551929
106	 7	 7	 1	 0.036558	 -1	 0.000000	 3.328870
107	 7	 7	 1	 0.033557	 -1	 0.000000	 3.161638
108	 7	 7	 1	 0.046536	 -1	 0.000000	 2.922224
109	 7	 7	 1	 0.034620	 -1	 0.000000	 3.156788
110	 7	 7	 1	 0.207229	 -1	 0.000000	 3.259857
111	 7	 7	 0	 355.573093	 -1	 0.000000	 3.006612
112	 7	 7	 1	 0.032302	 -1	 0.000000	 3.204415
113	 7	 7	 1	 0.036410	 -1	 0.000000	 3.032588
114	 7	 7	 0	 393.083884	 -1	 0.000000	 2.647044
115	 7	 7	 1	 0.059182	 -1	 0.000000	 2.558372
116	 7	 7	 1	 0.049002	 -1	 0.000000	 3.168258
117	 7	 7	 1	 0.046851	 -1	 0.000000	 3.078491
118	 7	 7	 1	 0.026441	 -1	 0.000000	 3.250662
119	 7	 7	 1	 0.045650	 -1	 0.000000	 3.344342
120	 7	 7	 0	 160.813318	 -1	 0.000000	 2.806814
121	 7	 7	 1	 15.196011	 -1	 0.000000	 3.376349
122	 7	 7	 1	 0.031237	 -1	 0.000000	 3.335671
123	 7	 7	 1	 0.039829	 -1	 0.000000	 3.261054
124	 7	 7	 0	 294.742391	 -1	 0.000000	 3.020066
125	 7	 7	 1	 1.756555	 -1	 0.000000	 2.797333
126	 7	 7	 1	 0.042140	 -1	 0.000000	 3.083031
127	 7	 7	 1	 0.027636	 -1	 0.000000	 3.479067
128	 7	 7	 1	 0.064618	 -1	 0.000000	 3.252770
129	 7	 7	 1	 0.033639	 -1	 0.000000	 3.075231
130	 7	 7	 1	 0.058855	 -1	 0.000000	 3.213478
131	 7	 7	 1	 0.038150	 -1	 0.000000	 3.218576
132	 7	 7	 1	 0.112772	 -1	 0.000000	 3.145779
133	 7	 7	 1	 0.056287	 -1	 0.000000	 3.318414
134	 7	 7	 1	 0.043445	 -1	 0.000000	 3.058882
135	 7	 7	 1	 0.068206	 -1	 0.000000	 3.326914
136	 7	 7	 1	 0.031248	 -1	 0.000000	 3.252685
137	 7	 7	 1	 0.045766	 -1	 0.000000	 3.309381
138	 7	 7	 1	 0.039952	 -1	 0.000000	 3.300824
139	 7	 7	 1	 0.063074	 -1	 0.000000	 3.247343
141	 7	 7	 1	 0.081868	 -1	 0.000000	 3.253319
142	 7	 7	 0	 252.835783	 -1	 0.000000	 2.959873
143	 7	 7	 0	 359.630159	 -1	 0.000000	 3.237469
144	 7	 7	 1	 0.063680	 -1	 0.000000	 3.159898
145	 7	 7	 0	 379.983267	 -1	 0.000000	 3.242069
146	 7	 7	 1	 0.072924	 -1	 0.000000	 3.320652
147	 7	 7	 1	 0.053426	 -1	 0.000000	 3.229304
148	 7	 7	 1	 0.064245	 -1	 0.000000	 3.505177
80	 7	 7	 1	 0.026038	 -1	 0.000000	 3.280184
81	 7	 7	 1	 0.042178	 -1	 0.000000	 2.965360
82	 7	 7	 1	 0.071861	 -1	 0.000000	 3.279892
83	 7	 7	 1	 0.051937	 -1	 0.000000	 3.083869
84	 7	 7	 1	 0.031997	 -1	 0.000000	 3.446013
85	 7	 7	 1	 0.044842	 -1	 0.000000	 3.254762
86	 7	 7	 1	 0.065210	 -1	 0.000000	 3.427417
87	 7	 7	 1	 0.048733	 -1	 0.000000	 3.175219
88	 7	 7	 1	 0.034467	 -1	 0.000000	 3.265348
89	 7	 7	 0	 325.406483	 -1	 0.000000	 3.376974
90	 7	 7	 1	 0.037497	 -1	 0.000000	 3.303479
91	 7	 7	 1	 0.030000	 -1	 0.000000	 3.261705
92	 7	 7	 0	 392.059289	 -1	 0.000000	 2.862732
93	 7	 7	 1	 0.031903	 -1	 0.000000	 3.136166
94	 7	 7	 1	 0.031437	 -1	 0.000000	 3.392193
95	 7	 7	 1	 0.055830	 -1	 0.000000	 3.147079
96	 7	 7	 1	 0.033946	 -1	 0.000000	 3.327467
97	 7	 7	 1	 0.053026	 -1	 0.000000	 3.424731
98	 7	 7	 1	 0.070427	 -1	 0.000000	 3.289899
99	 7	 7	 1	 0.029784	 -1	 0.000000	 3.380179
100	 7	 7	 0	 313.481013	 -1	 0.000000	 3.536910
101	 7	 7	 1	 0.030605	 -1	 0.000000	 3.095795
102	 7	 7	 1	 0.045127	 -1	 0.000000	 3.241352
103	 7	 7	 1	 61.158091	 -1	 0.000000	 3.335488
104	 7	 7	 1	 0.044476	 -1	 0.000000	 3.040291
106	 7	 7	 1	 0.034763	 -1	 0.000000	 3.177679
107	 7	 7	 1	 0.038263	 -1	 0.000000	 3.343878
108	 7	 7	 1	 0.049829	 -1	 0.000000	 3.274992
109	 7	 7	 1	 0.031691	 -1	 0.000000	 3.131104
110	 7	 7	 1	 0.050603	 -1	 0.000000	 3.327729
111	 7	 7	 1	 0.083546	 -1	 0.000000	 3.326303
112	 7	 7	 1	 0.047005	 -1	 0.000000	 3.150943
113	 7	 7	 1	 0.030815	 -1	 0.000000	 3.352336
114	 7	 7	 0	 387.210279	 -1	 0.000000	 3.022739
115	 7	 7	 1	 0.075754	 -1	 0.000000	 3.347550
116	 7	 7	 1	 0.067535	 -1	 0.000000	 3.397872
117	 7	 7	 1	 0.048030	 -1	 0.000000	 3.481518
118	 7	 7	 1	 0.029533	 -1	 0.000000	 3.288911
119	 7	 7	 0	 384.783023	 -1	 0.000000	 2.895818
120	 7	 7	 1	 0.044522	 -1	 0.000000	 3.048274
121	 7	 7	 0	 370.538648	 -1	 0.000000	 3.161677
122	 7	 7	 1	 0.048496	 -1	 0.000000	 3.056990
123	 7	 7	 1	 0.033624	 -1	 0.000000	 3.010965
124	 7	 7	 0	 434.963675	 -1	 0.000000	 3.349254
125	 7	 7	 1	 0.054218	 -1	 0.000000	 3.294575
126	 7	 7	 1	 0.051022	 -1	 0.000000	 3.448106
128	 7	 7	 1	 0.049587	 -1	 0.000000	 3.188553
129	 7	 7	 1	 0.031810	 -1	 0.000000	 3.273742
130	 7	 7	 0	 304.809647	 -1	 0.000000	 3.346288
131	 7	 7	 0	 286.537956	 -1	 0.000000	 3.426263
132	 7	 7	 1	 0.068825	 -1	 0.000000	 3.157327
133	 7	 7	 1	 0.046668	 -1	 0.000000	 3.156313
134	 7	 7	 1	 0.064785	 -1	 0.000000	 3.329589
135	 7	 7	 1	 0.058803	 -1	 0.000000	 3.168181
136	 7	 7	 1	 0.079581	 -1	 0.000000	 3.022217
137	 7	 7	 1	 0.049611	 -1	 0.000000	 3.146755
138	 7	 7	 1	 0.054240	 -1	 0.000000	 3.296411
139	 7	 7	 0	 337.295670	 -1	 0.000000	 3.071990
140	 7	 7	 1	 0.040312	 -1	 0.000000	 3.465711
141	 7	 7	 1	 0.034334	 -1	 0.000000	 3.218835
142	 7	 7	 1	 0.069228	 -1	 0.000000	 3.270300
143	 7	 7	 1	 0.048956	 -1	 0.000000	 3.428478
144	 7	 7	 1	 0.048219	 -1	 0.000000	 3.590476
145	 7	 7	 1	 0.039968	 -1	 0.000000	 3.341955
146	 7	 7	 1	 0.052660	 -1	 0.000000	 3.192859
147	 7	 7	 1	 0.028651	 -1	 0.000000	 3.289144
149	 7	 7	 1	 0.035086	 -1	 0.000000	 3.117948
151	 7	 7	 1	 0.051809	 -1	 0.000000	 3.569728
152	 7	 7	 1	 0.031364	 -1	 0.000000	 2.989790
153	 7	 7	 1	 0.032433	 -1	 0.000000	 3.058958
154	 7	 7	 1	 0.065747	 -1	 0.000000	 3.576925
155	 7	 7	 1	 0.040144	 -1	 0.000000	 3.019177
156	 7	 7	 0	 372.784967	 -1	 0.000000	 2.886453
157	 7	 7	 1	 0.046986	 -1	 0.000000	 3.281178
158	 7	 7	 1	 0.056565	 -1	 0.000000	 3.512491
160	 7	 7	 1	 0.035633	 -1	 0.000000	 3.287793
161	 7	 7	 1	 0.078114	 -1	 0.000000	 3.248967
162	 7	 7	 1	 0.051718	 -1	 0.000000	 3.430482
163	 7	 7	 1	 0.036827	 -1	 0.000000	 3.159703
164	 7	 7	 1	 0.039789	 -1	 0.000000	 3.474549
165	 7	 7	 1	 0.029594	 -1	 0.000000	 3.340580
166	 7	 7	 1	 0.080725	 -1	 0.000000	 3.366812
167	 7	 7	 1	 0.048956	 -1	 0.000000	 3.323298
168	 7	 7	 1	 0.034366	 -1	 0.000000	 3.217351
169	 7	 7	 1	 0.036044	 -1	 0.000000	 3.323111
170	 7	 7	 0	 370.229625	 -1	 0.000000	 3.292217
171	 7	 7	 1	 0.038737	 -1	 0.000000	 3.143747
172	 7	 7	 1	 0.043478	 -1	 0.000000	 3.205980
173	 7	 7	 1	 0.030786	 -1	 0.000000	 3.324221
174	 7	 7	 0	 395.611053	 -1	 0.000000	 3.153711
175	 7	 7	 1	 0.040568	 -1	 0.000000	 3.104530
176	 7	 7	 1	 0.122042	 -1	 0.000000	 2.477159
177	 7	 7	 1	 0.032953	 -1	 0.000000	 3.091752
178	 7	 7	 0	 400.517817	 -1	 0.000000	 3.301239
179	 7	 7	 1	 0.058204	 -1	 0.000000	 3.343790
180	 7	 7	 1	 0.065134	 -1	 0.000000	 3.196903
181	 7	 7	 1	 0.052511	 -1	 0.000000	 3.215756
182	 7	 7	 1	 0.048189	 -1	 0.000000	 3.270821
183	 7	 7	 1	 0.042095	 -1	 0.000000	 3.206765
184	 7	 7	 1	 0.062294	 -1	 0.000000	 3.099648
185	 7	 7	 1	 0.028089	 -1	 0.000000	 3.199223
186	 7	 7	 1	 0.037254	 -1	 0.000000	 2.999889
187	 7	 7	 1	 0.035752	 -1	 0.000000	 3.061950
188	 7	 7	 0	 335.686635	 -1	 0.000000	 3.114311
189	 7	 7	 1	 0.089558	 -1	 0.000000	 3.417221
190	 7	 7	 1	 0.034716	 -1	 0.000000	 3.043480
191	 7	 7	 1	 0.045203	 -1	 0.000000	 3.166173
192	 7	 7	 1	 0.047375	 -1	 0.000000	 3.374518
193	 7	 7	 1	 0.036504	 -1	 0.000000	 3.186478
194	 7	 7	 1	 0.041759	 -1	 0.000000	 3.416882
195	 7	 7	 1	 0.034004	 -1	 0.000000	 3.260234
196	 7	 7	 0	 113.736789	 -1	 0.000000	 2.913550
197	 7	 7	 1	 0.040907	 -1	 0.000000	 3.418922
198	 7	 7	 1	 0.039464	 -1	 0.000000	 3.043798
199	 7	 7	 0	 376.562010	 -1	 0.000000	 2.971463
200	 7	 7	 1	 0.055974	 -1	 0.000000	 3.406255
201	 7	 7	 1	 0.045030	 -1	 0.000000	 3.186534
202	 7	 7	 1	 0.059408	 -1	 0.000000	 2.958744
203	 7	 7	 0	 408.261834	 -1	 0.000000	 3.386428
204	 7	 7	 0	 373.120409	 -1	 0.000000	 3.324151
205	 7	 7	 1	 0.036924	 -1	 0.000000	 3.402659
206	 7	 7	 1	 0.046787	 -1	 0.000000	 3.248651
207	 7	 7	 1	 0.057627	 -1	 0.000000	 3.291918
208	 7	 7	 1	 0.028406	 -1	 0.000000	 3.177996
209	 7	 7	 1	 0.082497	 -1	 0.000000	 3.272803
210	 7	 7	 1	 0.034629	 -1	 0.000000	 3.072111
211	 7	 7	 1	 0.037080	 -1	 0.000000	 3.243209
212	 7	 7	 1	 0.040976	 -1	 0.000000	 3.190371
213	 7	 7	 1	 0.029384	 -1	 0.000000	 3.346704
214	 7	 7	 0	 156.718809	 -1	 0.000000	 2.812170
215	 7	 7	 1	 0.038370	 -1	 0.000000	 3.089113
216	 7	 7	 0	 372.993227	 -1	 0.000000	 3.535288
217	 7	 7	 1	 0.058270	 -1	 0.000000	 3.012846
218	 7	 7	 1	 0.067806	 -1	 0.000000	 3.500652
219	 7	 7	 1	 0.037548	 -1	 0.000000	 3.046707
220	 7	 7	 1	 0.057327	 -1	 0.000000	 3.383572
221	 7	 7	 1	 0.050503	 -1	 0.000000	 2.992370
222	 7	 7	 0	 407.097470	 -1	 0.000000	 3.897059
223	 7	 7	 1	 0.033908	 -1	 0.000000	 3.282215
224	 7	 7	 1	 0.068019	 -1	 0.000000	 2.702895
225	 7	 7	 1	 0.035058	 -1	 0.000000	 3.142624
226	 7	 7	 1	 0.041352	 -1	 0.000000	 3.261533
227	 7	 7	 1	 0.037719	 -1	 0.000000	 3.109909
228	 7	 7	 1	 0.064561	 -1	 0.000000	 3.430477
230	 7	 7	 1	 0.025329	 -1	 0.000000	 3.187709
231	 7	 7	 0	 377.649720	 -1	 0.000000	 3.222944
232	 7	 7	 1	 0.057593	 -1	 0.000000	 3.282239
233	 7	 7	 1	 0.054496	 -1	 0.000000	 3.386616
234	 7	 7	 1	 0.043705	 -1	 0.000000	 3.356012
235	 7	 7	 1	 0.076685	 -1	 0.000000	 3.346703
236	 7	 7	 1	 0.047930	 -1	 0.000000	 3.239868
238	 7	 7	 1	 0.043935	 -1	 0.000000	 3.102379
239	 7	 7	 1	 0.046660	 -1	 0.000000	 3.092466
241	 7	 7	 1	 0.058304	 -1	 0.000000	 3.247829
242	 7	 7	 1	 0.037755	 -1	 0.000000	 3.382428
243	 7	 7	 1	 0.036115	 -1	 0.000000	 2.936874
244	 7	 7	 1	 0.043496	 -1	 0.000000	 2.587120
245	 7	 7	 0	 287.141293	 -1	 0.000000	 2.776340
246	 7	 7	 1	 0.028952	 -1	 0.000000	 3.229867
247	 7	 7	 1	 0.086966	 -1	 0.000000	 3.507669
248	 7	 7	 1	 0.058552	 -1	 0.000000	 3.048113
249	 7	 7	 1	 0.050665	 -1	 0.000000	 3.518378
251	 7	 7	 1	 0.056886	 -1	 0.000000	 3.202422
252	 7	 7	 1	 0.042653	 -1	 0.000000	 3.183274
253	 7	 7	 1	 0.058278	 -1	 0.000000	 3.217210
254	 7	 7	 1	 0.037948	 -1	 0.000000	 3.514570
255	 7	 7	 1	 0.045938	 -1	 0.000000	 3.389041
256	 7	 7	 0	 405.498714	 -1	 0.000000	 3.650878
257	 7	 7	 1	 0.061833	 -1	 0.000000	 2.730242
258	 7	 7	 1	 0.070779	 -1	 0.000000	 3.434335
259	 7	 7	 1	 0.031553	 -1	 0.000000	 3.260240
260	 7	 7	 1	 0.056525	 -1	 0.000000	 3.186363
261	 7	 7	 1	 0.027991	 -1	 0.000000	 3.240516
262	 7	 7	 1	 0.040049	 -1	 0.000000	 3.471111
263	 7	 7	 1	 0.052927	 -1	 0.000000	 3.488804
265	 7	 7	 1	 0.032926	 -1	 0.000000	 3.067887
266	 7	 7	 1	 0.069925	 -1	 0.000000	 3.359384
267	 7	 7	 1	 0.031450	 -1	 0.000000	 3.260399
268	 7	 7	 1	 0.068413	 -1	 0.000000	 3.456347
273	 7	 7	 1	 0.033515	 -1	 0.000000	 3.166781
300	 7	 7	 1	 0.041410	 -1	 0.000000	 3.115186
301	 7	 7	 1	 0.054275	 -1	 0.000000	 2.471661
302	 7	 7	 1	 0.040327	 -1	 0.000000	 3.075071
303	 7	 7	 1	 0.040224	 -1	 0.000000	 3.360473
304	 7	 7	 0	 382.310302	 -1	 0.000000	 4.062574
305	 7	 7	 1	 0.054260	 -1	 0.000000	 3.359460
307	 7	 7	 1	 0.051712	 -1	 0.000000	 3.259123
308	 7	 7	 0	 332.884955	 -1	 0.000000	 2.918930
309	 7	 7	 1	 0.093515	 -1	 0.000000	 3.316969
310	 7	 7	 1	 0.059107	 -1	 0.000000	 3.371556
311	 7	 7	 1	 0.051948	 -1	 0.000000	 3.408292
312	 7	 7	 1	 0.057984	 -1	 0.000000	 3.300717
313	 7	 7	 1	 0.038552	 -1	 0.000000	 3.037266
314	 7	 7	 1	 0.035303	 -1	 0.000000	 3.088432
315	 7	 7	 1	 0.039724	 -1	 0.000000	 3.592960
316	 7	 7	 1	 0.031526	 -1	 0.000000	 3.184167
317	 7	 7	 1	 0.053640	 -1	 0.000000	 3.231565
318	 7	 7	 0	 376.420179	 -1	 0.000000	 2.929545
319	 7	 7	 1	 0.058446	 -1	 0.000000	 3.185180
320	 7	 7	 1	 0.026678	 -1	 0.000000	 3.139546
321	 7	 7	 1	 0.043806	 -1	 0.000000	 3.216574
322	 7	 7	 1	 0.049400	 -1	 0.000000	 3.295121
334	 7	 7	 1	 0.036934	 -1	 0.000000	 3.343132
2171	 10	 10	 0	 477.331112	 -1	 0.000000	 6.865933
336	 7	 7	 1	 0.069887	 -1	 0.000000	 3.528529
340	 7	 7	 1	 0.031182	 -1	 0.000000	 3.158395
341	 7	 7	 1	 0.028816	 -1	 0.000000	 3.286117
342	 7	 7	 1	 0.042026	 -1	 0.000000	 3.055957
343	 7	 7	 0	 360.605027	 -1	 0.000000	 3.546844
344	 7	 7	 1	 0.035806	 -1	 0.000000	 3.113226
345	 7	 7	 1	 0.079136	 -1	 0.000000	 3.223458
2723	 5	 5	 0	 409.208737	 -1	 0.000000	 2.560565
346	 7	 7	 0	 378.191648	 -1	 0.000000	 2.975372
347	 7	 7	 1	 0.046997	 -1	 0.000000	 3.630376
348	 7	 7	 1	 117.947817	 -1	 0.000000	 3.229164
349	 7	 7	 1	 0.049280	 -1	 0.000000	 3.354819
350	 7	 7	 1	 0.032650	 -1	 0.000000	 3.086399
351	 7	 7	 1	 0.046288	 -1	 0.000000	 3.217930
352	 7	 7	 1	 0.034977	 -1	 0.000000	 3.064442
353	 7	 7	 1	 0.037779	 -1	 0.000000	 3.192291
354	 7	 7	 1	 0.039279	 -1	 0.000000	 2.953713
355	 7	 7	 1	 0.047998	 -1	 0.000000	 3.414187
356	 7	 7	 0	 387.129205	 -1	 0.000000	 3.457873
357	 7	 7	 1	 0.065448	 -1	 0.000000	 3.399650
358	 7	 7	 1	 0.032686	 -1	 0.000000	 3.146115
359	 7	 7	 1	 0.047729	 -1	 0.000000	 3.202510
362	 7	 7	 1	 0.036647	 -1	 0.000000	 3.202412
363	 7	 7	 1	 0.032926	 -1	 0.000000	 3.609860
364	 7	 7	 1	 0.086407	 -1	 0.000000	 3.140601
365	 7	 7	 1	 0.045734	 -1	 0.000000	 3.212964
668	 7	 7	 0	 433.061793	 -1	 0.000000	 3.376983
367	 7	 7	 1	 0.053584	 -1	 0.000000	 3.387451
368	 7	 7	 1	 0.042951	 -1	 0.000000	 3.262195
369	 7	 7	 1	 0.033942	 -1	 0.000000	 3.270112
370	 7	 7	 1	 0.040595	 -1	 0.000000	 3.352372
371	 7	 7	 1	 0.026546	 -1	 0.000000	 2.986242
372	 7	 7	 0	 379.943656	 -1	 0.000000	 3.073801
373	 7	 7	 1	 0.045312	 -1	 0.000000	 3.272784
374	 7	 7	 1	 0.048861	 -1	 0.000000	 3.239242
375	 7	 7	 1	 0.033030	 -1	 0.000000	 3.197491
376	 7	 7	 0	 136.488243	 -1	 0.000000	 2.738624
377	 7	 7	 1	 0.052937	 -1	 0.000000	 3.295555
378	 7	 7	 1	 0.039021	 -1	 0.000000	 3.094227
379	 7	 7	 1	 0.053685	 -1	 0.000000	 3.465465
380	 7	 7	 1	 0.091452	 -1	 0.000000	 2.693813
381	 7	 7	 1	 0.048532	 -1	 0.000000	 3.076325
382	 7	 7	 1	 0.030068	 -1	 0.000000	 3.092245
383	 7	 7	 1	 0.037312	 -1	 0.000000	 3.049905
384	 7	 7	 1	 0.064980	 -1	 0.000000	 3.437593
385	 7	 7	 1	 0.047963	 -1	 0.000000	 3.245611
386	 7	 7	 0	 378.479618	 -1	 0.000000	 2.898468
387	 7	 7	 1	 0.041855	 -1	 0.000000	 3.571491
388	 7	 7	 1	 0.040779	 -1	 0.000000	 3.368991
389	 7	 7	 1	 0.061486	 -1	 0.000000	 3.234143
390	 7	 7	 1	 0.030852	 -1	 0.000000	 3.138322
391	 7	 7	 1	 0.027354	 -1	 0.000000	 3.299742
392	 7	 7	 0	 402.416936	 -1	 0.000000	 2.912820
393	 7	 7	 1	 0.029327	 -1	 0.000000	 3.188824
394	 7	 7	 1	 0.029987	 -1	 0.000000	 3.473770
395	 7	 7	 1	 0.032976	 -1	 0.000000	 3.418149
360	 7	 7	 1	 30.642314	 -1	 0.000000	 3.353248
400	 7	 7	 1	 0.034528	 -1	 0.000000	 3.231102
401	 7	 7	 1	 0.133384	 -1	 0.000000	 2.500620
402	 7	 7	 1	 0.031732	 -1	 0.000000	 3.273208
403	 7	 7	 1	 0.042389	 -1	 0.000000	 3.197918
404	 7	 7	 1	 0.061738	 -1	 0.000000	 3.226574
405	 7	 7	 0	 379.778238	 -1	 0.000000	 3.216654
406	 7	 7	 1	 0.050903	 -1	 0.000000	 3.146146
407	 7	 7	 1	 0.041967	 -1	 0.000000	 3.027934
408	 7	 7	 1	 0.064794	 -1	 0.000000	 3.138138
409	 7	 7	 1	 0.038931	 -1	 0.000000	 3.152377
410	 7	 7	 1	 0.042282	 -1	 0.000000	 3.132404
411	 7	 7	 1	 0.413836	 -1	 0.000000	 2.791731
412	 7	 7	 1	 0.041408	 -1	 0.000000	 3.465358
413	 7	 7	 1	 0.065912	 -1	 0.000000	 3.171089
414	 7	 7	 1	 0.045966	 -1	 0.000000	 3.268341
415	 7	 7	 1	 0.030914	 -1	 0.000000	 3.131776
416	 7	 7	 1	 0.058513	 -1	 0.000000	 3.469620
417	 7	 7	 1	 0.045841	 -1	 0.000000	 3.316977
418	 7	 7	 1	 0.033489	 -1	 0.000000	 3.334260
419	 7	 7	 1	 0.043064	 -1	 0.000000	 3.305928
428	 7	 7	 0	 350.676561	 -1	 0.000000	 3.099581
429	 7	 7	 1	 1.746671	 -1	 0.000000	 3.426310
434	 7	 7	 0	 413.247418	 -1	 0.000000	 3.258424
435	 7	 7	 1	 0.033460	 -1	 0.000000	 3.024638
436	 7	 7	 1	 0.031772	 -1	 0.000000	 3.072149
437	 7	 7	 1	 0.029667	 -1	 0.000000	 3.280591
438	 7	 7	 1	 0.039813	 -1	 0.000000	 3.221140
439	 7	 7	 1	 12.955523	 -1	 0.000000	 3.215553
440	 7	 7	 1	 0.041622	 -1	 0.000000	 3.125320
441	 7	 7	 1	 0.031924	 -1	 0.000000	 3.285763
442	 7	 7	 1	 0.043113	 -1	 0.000000	 3.390893
443	 7	 7	 1	 0.087093	 -1	 0.000000	 3.277915
444	 7	 7	 1	 0.047266	 -1	 0.000000	 3.372649
445	 7	 7	 1	 0.066941	 -1	 0.000000	 3.404008
446	 7	 7	 1	 0.039743	 -1	 0.000000	 2.986387
447	 7	 7	 1	 0.044604	 -1	 0.000000	 3.347443
448	 7	 7	 1	 0.031225	 -1	 0.000000	 3.246651
449	 7	 7	 1	 0.040758	 -1	 0.000000	 3.067696
450	 7	 7	 1	 0.092646	 -1	 0.000000	 2.964667
452	 7	 7	 0	 407.607135	 -1	 0.000000	 3.272183
453	 7	 7	 1	 0.045399	 -1	 0.000000	 2.730830
454	 7	 7	 1	 0.034687	 -1	 0.000000	 3.207765
455	 7	 7	 0	 316.885111	 -1	 0.000000	 2.656508
457	 7	 7	 1	 0.027010	 -1	 0.000000	 3.277892
458	 7	 7	 1	 0.074094	 -1	 0.000000	 3.242194
459	 7	 7	 1	 0.039470	 -1	 0.000000	 2.927545
433	 7	 7	 1	 30.506346	 -1	 0.000000	 2.851289
460	 7	 7	 1	 0.038884	 -1	 0.000000	 3.279845
461	 7	 7	 0	 350.657856	 -1	 0.000000	 2.978917
462	 7	 7	 1	 0.032324	 -1	 0.000000	 3.256469
463	 7	 7	 1	 0.059093	 -1	 0.000000	 3.451247
464	 7	 7	 1	 0.042505	 -1	 0.000000	 3.308210
465	 7	 7	 1	 0.026989	 -1	 0.000000	 3.179490
466	 7	 7	 1	 0.043489	 -1	 0.000000	 3.428477
467	 7	 7	 1	 0.029153	 -1	 0.000000	 3.275437
468	 7	 7	 1	 0.052687	 -1	 0.000000	 3.215556
469	 7	 7	 1	 0.074197	 -1	 0.000000	 3.802996
470	 7	 7	 1	 0.033284	 -1	 0.000000	 3.345119
471	 7	 7	 0	 364.099284	 -1	 0.000000	 2.674285
472	 7	 7	 1	 0.054197	 -1	 0.000000	 3.363168
473	 7	 7	 1	 0.044017	 -1	 0.000000	 3.091009
474	 7	 7	 1	 0.050310	 -1	 0.000000	 3.354619
475	 7	 7	 1	 0.084211	 -1	 0.000000	 3.052449
476	 7	 7	 0	 404.794016	 -1	 0.000000	 2.737280
477	 7	 7	 1	 0.065724	 -1	 0.000000	 3.428507
479	 7	 7	 1	 78.498178	 -1	 0.000000	 2.741981
480	 7	 7	 1	 0.046184	 -1	 0.000000	 3.277263
481	 7	 7	 1	 0.037200	 -1	 0.000000	 3.511046
482	 7	 7	 1	 0.042720	 -1	 0.000000	 3.339079
483	 7	 7	 1	 0.030054	 -1	 0.000000	 3.035245
484	 7	 7	 0	 366.744092	 -1	 0.000000	 2.946514
485	 7	 7	 1	 0.061084	 -1	 0.000000	 3.435680
486	 7	 7	 0	 405.584399	 -1	 0.000000	 3.632599
487	 7	 7	 1	 0.064077	 -1	 0.000000	 3.074331
488	 7	 7	 1	 0.030827	 -1	 0.000000	 3.137343
489	 7	 7	 1	 0.030829	 -1	 0.000000	 3.025426
490	 7	 7	 1	 0.172960	 -1	 0.000000	 2.561312
491	 7	 7	 1	 0.042004	 -1	 0.000000	 3.171139
>>> gr_fir_ccf: using E
>>> gr_fir_fff: using E
gr_buffer::allocate_buffer: warning: tried to allocate
   36 items of size 1776. Due to alignment requirements
   256 were allocated.  If this isn't OK, consider padding
   your structure to a power-of-two bytes.
   On this platform, our allocation granularity is 4096 bytes.
80	 9	 9	 1	 101.186418	 -1	 0.000000	 3.417283
81	 9	 9	 1	 89.631510	 -1	 0.000000	 3.102472
82	 9	 9	 1	 46.609566	 -1	 0.000000	 2.729811
83	 9	 9	 0	 362.646364	 -1	 0.000000	 3.319528
84	 9	 9	 1	 99.125021	 -1	 0.000000	 3.255926
85	 9	 9	 1	 31.808586	 -1	 0.000000	 2.804826
86	 9	 9	 1	 87.673992	 -1	 0.000000	 3.322372
87	 9	 9	 0	 449.156849	 -1	 0.000000	 2.710240
88	 9	 9	 0	 244.995661	 -1	 0.000000	 3.209151
89	 9	 9	 1	 20.087652	 -1	 0.000000	 3.293930
90	 9	 9	 1	 89.589952	 -1	 0.000000	 3.226522
91	 9	 9	 1	 45.236538	 -1	 0.000000	 2.804451
92	 9	 9	 1	 68.377886	 -1	 0.000000	 3.226627
93	 9	 9	 1	 23.852975	 -1	 0.000000	 3.014413
94	 9	 9	 1	 86.296086	 -1	 0.000000	 3.299343
95	 9	 9	 1	 92.795926	 -1	 0.000000	 3.200402
96	 9	 9	 1	 99.760761	 -1	 0.000000	 3.179188
97	 9	 9	 1	 123.959812	 -1	 0.000000	 3.307444
98	 9	 9	 1	 76.163347	 -1	 0.000000	 3.293087
99	 9	 9	 1	 59.699929	 -1	 0.000000	 2.689536
100	 9	 9	 1	 116.129419	 -1	 0.000000	 3.196736
101	 9	 9	 0	 343.501454	 -1	 0.000000	 3.579813
102	 9	 9	 1	 224.108030	 -1	 0.000000	 3.192554
103	 9	 9	 1	 21.879943	 -1	 0.000000	 2.899477
104	 9	 9	 0	 434.359263	 -1	 0.000000	 3.142329
105	 9	 9	 1	 105.387181	 -1	 0.000000	 3.213049
106	 9	 9	 1	 41.932124	 -1	 0.000000	 2.890382
107	 9	 9	 1	 108.233693	 -1	 0.000000	 3.034018
108	 9	 9	 0	 443.368297	 -1	 0.000000	 3.628181
109	 9	 9	 1	 33.126411	 -1	 0.000000	 3.057521
110	 9	 9	 1	 32.110646	 -1	 0.000000	 3.126043
111	 9	 9	 1	 31.732012	 -1	 0.000000	 2.532523
112	 9	 9	 0	 439.075787	 -1	 0.000000	 3.211055
113	 9	 9	 1	 91.617166	 -1	 0.000000	 3.223026
114	 9	 9	 1	 24.760088	 -1	 0.000000	 2.835646
115	 9	 9	 1	 106.816639	 -1	 0.000000	 3.435093
116	 9	 9	 1	 26.179258	 -1	 0.000000	 2.979567
117	 9	 9	 1	 30.246493	 -1	 0.000000	 2.705478
118	 9	 9	 1	 102.634575	 -1	 0.000000	 3.289329
119	 9	 9	 1	 101.270605	 -1	 0.000000	 3.064635
120	 9	 9	 0	 247.466820	 -1	 0.000000	 3.321277
121	 9	 9	 1	 193.942366	 -1	 0.000000	 2.922865
122	 9	 9	 1	 106.915204	 -1	 0.000000	 3.280661
123	 9	 9	 0	 351.856767	 -1	 0.000000	 2.899669
124	 9	 9	 1	 108.241329	 -1	 0.000000	 3.118559
125	 9	 9	 1	 30.415636	 -1	 0.000000	 2.914680
126	 9	 9	 1	 84.035793	 -1	 0.000000	 3.146431
127	 9	 9	 1	 96.585838	 -1	 0.000000	 3.148900
128	 9	 9	 1	 78.550084	 -1	 0.000000	 3.174555
129	 9	 9	 1	 90.123160	 -1	 0.000000	 3.344445
130	 9	 9	 1	 28.463154	 -1	 0.000000	 3.195463
131	 9	 9	 1	 67.119846	 -1	 0.000000	 2.783972
132	 9	 9	 1	 96.149810	 -1	 0.000000	 3.400945
133	 9	 9	 1	 102.380050	 -1	 0.000000	 3.448621
134	 9	 9	 1	 95.275141	 -1	 0.000000	 3.225235
135	 9	 9	 1	 92.902430	 -1	 0.000000	 3.200119
136	 9	 9	 0	 446.141649	 -1	 0.000000	 3.010031
137	 9	 9	 1	 116.224411	 -1	 0.000000	 3.430634
138	 9	 9	 1	 31.474923	 -1	 0.000000	 2.721207
139	 9	 9	 1	 30.365678	 -1	 0.000000	 3.074162
140	 9	 9	 1	 94.029570	 -1	 0.000000	 3.346207
141	 9	 9	 1	 24.344106	 -1	 0.000000	 2.654995
142	 9	 9	 1	 23.236331	 -1	 0.000000	 2.929537
143	 9	 9	 1	 21.226788	 -1	 0.000000	 2.803781
144	 9	 9	 1	 106.973085	 -1	 0.000000	 3.056280
145	 9	 9	 0	 414.835427	 -1	 0.000000	 2.932779
146	 9	 9	 1	 87.448252	 -1	 0.000000	 3.030808
147	 9	 9	 1	 112.968732	 -1	 0.000000	 3.206302
148	 9	 9	 1	 96.378662	 -1	 0.000000	 3.140313
149	 9	 9	 0	 350.453298	 -1	 0.000000	 3.418111
150	 9	 9	 0	 368.050633	 -1	 0.000000	 3.238725
151	 9	 9	 1	 29.170844	 -1	 0.000000	 2.959133
152	 9	 9	 0	 449.603830	 -1	 0.000000	 3.471885
153	 9	 9	 1	 76.733084	 -1	 0.000000	 2.692118
154	 9	 9	 1	 26.085694	 -1	 0.000000	 3.269857
80	 9	 9	 1	 110.401449	 -1	 0.000000	 3.230238
81	 9	 9	 0	 367.177987	 -1	 0.000000	 3.361857
82	 9	 9	 1	 26.854238	 -1	 0.000000	 3.000906
83	 9	 9	 1	 102.820658	 -1	 0.000000	 2.971989
84	 9	 9	 1	 89.280721	 -1	 0.000000	 3.432296
85	 9	 9	 1	 92.897789	 -1	 0.000000	 3.382212
86	 9	 9	 0	 385.700509	 -1	 0.000000	 3.568435
87	 9	 9	 1	 49.449914	 -1	 0.000000	 2.933025
88	 9	 9	 1	 34.064248	 -1	 0.000000	 3.003179
89	 9	 9	 1	 231.842802	 -1	 0.000000	 2.878184
90	 9	 9	 1	 89.376489	 -1	 0.000000	 3.120822
91	 9	 9	 1	 41.536878	 -1	 0.000000	 3.252418
92	 9	 9	 1	 115.000794	 -1	 0.000000	 3.519876
93	 9	 9	 1	 41.117644	 -1	 0.000000	 2.564501
94	 9	 9	 1	 81.858015	 -1	 0.000000	 3.049906
95	 9	 9	 1	 81.416576	 -1	 0.000000	 3.235294
96	 9	 9	 1	 39.926442	 -1	 0.000000	 3.144657
97	 9	 9	 0	 412.033912	 -1	 0.000000	 3.335922
98	 9	 9	 1	 23.955530	 -1	 0.000000	 3.285356
99	 9	 9	 1	 111.169289	 -1	 0.000000	 3.405172
100	 9	 9	 1	 113.714800	 -1	 0.000000	 3.187512
101	 9	 9	 1	 28.873500	 -1	 0.000000	 2.991781
102	 9	 9	 1	 28.536289	 -1	 0.000000	 2.875679
103	 9	 9	 1	 106.395448	 -1	 0.000000	 3.513360
104	 9	 9	 1	 28.287208	 -1	 0.000000	 2.595617
105	 9	 9	 1	 25.462889	 -1	 0.000000	 2.719669
106	 9	 9	 1	 45.534454	 -1	 0.000000	 2.589894
107	 9	 9	 1	 78.290404	 -1	 0.000000	 3.276785
108	 9	 9	 1	 24.207968	 -1	 0.000000	 2.924317
109	 9	 9	 1	 84.239448	 -1	 0.000000	 3.094735
110	 9	 9	 0	 409.106825	 -1	 0.000000	 3.275775
111	 9	 9	 1	 88.690472	 -1	 0.000000	 3.197651
112	 9	 9	 0	 448.937201	 -1	 0.000000	 3.608193
113	 9	 9	 1	 28.881361	 -1	 0.000000	 3.089964
114	 9	 9	 1	 128.806034	 -1	 0.000000	 3.467165
115	 9	 9	 0	 216.002036	 -1	 0.000000	 2.882963
116	 9	 9	 1	 104.432612	 -1	 0.000000	 3.322019
117	 9	 9	 1	 195.908736	 -1	 0.000000	 2.746947
118	 9	 9	 1	 19.816645	 -1	 0.000000	 2.989887
119	 9	 9	 1	 93.625601	 -1	 0.000000	 3.339357
120	 9	 9	 1	 83.685636	 -1	 0.000000	 3.058785
121	 9	 9	 1	 91.854224	 -1	 0.000000	 3.143713
122	 9	 9	 1	 99.134136	 -1	 0.000000	 3.182933
123	 9	 9	 1	 79.822927	 -1	 0.000000	 3.001357
124	 9	 9	 0	 441.119984	 -1	 0.000000	 3.088501
125	 9	 9	 1	 88.708673	 -1	 0.000000	 3.366180
126	 9	 9	 1	 87.976441	 -1	 0.000000	 3.374110
127	 9	 9	 1	 64.047126	 -1	 0.000000	 2.920275
128	 9	 9	 1	 88.250917	 -1	 0.000000	 3.160565
129	 9	 9	 1	 88.981735	 -1	 0.000000	 2.962653
130	 9	 9	 0	 420.913431	 -1	 0.000000	 3.023813
131	 9	 9	 1	 95.895101	 -1	 0.000000	 3.221933
132	 9	 9	 1	 95.083570	 -1	 0.000000	 3.261100
133	 9	 9	 1	 108.263540	 -1	 0.000000	 3.151468
134	 9	 9	 0	 353.113616	 -1	 0.000000	 2.860796
135	 9	 9	 0	 356.606365	 -1	 0.000000	 3.204379
136	 9	 9	 0	 302.572360	 -1	 0.000000	 2.718159
137	 9	 9	 1	 105.468542	 -1	 0.000000	 3.257648
138	 9	 9	 1	 90.911170	 -1	 0.000000	 3.209363
139	 9	 9	 1	 26.711731	 -1	 0.000000	 2.758732
140	 9	 9	 1	 81.227989	 -1	 0.000000	 2.563920
141	 9	 9	 1	 112.176517	 -1	 0.000000	 3.030304
142	 9	 9	 0	 376.259875	 -1	 0.000000	 2.874809
143	 9	 9	 1	 22.157075	 -1	 0.000000	 3.109840
144	 9	 9	 1	 36.758812	 -1	 0.000000	 3.009095
145	 9	 9	 1	 99.934374	 -1	 0.000000	 3.289517
146	 9	 9	 1	 81.108992	 -1	 0.000000	 3.360986
147	 9	 9	 1	 110.435895	 -1	 0.000000	 3.080075
148	 9	 9	 0	 189.997084	 -1	 0.000000	 2.880374
149	 9	 9	 1	 38.837934	 -1	 0.000000	 2.491168
150	 9	 9	 1	 104.090139	 -1	 0.000000	 3.418721
151	 9	 9	 1	 101.436536	 -1	 0.000000	 3.311994
152	 9	 9	 1	 98.573835	 -1	 0.000000	 3.025066
153	 9	 9	 1	 25.102554	 -1	 0.000000	 2.712595
154	 9	 9	 1	 100.371607	 -1	 0.000000	 3.133665
155	 9	 9	 0	 400.229521	 -1	 0.000000	 2.709198
156	 9	 9	 0	 443.685383	 -1	 0.000000	 3.486548
157	 9	 9	 1	 35.725700	 -1	 0.000000	 2.629689
158	 9	 9	 1	 42.724830	 -1	 0.000000	 2.999753
159	 9	 9	 1	 111.061383	 -1	 0.000000	 2.940389
160	 9	 9	 0	 402.484259	 -1	 0.000000	 2.966797
161	 9	 9	 1	 76.949964	 -1	 0.000000	 3.614019
162	 9	 9	 1	 73.684404	 -1	 0.000000	 3.201774
163	 9	 9	 1	 93.061680	 -1	 0.000000	 3.261941
164	 9	 9	 0	 335.846917	 -1	 0.000000	 3.517662
165	 9	 9	 1	 51.701526	 -1	 0.000000	 2.863230
166	 9	 9	 1	 83.307650	 -1	 0.000000	 3.183868
167	 9	 9	 1	 113.711021	 -1	 0.000000	 3.535803
168	 9	 9	 1	 83.781523	 -1	 0.000000	 3.021391
169	 9	 9	 1	 85.782578	 -1	 0.000000	 3.223559
170	 9	 9	 1	 33.923585	 -1	 0.000000	 3.047259
171	 9	 9	 1	 29.128470	 -1	 0.000000	 2.731158
172	 9	 9	 1	 75.379377	 -1	 0.000000	 3.221898
173	 9	 9	 0	 432.300080	 -1	 0.000000	 3.223731
174	 9	 9	 1	 26.098471	 -1	 0.000000	 2.837951
175	 9	 9	 1	 105.615961	 -1	 0.000000	 3.252407
176	 9	 9	 1	 90.440376	 -1	 0.000000	 3.319926
177	 9	 9	 0	 455.395102	 -1	 0.000000	 3.511868
178	 9	 9	 1	 28.001736	 -1	 0.000000	 3.094661
179	 9	 9	 1	 40.702928	 -1	 0.000000	 2.571184
180	 9	 9	 1	 164.583412	 -1	 0.000000	 3.154617
181	 9	 9	 0	 444.181830	 -1	 0.000000	 3.510146
182	 9	 9	 0	 448.726012	 -1	 0.000000	 3.022095
183	 9	 9	 1	 114.242603	 -1	 0.000000	 3.222935
184	 9	 9	 1	 35.421417	 -1	 0.000000	 3.020447
0	 11	 11	 0	 453.426424	 -1	 0.000000	 3.621930
1	 11	 11	 1	 36.656547	 -1	 0.000000	 3.527471
2	 11	 11	 1	 49.364097	 -1	 0.000000	 3.259548
3	 11	 11	 0	 443.475043	 -1	 0.000000	 3.599497
80	 11	 11	 0	 378.125963	 -1	 0.000000	 2.569791
81	 11	 11	 1	 61.716491	 -1	 0.000000	 3.008805
82	 11	 11	 1	 106.755891	 -1	 0.000000	 2.630794
83	 11	 11	 1	 42.030640	 -1	 0.000000	 3.260474
84	 11	 11	 1	 54.840703	 -1	 0.000000	 3.259221
85	 11	 11	 1	 64.170639	 -1	 0.000000	 2.918428
86	 11	 11	 1	 26.249756	 -1	 0.000000	 3.289623
87	 11	 11	 1	 49.145365	 -1	 0.000000	 3.092245
88	 11	 11	 1	 42.163631	 -1	 0.000000	 3.317167
89	 11	 11	 1	 37.835521	 -1	 0.000000	 3.079224
90	 11	 11	 1	 41.346531	 -1	 0.000000	 3.253149
92	 11	 11	 1	 44.114252	 -1	 0.000000	 2.969532
93	 11	 11	 1	 43.446851	 -1	 0.000000	 3.210827
94	 11	 11	 1	 59.476406	 -1	 0.000000	 3.439357
95	 11	 11	 1	 42.775414	 -1	 0.000000	 3.210610
96	 11	 11	 1	 47.503171	 -1	 0.000000	 2.854935
97	 11	 11	 1	 61.361458	 -1	 0.000000	 3.278131
98	 11	 11	 1	 50.918687	 -1	 0.000000	 3.112640
99	 11	 11	 1	 42.626527	 -1	 0.000000	 3.109791
100	 11	 11	 1	 34.029657	 -1	 0.000000	 3.402512
101	 11	 11	 0	 375.638236	 -1	 0.000000	 2.884262
102	 11	 11	 0	 403.903944	 -1	 0.000000	 2.910758
103	 11	 11	 1	 45.122411	 -1	 0.000000	 3.235095
104	 11	 11	 1	 45.386709	 -1	 0.000000	 3.139943
105	 11	 11	 1	 66.043933	 -1	 0.000000	 3.002454
106	 11	 11	 1	 41.746159	 -1	 0.000000	 3.099367
107	 11	 11	 1	 34.205320	 -1	 0.000000	 2.961842
108	 11	 11	 1	 48.653267	 -1	 0.000000	 3.131696
109	 11	 11	 1	 50.803289	 -1	 0.000000	 3.342853
110	 11	 11	 1	 62.201438	 -1	 0.000000	 3.072923
111	 11	 11	 1	 42.909338	 -1	 0.000000	 3.184048
112	 11	 11	 1	 38.413566	 -1	 0.000000	 3.236489
113	 11	 11	 1	 52.872877	 -1	 0.000000	 3.356647
114	 11	 11	 1	 37.824359	 -1	 0.000000	 3.153204
115	 11	 11	 1	 62.203887	 -1	 0.000000	 3.109177
116	 11	 11	 1	 37.981787	 -1	 0.000000	 3.451603
117	 11	 11	 0	 458.643755	 -1	 0.000000	 2.974624
118	 11	 11	 1	 38.741513	 -1	 0.000000	 3.429441
119	 11	 11	 1	 58.824196	 -1	 0.000000	 2.401474
120	 11	 11	 1	 62.684393	 -1	 0.000000	 3.481083
121	 11	 11	 1	 54.991936	 -1	 0.000000	 3.324003
122	 11	 11	 1	 44.676931	 -1	 0.000000	 3.099902
123	 11	 11	 1	 43.443741	 -1	 0.000000	 3.473753
124	 11	 11	 1	 38.655383	 -1	 0.000000	 3.050170
125	 11	 11	 1	 48.142784	 -1	 0.000000	 3.398433
126	 11	 11	 1	 39.006274	 -1	 0.000000	 3.114809
127	 11	 11	 1	 43.323107	 -1	 0.000000	 3.124565
128	 11	 11	 1	 36.470085	 -1	 0.000000	 2.777130
129	 11	 11	 1	 40.342761	 -1	 0.000000	 3.157981
130	 11	 11	 1	 39.440363	 -1	 0.000000	 3.429604
131	 11	 11	 1	 57.097009	 -1	 0.000000	 2.654932
132	 11	 11	 1	 39.967935	 -1	 0.000000	 3.420249
133	 11	 11	 0	 337.021519	 -1	 0.000000	 2.974017
134	 11	 11	 1	 54.128774	 -1	 0.000000	 3.381948
135	 11	 11	 1	 38.742216	 -1	 0.000000	 3.366857
136	 11	 11	 1	 37.525942	 -1	 0.000000	 3.209833
137	 11	 11	 1	 43.925570	 -1	 0.000000	 3.102415
138	 11	 11	 1	 34.912191	 -1	 0.000000	 3.301273
139	 11	 11	 1	 42.313475	 -1	 0.000000	 3.388222
140	 11	 11	 1	 90.691263	 -1	 0.000000	 2.954610
141	 11	 11	 1	 41.725659	 -1	 0.000000	 3.621733
142	 11	 11	 0	 412.883995	 -1	 0.000000	 3.001561
143	 11	 11	 1	 43.290148	 -1	 0.000000	 3.305360
144	 11	 11	 1	 36.613063	 -1	 0.000000	 3.189741
145	 11	 11	 1	 31.930656	 -1	 0.000000	 3.424134
146	 11	 11	 1	 46.265842	 -1	 0.000000	 3.211955
147	 11	 11	 1	 31.017156	 -1	 0.000000	 3.020719
148	 11	 11	 1	 62.633284	 -1	 0.000000	 3.202992
149	 11	 11	 1	 100.491147	 -1	 0.000000	 2.771127
150	 11	 11	 1	 39.840069	 -1	 0.000000	 3.370889
151	 11	 11	 1	 67.384241	 -1	 0.000000	 3.237480
152	 11	 11	 0	 369.494322	 -1	 0.000000	 3.339928
153	 11	 11	 1	 31.647712	 -1	 0.000000	 2.867699
154	 11	 11	 1	 200.346157	 -1	 0.000000	 3.143183
155	 11	 11	 1	 44.894954	 -1	 0.000000	 3.163554
156	 11	 11	 0	 261.625362	 -1	 0.000000	 3.015771
157	 11	 11	 1	 38.548208	 -1	 0.000000	 3.255696
158	 11	 11	 1	 40.425297	 -1	 0.000000	 3.227887
159	 11	 11	 1	 40.462280	 -1	 0.000000	 2.381310
160	 11	 11	 0	 357.879641	 -1	 0.000000	 2.666830
161	 11	 11	 1	 65.379811	 -1	 0.000000	 3.534932
162	 11	 11	 0	 448.081749	 -1	 0.000000	 3.505022
163	 11	 11	 1	 31.148233	 -1	 0.000000	 3.314647
164	 11	 11	 0	 326.138019	 -1	 0.000000	 3.052737
165	 11	 11	 1	 47.982156	 -1	 0.000000	 3.538929
166	 11	 11	 1	 45.031112	 -1	 0.000000	 3.083049
167	 11	 11	 1	 46.831214	 -1	 0.000000	 3.237008
168	 11	 11	 1	 36.632000	 -1	 0.000000	 2.845438
169	 11	 11	 1	 39.260626	 -1	 0.000000	 3.396894
170	 11	 11	 1	 34.557215	 -1	 0.000000	 3.490430
171	 11	 11	 0	 437.696430	 -1	 0.000000	 3.529824
172	 11	 11	 1	 44.874327	 -1	 0.000000	 2.869540
173	 11	 11	 1	 187.485485	 -1	 0.000000	 2.669318
174	 11	 11	 1	 57.751367	 -1	 0.000000	 3.302847
175	 11	 11	 1	 45.857093	 -1	 0.000000	 3.057152
176	 11	 11	 1	 50.902593	 -1	 0.000000	 3.404866
177	 11	 11	 0	 456.994191	 -1	 0.000000	 2.974889
178	 11	 11	 1	 44.154304	 -1	 0.000000	 3.279886
179	 11	 11	 1	 40.940172	 -1	 0.000000	 3.325865
180	 11	 11	 1	 41.145468	 -1	 0.000000	 3.603019
181	 11	 11	 1	 73.631578	 -1	 0.000000	 3.307734
182	 11	 11	 1	 37.836547	 -1	 0.000000	 3.078263
183	 11	 11	 1	 37.937772	 -1	 0.000000	 3.384125
184	 11	 11	 1	 38.131955	 -1	 0.000000	 3.280169
185	 11	 11	 1	 43.515855	 -1	 0.000000	 3.139365
186	 11	 11	 1	 34.252227	 -1	 0.000000	 3.241803
187	 11	 11	 0	 440.577130	 -1	 0.000000	 2.968223
188	 11	 11	 1	 69.185820	 -1	 0.000000	 3.282498
189	 11	 11	 1	 28.059846	 -1	 0.000000	 3.265348
190	 11	 11	 0	 283.209749	 -1	 0.000000	 3.123136
191	 11	 11	 1	 59.600875	 -1	 0.000000	 3.244560
192	 11	 11	 1	 68.760496	 -1	 0.000000	 2.695045
193	 11	 11	 1	 35.556587	 -1	 0.000000	 2.802075
194	 11	 11	 1	 56.620876	 -1	 0.000000	 2.907766
195	 11	 11	 1	 46.898112	 -1	 0.000000	 3.099765
196	 11	 11	 1	 63.347878	 -1	 0.000000	 3.372758
197	 11	 11	 1	 42.792570	 -1	 0.000000	 3.170832
198	 11	 11	 1	 42.648525	 -1	 0.000000	 2.600613
199	 11	 11	 0	 281.496765	 -1	 0.000000	 3.086656
200	 11	 11	 1	 44.934162	 -1	 0.000000	 2.850456
201	 11	 11	 1	 34.488511	 -1	 0.000000	 2.824964
203	 11	 11	 1	 57.819157	 -1	 0.000000	 3.058057
204	 11	 11	 0	 440.183821	 -1	 0.000000	 2.799616
205	 11	 11	 0	 435.399914	 -1	 0.000000	 3.103790
206	 11	 11	 1	 43.674587	 -1	 0.000000	 3.093826
80	 10	 10	 0	 447.072558	 -1	 0.000000	 3.032272
82	 10	 10	 0	 407.443367	 -1	 0.000000	 3.232955
83	 10	 10	 0	 438.180302	 -1	 0.000000	 3.120707
84	 10	 10	 0	 444.343641	 -1	 0.000000	 3.318562
85	 10	 10	 0	 441.745795	 -1	 0.000000	 2.639314
86	 10	 10	 0	 456.288592	 -1	 0.000000	 3.260542
87	 10	 10	 0	 422.103361	 -1	 0.000000	 2.664361
88	 10	 10	 0	 415.553618	 -1	 0.000000	 2.761340
89	 10	 10	 0	 475.119751	 -1	 0.000000	 3.411454
90	 10	 10	 0	 419.027458	 -1	 0.000000	 2.775591
91	 10	 10	 0	 461.036321	 -1	 0.000000	 3.231900
92	 10	 10	 0	 457.243696	 -1	 0.000000	 2.810219
93	 10	 10	 0	 455.081213	 -1	 0.000000	 3.458111
94	 10	 10	 1	 385.362450	 -1	 0.000000	 2.901236
95	 10	 10	 0	 453.600827	 -1	 0.000000	 3.137869
96	 10	 10	 0	 415.825554	 -1	 0.000000	 2.678868
97	 10	 10	 0	 396.271029	 -1	 0.000000	 3.312708
98	 10	 10	 0	 452.286835	 -1	 0.000000	 3.292856
99	 10	 10	 0	 352.748068	 -1	 0.000000	 3.308461
100	 10	 10	 0	 400.415409	 -1	 0.000000	 3.053803
101	 10	 10	 0	 426.336580	 -1	 0.000000	 2.664113
102	 10	 10	 0	 396.159883	 -1	 0.000000	 2.790466
103	 10	 10	 0	 459.222451	 -1	 0.000000	 3.245140
104	 10	 10	 0	 440.390591	 -1	 0.000000	 3.185864
105	 10	 10	 0	 386.692862	 -1	 0.000000	 3.277838
106	 10	 10	 0	 466.428573	 -1	 0.000000	 3.386451
107	 10	 10	 0	 464.295914	 -1	 0.000000	 3.452412
109	 10	 10	 1	 392.527794	 -1	 0.000000	 3.077577
110	 10	 10	 0	 441.366790	 -1	 0.000000	 2.984554
111	 10	 10	 1	 382.802771	 -1	 0.000000	 3.186235
112	 10	 10	 0	 459.149812	 -1	 0.000000	 3.194721
113	 10	 10	 0	 400.705458	 -1	 0.000000	 2.667008
114	 10	 10	 0	 459.097026	 -1	 0.000000	 3.551332
115	 10	 10	 0	 448.878765	 -1	 0.000000	 3.411699
116	 10	 10	 0	 416.991626	 -1	 0.000000	 3.172183
117	 10	 10	 0	 426.010434	 -1	 0.000000	 3.124010
118	 10	 10	 0	 465.239808	 -1	 0.000000	 3.279919
119	 10	 10	 0	 443.917123	 -1	 0.000000	 3.178339
120	 10	 10	 0	 414.374995	 -1	 0.000000	 2.527108
121	 10	 10	 0	 459.277906	 -1	 0.000000	 3.138564
122	 10	 10	 0	 462.093268	 -1	 0.000000	 3.472393
4094	 7	 7	 0	 457.370858	 -1	 0.000000	 2.226188
123	 10	 10	 0	 432.475236	 -1	 0.000000	 2.608453
124	 10	 10	 0	 391.535673	 -1	 0.000000	 3.130583
125	 10	 10	 0	 406.462075	 -1	 0.000000	 3.068718
2746	 7	 7	 0	 435.313435	 -1	 0.000000	 4.417890
2487	 15	 15	 0	 388.877372	 -1	 0.000000	 2.337826
3688	 11	 11	 0	 460.507071	 -1	 0.000000	 0.025627
3686	 7	 7	 0	 431.929377	 -1	 0.000000	 3.537702
3731	 15	 15	 0	 386.336761	 -1	 0.000000	 3.879798
2645	 9	 9	 0	 451.385858	 -1	 0.000000	 2.935953
2316	 5	 5	 0	 407.197430	 -1	 0.000000	 2.120029
