>>> gr_fir_ccf: using E
>>> gr_fir_fff: using E
terminate called after throwing an instance of 'std::invalid_argument'
  what():  gr_ofdm_demod: Incorrect subcarriers allocated
>>> gr_fir_ccf: using E
>>> gr_fir_fff: using E
gr_buffer::allocate_buffer: warning: tried to allocate
   36 items of size 1776. Due to alignment requirements
   256 were allocated.  If this isn't OK, consider padding
   your structure to a power-of-two bytes.
   On this platform, our allocation granularity is 4096 bytes.
0	 15	 15	 1	 0.000004	 -1	 0.000000	 11.727743
1	 15	 15	 1	 0.000004	 -1	 0.000000	 9.236272
3	 15	 15	 1	 0.000004	 -1	 0.000000	 10.840603
4	 15	 15	 0	 191.110495	 -1	 0.000000	 7.911158
5	 15	 15	 1	 0.000005	 -1	 0.000000	 10.150346
6	 15	 15	 1	 0.000006	 -1	 0.000000	 7.812128
7	 15	 15	 1	 0.000006	 -1	 0.000000	 9.895128
8	 15	 15	 1	 0.000004	 -1	 0.000000	 15.248652
9	 15	 15	 1	 0.092034	 -1	 0.000000	 8.777332
10	 15	 15	 1	 0.000005	 -1	 0.000000	 9.705440
960	 15	 15	 0	 417.631271	 -1	 0.000000	 6.161532
11	 15	 15	 1	 0.000006	 -1	 0.000000	 8.913732
12	 15	 15	 1	 0.000006	 -1	 0.000000	 8.948620
14	 15	 15	 1	 0.000007	 -1	 0.000000	 8.007792
15	 15	 15	 1	 0.000005	 -1	 0.000000	 9.444258
16	 15	 15	 1	 0.000005	 -1	 0.000000	 10.952122
17	 15	 15	 0	 41.673712	 -1	 0.000000	 25.696543
18	 15	 15	 1	 0.000005	 -1	 0.000000	 12.227268
19	 15	 15	 1	 0.000004	 -1	 0.000000	 9.245412
20	 15	 15	 1	 0.000004	 -1	 0.000000	 8.725290
21	 15	 15	 1	 0.000005	 -1	 0.000000	 10.392387
22	 15	 15	 1	 0.000005	 -1	 0.000000	 11.562329
23	 15	 15	 1	 0.000005	 -1	 0.000000	 9.394320
24	 15	 15	 1	 0.000005	 -1	 0.000000	 17.235796
25	 15	 15	 1	 0.000005	 -1	 0.000000	 11.067931
26	 15	 15	 1	 0.000005	 -1	 0.000000	 14.214879
27	 15	 15	 1	 0.000005	 -1	 0.000000	 8.425617
28	 15	 15	 1	 0.000005	 -1	 0.000000	 10.192994
29	 15	 15	 1	 0.000005	 -1	 0.000000	 8.000411
30	 15	 15	 1	 0.000005	 -1	 0.000000	 9.292921
31	 15	 15	 1	 0.000006	 -1	 0.000000	 8.824097
32	 15	 15	 1	 0.000006	 -1	 0.000000	 8.611040
33	 15	 15	 1	 0.000006	 -1	 0.000000	 9.466006
34	 15	 15	 0	 205.245016	 -1	 0.000000	 7.284620
35	 15	 15	 1	 0.000005	 -1	 0.000000	 9.269338
36	 15	 15	 1	 0.000006	 -1	 0.000000	 8.719701
37	 15	 15	 1	 0.000005	 -1	 0.000000	 8.961199
38	 15	 15	 1	 0.000005	 -1	 0.000000	 14.371281
>>> gr_fir_ccf: using E
>>> gr_fir_fff: using E
terminate called after throwing an instance of 'std::invalid_argument'
  what():  gr_ofdm_demod: Incorrect subcarriers allocated
>>> gr_fir_ccf: using E
>>> gr_fir_fff: using E
gr_buffer::allocate_buffer: warning: tried to allocate
   36 items of size 1776. Due to alignment requirements
   256 were allocated.  If this isn't OK, consider padding
   your structure to a power-of-two bytes.
   On this platform, our allocation granularity is 4096 bytes.
60	 15	 15	 1	 0.000005	 -1	 0.000000	 14.589774
61	 15	 15	 1	 0.000005	 -1	 0.000000	 9.629409
62	 15	 15	 1	 0.000006	 -1	 0.000000	 10.447985
63	 15	 15	 1	 0.000005	 -1	 0.000000	 8.669534
64	 15	 15	 1	 0.000006	 -1	 0.000000	 8.036278
65	 15	 15	 1	 0.000004	 -1	 0.000000	 10.157825
66	 15	 15	 1	 0.000005	 -1	 0.000000	 13.589616
67	 15	 15	 1	 0.000006	 -1	 0.000000	 10.234597
68	 15	 15	 1	 0.000004	 -1	 0.000000	 13.355110
69	 15	 15	 1	 0.000006	 -1	 0.000000	 9.496083
70	 15	 15	 1	 0.000004	 -1	 0.000000	 8.272264
71	 15	 15	 1	 0.000005	 -1	 0.000000	 10.143575
72	 15	 15	 1	 0.000005	 -1	 0.000000	 10.417622
73	 15	 15	 1	 0.000006	 -1	 0.000000	 7.519654
74	 15	 15	 1	 0.000005	 -1	 0.000000	 11.854378
76	 15	 15	 1	 0.000005	 -1	 0.000000	 12.174539
77	 15	 15	 1	 0.000005	 -1	 0.000000	 16.719761
78	 15	 15	 1	 0.000004	 -1	 0.000000	 10.978389
79	 15	 15	 1	 0.000005	 -1	 0.000000	 12.449204
80	 15	 15	 1	 0.000005	 -1	 0.000000	 10.719860
81	 15	 15	 1	 0.000007	 -1	 0.000000	 7.582960
82	 15	 15	 1	 0.000005	 -1	 0.000000	 16.363113
83	 15	 15	 1	 0.000005	 -1	 0.000000	 9.562099
84	 15	 15	 1	 0.000006	 -1	 0.000000	 9.709775
85	 15	 15	 1	 0.000004	 -1	 0.000000	 11.670815
86	 15	 15	 1	 0.000006	 -1	 0.000000	 8.952259
87	 15	 15	 1	 0.000004	 -1	 0.000000	 12.253723
89	 15	 15	 1	 0.000005	 -1	 0.000000	 14.944472
90	 15	 15	 1	 0.000004	 -1	 0.000000	 11.236906
91	 15	 15	 1	 0.000005	 -1	 0.000000	 14.298112
92	 15	 15	 1	 0.000004	 -1	 0.000000	 10.036299
93	 15	 15	 1	 0.000005	 -1	 0.000000	 11.380007
94	 15	 15	 1	 0.000007	 -1	 0.000000	 8.461611
95	 15	 15	 1	 0.000004	 -1	 0.000000	 10.794435
96	 15	 15	 1	 0.000004	 -1	 0.000000	 9.570255
97	 15	 15	 1	 0.000004	 -1	 0.000000	 9.395941
99	 15	 15	 1	 0.000005	 -1	 0.000000	 9.413260
100	 15	 15	 1	 0.000005	 -1	 0.000000	 10.410999
101	 15	 15	 1	 0.000007	 -1	 0.000000	 8.103975
102	 15	 15	 1	 0.000004	 -1	 0.000000	 12.811995
103	 15	 15	 1	 0.000005	 -1	 0.000000	 11.567091
104	 15	 15	 1	 0.000005	 -1	 0.000000	 9.970530
105	 15	 15	 1	 0.000005	 -1	 0.000000	 9.958097
106	 15	 15	 1	 0.000005	 -1	 0.000000	 9.502702
107	 15	 15	 1	 0.000004	 -1	 0.000000	 8.672889
108	 15	 15	 1	 0.000005	 -1	 0.000000	 10.127272
109	 15	 15	 1	 0.000004	 -1	 0.000000	 9.057869
110	 15	 15	 1	 0.000005	 -1	 0.000000	 13.293404
111	 15	 15	 1	 0.000005	 -1	 0.000000	 9.872744
112	 15	 15	 1	 0.000004	 -1	 0.000000	 15.007084
113	 15	 15	 1	 0.000004	 -1	 0.000000	 8.897758
114	 15	 15	 1	 0.000005	 -1	 0.000000	 8.870354
115	 15	 15	 1	 0.000005	 -1	 0.000000	 9.274044
116	 15	 15	 1	 0.000005	 -1	 0.000000	 10.781009
117	 15	 15	 1	 0.000005	 -1	 0.000000	 10.197049
118	 15	 15	 1	 0.000005	 -1	 0.000000	 9.833501
119	 15	 15	 1	 0.000004	 -1	 0.000000	 11.088257
120	 15	 15	 1	 0.000006	 -1	 0.000000	 10.899151
122	 15	 15	 1	 0.000004	 -1	 0.000000	 10.073003
123	 15	 15	 1	 0.000005	 -1	 0.000000	 11.671817
124	 15	 15	 1	 0.000005	 -1	 0.000000	 12.478670
125	 15	 15	 1	 0.000005	 -1	 0.000000	 9.863369
126	 15	 15	 1	 0.000005	 -1	 0.000000	 8.298176
127	 15	 15	 1	 0.000005	 -1	 0.000000	 14.458774
128	 15	 15	 1	 0.000005	 -1	 0.000000	 9.954584
129	 15	 15	 1	 0.000006	 -1	 0.000000	 8.339673
130	 15	 15	 1	 0.000008	 -1	 0.000000	 7.072719
131	 15	 15	 1	 0.000004	 -1	 0.000000	 16.538073
132	 15	 15	 1	 0.000005	 -1	 0.000000	 14.404755
135	 15	 15	 1	 0.000006	 -1	 0.000000	 13.935766
3448	 15	 15	 0	 392.029250	 -1	 0.000000	 7.952988
137	 15	 15	 1	 0.000005	 -1	 0.000000	 14.179819
138	 15	 15	 1	 0.000005	 -1	 0.000000	 9.272105
139	 15	 15	 1	 0.000006	 -1	 0.000000	 9.203014
140	 15	 15	 1	 0.000005	 -1	 0.000000	 10.887854
141	 15	 15	 1	 0.000004	 -1	 0.000000	 10.018000
142	 15	 15	 1	 0.000006	 -1	 0.000000	 9.206907
143	 15	 15	 1	 0.000004	 -1	 0.000000	 9.963811
144	 15	 15	 1	 0.000009	 -1	 0.000000	 9.217262
146	 15	 15	 1	 0.000004	 -1	 0.000000	 9.911741
147	 15	 15	 1	 0.000005	 -1	 0.000000	 11.705098
148	 15	 15	 1	 0.000004	 -1	 0.000000	 13.321355
149	 15	 15	 1	 0.000005	 -1	 0.000000	 11.225317
150	 15	 15	 1	 0.000005	 -1	 0.000000	 8.528605
151	 15	 15	 1	 0.000005	 -1	 0.000000	 9.125146
152	 15	 15	 1	 0.000005	 -1	 0.000000	 14.491467
153	 15	 15	 1	 0.000003	 -1	 0.000000	 11.238024
154	 15	 15	 1	 0.000006	 -1	 0.000000	 11.585878
1531	 15	 15	 0	 407.487170	 -1	 0.000000	 4.029226
155	 15	 15	 1	 0.000005	 -1	 0.000000	 9.535293
156	 15	 15	 1	 0.000005	 -1	 0.000000	 10.500077
157	 15	 15	 1	 0.000005	 -1	 0.000000	 11.391459
158	 15	 15	 1	 0.000005	 -1	 0.000000	 11.429449
159	 15	 15	 1	 0.000006	 -1	 0.000000	 9.807813
160	 15	 15	 1	 0.000004	 -1	 0.000000	 12.123802
161	 15	 15	 1	 0.000005	 -1	 0.000000	 12.271660
162	 15	 15	 1	 0.000005	 -1	 0.000000	 8.935620
163	 15	 15	 1	 0.000005	 -1	 0.000000	 14.236549
164	 15	 15	 1	 0.000006	 -1	 0.000000	 15.903857
165	 15	 15	 1	 0.000004	 -1	 0.000000	 8.947994
166	 15	 15	 1	 0.000006	 -1	 0.000000	 9.352121
167	 15	 15	 1	 0.000005	 -1	 0.000000	 9.322474
168	 15	 15	 1	 0.000005	 -1	 0.000000	 9.698466
170	 15	 15	 1	 0.000004	 -1	 0.000000	 10.117377
171	 15	 15	 1	 0.000006	 -1	 0.000000	 11.246448
172	 15	 15	 1	 0.000005	 -1	 0.000000	 9.964752
173	 15	 15	 1	 0.000006	 -1	 0.000000	 9.741324
174	 15	 15	 1	 0.000005	 -1	 0.000000	 12.657526
175	 15	 15	 1	 0.000005	 -1	 0.000000	 8.514585
176	 15	 15	 1	 0.000005	 -1	 0.000000	 12.604516
177	 15	 15	 1	 0.000005	 -1	 0.000000	 11.259630
178	 15	 15	 1	 0.000007	 -1	 0.000000	 8.391915
179	 15	 15	 1	 0.000006	 -1	 0.000000	 8.542795
180	 15	 15	 1	 0.000004	 -1	 0.000000	 11.965794
181	 15	 15	 1	 0.000006	 -1	 0.000000	 9.583276
182	 15	 15	 1	 0.000004	 -1	 0.000000	 10.458217
183	 15	 15	 1	 0.000006	 -1	 0.000000	 8.338661
184	 15	 15	 1	 0.000004	 -1	 0.000000	 14.343007
185	 15	 15	 1	 0.000004	 -1	 0.000000	 8.715220
186	 15	 15	 1	 0.000005	 -1	 0.000000	 9.215848
187	 15	 15	 1	 0.000005	 -1	 0.000000	 8.981931
188	 15	 15	 1	 0.000005	 -1	 0.000000	 8.004978
189	 15	 15	 1	 0.000005	 -1	 0.000000	 9.651617
190	 15	 15	 1	 0.000005	 -1	 0.000000	 19.182158
191	 15	 15	 1	 0.000007	 -1	 0.000000	 7.945708
192	 15	 15	 1	 0.000005	 -1	 0.000000	 9.255569
193	 15	 15	 1	 0.000006	 -1	 0.000000	 9.035448
194	 15	 15	 1	 0.000005	 -1	 0.000000	 7.851665
195	 15	 15	 1	 0.000006	 -1	 0.000000	 10.402098
196	 15	 15	 1	 0.000005	 -1	 0.000000	 9.357204
197	 15	 15	 1	 0.000005	 -1	 0.000000	 11.345845
198	 15	 15	 1	 0.000005	 -1	 0.000000	 23.358377
199	 15	 15	 1	 0.000004	 -1	 0.000000	 10.868816
200	 15	 15	 1	 0.000004	 -1	 0.000000	 11.936908
201	 15	 15	 1	 0.000006	 -1	 0.000000	 7.475098
202	 15	 15	 1	 0.000006	 -1	 0.000000	 9.026393
204	 15	 15	 1	 0.000005	 -1	 0.000000	 7.890530
205	 15	 15	 1	 0.000006	 -1	 0.000000	 9.360211
206	 15	 15	 1	 0.000005	 -1	 0.000000	 8.479982
207	 15	 15	 1	 0.000006	 -1	 0.000000	 8.502568
208	 15	 15	 1	 0.000005	 -1	 0.000000	 13.232198
209	 15	 15	 1	 0.000006	 -1	 0.000000	 8.041612
210	 15	 15	 1	 0.000005	 -1	 0.000000	 10.957871
211	 15	 15	 1	 0.000005	 -1	 0.000000	 9.819462
212	 15	 15	 1	 0.000007	 -1	 0.000000	 7.832088
213	 15	 15	 1	 0.000005	 -1	 0.000000	 9.097436
214	 15	 15	 1	 0.000005	 -1	 0.000000	 8.320656
216	 15	 15	 1	 0.000004	 -1	 0.000000	 8.709605
217	 15	 15	 1	 0.000006	 -1	 0.000000	 10.460351
218	 15	 15	 1	 0.000004	 -1	 0.000000	 10.862253
220	 15	 15	 1	 0.000005	 -1	 0.000000	 9.352015
221	 15	 15	 1	 0.000005	 -1	 0.000000	 15.885130
222	 15	 15	 1	 0.000006	 -1	 0.000000	 11.144053
223	 15	 15	 1	 0.000006	 -1	 0.000000	 8.494231
224	 15	 15	 1	 0.000181	 -1	 0.000000	 11.287760
225	 15	 15	 1	 0.000005	 -1	 0.000000	 9.876242
226	 15	 15	 1	 0.000005	 -1	 0.000000	 9.298265
227	 15	 15	 1	 0.000005	 -1	 0.000000	 12.708425
228	 15	 15	 1	 0.000005	 -1	 0.000000	 9.611525
229	 15	 15	 1	 0.000005	 -1	 0.000000	 10.306754
230	 15	 15	 1	 0.000005	 -1	 0.000000	 13.612090
231	 15	 15	 0	 260.599377	 -1	 0.000000	 5.658474
232	 15	 15	 1	 0.000005	 -1	 0.000000	 10.862489
233	 15	 15	 1	 0.000005	 -1	 0.000000	 9.197859
234	 15	 15	 1	 0.000005	 -1	 0.000000	 11.115594
235	 15	 15	 1	 0.000004	 -1	 0.000000	 9.616774
236	 15	 15	 1	 0.484659	 -1	 0.000000	 9.966826
237	 15	 15	 1	 0.000004	 -1	 0.000000	 10.889710
238	 15	 15	 1	 0.000005	 -1	 0.000000	 8.307841
239	 15	 15	 1	 0.000007	 -1	 0.000000	 7.356523
240	 15	 15	 1	 0.000005	 -1	 0.000000	 14.132571
241	 15	 15	 1	 0.000005	 -1	 0.000000	 10.733963
242	 15	 15	 1	 0.000005	 -1	 0.000000	 12.119757
243	 15	 15	 0	 204.470962	 -1	 0.000000	 5.514821
244	 15	 15	 1	 0.000006	 -1	 0.000000	 11.737848
245	 15	 15	 1	 0.000004	 -1	 0.000000	 14.858365
246	 15	 15	 1	 0.000006	 -1	 0.000000	 9.123703
248	 15	 15	 1	 0.000004	 -1	 0.000000	 11.669621
250	 15	 15	 1	 0.000005	 -1	 0.000000	 15.855941
252	 15	 15	 1	 0.000006	 -1	 0.000000	 7.174296
253	 15	 15	 1	 0.000005	 -1	 0.000000	 8.418568
254	 15	 15	 0	 183.240534	 -1	 0.000000	 9.134873
255	 15	 15	 1	 0.000004	 -1	 0.000000	 10.150845
256	 15	 15	 0	 311.735810	 -1	 0.000000	 7.673794
257	 15	 15	 1	 0.082860	 -1	 0.000000	 11.060841
258	 15	 15	 0	 421.346587	 -1	 0.000000	 12.168156
259	 15	 15	 1	 0.000005	 -1	 0.000000	 10.182385
261	 15	 15	 1	 0.000005	 -1	 0.000000	 9.999574
263	 15	 15	 1	 0.000005	 -1	 0.000000	 9.696342
265	 15	 15	 1	 0.000004	 -1	 0.000000	 15.303988
267	 15	 15	 1	 0.000004	 -1	 0.000000	 11.368716
268	 15	 15	 1	 0.000005	 -1	 0.000000	 10.497631
269	 15	 15	 1	 18.323830	 -1	 0.000000	 12.322208
271	 15	 15	 1	 0.000006	 -1	 0.000000	 8.266411
272	 15	 15	 1	 0.000004	 -1	 0.000000	 11.383479
274	 15	 15	 1	 0.000004	 -1	 0.000000	 10.583099
275	 15	 15	 1	 0.000004	 -1	 0.000000	 14.367722
276	 15	 15	 1	 0.000006	 -1	 0.000000	 10.006954
277	 15	 15	 1	 0.000004	 -1	 0.000000	 9.539922
278	 15	 15	 1	 0.000005	 -1	 0.000000	 10.843754
281	 15	 15	 0	 412.582990	 -1	 0.000000	 10.309243
285	 15	 15	 1	 26.380394	 -1	 0.000000	 12.265838
286	 15	 15	 0	 271.401408	 -1	 0.000000	 7.758459
288	 15	 15	 1	 2.405095	 -1	 0.000000	 8.275188
289	 15	 15	 1	 0.000004	 -1	 0.000000	 11.760412
290	 15	 15	 1	 0.000005	 -1	 0.000000	 10.344514
291	 15	 15	 1	 0.000005	 -1	 0.000000	 12.749457
293	 15	 15	 1	 0.000005	 -1	 0.000000	 10.531364
294	 15	 15	 1	 0.000005	 -1	 0.000000	 15.498601
296	 15	 15	 1	 10.181726	 -1	 0.000000	 9.565677
297	 15	 15	 1	 0.000004	 -1	 0.000000	 10.696910
298	 15	 15	 1	 129.589110	 -1	 0.000000	 8.159550
299	 15	 15	 1	 0.000006	 -1	 0.000000	 8.993084
300	 15	 15	 1	 28.468752	 -1	 0.000000	 12.023436
301	 15	 15	 1	 0.000006	 -1	 0.000000	 9.522521
302	 15	 15	 1	 101.390112	 -1	 0.000000	 16.387093
303	 15	 15	 0	 282.575781	 -1	 0.000000	 10.387684
311	 15	 15	 1	 0.000005	 -1	 0.000000	 10.227180
312	 15	 15	 1	 0.000005	 -1	 0.000000	 7.966488
313	 15	 15	 1	 0.000006	 -1	 0.000000	 7.573215
315	 15	 15	 1	 0.000004	 -1	 0.000000	 19.974428
316	 15	 15	 1	 0.000006	 -1	 0.000000	 8.445150
317	 15	 15	 1	 0.000004	 -1	 0.000000	 9.367609
318	 15	 15	 1	 0.000006	 -1	 0.000000	 8.103333
319	 15	 15	 0	 268.121604	 -1	 0.000000	 13.899161
320	 15	 15	 0	 417.576704	 -1	 0.000000	 8.404089
322	 15	 15	 0	 203.023114	 -1	 0.000000	 15.800837
323	 15	 15	 1	 0.000006	 -1	 0.000000	 7.509948
324	 15	 15	 1	 51.623956	 -1	 0.000000	 9.420645
325	 15	 15	 1	 0.000472	 -1	 0.000000	 9.351439
326	 15	 15	 1	 146.666025	 -1	 0.000000	 13.694758
327	 15	 15	 0	 217.704733	 -1	 0.000000	 16.108440
328	 15	 15	 1	 0.000004	 -1	 0.000000	 11.994373
329	 15	 15	 1	 0.000005	 -1	 0.000000	 11.534338
330	 15	 15	 1	 0.000004	 -1	 0.000000	 10.441572
331	 15	 15	 1	 0.000005	 -1	 0.000000	 11.184484
332	 15	 15	 1	 0.000005	 -1	 0.000000	 8.226089
333	 15	 15	 1	 0.000005	 -1	 0.000000	 10.508012
360	 15	 15	 1	 0.000005	 -1	 0.000000	 10.145480
361	 15	 15	 1	 0.000007	 -1	 0.000000	 13.406554
362	 15	 15	 1	 0.000004	 -1	 0.000000	 11.761616
363	 15	 15	 1	 0.000005	 -1	 0.000000	 10.002005
364	 15	 15	 1	 0.000006	 -1	 0.000000	 10.249461
365	 15	 15	 1	 0.000005	 -1	 0.000000	 8.814934
366	 15	 15	 1	 0.000004	 -1	 0.000000	 13.723993
367	 15	 15	 1	 0.000005	 -1	 0.000000	 8.353434
368	 15	 15	 1	 0.000006	 -1	 0.000000	 9.563468
369	 15	 15	 1	 0.000005	 -1	 0.000000	 9.116119
370	 15	 15	 1	 0.000005	 -1	 0.000000	 9.174601
371	 15	 15	 1	 0.000005	 -1	 0.000000	 13.343612
372	 15	 15	 1	 0.000004	 -1	 0.000000	 10.848370
373	 15	 15	 1	 0.000005	 -1	 0.000000	 12.186543
374	 15	 15	 1	 0.000006	 -1	 0.000000	 8.530311
375	 15	 15	 1	 0.000005	 -1	 0.000000	 13.556839
376	 15	 15	 1	 0.000006	 -1	 0.000000	 8.487776
377	 15	 15	 1	 0.000005	 -1	 0.000000	 8.790181
378	 15	 15	 1	 0.000005	 -1	 0.000000	 10.641053
379	 15	 15	 1	 0.000005	 -1	 0.000000	 16.136284
380	 15	 15	 1	 0.000005	 -1	 0.000000	 11.207074
381	 15	 15	 1	 0.000006	 -1	 0.000000	 7.554674
382	 15	 15	 1	 0.000004	 -1	 0.000000	 10.109375
383	 15	 15	 1	 0.000007	 -1	 0.000000	 8.503667
384	 15	 15	 1	 0.000005	 -1	 0.000000	 9.890879
385	 15	 15	 1	 0.000005	 -1	 0.000000	 10.638669
386	 15	 15	 1	 0.000006	 -1	 0.000000	 9.388014
387	 15	 15	 1	 0.000004	 -1	 0.000000	 19.474512
388	 15	 15	 1	 0.000006	 -1	 0.000000	 9.327078
389	 15	 15	 1	 0.000005	 -1	 0.000000	 9.247108
390	 15	 15	 0	 107.325754	 -1	 0.000000	 9.243376
391	 15	 15	 1	 0.000006	 -1	 0.000000	 7.414770
392	 15	 15	 1	 0.000004	 -1	 0.000000	 9.382418
393	 15	 15	 1	 0.000006	 -1	 0.000000	 9.783092
394	 15	 15	 1	 0.000004	 -1	 0.000000	 14.431327
395	 15	 15	 0	 200.381316	 -1	 0.000000	 8.164975
396	 15	 15	 1	 0.000006	 -1	 0.000000	 8.009036
397	 15	 15	 1	 0.000004	 -1	 0.000000	 13.866724
398	 15	 15	 1	 0.000005	 -1	 0.000000	 10.981700
399	 15	 15	 1	 0.000004	 -1	 0.000000	 9.232050
400	 15	 15	 1	 0.000006	 -1	 0.000000	 8.126697
401	 15	 15	 1	 0.000005	 -1	 0.000000	 11.929027
402	 15	 15	 1	 0.000004	 -1	 0.000000	 18.249031
403	 15	 15	 1	 0.000005	 -1	 0.000000	 10.015167
404	 15	 15	 1	 0.000005	 -1	 0.000000	 7.516902
405	 15	 15	 1	 0.000005	 -1	 0.000000	 10.682700
406	 15	 15	 1	 0.000006	 -1	 0.000000	 8.753702
407	 15	 15	 1	 0.000005	 -1	 0.000000	 7.740961
408	 15	 15	 1	 0.000005	 -1	 0.000000	 11.238461
409	 15	 15	 1	 0.000005	 -1	 0.000000	 9.651616
410	 15	 15	 1	 0.000005	 -1	 0.000000	 13.267591
411	 15	 15	 1	 0.000005	 -1	 0.000000	 11.834795
412	 15	 15	 1	 0.000005	 -1	 0.000000	 8.686051
413	 15	 15	 1	 0.000005	 -1	 0.000000	 10.465139
414	 15	 15	 1	 0.000004	 -1	 0.000000	 12.364084
415	 15	 15	 1	 0.000004	 -1	 0.000000	 13.431604
416	 15	 15	 1	 0.000006	 -1	 0.000000	 8.129043
418	 15	 15	 1	 0.000005	 -1	 0.000000	 9.128976
419	 15	 15	 1	 0.000004	 -1	 0.000000	 10.552864
420	 15	 15	 1	 0.000005	 -1	 0.000000	 12.912162
421	 15	 15	 1	 0.000005	 -1	 0.000000	 11.662159
422	 15	 15	 1	 0.000005	 -1	 0.000000	 8.538952
423	 15	 15	 1	 0.000005	 -1	 0.000000	 14.117829
424	 15	 15	 1	 0.000005	 -1	 0.000000	 8.575516
425	 15	 15	 1	 0.000005	 -1	 0.000000	 9.527087
426	 15	 15	 1	 0.000005	 -1	 0.000000	 9.434741
427	 15	 15	 1	 0.000005	 -1	 0.000000	 11.473650
428	 15	 15	 1	 0.000005	 -1	 0.000000	 10.335706
430	 15	 15	 1	 0.000006	 -1	 0.000000	 9.286348
431	 15	 15	 1	 0.000004	 -1	 0.000000	 10.625819
432	 15	 15	 1	 0.000005	 -1	 0.000000	 10.826632
433	 15	 15	 1	 0.000005	 -1	 0.000000	 10.332405
434	 15	 15	 1	 0.000005	 -1	 0.000000	 14.722452
435	 15	 15	 1	 0.000007	 -1	 0.000000	 8.227822
436	 15	 15	 1	 0.000005	 -1	 0.000000	 9.990241
437	 15	 15	 1	 0.000004	 -1	 0.000000	 9.337810
438	 15	 15	 1	 0.000005	 -1	 0.000000	 12.045470
439	 15	 15	 1	 0.000005	 -1	 0.000000	 11.664187
440	 15	 15	 1	 0.000007	 -1	 0.000000	 8.204193
441	 15	 15	 1	 0.000004	 -1	 0.000000	 9.085568
442	 15	 15	 1	 0.000005	 -1	 0.000000	 8.859944
443	 15	 15	 1	 0.000006	 -1	 0.000000	 8.703203
444	 15	 15	 1	 0.622638	 -1	 0.000000	 7.557770
445	 15	 15	 1	 0.000006	 -1	 0.000000	 9.234340
446	 15	 15	 1	 0.000004	 -1	 0.000000	 11.948852
447	 15	 15	 1	 0.000007	 -1	 0.000000	 7.331111
448	 15	 15	 1	 0.000005	 -1	 0.000000	 15.191024
449	 15	 15	 1	 0.000005	 -1	 0.000000	 13.971137
450	 15	 15	 1	 0.000005	 -1	 0.000000	 11.014698
451	 15	 15	 1	 0.000004	 -1	 0.000000	 9.323710
3623	 15	 15	 0	 415.589380	 -1	 0.000000	 5.262193
452	 15	 15	 1	 0.000004	 -1	 0.000000	 9.931129
453	 15	 15	 1	 0.000005	 -1	 0.000000	 10.551493
454	 15	 15	 1	 0.000005	 -1	 0.000000	 12.707808
455	 15	 15	 1	 0.000004	 -1	 0.000000	 10.100299
456	 15	 15	 1	 0.000004	 -1	 0.000000	 11.505459
457	 15	 15	 1	 0.000005	 -1	 0.000000	 14.335305
458	 15	 15	 1	 0.000005	 -1	 0.000000	 8.374954
459	 15	 15	 1	 0.000004	 -1	 0.000000	 11.076616
460	 15	 15	 1	 0.000005	 -1	 0.000000	 11.585327
461	 15	 15	 1	 0.000004	 -1	 0.000000	 9.972492
462	 15	 15	 1	 0.000007	 -1	 0.000000	 7.506521
463	 15	 15	 1	 0.000004	 -1	 0.000000	 9.873356
464	 15	 15	 1	 0.000005	 -1	 0.000000	 9.335388
465	 15	 15	 1	 0.000005	 -1	 0.000000	 9.917255
466	 15	 15	 1	 0.000005	 -1	 0.000000	 10.856701
467	 15	 15	 1	 0.000005	 -1	 0.000000	 10.171679
468	 15	 15	 1	 0.000005	 -1	 0.000000	 11.362984
469	 15	 15	 1	 0.000004	 -1	 0.000000	 10.828285
470	 15	 15	 1	 0.000006	 -1	 0.000000	 7.992843
472	 15	 15	 1	 0.000005	 -1	 0.000000	 10.908823
473	 15	 15	 1	 0.000005	 -1	 0.000000	 11.282093
475	 15	 15	 1	 0.000005	 -1	 0.000000	 15.640456
476	 15	 15	 1	 0.000004	 -1	 0.000000	 8.912035
477	 15	 15	 1	 0.000005	 -1	 0.000000	 10.789886
478	 15	 15	 1	 0.000006	 -1	 0.000000	 8.130991
479	 15	 15	 1	 0.000005	 -1	 0.000000	 8.673218
480	 15	 15	 1	 0.000006	 -1	 0.000000	 9.580045
481	 15	 15	 1	 0.000004	 -1	 0.000000	 9.963118
482	 15	 15	 1	 46.020555	 -1	 0.000000	 8.960247
483	 15	 15	 1	 0.000004	 -1	 0.000000	 10.318173
484	 15	 15	 1	 0.000006	 -1	 0.000000	 10.284868
485	 15	 15	 1	 0.000005	 -1	 0.000000	 8.768274
486	 15	 15	 1	 0.000004	 -1	 0.000000	 15.139337
487	 15	 15	 1	 0.000005	 -1	 0.000000	 12.339114
488	 15	 15	 1	 0.000005	 -1	 0.000000	 11.526690
489	 15	 15	 1	 0.000007	 -1	 0.000000	 8.961159
490	 15	 15	 1	 0.000006	 -1	 0.000000	 7.988694
491	 15	 15	 1	 0.000005	 -1	 0.000000	 9.713497
492	 15	 15	 1	 0.000006	 -1	 0.000000	 10.577312
493	 15	 15	 1	 0.000005	 -1	 0.000000	 8.617303
494	 15	 15	 1	 0.000006	 -1	 0.000000	 10.771651
495	 15	 15	 0	 337.485575	 -1	 0.000000	 6.534565
496	 15	 15	 1	 0.000005	 -1	 0.000000	 9.912619
497	 15	 15	 1	 0.000005	 -1	 0.000000	 13.827359
498	 15	 15	 1	 0.000004	 -1	 0.000000	 13.799178
499	 15	 15	 1	 0.988462	 -1	 0.000000	 9.501567
0	 5	 5	 1	 0.000486	 -1	 0.000000	 8.515532
1	 5	 5	 1	 0.000462	 -1	 0.000000	 11.396964
2	 5	 5	 1	 0.000751	 -1	 0.000000	 10.634091
3	 5	 5	 1	 0.000964	 -1	 0.000000	 8.441482
4	 5	 5	 1	 0.001796	 -1	 0.000000	 7.363545
5	 5	 5	 1	 0.001490	 -1	 0.000000	 7.566319
6	 5	 5	 1	 0.000868	 -1	 0.000000	 8.830031
7	 5	 5	 1	 0.000390	 -1	 0.000000	 14.406813
8	 5	 5	 0	 376.832761	 -1	 0.000000	 7.555609
9	 5	 5	 1	 0.000481	 -1	 0.000000	 11.006803
10	 5	 5	 1	 0.000426	 -1	 0.000000	 14.698677
11	 5	 5	 1	 0.000346	 -1	 0.000000	 10.380325
13	 5	 5	 1	 0.000358	 -1	 0.000000	 14.078963
16	 5	 5	 1	 0.001878	 -1	 0.000000	 7.708620
17	 5	 5	 1	 0.000456	 -1	 0.000000	 9.072554
18	 5	 5	 1	 0.000795	 -1	 0.000000	 9.379464
2952	 15	 15	 0	 405.656056	 -1	 0.000000	 8.168221
19	 5	 5	 1	 0.000509	 -1	 0.000000	 19.553768
20	 5	 5	 0	 172.419020	 -1	 0.000000	 9.909669
21	 5	 5	 1	 0.000535	 -1	 0.000000	 11.271696
22	 5	 5	 1	 0.000766	 -1	 0.000000	 11.775395
23	 5	 5	 1	 0.000698	 -1	 0.000000	 8.325095
24	 5	 5	 1	 0.000464	 -1	 0.000000	 9.550019
25	 5	 5	 1	 0.000856	 -1	 0.000000	 9.796641
27	 5	 5	 1	 0.000437	 -1	 0.000000	 11.765018
28	 5	 5	 1	 0.000506	 -1	 0.000000	 8.898410
30	 5	 5	 1	 0.000925	 -1	 0.000000	 12.308530
>>> gr_fir_ccf: using E
>>> gr_fir_fff: using E
gr_buffer::allocate_buffer: warning: tried to allocate
   36 items of size 1776. Due to alignment requirements
   256 were allocated.  If this isn't OK, consider padding
   your structure to a power-of-two bytes.
   On this platform, our allocation granularity is 4096 bytes.
72	 5	 5	 0	 332.127079	 -1	 0.000000	 6.878634
73	 5	 5	 1	 0.000983	 -1	 0.000000	 9.543323
74	 5	 5	 1	 0.000600	 -1	 0.000000	 15.701410
75	 5	 5	 1	 0.000454	 -1	 0.000000	 8.453875
76	 5	 5	 1	 0.000577	 -1	 0.000000	 8.621578
77	 5	 5	 1	 0.000498	 -1	 0.000000	 12.419726
78	 5	 5	 0	 326.370293	 -1	 0.000000	 8.478114
80	 5	 5	 1	 0.000482	 -1	 0.000000	 11.019575
81	 5	 5	 1	 0.002604	 -1	 0.000000	 9.160575
82	 5	 5	 1	 0.000362	 -1	 0.000000	 9.213746
83	 5	 5	 1	 0.000700	 -1	 0.000000	 8.895540
84	 5	 5	 1	 0.000394	 -1	 0.000000	 9.603359
85	 5	 5	 1	 0.000324	 -1	 0.000000	 12.612377
86	 5	 5	 1	 0.000386	 -1	 0.000000	 11.185357
87	 5	 5	 1	 0.000926	 -1	 0.000000	 11.222647
88	 5	 5	 1	 0.000534	 -1	 0.000000	 11.439142
89	 5	 5	 1	 0.000886	 -1	 0.000000	 8.159094
90	 5	 5	 1	 0.000358	 -1	 0.000000	 14.199258
91	 5	 5	 1	 0.000776	 -1	 0.000000	 8.280601
92	 5	 5	 1	 0.000828	 -1	 0.000000	 9.159821
93	 5	 5	 1	 0.000347	 -1	 0.000000	 9.314607
94	 5	 5	 1	 0.000515	 -1	 0.000000	 10.802749
95	 5	 5	 1	 0.000802	 -1	 0.000000	 7.890654
96	 5	 5	 1	 0.000859	 -1	 0.000000	 9.215528
97	 5	 5	 1	 0.000699	 -1	 0.000000	 12.018432
98	 5	 5	 1	 0.000382	 -1	 0.000000	 11.783724
99	 5	 5	 1	 0.000470	 -1	 0.000000	 9.429392
100	 5	 5	 1	 0.001045	 -1	 0.000000	 8.150216
101	 5	 5	 1	 0.000392	 -1	 0.000000	 10.563634
102	 5	 5	 1	 15.007171	 -1	 0.000000	 7.592445
103	 5	 5	 1	 0.000517	 -1	 0.000000	 12.131350
104	 5	 5	 1	 0.000569	 -1	 0.000000	 10.120740
105	 5	 5	 1	 0.000313	 -1	 0.000000	 12.199186
106	 5	 5	 1	 12.589925	 -1	 0.000000	 19.897934
107	 5	 5	 1	 0.000862	 -1	 0.000000	 8.022851
108	 5	 5	 1	 0.001006	 -1	 0.000000	 10.627137
109	 5	 5	 0	 366.100200	 -1	 0.000000	 5.866171
111	 5	 5	 1	 0.000851	 -1	 0.000000	 7.422619
112	 5	 5	 1	 0.008875	 -1	 0.000000	 12.338289
113	 5	 5	 1	 58.768367	 -1	 0.000000	 7.881594
114	 5	 5	 1	 0.000585	 -1	 0.000000	 13.481376
3747	 9	 9	 0	 449.439162	 -1	 0.000000	 5.020822
115	 5	 5	 1	 0.000602	 -1	 0.000000	 9.659886
116	 5	 5	 1	 0.000826	 -1	 0.000000	 8.793317
117	 5	 5	 1	 0.000727	 -1	 0.000000	 9.774866
118	 5	 5	 1	 0.000786	 -1	 0.000000	 11.011762
119	 5	 5	 1	 0.000692	 -1	 0.000000	 13.153057
120	 5	 5	 1	 0.000411	 -1	 0.000000	 8.502094
121	 5	 5	 1	 11.705630	 -1	 0.000000	 9.500314
122	 5	 5	 1	 11.960564	 -1	 0.000000	 10.413881
123	 5	 5	 1	 0.000493	 -1	 0.000000	 11.043139
124	 5	 5	 1	 0.000868	 -1	 0.000000	 8.989483
125	 5	 5	 1	 0.000312	 -1	 0.000000	 11.322399
126	 5	 5	 1	 0.000699	 -1	 0.000000	 9.358270
127	 5	 5	 1	 0.000450	 -1	 0.000000	 11.117958
129	 5	 5	 1	 0.000367	 -1	 0.000000	 8.498637
130	 5	 5	 1	 0.000467	 -1	 0.000000	 11.119128
131	 5	 5	 1	 0.000454	 -1	 0.000000	 9.009987
132	 5	 5	 1	 0.000579	 -1	 0.000000	 7.824751
134	 5	 5	 1	 0.000597	 -1	 0.000000	 8.070667
3802	 15	 15	 0	 406.942954	 -1	 0.000000	 6.439170
135	 5	 5	 0	 247.532541	 -1	 0.000000	 8.397056
136	 5	 5	 1	 0.000380	 -1	 0.000000	 8.890584
137	 5	 5	 1	 0.000460	 -1	 0.000000	 9.968407
138	 5	 5	 1	 0.000760	 -1	 0.000000	 11.364411
139	 5	 5	 1	 0.000896	 -1	 0.000000	 8.974183
140	 5	 5	 0	 230.313384	 -1	 0.000000	 7.755627
141	 5	 5	 1	 0.000393	 -1	 0.000000	 11.024697
142	 5	 5	 1	 0.001132	 -1	 0.000000	 9.106768
143	 5	 5	 1	 0.000925	 -1	 0.000000	 9.279170
144	 5	 5	 1	 0.000362	 -1	 0.000000	 16.295624
145	 5	 5	 1	 0.000484	 -1	 0.000000	 11.893488
146	 5	 5	 1	 0.000531	 -1	 0.000000	 8.822593
147	 5	 5	 1	 0.001171	 -1	 0.000000	 8.130997
148	 5	 5	 1	 0.000399	 -1	 0.000000	 13.687402
149	 5	 5	 1	 0.000715	 -1	 0.000000	 14.160307
150	 5	 5	 1	 0.000369	 -1	 0.000000	 12.596069
151	 5	 5	 1	 11.466474	 -1	 0.000000	 8.483055
152	 5	 5	 1	 0.000486	 -1	 0.000000	 7.817462
153	 5	 5	 1	 0.000851	 -1	 0.000000	 10.078017
154	 5	 5	 1	 0.000526	 -1	 0.000000	 18.589659
155	 5	 5	 1	 0.000398	 -1	 0.000000	 12.036781
156	 5	 5	 1	 0.000507	 -1	 0.000000	 9.572786
157	 5	 5	 1	 0.000346	 -1	 0.000000	 16.154587
158	 5	 5	 1	 0.000422	 -1	 0.000000	 10.615319
160	 5	 5	 1	 0.000632	 -1	 0.000000	 10.215445
161	 5	 5	 1	 0.000408	 -1	 0.000000	 8.595774
162	 5	 5	 1	 0.000386	 -1	 0.000000	 11.419802
163	 5	 5	 1	 0.000393	 -1	 0.000000	 11.633242
164	 5	 5	 1	 0.000347	 -1	 0.000000	 9.479808
165	 5	 5	 1	 0.000359	 -1	 0.000000	 9.996435
166	 5	 5	 1	 0.000883	 -1	 0.000000	 8.957422
167	 5	 5	 1	 0.000701	 -1	 0.000000	 8.762589
168	 5	 5	 0	 377.036432	 -1	 0.000000	 5.757039
169	 5	 5	 0	 362.133510	 -1	 0.000000	 6.622658
170	 5	 5	 1	 0.000758	 -1	 0.000000	 7.398855
171	 5	 5	 1	 0.000744	 -1	 0.000000	 8.636230
172	 5	 5	 1	 0.000376	 -1	 0.000000	 9.376983
173	 5	 5	 1	 0.001377	 -1	 0.000000	 7.951453
174	 5	 5	 1	 0.000493	 -1	 0.000000	 11.981730
175	 5	 5	 1	 0.001141	 -1	 0.000000	 8.363046
176	 5	 5	 0	 350.967506	 -1	 0.000000	 5.907718
177	 5	 5	 1	 0.000409	 -1	 0.000000	 10.997201
178	 5	 5	 1	 0.000867	 -1	 0.000000	 10.416905
179	 5	 5	 1	 0.000459	 -1	 0.000000	 9.365253
180	 5	 5	 1	 12.668602	 -1	 0.000000	 9.080002
181	 5	 5	 1	 0.001030	 -1	 0.000000	 15.580561
182	 5	 5	 1	 0.000893	 -1	 0.000000	 10.636840
183	 5	 5	 1	 0.000610	 -1	 0.000000	 13.050112
184	 5	 5	 1	 0.001616	 -1	 0.000000	 10.359947
185	 5	 5	 1	 0.001034	 -1	 0.000000	 9.263227
186	 5	 5	 1	 0.001066	 -1	 0.000000	 10.797670
187	 5	 5	 1	 0.000542	 -1	 0.000000	 8.338510
188	 5	 5	 1	 0.000630	 -1	 0.000000	 8.900085
189	 5	 5	 1	 0.000398	 -1	 0.000000	 8.321558
190	 5	 5	 1	 0.000704	 -1	 0.000000	 7.803386
191	 5	 5	 1	 0.000479	 -1	 0.000000	 15.820414
192	 5	 5	 1	 47.787761	 -1	 0.000000	 8.831908
193	 5	 5	 1	 0.000605	 -1	 0.000000	 10.447054
194	 5	 5	 1	 0.000435	 -1	 0.000000	 10.359284
195	 5	 5	 1	 0.000631	 -1	 0.000000	 10.314319
196	 5	 5	 1	 0.000435	 -1	 0.000000	 9.536226
197	 5	 5	 1	 74.473034	 -1	 0.000000	 7.838823
198	 5	 5	 1	 0.001110	 -1	 0.000000	 8.622245
199	 5	 5	 1	 0.000386	 -1	 0.000000	 11.011074
200	 5	 5	 1	 0.000890	 -1	 0.000000	 7.119830
201	 5	 5	 0	 365.640942	 -1	 0.000000	 6.232782
202	 5	 5	 1	 0.000778	 -1	 0.000000	 10.303044
203	 5	 5	 1	 0.000533	 -1	 0.000000	 13.883267
204	 5	 5	 1	 0.000351	 -1	 0.000000	 11.784296
205	 5	 5	 0	 382.952853	 -1	 0.000000	 6.650474
206	 5	 5	 1	 0.000658	 -1	 0.000000	 10.362907
207	 5	 5	 1	 0.000574	 -1	 0.000000	 9.331708
224	 5	 5	 0	 327.345296	 -1	 0.000000	 6.812710
209	 5	 5	 1	 0.000289	 -1	 0.000000	 10.158573
210	 5	 5	 1	 0.000724	 -1	 0.000000	 10.692726
211	 5	 5	 1	 0.000484	 -1	 0.000000	 12.493557
212	 5	 5	 0	 368.788510	 -1	 0.000000	 7.742514
213	 5	 5	 1	 0.000467	 -1	 0.000000	 11.378091
214	 5	 5	 1	 0.000517	 -1	 0.000000	 8.254219
215	 5	 5	 1	 0.001605	 -1	 0.000000	 7.219572
216	 5	 5	 1	 0.000365	 -1	 0.000000	 9.959345
217	 5	 5	 1	 0.000381	 -1	 0.000000	 8.949536
218	 5	 5	 1	 0.000666	 -1	 0.000000	 8.369923
219	 5	 5	 1	 0.000765	 -1	 0.000000	 10.110093
220	 5	 5	 1	 9.886147	 -1	 0.000000	 9.158928
221	 5	 5	 1	 0.000440	 -1	 0.000000	 12.651233
222	 5	 5	 1	 0.000527	 -1	 0.000000	 11.416788
223	 5	 5	 1	 0.000399	 -1	 0.000000	 14.093462
224	 5	 5	 1	 0.000371	 -1	 0.000000	 9.395130
260	 5	 5	 1	 0.000456	 -1	 0.000000	 8.930442
261	 5	 5	 0	 398.921122	 -1	 0.000000	 6.177468
262	 5	 5	 1	 0.000744	 -1	 0.000000	 9.915826
263	 5	 5	 1	 0.000356	 -1	 0.000000	 11.247012
264	 5	 5	 1	 0.000570	 -1	 0.000000	 13.039562
265	 5	 5	 1	 0.000570	 -1	 0.000000	 9.936277
266	 5	 5	 1	 0.000360	 -1	 0.000000	 11.480235
267	 5	 5	 0	 303.992867	 -1	 0.000000	 7.866060
268	 5	 5	 1	 0.001024	 -1	 0.000000	 7.142591
269	 5	 5	 0	 348.056183	 -1	 0.000000	 6.620001
270	 5	 5	 1	 0.000419	 -1	 0.000000	 9.465176
271	 5	 5	 1	 0.000451	 -1	 0.000000	 13.002234
272	 5	 5	 0	 371.259616	 -1	 0.000000	 5.620655
273	 5	 5	 1	 0.000854	 -1	 0.000000	 7.909712
274	 5	 5	 1	 0.000420	 -1	 0.000000	 10.788622
275	 5	 5	 1	 0.001472	 -1	 0.000000	 10.230582
276	 5	 5	 1	 0.001001	 -1	 0.000000	 7.872509
277	 5	 5	 1	 0.000677	 -1	 0.000000	 8.317248
278	 5	 5	 1	 0.000325	 -1	 0.000000	 10.921214
279	 5	 5	 1	 12.328297	 -1	 0.000000	 12.548795
280	 5	 5	 1	 0.000747	 -1	 0.000000	 8.956468
281	 5	 5	 1	 0.000332	 -1	 0.000000	 10.477018
282	 5	 5	 1	 0.000664	 -1	 0.000000	 11.006914
>>> gr_fir_ccf: using E
>>> gr_fir_fff: using E
gr_buffer::allocate_buffer: warning: tried to allocate
   36 items of size 1776. Due to alignment requirements
   256 were allocated.  If this isn't OK, consider padding
   your structure to a power-of-two bytes.
   On this platform, our allocation granularity is 4096 bytes.
96	 5	 5	 0	 335.398736	 -1	 0.000000	 8.363440
65	 5	 5	 1	 52.506238	 -1	 0.000000	 7.809073
66	 5	 5	 1	 0.000390	 -1	 0.000000	 10.258747
67	 5	 5	 1	 0.000840	 -1	 0.000000	 10.355158
68	 5	 5	 1	 0.000521	 -1	 0.000000	 11.043522
69	 5	 5	 1	 0.000755	 -1	 0.000000	 8.729817
70	 5	 5	 1	 0.000387	 -1	 0.000000	 13.825287
71	 5	 5	 1	 0.000486	 -1	 0.000000	 11.724257
72	 5	 5	 1	 25.604818	 -1	 0.000000	 7.906146
74	 5	 5	 1	 0.000377	 -1	 0.000000	 18.276003
75	 5	 5	 1	 0.000429	 -1	 0.000000	 9.668957
76	 5	 5	 1	 0.000648	 -1	 0.000000	 8.589303
77	 5	 5	 1	 0.000370	 -1	 0.000000	 15.118826
78	 5	 5	 1	 0.000558	 -1	 0.000000	 10.228222
79	 5	 5	 1	 0.000363	 -1	 0.000000	 11.915218
80	 5	 5	 1	 0.000612	 -1	 0.000000	 8.810987
81	 5	 5	 1	 0.003191	 -1	 0.000000	 10.136284
82	 5	 5	 0	 359.643738	 -1	 0.000000	 6.899026
83	 5	 5	 1	 0.000574	 -1	 0.000000	 13.648177
84	 5	 5	 1	 0.000411	 -1	 0.000000	 8.274641
85	 5	 5	 1	 0.000410	 -1	 0.000000	 11.054988
86	 5	 5	 1	 0.000425	 -1	 0.000000	 14.001973
87	 5	 5	 1	 0.000900	 -1	 0.000000	 10.699965
88	 5	 5	 1	 0.000691	 -1	 0.000000	 10.486594
89	 5	 5	 1	 0.000488	 -1	 0.000000	 10.547376
90	 5	 5	 1	 0.000460	 -1	 0.000000	 9.761142
91	 5	 5	 1	 0.000675	 -1	 0.000000	 12.305330
92	 5	 5	 1	 0.000747	 -1	 0.000000	 9.132137
93	 5	 5	 1	 0.000492	 -1	 0.000000	 9.038571
95	 5	 5	 1	 0.000792	 -1	 0.000000	 8.488476
96	 5	 5	 1	 82.246871	 -1	 0.000000	 8.828854
97	 5	 5	 1	 0.000910	 -1	 0.000000	 8.631927
98	 5	 5	 1	 0.000468	 -1	 0.000000	 10.745653
99	 5	 5	 1	 0.000579	 -1	 0.000000	 8.908000
100	 5	 5	 1	 0.001051	 -1	 0.000000	 9.088627
101	 5	 5	 1	 0.000465	 -1	 0.000000	 12.986403
102	 5	 5	 1	 0.000473	 -1	 0.000000	 8.820882
103	 5	 5	 1	 0.000713	 -1	 0.000000	 9.482616
104	 5	 5	 1	 0.000642	 -1	 0.000000	 10.009862
105	 5	 5	 1	 0.000751	 -1	 0.000000	 8.175420
106	 5	 5	 1	 77.025992	 -1	 0.000000	 9.307473
107	 5	 5	 1	 0.000638	 -1	 0.000000	 9.670012
108	 5	 5	 1	 0.001203	 -1	 0.000000	 10.271708
109	 5	 5	 1	 0.000324	 -1	 0.000000	 11.393713
110	 5	 5	 1	 59.571280	 -1	 0.000000	 7.260035
111	 5	 5	 1	 0.000779	 -1	 0.000000	 8.924918
112	 5	 5	 1	 0.000957	 -1	 0.000000	 9.174170
113	 5	 5	 1	 0.000479	 -1	 0.000000	 8.489450
114	 5	 5	 1	 0.000396	 -1	 0.000000	 8.516286
115	 5	 5	 1	 0.000997	 -1	 0.000000	 8.526464
116	 5	 5	 1	 0.000530	 -1	 0.000000	 12.397264
117	 5	 5	 0	 373.710771	 -1	 0.000000	 8.373548
118	 5	 5	 1	 70.728552	 -1	 0.000000	 9.374241
119	 5	 5	 1	 0.000501	 -1	 0.000000	 15.496760
120	 5	 5	 1	 0.000559	 -1	 0.000000	 13.399160
121	 5	 5	 1	 63.527850	 -1	 0.000000	 9.231564
123	 5	 5	 1	 79.864491	 -1	 0.000000	 9.916569
124	 5	 5	 1	 0.000869	 -1	 0.000000	 7.958358
125	 5	 5	 1	 0.001085	 -1	 0.000000	 9.609477
127	 5	 5	 1	 0.000745	 -1	 0.000000	 8.630122
129	 5	 5	 1	 0.000476	 -1	 0.000000	 8.570167
130	 5	 5	 0	 365.144677	 -1	 0.000000	 5.797035
131	 5	 5	 1	 0.000382	 -1	 0.000000	 16.863876
132	 5	 5	 1	 0.000473	 -1	 0.000000	 11.373457
2874	 5	 5	 0	 393.493351	 -1	 0.000000	 4.299892
133	 5	 5	 1	 0.001086	 -1	 0.000000	 8.889496
134	 5	 5	 1	 0.000341	 -1	 0.000000	 12.625629
135	 5	 5	 1	 0.000753	 -1	 0.000000	 8.486115
136	 5	 5	 1	 0.000476	 -1	 0.000000	 20.615820
137	 5	 5	 1	 0.000488	 -1	 0.000000	 11.485737
138	 5	 5	 0	 118.884061	 -1	 0.000000	 7.431171
139	 5	 5	 1	 0.001074	 -1	 0.000000	 8.311637
140	 5	 5	 1	 0.000691	 -1	 0.000000	 10.405880
141	 5	 5	 1	 0.000485	 -1	 0.000000	 8.398157
142	 5	 5	 1	 0.000536	 -1	 0.000000	 8.779237
144	 5	 5	 1	 0.000739	 -1	 0.000000	 20.473234
145	 5	 5	 0	 389.509754	 -1	 0.000000	 5.310035
146	 5	 5	 1	 0.000362	 -1	 0.000000	 9.589835
149	 5	 5	 0	 355.582052	 -1	 0.000000	 7.589478
150	 5	 5	 1	 0.000378	 -1	 0.000000	 9.486496
151	 5	 5	 1	 0.000804	 -1	 0.000000	 8.933376
152	 5	 5	 1	 0.000569	 -1	 0.000000	 10.622407
153	 5	 5	 1	 0.000674	 -1	 0.000000	 10.932754
154	 5	 5	 1	 0.000420	 -1	 0.000000	 8.712171
155	 5	 5	 1	 41.501648	 -1	 0.000000	 10.388850
156	 5	 5	 1	 0.000402	 -1	 0.000000	 12.231015
157	 5	 5	 1	 0.000497	 -1	 0.000000	 11.711488
158	 5	 5	 0	 363.981762	 -1	 0.000000	 6.162169
159	 5	 5	 1	 0.000531	 -1	 0.000000	 13.619419
160	 5	 5	 1	 0.000567	 -1	 0.000000	 11.297023
161	 5	 5	 1	 0.000622	 -1	 0.000000	 8.657797
162	 5	 5	 0	 402.350162	 -1	 0.000000	 5.826055
163	 5	 5	 1	 0.000963	 -1	 0.000000	 7.745302
164	 5	 5	 1	 0.000662	 -1	 0.000000	 8.492526
165	 5	 5	 1	 0.000429	 -1	 0.000000	 8.525147
166	 5	 5	 1	 53.881573	 -1	 0.000000	 11.072414
167	 5	 5	 1	 75.940569	 -1	 0.000000	 7.398135
168	 5	 5	 1	 0.000493	 -1	 0.000000	 14.559668
169	 5	 5	 1	 0.000627	 -1	 0.000000	 12.027144
170	 5	 5	 1	 0.000397	 -1	 0.000000	 10.818789
171	 5	 5	 1	 0.000450	 -1	 0.000000	 12.106096
172	 5	 5	 1	 0.000432	 -1	 0.000000	 12.870951
173	 5	 5	 1	 0.000709	 -1	 0.000000	 11.491723
177	 5	 5	 1	 0.000543	 -1	 0.000000	 12.208403
179	 5	 5	 1	 0.000550	 -1	 0.000000	 14.685281
180	 5	 5	 1	 0.000787	 -1	 0.000000	 9.652245
181	 5	 5	 1	 0.001413	 -1	 0.000000	 8.315802
182	 5	 5	 0	 354.887754	 -1	 0.000000	 8.794703
183	 5	 5	 1	 85.484585	 -1	 0.000000	 8.394764
184	 5	 5	 1	 0.002282	 -1	 0.000000	 8.558346
185	 5	 5	 1	 0.001070	 -1	 0.000000	 9.332439
186	 5	 5	 1	 0.000889	 -1	 0.000000	 12.067782
187	 5	 5	 1	 0.000451	 -1	 0.000000	 12.523158
188	 5	 5	 1	 0.000409	 -1	 0.000000	 11.416796
189	 5	 5	 1	 0.000590	 -1	 0.000000	 11.401039
190	 5	 5	 0	 357.078397	 -1	 0.000000	 5.816973
191	 5	 5	 1	 0.001304	 -1	 0.000000	 7.069633
192	 5	 5	 1	 0.001113	 -1	 0.000000	 7.316835
193	 5	 5	 0	 371.097850	 -1	 0.000000	 6.885280
194	 5	 5	 1	 52.842602	 -1	 0.000000	 8.906700
195	 5	 5	 1	 0.000470	 -1	 0.000000	 13.234591
196	 5	 5	 1	 0.000439	 -1	 0.000000	 11.360629
197	 5	 5	 1	 0.000401	 -1	 0.000000	 11.655568
198	 5	 5	 1	 0.000341	 -1	 0.000000	 13.572467
199	 5	 5	 1	 0.000495	 -1	 0.000000	 11.885139
200	 5	 5	 1	 13.644858	 -1	 0.000000	 7.953192
201	 5	 5	 1	 0.001251	 -1	 0.000000	 8.636032
202	 5	 5	 1	 0.000405	 -1	 0.000000	 8.810655
1545	 5	 5	 0	 403.521218	 -1	 0.000000	 7.955250
203	 5	 5	 1	 0.000567	 -1	 0.000000	 9.760233
204	 5	 5	 1	 0.000640	 -1	 0.000000	 8.530120
206	 5	 5	 1	 0.000915	 -1	 0.000000	 8.385941
207	 5	 5	 0	 75.100382	 -1	 0.000000	 9.997027
0	 7	 7	 1	 0.003820	 -1	 0.000000	 8.526641
1	 7	 7	 1	 0.002902	 -1	 0.000000	 10.644682
2	 7	 7	 1	 0.002995	 -1	 0.000000	 9.721750
3	 7	 7	 1	 0.002095	 -1	 0.000000	 8.271644
4	 7	 7	 0	 384.106272	 -1	 0.000000	 5.674877
5	 7	 7	 0	 394.752561	 -1	 0.000000	 7.052093
6	 7	 7	 1	 0.003336	 -1	 0.000000	 10.227331
7	 7	 7	 1	 0.008440	 -1	 0.000000	 10.439080
8	 7	 7	 1	 0.002135	 -1	 0.000000	 8.507722
9	 7	 7	 1	 0.003450	 -1	 0.000000	 8.348591
10	 7	 7	 1	 50.427750	 -1	 0.000000	 13.677594
12	 7	 7	 1	 0.002718	 -1	 0.000000	 16.534521
13	 7	 7	 1	 0.119803	 -1	 0.000000	 16.676413
14	 7	 7	 1	 0.003027	 -1	 0.000000	 9.473252
15	 7	 7	 1	 0.003066	 -1	 0.000000	 9.533450
16	 7	 7	 1	 0.005010	 -1	 0.000000	 8.243927
17	 7	 7	 0	 385.022994	 -1	 0.000000	 10.572389
18	 7	 7	 1	 0.002503	 -1	 0.000000	 8.807204
19	 7	 7	 1	 0.001494	 -1	 0.000000	 13.519451
20	 7	 7	 1	 0.004908	 -1	 0.000000	 10.192510
21	 7	 7	 0	 362.806904	 -1	 0.000000	 5.570568
22	 7	 7	 1	 0.002316	 -1	 0.000000	 19.006348
23	 7	 7	 1	 0.003703	 -1	 0.000000	 8.901697
25	 7	 7	 1	 0.002575	 -1	 0.000000	 10.728251
26	 7	 7	 1	 0.002113	 -1	 0.000000	 15.414947
27	 7	 7	 0	 347.256493	 -1	 0.000000	 5.456179
28	 7	 7	 0	 370.208003	 -1	 0.000000	 10.049076
29	 7	 7	 1	 0.003219	 -1	 0.000000	 8.816957
30	 7	 7	 1	 0.006061	 -1	 0.000000	 8.520578
31	 7	 7	 1	 0.003653	 -1	 0.000000	 9.130339
32	 7	 7	 1	 0.003732	 -1	 0.000000	 10.797344
33	 7	 7	 1	 0.015864	 -1	 0.000000	 10.720616
34	 7	 7	 1	 0.004393	 -1	 0.000000	 8.433435
35	 7	 7	 1	 0.002154	 -1	 0.000000	 11.208610
36	 7	 7	 1	 0.077975	 -1	 0.000000	 13.013225
37	 7	 7	 1	 0.002444	 -1	 0.000000	 12.546716
38	 7	 7	 0	 389.857469	 -1	 0.000000	 6.229883
39	 7	 7	 0	 376.815477	 -1	 0.000000	 8.913013
40	 7	 7	 1	 0.002591	 -1	 0.000000	 12.795935
41	 7	 7	 1	 0.002139	 -1	 0.000000	 10.142097
42	 7	 7	 1	 0.003271	 -1	 0.000000	 9.806745
43	 7	 7	 1	 0.002091	 -1	 0.000000	 9.417912
45	 7	 7	 1	 0.001533	 -1	 0.000000	 16.928360
46	 7	 7	 1	 0.003183	 -1	 0.000000	 8.864251
47	 7	 7	 1	 0.002534	 -1	 0.000000	 12.174642
48	 7	 7	 1	 0.002086	 -1	 0.000000	 11.355552
49	 7	 7	 1	 0.006235	 -1	 0.000000	 9.633264
50	 7	 7	 1	 0.004847	 -1	 0.000000	 8.831388
51	 7	 7	 1	 0.004538	 -1	 0.000000	 10.534611
52	 7	 7	 0	 269.797692	 -1	 0.000000	 9.797861
53	 7	 7	 1	 0.002006	 -1	 0.000000	 9.525015
54	 7	 7	 1	 0.002935	 -1	 0.000000	 8.008822
55	 7	 7	 1	 0.007169	 -1	 0.000000	 8.005137
56	 7	 7	 1	 0.001898	 -1	 0.000000	 11.647993
57	 7	 7	 1	 0.001744	 -1	 0.000000	 9.726117
58	 7	 7	 0	 365.130113	 -1	 0.000000	 17.814034
59	 7	 7	 1	 0.019827	 -1	 0.000000	 9.382702
60	 7	 7	 1	 0.002752	 -1	 0.000000	 8.943461
61	 7	 7	 1	 0.001816	 -1	 0.000000	 9.597950
62	 7	 7	 1	 0.002968	 -1	 0.000000	 11.875318
63	 7	 7	 1	 0.009834	 -1	 0.000000	 10.657869
64	 7	 7	 1	 0.002550	 -1	 0.000000	 15.250650
>>> gr_fir_ccf: using E
>>> gr_fir_fff: using E
gr_buffer::allocate_buffer: warning: tried to allocate
   36 items of size 1776. Due to alignment requirements
   256 were allocated.  If this isn't OK, consider padding
   your structure to a power-of-two bytes.
   On this platform, our allocation granularity is 4096 bytes.
80	 7	 7	 0	 247.843471	 -1	 0.000000	 9.514931
81	 7	 7	 1	 0.002464	 -1	 0.000000	 9.378527
82	 7	 7	 0	 385.325908	 -1	 0.000000	 6.755443
83	 7	 7	 1	 0.001813	 -1	 0.000000	 20.451559
84	 7	 7	 1	 0.004439	 -1	 0.000000	 10.381453
85	 7	 7	 1	 0.004533	 -1	 0.000000	 9.333034
86	 7	 7	 1	 0.014654	 -1	 0.000000	 10.358713
87	 7	 7	 1	 1.242537	 -1	 0.000000	 9.354965
88	 7	 7	 1	 0.003705	 -1	 0.000000	 10.116723
89	 7	 7	 1	 0.001943	 -1	 0.000000	 14.023136
90	 7	 7	 1	 0.003579	 -1	 0.000000	 9.225607
567	 9	 9	 0	 449.736390	 -1	 0.000000	 7.806093
91	 7	 7	 0	 431.424865	 -1	 0.000000	 10.463522
92	 7	 7	 1	 0.002074	 -1	 0.000000	 10.050362
93	 7	 7	 1	 0.003228	 -1	 0.000000	 8.045238
94	 7	 7	 1	 0.005557	 -1	 0.000000	 7.532459
95	 7	 7	 1	 0.013570	 -1	 0.000000	 12.926759
96	 7	 7	 0	 407.208971	 -1	 0.000000	 7.436491
97	 7	 7	 1	 0.002078	 -1	 0.000000	 9.065080
98	 7	 7	 1	 0.005100	 -1	 0.000000	 7.641729
99	 7	 7	 0	 382.975509	 -1	 0.000000	 7.205990
100	 7	 7	 1	 0.005314	 -1	 0.000000	 8.960736
102	 7	 7	 1	 0.002417	 -1	 0.000000	 9.412388
103	 7	 7	 1	 0.004118	 -1	 0.000000	 8.831542
104	 7	 7	 1	 0.021173	 -1	 0.000000	 9.195109
105	 7	 7	 1	 0.004828	 -1	 0.000000	 10.220015
106	 7	 7	 1	 0.002054	 -1	 0.000000	 14.130668
107	 7	 7	 1	 0.002325	 -1	 0.000000	 11.302772
108	 7	 7	 1	 0.002835	 -1	 0.000000	 10.307829
109	 7	 7	 1	 0.002210	 -1	 0.000000	 9.635639
110	 7	 7	 1	 0.002848	 -1	 0.000000	 10.602756
111	 7	 7	 1	 0.004552	 -1	 0.000000	 12.285813
112	 7	 7	 1	 0.169538	 -1	 0.000000	 9.609977
113	 7	 7	 1	 0.002390	 -1	 0.000000	 9.726786
114	 7	 7	 1	 0.002158	 -1	 0.000000	 10.805583
115	 7	 7	 1	 0.003834	 -1	 0.000000	 8.460797
116	 7	 7	 1	 0.001736	 -1	 0.000000	 11.057601
117	 7	 7	 1	 0.005036	 -1	 0.000000	 10.785825
118	 7	 7	 0	 353.213283	 -1	 0.000000	 7.385187
119	 7	 7	 1	 0.009097	 -1	 0.000000	 8.451460
120	 7	 7	 0	 8.468698	 -1	 0.000000	 9.217053
121	 7	 7	 0	 400.352703	 -1	 0.000000	 7.945318
122	 7	 7	 1	 0.003636	 -1	 0.000000	 10.117558
123	 7	 7	 0	 405.133560	 -1	 0.000000	 8.822149
124	 7	 7	 1	 0.003967	 -1	 0.000000	 7.861203
125	 7	 7	 1	 0.003305	 -1	 0.000000	 8.964572
126	 7	 7	 1	 0.001984	 -1	 0.000000	 9.508443
127	 7	 7	 1	 0.003292	 -1	 0.000000	 9.001452
128	 7	 7	 1	 0.002094	 -1	 0.000000	 10.720792
129	 7	 7	 1	 0.005615	 -1	 0.000000	 8.308505
130	 7	 7	 1	 0.005165	 -1	 0.000000	 8.913249
131	 7	 7	 0	 378.707103	 -1	 0.000000	 11.926077
132	 7	 7	 1	 0.003323	 -1	 0.000000	 11.190898
133	 7	 7	 1	 0.005523	 -1	 0.000000	 8.675151
134	 7	 7	 1	 0.005217	 -1	 0.000000	 7.981211
135	 7	 7	 1	 0.005180	 -1	 0.000000	 7.796747
136	 7	 7	 0	 361.542583	 -1	 0.000000	 11.791048
137	 7	 7	 1	 0.002754	 -1	 0.000000	 13.506541
138	 7	 7	 1	 0.001786	 -1	 0.000000	 9.198683
139	 7	 7	 1	 0.001699	 -1	 0.000000	 11.540611
140	 7	 7	 1	 0.002218	 -1	 0.000000	 11.992460
141	 7	 7	 1	 0.003824	 -1	 0.000000	 11.584498
142	 7	 7	 1	 0.004342	 -1	 0.000000	 8.057106
143	 7	 7	 1	 0.001711	 -1	 0.000000	 8.216892
144	 7	 7	 1	 0.003800	 -1	 0.000000	 7.244298
145	 7	 7	 1	 0.001708	 -1	 0.000000	 11.513546
146	 7	 7	 1	 0.001719	 -1	 0.000000	 9.032815
147	 7	 7	 1	 0.001476	 -1	 0.000000	 14.065134
148	 7	 7	 1	 39.182189	 -1	 0.000000	 9.344456
149	 7	 7	 1	 0.003668	 -1	 0.000000	 9.831518
150	 7	 7	 1	 0.003536	 -1	 0.000000	 9.897736
151	 7	 7	 1	 0.002122	 -1	 0.000000	 10.824844
152	 7	 7	 1	 9.905995	 -1	 0.000000	 9.597321
153	 7	 7	 1	 0.002060	 -1	 0.000000	 9.046144
154	 7	 7	 1	 0.003467	 -1	 0.000000	 8.679024
155	 7	 7	 1	 0.001377	 -1	 0.000000	 23.050188
156	 7	 7	 0	 321.498646	 -1	 0.000000	 7.260543
157	 7	 7	 1	 0.003188	 -1	 0.000000	 9.013235
158	 7	 7	 1	 0.003073	 -1	 0.000000	 9.917087
159	 7	 7	 0	 368.264984	 -1	 0.000000	 8.392561
160	 7	 7	 1	 0.001681	 -1	 0.000000	 8.515877
161	 7	 7	 1	 0.002878	 -1	 0.000000	 10.689598
162	 7	 7	 1	 0.003089	 -1	 0.000000	 10.613050
163	 7	 7	 1	 0.004105	 -1	 0.000000	 10.239364
164	 7	 7	 0	 365.321801	 -1	 0.000000	 10.432496
165	 7	 7	 1	 0.003926	 -1	 0.000000	 8.635221
166	 7	 7	 1	 0.004595	 -1	 0.000000	 8.990557
167	 7	 7	 1	 0.002682	 -1	 0.000000	 9.972243
168	 7	 7	 1	 0.001472	 -1	 0.000000	 14.353263
169	 7	 7	 1	 0.008930	 -1	 0.000000	 9.745219
170	 7	 7	 1	 0.003929	 -1	 0.000000	 9.103956
171	 7	 7	 1	 0.004905	 -1	 0.000000	 9.076431
172	 7	 7	 1	 0.003934	 -1	 0.000000	 7.390352
173	 7	 7	 1	 0.001668	 -1	 0.000000	 8.916692
174	 7	 7	 1	 0.004387	 -1	 0.000000	 8.427154
175	 7	 7	 0	 394.898030	 -1	 0.000000	 10.549565
176	 7	 7	 1	 0.001849	 -1	 0.000000	 8.836831
177	 7	 7	 1	 0.002016	 -1	 0.000000	 18.202570
178	 7	 7	 1	 0.005166	 -1	 0.000000	 11.540079
179	 7	 7	 0	 380.249776	 -1	 0.000000	 6.835655
180	 7	 7	 1	 20.012343	 -1	 0.000000	 18.619873
181	 7	 7	 1	 0.005392	 -1	 0.000000	 11.738591
182	 7	 7	 0	 416.484084	 -1	 0.000000	 7.025885
183	 7	 7	 1	 0.003737	 -1	 0.000000	 8.457267
184	 7	 7	 1	 0.002826	 -1	 0.000000	 11.194139
185	 7	 7	 1	 0.002128	 -1	 0.000000	 14.448010
186	 7	 7	 1	 0.001446	 -1	 0.000000	 9.802074
187	 7	 7	 1	 0.002918	 -1	 0.000000	 11.090915
188	 7	 7	 1	 0.005808	 -1	 0.000000	 8.525227
189	 7	 7	 1	 0.003803	 -1	 0.000000	 11.489980
190	 7	 7	 0	 321.908045	 -1	 0.000000	 8.664819
191	 7	 7	 1	 0.003643	 -1	 0.000000	 11.834697
192	 7	 7	 1	 0.004220	 -1	 0.000000	 9.098578
193	 7	 7	 0	 385.642890	 -1	 0.000000	 5.831029
194	 7	 7	 1	 0.001490	 -1	 0.000000	 11.346103
195	 7	 7	 0	 377.546968	 -1	 0.000000	 8.226851
196	 7	 7	 1	 0.002063	 -1	 0.000000	 15.805237
197	 7	 7	 1	 0.002886	 -1	 0.000000	 8.249472
198	 7	 7	 1	 0.003909	 -1	 0.000000	 10.741886
199	 7	 7	 1	 0.001965	 -1	 0.000000	 10.745024
200	 7	 7	 1	 0.002752	 -1	 0.000000	 13.502711
201	 7	 7	 0	 377.909446	 -1	 0.000000	 8.236407
202	 7	 7	 1	 34.662731	 -1	 0.000000	 10.106068
203	 7	 7	 1	 0.002062	 -1	 0.000000	 10.543255
204	 7	 7	 1	 0.001761	 -1	 0.000000	 11.034702
205	 7	 7	 0	 369.057806	 -1	 0.000000	 6.449946
206	 7	 7	 0	 365.355421	 -1	 0.000000	 11.002459
207	 7	 7	 1	 0.002905	 -1	 0.000000	 10.622110
208	 7	 7	 1	 0.002241	 -1	 0.000000	 10.107516
209	 7	 7	 1	 0.003889	 -1	 0.000000	 17.049511
210	 7	 7	 1	 0.002698	 -1	 0.000000	 9.461210
211	 7	 7	 1	 0.004384	 -1	 0.000000	 8.704145
212	 7	 7	 1	 0.003487	 -1	 0.000000	 8.632915
213	 7	 7	 1	 0.002386	 -1	 0.000000	 11.461833
214	 7	 7	 1	 0.002339	 -1	 0.000000	 11.260455
217	 7	 7	 1	 0.002638	 -1	 0.000000	 10.764016
218	 7	 7	 1	 0.001736	 -1	 0.000000	 10.157562
219	 7	 7	 1	 0.002241	 -1	 0.000000	 13.005839
220	 7	 7	 0	 401.149587	 -1	 0.000000	 9.047413
221	 7	 7	 1	 0.002033	 -1	 0.000000	 12.273401
222	 7	 7	 1	 0.003410	 -1	 0.000000	 8.295603
223	 7	 7	 1	 0.005033	 -1	 0.000000	 11.990016
224	 7	 7	 0	 381.550591	 -1	 0.000000	 10.528898
225	 7	 7	 1	 0.004319	 -1	 0.000000	 7.919087
226	 7	 7	 1	 0.002917	 -1	 0.000000	 10.239000
227	 7	 7	 1	 0.746497	 -1	 0.000000	 8.532941
228	 7	 7	 1	 0.002003	 -1	 0.000000	 12.180511
229	 7	 7	 1	 0.003177	 -1	 0.000000	 10.054416
230	 7	 7	 1	 0.002610	 -1	 0.000000	 9.190405
231	 7	 7	 1	 0.003476	 -1	 0.000000	 9.710274
232	 7	 7	 1	 0.003137	 -1	 0.000000	 12.172721
233	 7	 7	 1	 0.003579	 -1	 0.000000	 10.417632
234	 7	 7	 1	 0.002688	 -1	 0.000000	 11.978675
235	 7	 7	 1	 0.002384	 -1	 0.000000	 10.563897
236	 7	 7	 1	 0.002433	 -1	 0.000000	 10.847892
237	 7	 7	 1	 0.005379	 -1	 0.000000	 9.959788
239	 7	 7	 1	 0.003092	 -1	 0.000000	 7.546085
240	 7	 7	 1	 0.003259	 -1	 0.000000	 8.099633
241	 7	 7	 0	 314.545916	 -1	 0.000000	 7.839058
242	 7	 7	 0	 391.933971	 -1	 0.000000	 14.096847
243	 7	 7	 1	 0.002475	 -1	 0.000000	 10.591084
244	 7	 7	 1	 0.005185	 -1	 0.000000	 7.890728
245	 7	 7	 1	 0.002273	 -1	 0.000000	 12.324993
246	 7	 7	 1	 0.136097	 -1	 0.000000	 7.657373
247	 7	 7	 1	 0.002762	 -1	 0.000000	 12.444865
248	 7	 7	 1	 0.001543	 -1	 0.000000	 12.150928
249	 7	 7	 1	 0.005414	 -1	 0.000000	 8.676239
250	 7	 7	 0	 395.465534	 -1	 0.000000	 8.921617
251	 7	 7	 1	 0.001817	 -1	 0.000000	 10.960119
252	 7	 7	 1	 0.004221	 -1	 0.000000	 9.810541
253	 7	 7	 1	 28.405235	 -1	 0.000000	 9.847876
254	 7	 7	 1	 0.002499	 -1	 0.000000	 10.881926
255	 7	 7	 1	 0.003893	 -1	 0.000000	 7.553276
256	 7	 7	 1	 0.002786	 -1	 0.000000	 11.313097
257	 7	 7	 1	 0.003907	 -1	 0.000000	 8.819468
258	 7	 7	 1	 0.002457	 -1	 0.000000	 9.363344
259	 7	 7	 1	 0.002974	 -1	 0.000000	 7.669955
260	 7	 7	 1	 0.002097	 -1	 0.000000	 12.794983
261	 7	 7	 1	 0.003533	 -1	 0.000000	 9.790316
262	 7	 7	 1	 0.003099	 -1	 0.000000	 9.457415
268	 7	 7	 1	 12.733349	 -1	 0.000000	 7.842722
300	 7	 7	 1	 0.003309	 -1	 0.000000	 7.998086
301	 7	 7	 1	 0.001702	 -1	 0.000000	 9.826995
302	 7	 7	 1	 0.004614	 -1	 0.000000	 9.336938
68	 9	 9	 1	 22.403100	 -1	 0.000000	 9.475946
69	 9	 9	 0	 373.519680	 -1	 0.000000	 11.255967
70	 9	 9	 1	 1.611289	 -1	 0.000000	 10.566694
71	 9	 9	 1	 20.542022	 -1	 0.000000	 8.256917
72	 9	 9	 0	 446.891458	 -1	 0.000000	 10.168805
73	 9	 9	 1	 24.048470	 -1	 0.000000	 11.658298
74	 9	 9	 0	 358.168068	 -1	 0.000000	 10.214480
75	 9	 9	 1	 22.487239	 -1	 0.000000	 12.425849
76	 9	 9	 1	 1.609701	 -1	 0.000000	 10.512780
77	 9	 9	 1	 2.648452	 -1	 0.000000	 8.719664
78	 9	 9	 1	 19.803897	 -1	 0.000000	 10.543111
79	 9	 9	 1	 1.869178	 -1	 0.000000	 15.289444
80	 9	 9	 1	 18.643862	 -1	 0.000000	 14.042212
2660	 5	 5	 0	 412.387896	 -1	 0.000000	 7.869098
81	 9	 9	 0	 431.416610	 -1	 0.000000	 9.975204
82	 9	 9	 1	 24.671610	 -1	 0.000000	 9.150002
83	 9	 9	 0	 266.233688	 -1	 0.000000	 8.685990
84	 9	 9	 1	 1.844752	 -1	 0.000000	 12.085938
85	 9	 9	 1	 1.954272	 -1	 0.000000	 8.855818
86	 9	 9	 0	 356.574428	 -1	 0.000000	 9.160687
87	 9	 9	 1	 1.579124	 -1	 0.000000	 11.031998
88	 9	 9	 1	 1.536339	 -1	 0.000000	 11.191950
89	 9	 9	 0	 380.335775	 -1	 0.000000	 9.645728
90	 9	 9	 1	 1.606403	 -1	 0.000000	 11.338316
91	 9	 9	 1	 1.882824	 -1	 0.000000	 9.326405
92	 9	 9	 1	 20.958141	 -1	 0.000000	 10.645585
93	 9	 9	 0	 444.231564	 -1	 0.000000	 10.262237
94	 9	 9	 1	 24.588101	 -1	 0.000000	 10.931362
95	 9	 9	 1	 24.052465	 -1	 0.000000	 8.431081
96	 9	 9	 0	 318.794482	 -1	 0.000000	 10.588033
97	 9	 9	 1	 21.892406	 -1	 0.000000	 12.314953
98	 9	 9	 1	 19.962259	 -1	 0.000000	 11.211418
100	 9	 9	 1	 5.389423	 -1	 0.000000	 13.332429
101	 9	 9	 1	 21.014512	 -1	 0.000000	 7.861213
102	 9	 9	 1	 197.529445	 -1	 0.000000	 9.141169
103	 9	 9	 0	 247.980302	 -1	 0.000000	 8.556968
104	 9	 9	 0	 416.732864	 -1	 0.000000	 11.866899
105	 9	 9	 1	 17.792477	 -1	 0.000000	 11.225461
106	 9	 9	 1	 27.282769	 -1	 0.000000	 10.463076
107	 9	 9	 1	 27.310718	 -1	 0.000000	 9.387870
108	 9	 9	 1	 16.107050	 -1	 0.000000	 13.357219
109	 9	 9	 0	 304.085094	 -1	 0.000000	 9.865344
110	 9	 9	 0	 322.380913	 -1	 0.000000	 8.997859
111	 9	 9	 1	 1.708631	 -1	 0.000000	 12.835392
112	 9	 9	 1	 26.082775	 -1	 0.000000	 8.381677
113	 9	 9	 0	 242.742945	 -1	 0.000000	 9.859494
114	 9	 9	 0	 408.612969	 -1	 0.000000	 6.582253
115	 9	 9	 1	 22.834934	 -1	 0.000000	 17.336424
116	 9	 9	 1	 2.107048	 -1	 0.000000	 11.101969
117	 9	 9	 1	 27.351394	 -1	 0.000000	 11.272370
118	 9	 9	 1	 21.101945	 -1	 0.000000	 15.811100
119	 9	 9	 1	 1.821105	 -1	 0.000000	 11.368360
120	 9	 9	 1	 4.726122	 -1	 0.000000	 7.902529
121	 9	 9	 1	 1.559690	 -1	 0.000000	 10.603477
122	 9	 9	 1	 19.405109	 -1	 0.000000	 9.524370
123	 9	 9	 1	 2.022161	 -1	 0.000000	 10.624914
124	 9	 9	 1	 1.513432	 -1	 0.000000	 13.844459
125	 9	 9	 1	 162.465264	 -1	 0.000000	 13.748227
126	 9	 9	 0	 234.195593	 -1	 0.000000	 12.310966
127	 9	 9	 1	 20.479671	 -1	 0.000000	 14.404036
128	 9	 9	 0	 321.846320	 -1	 0.000000	 7.671935
129	 9	 9	 1	 3.554004	 -1	 0.000000	 7.645564
130	 9	 9	 1	 26.139965	 -1	 0.000000	 8.000354
131	 9	 9	 0	 349.190845	 -1	 0.000000	 10.689636
132	 9	 9	 0	 337.136389	 -1	 0.000000	 6.687393
3299	 9	 9	 0	 447.357441	 -1	 0.000000	 4.406416
133	 9	 9	 1	 100.430033	 -1	 0.000000	 8.351206
134	 9	 9	 1	 18.902690	 -1	 0.000000	 9.334336
135	 9	 9	 1	 24.787836	 -1	 0.000000	 8.294863
136	 9	 9	 1	 1.918518	 -1	 0.000000	 10.955032
137	 9	 9	 1	 3.021676	 -1	 0.000000	 7.787546
138	 9	 9	 1	 15.547048	 -1	 0.000000	 9.487918
3058	 9	 9	 0	 447.517585	 -1	 0.000000	 6.762879
139	 9	 9	 0	 314.610707	 -1	 0.000000	 9.151643
140	 9	 9	 1	 23.182834	 -1	 0.000000	 10.176222
141	 9	 9	 1	 25.174869	 -1	 0.000000	 9.788756
142	 9	 9	 0	 386.497647	 -1	 0.000000	 8.464046
143	 9	 9	 0	 339.154619	 -1	 0.000000	 13.745220
144	 9	 9	 1	 2.048699	 -1	 0.000000	 11.115776
145	 9	 9	 1	 149.337932	 -1	 0.000000	 8.981277
146	 9	 9	 0	 237.123937	 -1	 0.000000	 8.740151
147	 9	 9	 1	 9.231649	 -1	 0.000000	 15.609290
148	 9	 9	 0	 244.944446	 -1	 0.000000	 8.388999
149	 9	 9	 1	 1.653093	 -1	 0.000000	 10.222039
150	 9	 9	 1	 16.159662	 -1	 0.000000	 12.197455
151	 9	 9	 1	 1.852861	 -1	 0.000000	 11.180475
152	 9	 9	 1	 17.247808	 -1	 0.000000	 11.888019
153	 9	 9	 1	 18.423205	 -1	 0.000000	 10.789768
154	 9	 9	 1	 188.453476	 -1	 0.000000	 9.779321
155	 9	 9	 1	 1.503473	 -1	 0.000000	 13.432496
156	 9	 9	 1	 30.470544	 -1	 0.000000	 12.116699
157	 9	 9	 0	 430.429542	 -1	 0.000000	 8.489800
158	 9	 9	 1	 23.574641	 -1	 0.000000	 8.458363
159	 9	 9	 0	 330.814232	 -1	 0.000000	 8.342883
160	 9	 9	 1	 1.807851	 -1	 0.000000	 12.422324
161	 9	 9	 1	 25.726966	 -1	 0.000000	 10.242331
162	 9	 9	 0	 366.847887	 -1	 0.000000	 11.507431
163	 9	 9	 1	 2.617471	 -1	 0.000000	 9.144309
164	 9	 9	 1	 22.380235	 -1	 0.000000	 15.761559
165	 9	 9	 1	 106.651832	 -1	 0.000000	 9.890524
166	 9	 9	 1	 27.910472	 -1	 0.000000	 13.929569
167	 9	 9	 1	 19.861365	 -1	 0.000000	 7.030546
168	 9	 9	 1	 24.491625	 -1	 0.000000	 9.189637
169	 9	 9	 1	 1.625427	 -1	 0.000000	 9.978487
170	 9	 9	 1	 1.722703	 -1	 0.000000	 12.453929
171	 9	 9	 0	 450.830947	 -1	 0.000000	 7.564338
172	 9	 9	 1	 21.949339	 -1	 0.000000	 14.296414
173	 9	 9	 1	 1.718996	 -1	 0.000000	 10.016091
174	 9	 9	 1	 177.460378	 -1	 0.000000	 15.161737
175	 9	 9	 1	 24.910094	 -1	 0.000000	 7.919911
176	 9	 9	 0	 307.713913	 -1	 0.000000	 10.072109
177	 9	 9	 1	 24.313264	 -1	 0.000000	 9.700358
178	 9	 9	 1	 15.343207	 -1	 0.000000	 11.555627
179	 9	 9	 1	 1.824574	 -1	 0.000000	 11.560718
180	 9	 9	 0	 392.296631	 -1	 0.000000	 9.603464
181	 9	 9	 1	 1.882438	 -1	 0.000000	 8.878665
182	 9	 9	 1	 24.935703	 -1	 0.000000	 7.235179
183	 9	 9	 1	 24.671264	 -1	 0.000000	 9.068468
184	 9	 9	 1	 26.916238	 -1	 0.000000	 7.745462
185	 9	 9	 1	 200.646338	 -1	 0.000000	 10.962627
186	 9	 9	 0	 258.926093	 -1	 0.000000	 10.157151
187	 9	 9	 1	 21.837685	 -1	 0.000000	 8.630884
188	 9	 9	 0	 302.824347	 -1	 0.000000	 9.339264
189	 9	 9	 1	 2.117390	 -1	 0.000000	 9.700825
190	 9	 9	 1	 27.001477	 -1	 0.000000	 12.806000
191	 9	 9	 1	 24.374451	 -1	 0.000000	 11.637984
192	 9	 9	 1	 2.332687	 -1	 0.000000	 8.998372
193	 9	 9	 0	 182.050995	 -1	 0.000000	 8.230566
194	 9	 9	 1	 21.978370	 -1	 0.000000	 7.435136
195	 9	 9	 1	 25.983553	 -1	 0.000000	 8.630987
196	 9	 9	 1	 20.743420	 -1	 0.000000	 11.326859
197	 9	 9	 1	 31.026010	 -1	 0.000000	 9.903695
198	 9	 9	 1	 2.160772	 -1	 0.000000	 8.905900
199	 9	 9	 1	 22.787264	 -1	 0.000000	 20.458305
200	 9	 9	 1	 26.328730	 -1	 0.000000	 8.815953
201	 9	 9	 1	 2.120219	 -1	 0.000000	 9.093508
202	 9	 9	 0	 284.743070	 -1	 0.000000	 12.687901
203	 9	 9	 1	 28.768512	 -1	 0.000000	 8.079985
204	 9	 9	 1	 24.050125	 -1	 0.000000	 10.812109
205	 9	 9	 1	 1.711296	 -1	 0.000000	 11.353803
206	 9	 9	 1	 30.639692	 -1	 0.000000	 9.889797
207	 9	 9	 1	 20.483278	 -1	 0.000000	 13.106687
208	 9	 9	 1	 17.318188	 -1	 0.000000	 10.155717
209	 9	 9	 1	 22.978525	 -1	 0.000000	 10.016662
210	 9	 9	 1	 27.282177	 -1	 0.000000	 9.088430
1291	 9	 9	 0	 449.082440	 -1	 0.000000	 6.374305
211	 9	 9	 1	 29.569056	 -1	 0.000000	 8.140722
212	 9	 9	 1	 24.873204	 -1	 0.000000	 8.200836
213	 9	 9	 1	 47.849306	 -1	 0.000000	 13.393741
214	 9	 9	 1	 1.508468	 -1	 0.000000	 13.101606
215	 9	 9	 1	 19.714654	 -1	 0.000000	 11.243781
216	 9	 9	 0	 284.660184	 -1	 0.000000	 8.299214
217	 9	 9	 1	 21.942126	 -1	 0.000000	 8.829908
218	 9	 9	 1	 34.818496	 -1	 0.000000	 8.543846
219	 9	 9	 1	 19.793675	 -1	 0.000000	 14.250273
220	 9	 9	 0	 320.293637	 -1	 0.000000	 10.668443
221	 9	 9	 1	 2.280339	 -1	 0.000000	 8.871808
222	 9	 9	 0	 219.989326	 -1	 0.000000	 9.241248
223	 9	 9	 1	 22.207734	 -1	 0.000000	 11.506606
224	 9	 9	 1	 17.948659	 -1	 0.000000	 15.403033
225	 9	 9	 1	 1.674854	 -1	 0.000000	 10.448841
226	 9	 9	 1	 2.121050	 -1	 0.000000	 9.614945
227	 9	 9	 1	 20.179729	 -1	 0.000000	 10.122604
228	 9	 9	 1	 18.885860	 -1	 0.000000	 11.259397
229	 9	 9	 1	 2.877753	 -1	 0.000000	 8.089312
230	 9	 9	 1	 22.550662	 -1	 0.000000	 12.436302
231	 9	 9	 1	 8.069997	 -1	 0.000000	 10.509352
232	 9	 9	 1	 23.404254	 -1	 0.000000	 14.814016
233	 9	 9	 1	 2.189333	 -1	 0.000000	 10.025066
234	 9	 9	 1	 2.281700	 -1	 0.000000	 9.646575
235	 9	 9	 1	 20.955865	 -1	 0.000000	 15.827273
236	 9	 9	 1	 2.464125	 -1	 0.000000	 9.172001
237	 9	 9	 1	 20.911753	 -1	 0.000000	 10.665537
238	 9	 9	 1	 1.496085	 -1	 0.000000	 13.228065
239	 9	 9	 0	 391.975343	 -1	 0.000000	 8.869765
240	 9	 9	 1	 22.995374	 -1	 0.000000	 10.856858
241	 9	 9	 1	 25.810519	 -1	 0.000000	 9.420013
242	 9	 9	 0	 282.478066	 -1	 0.000000	 8.444697
243	 9	 9	 0	 377.008335	 -1	 0.000000	 10.002274
280	 9	 9	 1	 1.636624	 -1	 0.000000	 11.924623
281	 9	 9	 1	 20.153140	 -1	 0.000000	 9.501902
282	 9	 9	 0	 426.586355	 -1	 0.000000	 8.186389
283	 9	 9	 1	 1.860340	 -1	 0.000000	 9.686397
284	 9	 9	 1	 206.471882	 -1	 0.000000	 12.096375
285	 9	 9	 1	 15.188444	 -1	 0.000000	 9.376536
286	 9	 9	 0	 194.561521	 -1	 0.000000	 8.624472
287	 9	 9	 1	 20.610046	 -1	 0.000000	 10.574677
288	 9	 9	 1	 20.831512	 -1	 0.000000	 11.883904
289	 9	 9	 1	 21.273417	 -1	 0.000000	 12.733751
290	 9	 9	 1	 18.642556	 -1	 0.000000	 14.473662
291	 9	 9	 1	 1.622637	 -1	 0.000000	 10.204370
292	 9	 9	 0	 235.162715	 -1	 0.000000	 6.975527
293	 9	 9	 1	 23.582141	 -1	 0.000000	 8.521590
294	 9	 9	 1	 32.348882	 -1	 0.000000	 7.612339
295	 9	 9	 1	 29.525188	 -1	 0.000000	 8.120831
296	 9	 9	 1	 1.854531	 -1	 0.000000	 12.969545
297	 9	 9	 0	 191.364374	 -1	 0.000000	 9.490851
298	 9	 9	 1	 1.485793	 -1	 0.000000	 9.669504
299	 9	 9	 1	 27.530982	 -1	 0.000000	 10.741997
272	 9	 9	 0	 495.675415	 -1	 0.000000	 14.043383
300	 9	 9	 0	 304.828714	 -1	 0.000000	 7.999596
301	 9	 9	 1	 20.395920	 -1	 0.000000	 11.252085
302	 9	 9	 1	 21.342277	 -1	 0.000000	 10.789674
303	 9	 9	 1	 2.080222	 -1	 0.000000	 10.416451
304	 9	 9	 0	 255.029784	 -1	 0.000000	 7.474244
305	 9	 9	 1	 20.716860	 -1	 0.000000	 9.455406
309	 9	 9	 0	 310.471962	 -1	 0.000000	 11.046909
310	 9	 9	 1	 19.712570	 -1	 0.000000	 8.494345
311	 9	 9	 1	 17.283736	 -1	 0.000000	 11.942926
312	 9	 9	 1	 17.938547	 -1	 0.000000	 14.938600
313	 9	 9	 1	 2.797205	 -1	 0.000000	 9.139980
314	 9	 9	 1	 2.324940	 -1	 0.000000	 8.778601
315	 9	 9	 1	 2.158755	 -1	 0.000000	 9.823372
316	 9	 9	 1	 23.404815	 -1	 0.000000	 9.917703
317	 9	 9	 1	 95.490917	 -1	 0.000000	 8.791994
318	 9	 9	 1	 2.238082	 -1	 0.000000	 10.869275
319	 9	 9	 1	 1.962354	 -1	 0.000000	 9.211437
320	 9	 9	 0	 314.087988	 -1	 0.000000	 8.872723
321	 9	 9	 1	 19.608430	 -1	 0.000000	 9.241071
322	 9	 9	 0	 288.577710	 -1	 0.000000	 8.105668
323	 9	 9	 1	 2.855143	 -1	 0.000000	 8.287954
324	 9	 9	 1	 21.847128	 -1	 0.000000	 9.921700
325	 9	 9	 1	 19.000786	 -1	 0.000000	 13.215704
326	 9	 9	 1	 2.374937	 -1	 0.000000	 9.123228
327	 9	 9	 1	 18.769915	 -1	 0.000000	 10.345835
328	 9	 9	 0	 387.259784	 -1	 0.000000	 11.669856
329	 9	 9	 0	 205.628752	 -1	 0.000000	 12.747762
330	 9	 9	 1	 23.474830	 -1	 0.000000	 13.412885
331	 9	 9	 1	 27.286684	 -1	 0.000000	 13.009159
332	 9	 9	 1	 24.971782	 -1	 0.000000	 10.831322
333	 9	 9	 1	 23.542699	 -1	 0.000000	 9.041908
334	 9	 9	 1	 3.294730	 -1	 0.000000	 7.627283
340	 9	 9	 1	 19.927537	 -1	 0.000000	 8.902613
341	 9	 9	 1	 2.053050	 -1	 0.000000	 9.998091
342	 9	 9	 1	 22.679188	 -1	 0.000000	 9.442447
343	 9	 9	 0	 453.356933	 -1	 0.000000	 8.168755
344	 9	 9	 0	 419.489001	 -1	 0.000000	 12.003512
345	 9	 9	 1	 1.824966	 -1	 0.000000	 10.150941
346	 9	 9	 1	 2.044440	 -1	 0.000000	 10.140243
347	 9	 9	 1	 1.570224	 -1	 0.000000	 12.666784
348	 9	 9	 0	 376.963442	 -1	 0.000000	 8.187236
349	 9	 9	 1	 1.699136	 -1	 0.000000	 10.096420
350	 9	 9	 1	 25.198607	 -1	 0.000000	 11.521194
351	 9	 9	 1	 24.790697	 -1	 0.000000	 9.189937
352	 9	 9	 1	 22.921606	 -1	 0.000000	 17.437416
353	 9	 9	 1	 17.804121	 -1	 0.000000	 14.054232
354	 9	 9	 1	 32.148072	 -1	 0.000000	 8.915829
355	 9	 9	 1	 26.838161	 -1	 0.000000	 15.820276
356	 9	 9	 1	 26.354697	 -1	 0.000000	 9.200661
357	 9	 9	 1	 218.805132	 -1	 0.000000	 8.163408
358	 9	 9	 1	 1.896736	 -1	 0.000000	 13.071774
359	 9	 9	 1	 2.051740	 -1	 0.000000	 11.565726
365	 9	 9	 1	 25.067204	 -1	 0.000000	 10.797484
366	 9	 9	 1	 26.682954	 -1	 0.000000	 12.022779
370	 9	 9	 1	 20.736958	 -1	 0.000000	 8.633502
371	 9	 9	 1	 22.033714	 -1	 0.000000	 12.016824
372	 9	 9	 1	 236.125651	 -1	 0.000000	 8.264740
373	 9	 9	 1	 20.996167	 -1	 0.000000	 9.169268
374	 9	 9	 1	 27.799636	 -1	 0.000000	 16.070946
375	 9	 9	 0	 238.783705	 -1	 0.000000	 8.156215
376	 9	 9	 1	 1.627797	 -1	 0.000000	 10.037694
377	 9	 9	 1	 2.100320	 -1	 0.000000	 8.640019
378	 9	 9	 0	 311.148118	 -1	 0.000000	 12.779538
380	 9	 9	 1	 2.975312	 -1	 0.000000	 9.202352
381	 9	 9	 1	 2.751293	 -1	 0.000000	 13.002128
382	 9	 9	 1	 17.380807	 -1	 0.000000	 11.002967
383	 9	 9	 1	 1.920949	 -1	 0.000000	 11.079622
384	 9	 9	 1	 1.531177	 -1	 0.000000	 13.411124
385	 9	 9	 1	 8.628985	 -1	 0.000000	 12.834788
386	 9	 9	 1	 2.599438	 -1	 0.000000	 9.527815
387	 9	 9	 0	 429.503108	 -1	 0.000000	 7.830252
388	 9	 9	 1	 2.288799	 -1	 0.000000	 8.807978
389	 9	 9	 1	 12.768846	 -1	 0.000000	 10.059979
390	 9	 9	 1	 3.336685	 -1	 0.000000	 8.138160
391	 9	 9	 0	 418.130448	 -1	 0.000000	 8.308069
392	 9	 9	 1	 23.790462	 -1	 0.000000	 9.154689
393	 9	 9	 1	 22.651517	 -1	 0.000000	 11.283099
394	 9	 9	 1	 1.892437	 -1	 0.000000	 9.920035
395	 9	 9	 1	 2.377881	 -1	 0.000000	 9.982572
396	 9	 9	 0	 206.083776	 -1	 0.000000	 9.225609
397	 9	 9	 1	 25.442256	 -1	 0.000000	 21.694098
398	 9	 9	 0	 191.176070	 -1	 0.000000	 9.352826
399	 9	 9	 1	 22.038204	 -1	 0.000000	 11.146889
400	 9	 9	 1	 1.508259	 -1	 0.000000	 9.805405
403	 9	 9	 0	 280.523121	 -1	 0.000000	 8.751851
404	 9	 9	 0	 378.068836	 -1	 0.000000	 12.485605
405	 9	 9	 1	 39.302704	 -1	 0.000000	 7.181521
406	 9	 9	 1	 26.190803	 -1	 0.000000	 9.192866
407	 9	 9	 1	 21.838927	 -1	 0.000000	 9.066244
408	 9	 9	 1	 21.390306	 -1	 0.000000	 9.248009
409	 9	 9	 1	 1.706471	 -1	 0.000000	 10.759684
410	 9	 9	 1	 21.663713	 -1	 0.000000	 12.728738
411	 9	 9	 0	 178.510610	 -1	 0.000000	 10.078889
412	 9	 9	 1	 22.922691	 -1	 0.000000	 10.610788
413	 9	 9	 1	 2.528551	 -1	 0.000000	 8.258793
414	 9	 9	 1	 2.470841	 -1	 0.000000	 8.778643
415	 9	 9	 1	 18.492521	 -1	 0.000000	 11.072226
416	 9	 9	 1	 28.295784	 -1	 0.000000	 8.662938
417	 9	 9	 1	 24.346049	 -1	 0.000000	 9.506171
418	 9	 9	 1	 18.277991	 -1	 0.000000	 10.427793
419	 9	 9	 1	 271.233657	 -1	 0.000000	 11.451711
420	 9	 9	 0	 392.392424	 -1	 0.000000	 9.838826
421	 9	 9	 1	 21.996860	 -1	 0.000000	 8.079941
422	 9	 9	 1	 2.252669	 -1	 0.000000	 8.531318
423	 9	 9	 1	 33.908978	 -1	 0.000000	 8.481577
424	 9	 9	 1	 22.253731	 -1	 0.000000	 9.238801
425	 9	 9	 1	 19.034077	 -1	 0.000000	 9.130475
426	 9	 9	 1	 25.142719	 -1	 0.000000	 9.426996
427	 9	 9	 1	 19.972895	 -1	 0.000000	 9.266640
428	 9	 9	 1	 29.589285	 -1	 0.000000	 7.887024
440	 9	 9	 0	 229.752212	 -1	 0.000000	 8.554369
441	 9	 9	 1	 21.202666	 -1	 0.000000	 11.559620
442	 9	 9	 0	 265.132183	 -1	 0.000000	 8.129641
443	 9	 9	 1	 17.847524	 -1	 0.000000	 10.283079
444	 9	 9	 1	 21.757782	 -1	 0.000000	 8.299149
445	 9	 9	 1	 23.220927	 -1	 0.000000	 9.907744
446	 9	 9	 1	 13.306197	 -1	 0.000000	 9.977541
447	 9	 9	 1	 25.984917	 -1	 0.000000	 8.773525
448	 9	 9	 1	 26.632179	 -1	 0.000000	 8.117118
449	 9	 9	 1	 21.768796	 -1	 0.000000	 11.082519
450	 9	 9	 1	 2.740594	 -1	 0.000000	 9.042836
451	 9	 9	 1	 221.365063	 -1	 0.000000	 9.453034
452	 9	 9	 0	 350.326604	 -1	 0.000000	 10.956376
453	 9	 9	 1	 26.147633	 -1	 0.000000	 12.165486
454	 9	 9	 1	 1.479617	 -1	 0.000000	 14.429836
455	 9	 9	 1	 26.917443	 -1	 0.000000	 9.802363
456	 9	 9	 0	 387.907691	 -1	 0.000000	 8.251600
457	 9	 9	 1	 2.296627	 -1	 0.000000	 10.381286
458	 9	 9	 1	 1.480312	 -1	 0.000000	 11.486204
459	 9	 9	 1	 46.969128	 -1	 0.000000	 10.467420
461	 9	 9	 0	 443.348891	 -1	 0.000000	 7.540316
463	 9	 9	 0	 400.302225	 -1	 0.000000	 8.348170
464	 9	 9	 1	 23.662948	 -1	 0.000000	 12.604772
465	 9	 9	 1	 1.500155	 -1	 0.000000	 10.342676
466	 9	 9	 0	 193.007486	 -1	 0.000000	 8.677969
467	 9	 9	 0	 455.590235	 -1	 0.000000	 6.904610
468	 9	 9	 1	 25.677049	 -1	 0.000000	 9.134164
469	 9	 9	 1	 2.128396	 -1	 0.000000	 9.698004
470	 9	 9	 1	 35.143343	 -1	 0.000000	 15.501736
471	 9	 9	 0	 410.018055	 -1	 0.000000	 9.003111
476	 9	 9	 1	 1.614821	 -1	 0.000000	 11.501966
477	 9	 9	 1	 1.983693	 -1	 0.000000	 16.730579
478	 9	 9	 1	 18.425978	 -1	 0.000000	 11.619678
479	 9	 9	 1	 1.579908	 -1	 0.000000	 13.955887
480	 9	 9	 1	 1.859469	 -1	 0.000000	 10.641241
481	 9	 9	 1	 2.020822	 -1	 0.000000	 15.706794
482	 9	 9	 1	 21.049787	 -1	 0.000000	 9.170796
483	 9	 9	 1	 21.326412	 -1	 0.000000	 16.209978
484	 9	 9	 1	 25.160291	 -1	 0.000000	 8.422242
485	 9	 9	 1	 25.588302	 -1	 0.000000	 8.308558
486	 9	 9	 1	 2.074441	 -1	 0.000000	 9.826758
487	 9	 9	 1	 1.917478	 -1	 0.000000	 9.379858
488	 9	 9	 1	 22.613698	 -1	 0.000000	 15.805176
489	 9	 9	 1	 1.547707	 -1	 0.000000	 12.645271
490	 9	 9	 1	 27.739239	 -1	 0.000000	 8.570354
491	 9	 9	 1	 25.292237	 -1	 0.000000	 13.696692
492	 9	 9	 1	 18.287615	 -1	 0.000000	 13.217829
2229	 7	 7	 0	 421.336857	 -1	 0.000000	 12.366566
493	 9	 9	 1	 1.974084	 -1	 0.000000	 10.671747
494	 9	 9	 1	 20.579769	 -1	 0.000000	 11.359369
495	 9	 9	 1	 103.012755	 -1	 0.000000	 9.943824
496	 9	 9	 0	 374.437540	 -1	 0.000000	 7.744124
497	 9	 9	 1	 20.009345	 -1	 0.000000	 9.347300
498	 9	 9	 1	 24.226232	 -1	 0.000000	 12.538802
499	 9	 9	 1	 2.158664	 -1	 0.000000	 9.687540
0	 9	 9	 1	 2.227791	 -1	 0.000000	 9.644337
1	 9	 9	 1	 18.051307	 -1	 0.000000	 9.324976
2	 9	 9	 1	 21.895225	 -1	 0.000000	 10.654382
3	 9	 9	 1	 22.694292	 -1	 0.000000	 11.767476
8	 9	 9	 1	 59.530978	 -1	 0.000000	 9.214976
11	 9	 9	 1	 2.860784	 -1	 0.000000	 7.605495
12	 9	 9	 1	 22.952024	 -1	 0.000000	 10.582664
13	 9	 9	 1	 103.492486	 -1	 0.000000	 10.096934
80	 9	 9	 1	 3.623012	 -1	 0.000000	 8.579955
81	 9	 9	 1	 34.040239	 -1	 0.000000	 7.552114
82	 9	 9	 1	 18.288641	 -1	 0.000000	 12.461382
83	 9	 9	 1	 29.559682	 -1	 0.000000	 9.538664
84	 9	 9	 0	 336.156653	 -1	 0.000000	 8.262988
85	 9	 9	 1	 3.019085	 -1	 0.000000	 8.586935
86	 9	 9	 0	 310.408099	 -1	 0.000000	 7.606376
87	 9	 9	 1	 16.508516	 -1	 0.000000	 13.258942
88	 9	 9	 1	 1.479082	 -1	 0.000000	 11.890284
90	 9	 9	 1	 2.636579	 -1	 0.000000	 8.401062
91	 9	 9	 1	 28.414506	 -1	 0.000000	 10.095899
92	 9	 9	 1	 26.676097	 -1	 0.000000	 10.137648
93	 9	 9	 1	 20.577340	 -1	 0.000000	 10.672346
94	 9	 9	 1	 1.858969	 -1	 0.000000	 10.028152
95	 9	 9	 1	 21.396593	 -1	 0.000000	 9.852064
96	 9	 9	 0	 173.733654	 -1	 0.000000	 8.428231
97	 9	 9	 1	 2.271766	 -1	 0.000000	 8.865059
98	 9	 9	 1	 133.382333	 -1	 0.000000	 9.522491
80	 11	 11	 1	 5.684834	 -1	 0.000000	 9.317345
81	 11	 11	 0	 437.163177	 -1	 0.000000	 11.367631
82	 11	 11	 1	 5.317433	 -1	 0.000000	 10.226605
83	 11	 11	 1	 288.192693	 -1	 0.000000	 8.350469
80	 11	 11	 1	 5.818347	 -1	 0.000000	 7.982009
81	 11	 11	 1	 5.332154	 -1	 0.000000	 8.659803
82	 11	 11	 1	 4.373245	 -1	 0.000000	 10.700241
83	 11	 11	 1	 4.200356	 -1	 0.000000	 9.232763
84	 11	 11	 1	 2.702288	 -1	 0.000000	 10.418175
85	 11	 11	 1	 8.382108	 -1	 0.000000	 7.942967
86	 11	 11	 1	 5.696611	 -1	 0.000000	 8.538086
87	 11	 11	 1	 2.679573	 -1	 0.000000	 12.547699
88	 11	 11	 1	 4.558201	 -1	 0.000000	 9.028241
89	 11	 11	 1	 6.757342	 -1	 0.000000	 10.681498
90	 11	 11	 1	 5.075656	 -1	 0.000000	 11.836749
91	 11	 11	 0	 400.293262	 -1	 0.000000	 9.046998
92	 11	 11	 1	 4.040342	 -1	 0.000000	 9.753440
94	 11	 11	 0	 64.311865	 -1	 0.000000	 8.356603
1233	 11	 11	 0	 453.351541	 -1	 0.000000	 5.120943
1002	 11	 11	 0	 458.655680	 -1	 0.000000	 4.165397
80	 10	 10	 0	 405.901695	 -1	 0.000000	 8.554318
81	 10	 10	 1	 109.516951	 -1	 0.000000	 8.222986
82	 10	 10	 1	 113.290430	 -1	 0.000000	 11.346510
83	 10	 10	 1	 109.764032	 -1	 0.000000	 14.471075
84	 10	 10	 0	 362.132777	 -1	 0.000000	 9.695460
85	 10	 10	 1	 108.212923	 -1	 0.000000	 19.793396
86	 10	 10	 0	 316.727229	 -1	 0.000000	 10.289342
87	 10	 10	 1	 119.916551	 -1	 0.000000	 9.424559
88	 10	 10	 1	 100.436329	 -1	 0.000000	 12.029145
89	 10	 10	 1	 144.913692	 -1	 0.000000	 8.354950
90	 10	 10	 0	 380.779631	 -1	 0.000000	 8.769878
91	 10	 10	 1	 134.513263	 -1	 0.000000	 9.379328
92	 10	 10	 0	 363.389521	 -1	 0.000000	 10.416287
93	 10	 10	 1	 154.824071	 -1	 0.000000	 7.692279
95	 10	 10	 1	 123.314083	 -1	 0.000000	 9.682825
96	 10	 10	 0	 388.900694	 -1	 0.000000	 11.515064
97	 10	 10	 1	 111.220394	 -1	 0.000000	 10.738534
98	 10	 10	 1	 116.490434	 -1	 0.000000	 12.880136
99	 10	 10	 1	 151.900045	 -1	 0.000000	 8.009265
101	 10	 10	 1	 149.141100	 -1	 0.000000	 8.935229
102	 10	 10	 1	 108.652387	 -1	 0.000000	 12.671932
104	 10	 10	 1	 106.279903	 -1	 0.000000	 13.352940
105	 10	 10	 1	 98.572430	 -1	 0.000000	 11.198606
106	 10	 10	 0	 354.510146	 -1	 0.000000	 11.993366
2386	 15	 15	 0	 390.428820	 -1	 0.000000	 7.403466
107	 10	 10	 1	 158.557695	 -1	 0.000000	 8.128901
108	 10	 10	 1	 128.723877	 -1	 0.000000	 9.720542
109	 10	 10	 1	 109.843918	 -1	 0.000000	 9.354655
>>> gr_fir_ccf: using E
>>> gr_fir_fff: using E
terminate called after throwing an instance of 'std::invalid_argument'
  what():  gr_ofdm_demod: Incorrect subcarriers allocated
