>>> gr_fir_ccf: using E
>>> gr_fir_fff: using E
gr_buffer::allocate_buffer: warning: tried to allocate
   30 items of size 2160. Due to alignment requirements
   256 were allocated.  If this isn't OK, consider padding
   your structure to a power-of-two bytes.
   On this platform, our allocation granularity is 4096 bytes.
80	 13	 13	 1	 0.000001	 -1	 0.000000	 8.280096
81	 13	 13	 1	 0.000001	 -1	 0.000000	 9.323455
82	 13	 13	 1	 0.000001	 -1	 0.000000	 7.366484
83	 13	 13	 1	 0.000001	 -1	 0.000000	 8.064264
84	 13	 13	 1	 0.000001	 -1	 0.000000	 9.620440
85	 13	 13	 1	 0.000001	 -1	 0.000000	 7.545715
86	 13	 13	 1	 0.000001	 -1	 0.000000	 7.578858
87	 13	 13	 1	 0.000001	 -1	 0.000000	 6.951147
88	 13	 13	 1	 0.000001	 -1	 0.000000	 8.536187
89	 13	 13	 1	 0.000001	 -1	 0.000000	 8.524683
90	 13	 13	 1	 0.000001	 -1	 0.000000	 7.090593
91	 13	 13	 1	 0.000001	 -1	 0.000000	 9.036642
92	 13	 13	 1	 0.000001	 -1	 0.000000	 9.986205
93	 13	 13	 1	 0.000001	 -1	 0.000000	 6.847311
4033	 10	 10	 0	 481.793023	 -1	 0.000000	 5.266655
94	 13	 13	 1	 0.000001	 -1	 0.000000	 7.077465
95	 13	 13	 1	 0.000001	 -1	 0.000000	 8.836996
96	 13	 13	 1	 0.000001	 -1	 0.000000	 7.017735
98	 13	 13	 1	 0.000001	 -1	 0.000000	 7.436949
99	 13	 13	 1	 0.000001	 -1	 0.000000	 7.530901
100	 13	 13	 1	 0.000001	 -1	 0.000000	 7.419204
101	 13	 13	 1	 0.000001	 -1	 0.000000	 14.080310
102	 13	 13	 1	 0.000002	 -1	 0.000000	 8.618330
103	 13	 13	 1	 0.000001	 -1	 0.000000	 8.012578
104	 13	 13	 1	 0.000001	 -1	 0.000000	 7.813766
105	 13	 13	 1	 0.000001	 -1	 0.000000	 8.059147
106	 13	 13	 1	 0.000001	 -1	 0.000000	 8.196852
107	 13	 13	 1	 0.000001	 -1	 0.000000	 7.624903
108	 13	 13	 1	 0.000001	 -1	 0.000000	 7.925715
109	 13	 13	 1	 0.000001	 -1	 0.000000	 7.224413
110	 13	 13	 1	 0.000001	 -1	 0.000000	 9.712869
111	 13	 13	 1	 0.000001	 -1	 0.000000	 7.524895
112	 13	 13	 1	 0.000001	 -1	 0.000000	 10.589271
113	 13	 13	 1	 0.000000	 -1	 0.000000	 7.905494
114	 13	 13	 1	 0.000001	 -1	 0.000000	 8.837465
116	 13	 13	 1	 0.000001	 -1	 0.000000	 7.236739
117	 13	 13	 1	 0.000001	 -1	 0.000000	 8.305442
118	 13	 13	 1	 0.000001	 -1	 0.000000	 8.348749
119	 13	 13	 1	 0.000001	 -1	 0.000000	 8.867256
120	 13	 13	 1	 0.000001	 -1	 0.000000	 7.053124
121	 13	 13	 1	 0.000001	 -1	 0.000000	 8.315476
122	 13	 13	 1	 0.017466	 -1	 0.000000	 9.937699
123	 13	 13	 1	 0.000001	 -1	 0.000000	 8.989841
124	 13	 13	 1	 0.000001	 -1	 0.000000	 9.189932
125	 13	 13	 1	 0.000001	 -1	 0.000000	 10.345374
1117	 11	 11	 0	 459.654804	 -1	 0.000000	 8.061236
126	 13	 13	 1	 0.000001	 -1	 0.000000	 11.848955
127	 13	 13	 1	 0.000001	 -1	 0.000000	 9.768055
128	 13	 13	 1	 0.000000	 -1	 0.000000	 8.782938
129	 13	 13	 1	 0.000001	 -1	 0.000000	 8.412624
130	 13	 13	 1	 0.000001	 -1	 0.000000	 7.861708
131	 13	 13	 1	 0.000001	 -1	 0.000000	 8.647705
132	 13	 13	 1	 0.000001	 -1	 0.000000	 8.312639
133	 13	 13	 1	 0.000001	 -1	 0.000000	 7.290411
134	 13	 13	 1	 0.000001	 -1	 0.000000	 7.339984
135	 13	 13	 1	 0.000001	 -1	 0.000000	 9.860285
136	 13	 13	 1	 0.000001	 -1	 0.000000	 6.960336
137	 13	 13	 1	 0.000001	 -1	 0.000000	 10.217594
138	 13	 13	 1	 0.000001	 -1	 0.000000	 7.710945
139	 13	 13	 1	 0.000001	 -1	 0.000000	 10.234287
140	 13	 13	 1	 0.000001	 -1	 0.000000	 12.352698
141	 13	 13	 1	 0.000001	 -1	 0.000000	 7.458525
142	 13	 13	 1	 0.000001	 -1	 0.000000	 8.682416
143	 13	 13	 1	 0.000001	 -1	 0.000000	 7.540042
144	 13	 13	 1	 0.000001	 -1	 0.000000	 9.720923
145	 13	 13	 1	 0.000001	 -1	 0.000000	 8.872285
146	 13	 13	 1	 0.000001	 -1	 0.000000	 9.298679
147	 13	 13	 1	 0.000001	 -1	 0.000000	 6.765881
148	 13	 13	 1	 0.000001	 -1	 0.000000	 7.073891
149	 13	 13	 1	 0.000001	 -1	 0.000000	 8.334988
150	 13	 13	 1	 0.000001	 -1	 0.000000	 7.852502
151	 13	 13	 1	 0.000001	 -1	 0.000000	 7.924828
152	 13	 13	 1	 0.000001	 -1	 0.000000	 7.077404
153	 13	 13	 1	 0.000001	 -1	 0.000000	 7.926128
154	 13	 13	 1	 0.000001	 -1	 0.000000	 7.716168
155	 13	 13	 1	 0.000000	 -1	 0.000000	 10.052318
156	 13	 13	 1	 0.000001	 -1	 0.000000	 9.151970
157	 13	 13	 1	 0.000001	 -1	 0.000000	 9.341447
158	 13	 13	 1	 0.000001	 -1	 0.000000	 7.472686
159	 13	 13	 1	 0.000001	 -1	 0.000000	 9.088153
160	 13	 13	 1	 0.000001	 -1	 0.000000	 8.758562
161	 13	 13	 1	 0.000002	 -1	 0.000000	 8.079035
162	 13	 13	 1	 0.000001	 -1	 0.000000	 7.326193
163	 13	 13	 1	 0.000001	 -1	 0.000000	 7.921195
164	 13	 13	 1	 0.000001	 -1	 0.000000	 8.512272
165	 13	 13	 1	 0.000001	 -1	 0.000000	 10.547027
166	 13	 13	 1	 0.000001	 -1	 0.000000	 9.333145
167	 13	 13	 1	 0.000001	 -1	 0.000000	 8.941463
168	 13	 13	 1	 0.000001	 -1	 0.000000	 8.807642
169	 13	 13	 1	 0.000001	 -1	 0.000000	 9.338638
170	 13	 13	 1	 0.000000	 -1	 0.000000	 9.764812
171	 13	 13	 1	 0.000001	 -1	 0.000000	 6.988131
172	 13	 13	 1	 0.000001	 -1	 0.000000	 7.488422
173	 13	 13	 1	 0.000001	 -1	 0.000000	 11.227528
174	 13	 13	 1	 0.000001	 -1	 0.000000	 7.504261
175	 13	 13	 1	 0.000001	 -1	 0.000000	 10.497152
177	 13	 13	 1	 0.000001	 -1	 0.000000	 6.586640
178	 13	 13	 1	 0.000001	 -1	 0.000000	 8.416993
179	 13	 13	 1	 0.000001	 -1	 0.000000	 8.247411
180	 13	 13	 1	 0.000001	 -1	 0.000000	 10.675249
181	 13	 13	 1	 0.000001	 -1	 0.000000	 9.192800
182	 13	 13	 1	 0.000000	 -1	 0.000000	 9.287127
183	 13	 13	 1	 0.000001	 -1	 0.000000	 6.662181
184	 13	 13	 1	 0.000001	 -1	 0.000000	 8.141293
185	 13	 13	 1	 0.000001	 -1	 0.000000	 8.054168
186	 13	 13	 1	 0.000001	 -1	 0.000000	 7.693540
187	 13	 13	 1	 0.000001	 -1	 0.000000	 8.068593
188	 13	 13	 1	 0.000001	 -1	 0.000000	 8.569156
189	 13	 13	 1	 0.000001	 -1	 0.000000	 8.749591
192	 13	 13	 1	 0.000001	 -1	 0.000000	 7.626513
193	 13	 13	 1	 0.000001	 -1	 0.000000	 8.055378
194	 13	 13	 1	 0.000001	 -1	 0.000000	 8.404534
195	 13	 13	 1	 0.000001	 -1	 0.000000	 7.811759
196	 13	 13	 1	 0.000001	 -1	 0.000000	 9.802399
197	 13	 13	 1	 0.000001	 -1	 0.000000	 7.716807
198	 13	 13	 1	 0.000001	 -1	 0.000000	 7.968484
199	 13	 13	 1	 0.000001	 -1	 0.000000	 7.093221
200	 13	 13	 1	 0.000001	 -1	 0.000000	 8.571641
201	 13	 13	 1	 0.000001	 -1	 0.000000	 8.110909
202	 13	 13	 1	 0.000001	 -1	 0.000000	 9.605604
204	 13	 13	 1	 0.000001	 -1	 0.000000	 9.187793
205	 13	 13	 1	 0.000001	 -1	 0.000000	 7.486731
206	 13	 13	 1	 0.000001	 -1	 0.000000	 6.580801
207	 13	 13	 0	 119.708312	 -1	 0.000000	 6.077621
208	 13	 13	 1	 0.000001	 -1	 0.000000	 7.295410
209	 13	 13	 1	 0.000001	 -1	 0.000000	 7.465408
210	 13	 13	 1	 0.000001	 -1	 0.000000	 12.588732
211	 13	 13	 1	 0.000001	 -1	 0.000000	 6.799357
3476	 15	 15	 0	 400.114526	 -1	 0.000000	 7.824889
212	 13	 13	 1	 0.000001	 -1	 0.000000	 8.457073
213	 13	 13	 1	 0.000001	 -1	 0.000000	 7.275991
214	 13	 13	 1	 0.000001	 -1	 0.000000	 8.414681
215	 13	 13	 1	 40.874238	 -1	 0.000000	 7.264504
216	 13	 13	 1	 0.000001	 -1	 0.000000	 7.758672
218	 13	 13	 1	 0.000001	 -1	 0.000000	 8.121819
219	 13	 13	 1	 0.000001	 -1	 0.000000	 8.644029
220	 13	 13	 1	 0.000001	 -1	 0.000000	 7.711862
221	 13	 13	 1	 0.000001	 -1	 0.000000	 9.203424
222	 13	 13	 1	 0.000001	 -1	 0.000000	 14.444510
223	 13	 13	 1	 0.000001	 -1	 0.000000	 8.644185
3628	 9	 9	 0	 449.372976	 -1	 0.000000	 6.049217
224	 13	 13	 1	 0.000001	 -1	 0.000000	 7.881594
225	 13	 13	 1	 0.000001	 -1	 0.000000	 8.565574
226	 13	 13	 1	 0.000001	 -1	 0.000000	 11.901534
227	 13	 13	 1	 0.000001	 -1	 0.000000	 7.351397
228	 13	 13	 1	 0.000001	 -1	 0.000000	 8.017188
229	 13	 13	 1	 0.000001	 -1	 0.000000	 7.853532
230	 13	 13	 1	 0.000001	 -1	 0.000000	 6.925407
231	 13	 13	 1	 0.000001	 -1	 0.000000	 9.616181
232	 13	 13	 1	 0.000001	 -1	 0.000000	 12.584903
234	 13	 13	 1	 0.000001	 -1	 0.000000	 8.072814
235	 13	 13	 1	 0.000001	 -1	 0.000000	 8.255766
236	 13	 13	 1	 0.000001	 -1	 0.000000	 8.520689
237	 13	 13	 1	 0.000001	 -1	 0.000000	 9.827782
238	 13	 13	 1	 0.000001	 -1	 0.000000	 12.372117
239	 13	 13	 1	 0.000001	 -1	 0.000000	 8.735746
240	 13	 13	 1	 0.000001	 -1	 0.000000	 7.891274
241	 13	 13	 1	 0.000000	 -1	 0.000000	 7.577344
242	 13	 13	 1	 0.000001	 -1	 0.000000	 7.172253
243	 13	 13	 1	 0.000001	 -1	 0.000000	 9.566480
244	 13	 13	 1	 0.000001	 -1	 0.000000	 8.190399
246	 13	 13	 1	 0.000001	 -1	 0.000000	 10.920372
247	 13	 13	 1	 0.000000	 -1	 0.000000	 10.662527
248	 13	 13	 1	 0.000001	 -1	 0.000000	 8.629112
250	 13	 13	 1	 0.000001	 -1	 0.000000	 7.312217
251	 13	 13	 1	 0.000001	 -1	 0.000000	 8.048901
252	 13	 13	 1	 0.000001	 -1	 0.000000	 8.056582
253	 13	 13	 1	 0.000001	 -1	 0.000000	 7.228190
254	 13	 13	 1	 0.000001	 -1	 0.000000	 8.043351
255	 13	 13	 1	 0.000001	 -1	 0.000000	 8.507921
256	 13	 13	 1	 0.000001	 -1	 0.000000	 9.539571
257	 13	 13	 1	 0.000001	 -1	 0.000000	 9.295965
258	 13	 13	 1	 0.000001	 -1	 0.000000	 7.554211
259	 13	 13	 1	 0.000001	 -1	 0.000000	 7.188947
260	 13	 13	 1	 0.000001	 -1	 0.000000	 7.197002
261	 13	 13	 1	 0.000001	 -1	 0.000000	 16.733210
262	 13	 13	 1	 0.000001	 -1	 0.000000	 8.000699
263	 13	 13	 1	 0.000001	 -1	 0.000000	 9.047429
264	 13	 13	 1	 0.000001	 -1	 0.000000	 7.267229
265	 13	 13	 1	 0.000001	 -1	 0.000000	 8.456052
267	 13	 13	 1	 0.000002	 -1	 0.000000	 9.128595
268	 13	 13	 1	 0.000001	 -1	 0.000000	 6.623209
269	 13	 13	 1	 0.000001	 -1	 0.000000	 7.063553
270	 13	 13	 1	 0.000001	 -1	 0.000000	 7.443920
271	 13	 13	 1	 0.000000	 -1	 0.000000	 10.627527
272	 13	 13	 1	 0.000001	 -1	 0.000000	 9.963064
273	 13	 13	 1	 0.000001	 -1	 0.000000	 7.563239
274	 13	 13	 1	 0.000001	 -1	 0.000000	 7.440032
275	 13	 13	 1	 0.000001	 -1	 0.000000	 8.329002
276	 13	 13	 1	 0.000001	 -1	 0.000000	 8.727690
277	 13	 13	 1	 0.000001	 -1	 0.000000	 7.003049
278	 13	 13	 1	 64.782685	 -1	 0.000000	 6.874528
279	 13	 13	 1	 0.000001	 -1	 0.000000	 7.750798
280	 13	 13	 0	 215.824778	 -1	 0.000000	 7.963110
281	 13	 13	 1	 94.932642	 -1	 0.000000	 8.902685
282	 13	 13	 1	 0.000001	 -1	 0.000000	 8.975859
283	 13	 13	 1	 0.000001	 -1	 0.000000	 9.218300
284	 13	 13	 1	 0.000002	 -1	 0.000000	 8.265211
285	 13	 13	 1	 0.024128	 -1	 0.000000	 11.924302
286	 13	 13	 1	 0.000001	 -1	 0.000000	 7.270513
287	 13	 13	 1	 0.000001	 -1	 0.000000	 10.240620
288	 13	 13	 1	 0.000001	 -1	 0.000000	 8.984279
289	 13	 13	 1	 0.000001	 -1	 0.000000	 8.619588
290	 13	 13	 1	 0.000001	 -1	 0.000000	 8.045708
291	 13	 13	 1	 0.000001	 -1	 0.000000	 7.033136
292	 13	 13	 1	 0.000001	 -1	 0.000000	 10.023894
293	 13	 13	 1	 73.810414	 -1	 0.000000	 7.688702
295	 13	 13	 1	 97.201023	 -1	 0.000000	 13.473170
296	 13	 13	 1	 0.000001	 -1	 0.000000	 12.410001
297	 13	 13	 1	 0.000001	 -1	 0.000000	 10.941050
298	 13	 13	 1	 0.000001	 -1	 0.000000	 6.794923
299	 13	 13	 1	 0.000002	 -1	 0.000000	 7.170074
300	 13	 13	 1	 0.000024	 -1	 0.000000	 7.248739
302	 13	 13	 1	 16.699704	 -1	 0.000000	 8.980070
305	 13	 13	 1	 0.000001	 -1	 0.000000	 8.546180
307	 13	 13	 1	 0.000001	 -1	 0.000000	 7.466197
309	 13	 13	 1	 0.000001	 -1	 0.000000	 8.342570
311	 13	 13	 1	 0.000001	 -1	 0.000000	 8.833622
312	 13	 13	 1	 0.000001	 -1	 0.000000	 8.051387
314	 13	 13	 1	 93.646686	 -1	 0.000000	 7.313881
315	 13	 13	 1	 0.000000	 -1	 0.000000	 10.692891
316	 13	 13	 1	 0.000001	 -1	 0.000000	 7.367932
317	 13	 13	 1	 0.000001	 -1	 0.000000	 8.457604
318	 13	 13	 1	 0.000001	 -1	 0.000000	 9.140132
319	 13	 13	 1	 0.000001	 -1	 0.000000	 9.114418
320	 13	 13	 1	 116.811492	 -1	 0.000000	 8.301899
321	 13	 13	 1	 0.333944	 -1	 0.000000	 7.221198
360	 13	 13	 1	 0.000001	 -1	 0.000000	 8.059877
361	 13	 13	 1	 0.000001	 -1	 0.000000	 8.079938
362	 13	 13	 1	 0.000001	 -1	 0.000000	 12.000363
363	 13	 13	 1	 0.000001	 -1	 0.000000	 7.625677
364	 13	 13	 1	 0.000001	 -1	 0.000000	 7.416990
365	 13	 13	 1	 0.000001	 -1	 0.000000	 7.678886
366	 13	 13	 1	 0.000001	 -1	 0.000000	 7.735426
367	 13	 13	 1	 0.000001	 -1	 0.000000	 7.551903
368	 13	 13	 1	 0.000001	 -1	 0.000000	 10.145128
369	 13	 13	 1	 0.000001	 -1	 0.000000	 7.122909
370	 13	 13	 1	 0.000000	 -1	 0.000000	 12.067604
371	 13	 13	 1	 0.000001	 -1	 0.000000	 7.473379
372	 13	 13	 1	 0.000001	 -1	 0.000000	 7.256125
373	 13	 13	 1	 0.000001	 -1	 0.000000	 8.379798
374	 13	 13	 1	 0.000001	 -1	 0.000000	 7.607662
375	 13	 13	 1	 0.000001	 -1	 0.000000	 8.913090
376	 13	 13	 1	 0.000001	 -1	 0.000000	 7.637777
377	 13	 13	 1	 0.000001	 -1	 0.000000	 8.444840
378	 13	 13	 1	 0.000001	 -1	 0.000000	 6.895226
379	 13	 13	 1	 0.000001	 -1	 0.000000	 8.425888
389	 13	 13	 1	 0.000001	 -1	 0.000000	 8.239374
390	 13	 13	 1	 0.000001	 -1	 0.000000	 6.556282
391	 13	 13	 1	 0.000001	 -1	 0.000000	 8.299888
392	 13	 13	 1	 0.000001	 -1	 0.000000	 8.172083
1091	 5	 5	 0	 412.992292	 -1	 0.000000	 6.001704
393	 13	 13	 1	 0.000001	 -1	 0.000000	 13.951653
394	 13	 13	 1	 0.000001	 -1	 0.000000	 8.526977
395	 13	 13	 1	 35.503961	 -1	 0.000000	 9.214425
396	 13	 13	 1	 0.000001	 -1	 0.000000	 8.780803
397	 13	 13	 1	 0.000001	 -1	 0.000000	 10.697353
398	 13	 13	 1	 0.000001	 -1	 0.000000	 7.231125
399	 13	 13	 1	 0.000001	 -1	 0.000000	 6.717893
400	 13	 13	 1	 0.000001	 -1	 0.000000	 9.757273
401	 13	 13	 1	 0.000001	 -1	 0.000000	 9.635240
402	 13	 13	 1	 0.000002	 -1	 0.000000	 6.930787
403	 13	 13	 1	 0.000001	 -1	 0.000000	 7.761082
404	 13	 13	 1	 0.000001	 -1	 0.000000	 8.831509
405	 13	 13	 1	 0.000001	 -1	 0.000000	 7.980393
406	 13	 13	 1	 0.000001	 -1	 0.000000	 8.204719
2403	 9	 9	 0	 448.429089	 -1	 0.000000	 6.274898
407	 13	 13	 1	 0.000001	 -1	 0.000000	 9.254018
408	 13	 13	 1	 0.000001	 -1	 0.000000	 9.452956
409	 13	 13	 1	 0.000001	 -1	 0.000000	 8.840775
410	 13	 13	 1	 0.000001	 -1	 0.000000	 7.106886
411	 13	 13	 1	 0.000001	 -1	 0.000000	 6.759223
412	 13	 13	 1	 0.000001	 -1	 0.000000	 8.553324
413	 13	 13	 1	 0.000001	 -1	 0.000000	 8.091758
414	 13	 13	 1	 0.000001	 -1	 0.000000	 7.572312
415	 13	 13	 1	 0.000002	 -1	 0.000000	 7.224970
416	 13	 13	 1	 0.000001	 -1	 0.000000	 8.804519
417	 13	 13	 1	 0.000001	 -1	 0.000000	 7.839650
418	 13	 13	 1	 0.000001	 -1	 0.000000	 9.811474
419	 13	 13	 1	 0.000001	 -1	 0.000000	 7.908430
422	 13	 13	 1	 1.693737	 -1	 0.000000	 14.828259
423	 13	 13	 1	 0.000001	 -1	 0.000000	 8.432951
424	 13	 13	 1	 0.000001	 -1	 0.000000	 7.628209
425	 13	 13	 0	 148.519932	 -1	 0.000000	 6.478407
426	 13	 13	 1	 0.000001	 -1	 0.000000	 8.745854
427	 13	 13	 1	 0.000001	 -1	 0.000000	 8.077788
2988	 5	 5	 0	 422.142626	 -1	 0.000000	 5.666593
428	 13	 13	 1	 0.000001	 -1	 0.000000	 8.785093
429	 13	 13	 1	 0.000001	 -1	 0.000000	 8.163735
430	 13	 13	 1	 0.000001	 -1	 0.000000	 7.952505
431	 13	 13	 1	 0.000001	 -1	 0.000000	 7.537429
432	 13	 13	 1	 0.000001	 -1	 0.000000	 7.577446
433	 13	 13	 1	 0.000001	 -1	 0.000000	 8.666978
435	 13	 13	 1	 0.000001	 -1	 0.000000	 9.193601
436	 13	 13	 1	 0.000001	 -1	 0.000000	 11.216290
437	 13	 13	 1	 0.000001	 -1	 0.000000	 10.255344
438	 13	 13	 1	 0.000001	 -1	 0.000000	 9.106381
439	 13	 13	 1	 0.000001	 -1	 0.000000	 7.476962
440	 13	 13	 1	 0.000001	 -1	 0.000000	 8.643058
441	 13	 13	 1	 0.000001	 -1	 0.000000	 8.020968
442	 13	 13	 1	 0.000001	 -1	 0.000000	 6.677380
443	 13	 13	 1	 0.000001	 -1	 0.000000	 8.525778
445	 13	 13	 1	 0.000001	 -1	 0.000000	 7.201257
446	 13	 13	 1	 0.000001	 -1	 0.000000	 7.783221
447	 13	 13	 1	 0.000001	 -1	 0.000000	 11.697147
448	 13	 13	 1	 0.000001	 -1	 0.000000	 8.532358
>>> gr_fir_ccf: using E
>>> gr_fir_fff: using E
terminate called after throwing an instance of 'std::invalid_argument'
  what():  gr_ofdm_demod: Incorrect subcarriers allocated
>>> gr_fir_ccf: using E
>>> gr_fir_fff: using E
gr_buffer::allocate_buffer: warning: tried to allocate
   30 items of size 2160. Due to alignment requirements
   256 were allocated.  If this isn't OK, consider padding
   your structure to a power-of-two bytes.
   On this platform, our allocation granularity is 4096 bytes.
2670	 5	 5	 0	 407.822982	 -1	 0.000000	 2.356893
3517	 15	 15	 0	 406.897795	 -1	 0.000000	 3.350792
81	 5	 5	 1	 0.001596	 -1	 0.000000	 8.256617
82	 5	 5	 1	 0.002498	 -1	 0.000000	 7.155046
83	 5	 5	 1	 0.001772	 -1	 0.000000	 8.115459
84	 5	 5	 1	 0.001922	 -1	 0.000000	 7.043204
85	 5	 5	 1	 0.001802	 -1	 0.000000	 7.922774
86	 5	 5	 1	 0.000378	 -1	 0.000000	 9.936383
87	 5	 5	 0	 288.051648	 -1	 0.000000	 10.685499
88	 5	 5	 1	 0.001717	 -1	 0.000000	 8.864709
89	 5	 5	 1	 0.002686	 -1	 0.000000	 8.256045
90	 5	 5	 1	 0.001941	 -1	 0.000000	 8.638773
123	 5	 5	 0	 244.339657	 -1	 0.000000	 11.640604
92	 5	 5	 1	 0.001919	 -1	 0.000000	 7.739310
93	 5	 5	 1	 0.001698	 -1	 0.000000	 8.251996
94	 5	 5	 1	 0.003026	 -1	 0.000000	 7.306578
95	 5	 5	 1	 0.002445	 -1	 0.000000	 6.778550
96	 5	 5	 1	 0.001943	 -1	 0.000000	 7.485703
97	 5	 5	 1	 0.001482	 -1	 0.000000	 9.612017
98	 5	 5	 1	 0.001230	 -1	 0.000000	 9.117821
99	 5	 5	 1	 0.001765	 -1	 0.000000	 9.380342
100	 5	 5	 1	 0.002578	 -1	 0.000000	 7.076745
101	 5	 5	 1	 0.001072	 -1	 0.000000	 9.140242
102	 5	 5	 1	 0.002046	 -1	 0.000000	 7.490094
103	 5	 5	 1	 0.001478	 -1	 0.000000	 8.448863
104	 5	 5	 1	 0.001911	 -1	 0.000000	 7.817380
105	 5	 5	 1	 0.002007	 -1	 0.000000	 8.510339
106	 5	 5	 1	 0.002247	 -1	 0.000000	 7.315482
107	 5	 5	 1	 0.002894	 -1	 0.000000	 7.474372
108	 5	 5	 1	 0.001859	 -1	 0.000000	 8.054899
1087	 10	 10	 0	 479.428315	 -1	 0.000000	 3.268476
109	 5	 5	 1	 0.002421	 -1	 0.000000	 7.834401
110	 5	 5	 1	 0.001654	 -1	 0.000000	 9.142976
111	 5	 5	 1	 0.001831	 -1	 0.000000	 7.575602
112	 5	 5	 1	 0.001451	 -1	 0.000000	 8.161785
113	 5	 5	 1	 0.001843	 -1	 0.000000	 8.124940
114	 5	 5	 1	 0.002561	 -1	 0.000000	 7.677717
115	 5	 5	 1	 0.001457	 -1	 0.000000	 10.895576
116	 5	 5	 0	 173.936605	 -1	 0.000000	 9.505949
117	 5	 5	 0	 259.619585	 -1	 0.000000	 10.197194
118	 5	 5	 1	 0.001782	 -1	 0.000000	 8.189155
119	 5	 5	 1	 0.001509	 -1	 0.000000	 10.130618
120	 5	 5	 1	 0.000433	 -1	 0.000000	 8.217252
121	 5	 5	 1	 0.001854	 -1	 0.000000	 7.801145
122	 5	 5	 1	 0.002491	 -1	 0.000000	 7.996552
123	 5	 5	 1	 0.001802	 -1	 0.000000	 7.907945
124	 5	 5	 1	 0.001474	 -1	 0.000000	 9.508578
125	 5	 5	 0	 275.578770	 -1	 0.000000	 11.618793
126	 5	 5	 1	 0.002165	 -1	 0.000000	 7.923788
127	 5	 5	 1	 0.002632	 -1	 0.000000	 8.164222
128	 5	 5	 1	 0.002741	 -1	 0.000000	 7.307935
129	 5	 5	 1	 0.004135	 -1	 0.000000	 7.541592
130	 5	 5	 1	 0.001370	 -1	 0.000000	 8.328794
131	 5	 5	 1	 0.002235	 -1	 0.000000	 7.607460
132	 5	 5	 0	 304.719319	 -1	 0.000000	 9.083412
133	 5	 5	 1	 0.001572	 -1	 0.000000	 10.987073
134	 5	 5	 1	 0.003246	 -1	 0.000000	 7.482101
135	 5	 5	 1	 0.002306	 -1	 0.000000	 7.278023
136	 5	 5	 0	 313.524600	 -1	 0.000000	 13.355954
137	 5	 5	 1	 0.002957	 -1	 0.000000	 7.028186
138	 5	 5	 1	 0.001238	 -1	 0.000000	 8.465976
139	 5	 5	 1	 0.001307	 -1	 0.000000	 10.113601
140	 5	 5	 1	 0.001395	 -1	 0.000000	 8.315349
141	 5	 5	 0	 216.177033	 -1	 0.000000	 10.002279
142	 5	 5	 1	 0.002089	 -1	 0.000000	 8.293025
143	 5	 5	 1	 0.001480	 -1	 0.000000	 8.250192
145	 5	 5	 1	 0.002038	 -1	 0.000000	 8.833668
146	 5	 5	 1	 0.001436	 -1	 0.000000	 8.945734
147	 5	 5	 1	 0.001774	 -1	 0.000000	 7.344973
148	 5	 5	 1	 0.001752	 -1	 0.000000	 8.356467
149	 5	 5	 1	 0.002046	 -1	 0.000000	 8.411447
150	 5	 5	 1	 0.002098	 -1	 0.000000	 8.519144
151	 5	 5	 1	 0.002737	 -1	 0.000000	 7.098975
152	 5	 5	 0	 319.654549	 -1	 0.000000	 12.961457
153	 5	 5	 0	 272.052704	 -1	 0.000000	 11.232516
154	 5	 5	 1	 0.002033	 -1	 0.000000	 9.401859
155	 5	 5	 1	 0.001273	 -1	 0.000000	 8.868951
156	 5	 5	 1	 0.001468	 -1	 0.000000	 8.848627
157	 5	 5	 1	 0.002198	 -1	 0.000000	 9.982291
158	 5	 5	 1	 0.000510	 -1	 0.000000	 7.408372
159	 5	 5	 1	 0.002465	 -1	 0.000000	 7.675059
160	 5	 5	 1	 0.002005	 -1	 0.000000	 8.761553
161	 5	 5	 1	 0.001661	 -1	 0.000000	 7.506995
162	 5	 5	 1	 0.000367	 -1	 0.000000	 9.234406
163	 5	 5	 0	 359.546730	 -1	 0.000000	 8.381876
164	 5	 5	 1	 0.002272	 -1	 0.000000	 7.054826
165	 5	 5	 0	 217.174959	 -1	 0.000000	 10.549745
166	 5	 5	 1	 0.001887	 -1	 0.000000	 7.081887
167	 5	 5	 1	 0.001948	 -1	 0.000000	 9.451765
168	 5	 5	 1	 0.001810	 -1	 0.000000	 8.451097
169	 5	 5	 1	 0.002800	 -1	 0.000000	 6.564433
2481	 11	 11	 0	 430.177384	 -1	 0.000000	 8.121710
170	 5	 5	 1	 84.282280	 -1	 0.000000	 10.524169
171	 5	 5	 1	 0.000361	 -1	 0.000000	 10.326737
172	 5	 5	 1	 0.001873	 -1	 0.000000	 8.877725
173	 5	 5	 1	 0.002316	 -1	 0.000000	 8.125202
174	 5	 5	 0	 194.758446	 -1	 0.000000	 8.953746
175	 5	 5	 1	 0.001411	 -1	 0.000000	 13.225950
176	 5	 5	 1	 0.001946	 -1	 0.000000	 8.013667
177	 5	 5	 0	 224.787623	 -1	 0.000000	 8.905523
178	 5	 5	 0	 253.879150	 -1	 0.000000	 8.398190
179	 5	 5	 1	 0.002587	 -1	 0.000000	 7.933917
180	 5	 5	 1	 110.961665	 -1	 0.000000	 9.041338
181	 5	 5	 1	 0.001702	 -1	 0.000000	 8.183428
182	 5	 5	 1	 0.498166	 -1	 0.000000	 16.874794
183	 5	 5	 1	 0.001232	 -1	 0.000000	 10.860571
184	 5	 5	 1	 0.001801	 -1	 0.000000	 8.371536
185	 5	 5	 0	 293.260055	 -1	 0.000000	 11.992452
186	 5	 5	 1	 0.001774	 -1	 0.000000	 7.608812
187	 5	 5	 1	 0.001591	 -1	 0.000000	 8.304333
188	 5	 5	 1	 0.002118	 -1	 0.000000	 6.969017
189	 5	 5	 1	 0.002276	 -1	 0.000000	 7.837110
190	 5	 5	 1	 0.001726	 -1	 0.000000	 8.254505
191	 5	 5	 1	 0.000505	 -1	 0.000000	 8.059864
192	 5	 5	 1	 0.002231	 -1	 0.000000	 6.979942
193	 5	 5	 1	 0.002106	 -1	 0.000000	 8.263179
194	 5	 5	 1	 0.000446	 -1	 0.000000	 11.413888
195	 5	 5	 1	 0.000333	 -1	 0.000000	 9.804846
196	 5	 5	 1	 6.262120	 -1	 0.000000	 11.114237
197	 5	 5	 1	 0.002388	 -1	 0.000000	 8.334420
198	 5	 5	 1	 110.535719	 -1	 0.000000	 9.799132
199	 5	 5	 1	 0.001521	 -1	 0.000000	 9.533296
200	 5	 5	 1	 0.002006	 -1	 0.000000	 7.484632
201	 5	 5	 1	 0.001803	 -1	 0.000000	 8.852598
202	 5	 5	 1	 0.001689	 -1	 0.000000	 8.306533
203	 5	 5	 1	 0.002071	 -1	 0.000000	 7.885257
204	 5	 5	 1	 0.001759	 -1	 0.000000	 8.365186
205	 5	 5	 1	 0.002584	 -1	 0.000000	 7.084775
206	 5	 5	 0	 225.408542	 -1	 0.000000	 10.135499
207	 5	 5	 1	 0.002007	 -1	 0.000000	 8.293274
208	 5	 5	 0	 366.871471	 -1	 0.000000	 15.739372
209	 5	 5	 1	 0.002148	 -1	 0.000000	 9.075867
210	 5	 5	 1	 0.001975	 -1	 0.000000	 8.007826
211	 5	 5	 1	 0.001861	 -1	 0.000000	 8.648268
212	 5	 5	 1	 0.001643	 -1	 0.000000	 8.213612
213	 5	 5	 1	 0.001484	 -1	 0.000000	 8.060988
214	 5	 5	 1	 0.001991	 -1	 0.000000	 7.954208
215	 5	 5	 1	 0.002337	 -1	 0.000000	 7.034370
1222	 7	 7	 0	 427.660724	 -1	 0.000000	 6.948183
216	 5	 5	 1	 0.001624	 -1	 0.000000	 7.942305
217	 5	 5	 1	 0.001619	 -1	 0.000000	 8.167985
218	 5	 5	 1	 0.001485	 -1	 0.000000	 7.526853
219	 5	 5	 1	 0.001655	 -1	 0.000000	 8.469650
220	 5	 5	 1	 0.002005	 -1	 0.000000	 7.176284
221	 5	 5	 1	 0.001637	 -1	 0.000000	 7.541440
222	 5	 5	 0	 348.096732	 -1	 0.000000	 8.805541
223	 5	 5	 0	 345.925189	 -1	 0.000000	 11.586223
80	 7	 7	 1	 0.001918	 -1	 0.000000	 7.972069
81	 7	 7	 1	 0.024098	 -1	 0.000000	 7.114957
82	 7	 7	 1	 0.021546	 -1	 0.000000	 7.260903
83	 7	 7	 1	 0.001662	 -1	 0.000000	 8.031482
84	 7	 7	 1	 0.002537	 -1	 0.000000	 8.041272
85	 7	 7	 1	 0.013957	 -1	 0.000000	 9.918476
86	 7	 7	 1	 0.021382	 -1	 0.000000	 9.734830
87	 7	 7	 1	 0.021125	 -1	 0.000000	 7.329843
88	 7	 7	 1	 0.001691	 -1	 0.000000	 8.737385
89	 7	 7	 1	 0.022101	 -1	 0.000000	 8.236960
90	 7	 7	 1	 0.017187	 -1	 0.000000	 7.519389
91	 7	 7	 1	 0.023629	 -1	 0.000000	 8.685273
92	 7	 7	 1	 0.020657	 -1	 0.000000	 8.207837
93	 7	 7	 1	 0.001704	 -1	 0.000000	 9.887890
94	 7	 7	 1	 0.001670	 -1	 0.000000	 12.093699
95	 7	 7	 1	 0.013976	 -1	 0.000000	 8.467683
96	 7	 7	 1	 0.027362	 -1	 0.000000	 7.812395
97	 7	 7	 1	 56.131066	 -1	 0.000000	 13.338268
98	 7	 7	 1	 0.023613	 -1	 0.000000	 7.780136
99	 7	 7	 1	 0.024633	 -1	 0.000000	 7.142134
100	 7	 7	 1	 0.014487	 -1	 0.000000	 10.887336
101	 7	 7	 0	 229.690136	 -1	 0.000000	 9.092379
102	 7	 7	 1	 0.023337	 -1	 0.000000	 7.436052
103	 7	 7	 1	 0.002578	 -1	 0.000000	 9.454769
104	 7	 7	 1	 0.001498	 -1	 0.000000	 12.305068
105	 7	 7	 1	 0.001529	 -1	 0.000000	 7.785992
106	 7	 7	 1	 0.026716	 -1	 0.000000	 9.340216
107	 7	 7	 1	 2.157194	 -1	 0.000000	 10.945698
108	 7	 7	 1	 0.024619	 -1	 0.000000	 8.241116
109	 7	 7	 1	 0.513343	 -1	 0.000000	 7.298974
110	 7	 7	 1	 0.016631	 -1	 0.000000	 8.606393
111	 7	 7	 1	 0.027080	 -1	 0.000000	 7.443322
112	 7	 7	 1	 0.015835	 -1	 0.000000	 9.720382
113	 7	 7	 1	 0.007771	 -1	 0.000000	 7.267434
114	 7	 7	 1	 0.001493	 -1	 0.000000	 10.022048
115	 7	 7	 1	 0.028653	 -1	 0.000000	 6.710540
116	 7	 7	 1	 0.245695	 -1	 0.000000	 12.325872
117	 7	 7	 1	 4.795147	 -1	 0.000000	 7.622595
118	 7	 7	 1	 2.446174	 -1	 0.000000	 12.480079
3360	 11	 11	 0	 458.840591	 -1	 0.000000	 5.608211
119	 7	 7	 1	 18.276952	 -1	 0.000000	 8.608727
120	 7	 7	 1	 0.020794	 -1	 0.000000	 8.275703
121	 7	 7	 1	 0.022226	 -1	 0.000000	 8.475774
122	 7	 7	 1	 0.016810	 -1	 0.000000	 9.539411
123	 7	 7	 1	 0.028228	 -1	 0.000000	 7.402289
124	 7	 7	 1	 2.514758	 -1	 0.000000	 8.617890
125	 7	 7	 1	 0.030806	 -1	 0.000000	 7.047228
126	 7	 7	 1	 0.021836	 -1	 0.000000	 7.482250
127	 7	 7	 1	 0.002095	 -1	 0.000000	 7.754132
128	 7	 7	 1	 0.020795	 -1	 0.000000	 7.635355
129	 7	 7	 1	 0.017076	 -1	 0.000000	 10.777968
130	 7	 7	 1	 0.021078	 -1	 0.000000	 12.045633
131	 7	 7	 1	 0.019241	 -1	 0.000000	 9.364856
132	 7	 7	 1	 0.020027	 -1	 0.000000	 8.683244
133	 7	 7	 1	 10.108142	 -1	 0.000000	 11.622069
134	 7	 7	 1	 0.001560	 -1	 0.000000	 9.152874
135	 7	 7	 1	 0.002265	 -1	 0.000000	 8.091199
136	 7	 7	 1	 0.001688	 -1	 0.000000	 9.416369
137	 7	 7	 1	 0.022286	 -1	 0.000000	 7.991966
138	 7	 7	 1	 0.016252	 -1	 0.000000	 12.140989
139	 7	 7	 1	 0.014676	 -1	 0.000000	 7.198048
140	 7	 7	 1	 0.021158	 -1	 0.000000	 8.375403
375	 5	 5	 0	 408.470534	 -1	 0.000000	 5.077106
141	 7	 7	 1	 0.019789	 -1	 0.000000	 7.777474
142	 7	 7	 1	 0.022218	 -1	 0.000000	 8.084627
143	 7	 7	 1	 0.022189	 -1	 0.000000	 7.327052
144	 7	 7	 1	 0.014316	 -1	 0.000000	 8.023252
145	 7	 7	 1	 0.002874	 -1	 0.000000	 7.204989
146	 7	 7	 1	 0.014964	 -1	 0.000000	 19.682438
147	 7	 7	 1	 0.030394	 -1	 0.000000	 7.668078
148	 7	 7	 1	 0.022667	 -1	 0.000000	 7.790174
149	 7	 7	 1	 0.015200	 -1	 0.000000	 8.367287
150	 7	 7	 1	 0.017540	 -1	 0.000000	 7.999108
151	 7	 7	 1	 0.013495	 -1	 0.000000	 12.204847
152	 7	 7	 1	 29.311807	 -1	 0.000000	 12.856030
153	 7	 7	 1	 0.020483	 -1	 0.000000	 8.255492
80	 9	 9	 1	 215.076254	 -1	 0.000000	 8.020247
81	 9	 9	 1	 19.101069	 -1	 0.000000	 9.790648
82	 9	 9	 1	 24.105172	 -1	 0.000000	 9.033860
83	 9	 9	 0	 325.253883	 -1	 0.000000	 8.150710
84	 9	 9	 1	 28.255495	 -1	 0.000000	 8.566786
85	 9	 9	 1	 31.567589	 -1	 0.000000	 8.835020
86	 9	 9	 1	 23.391665	 -1	 0.000000	 10.959983
87	 9	 9	 1	 19.346150	 -1	 0.000000	 9.786164
88	 9	 9	 1	 30.160954	 -1	 0.000000	 8.213649
89	 9	 9	 0	 276.410640	 -1	 0.000000	 15.798941
90	 9	 9	 1	 22.195887	 -1	 0.000000	 10.191995
91	 9	 9	 1	 26.568399	 -1	 0.000000	 7.565507
92	 9	 9	 1	 4.155204	 -1	 0.000000	 7.323318
93	 9	 9	 1	 36.099635	 -1	 0.000000	 7.918550
94	 9	 9	 1	 41.891169	 -1	 0.000000	 6.526789
95	 9	 9	 1	 32.027607	 -1	 0.000000	 8.022112
96	 9	 9	 1	 20.716931	 -1	 0.000000	 7.195522
97	 9	 9	 1	 32.427257	 -1	 0.000000	 8.608495
98	 9	 9	 1	 38.287914	 -1	 0.000000	 7.522561
99	 9	 9	 1	 4.109215	 -1	 0.000000	 7.688318
100	 9	 9	 1	 29.786729	 -1	 0.000000	 8.029509
101	 9	 9	 1	 39.811070	 -1	 0.000000	 8.007632
102	 9	 9	 1	 26.188573	 -1	 0.000000	 9.899865
103	 9	 9	 1	 3.916681	 -1	 0.000000	 7.341187
104	 9	 9	 1	 31.776249	 -1	 0.000000	 8.050317
105	 9	 9	 1	 29.706731	 -1	 0.000000	 15.442202
106	 9	 9	 1	 32.114152	 -1	 0.000000	 9.682774
107	 9	 9	 1	 1.726495	 -1	 0.000000	 10.112884
108	 9	 9	 1	 25.365816	 -1	 0.000000	 7.677589
109	 9	 9	 1	 26.049027	 -1	 0.000000	 10.512216
110	 9	 9	 1	 2.507999	 -1	 0.000000	 8.493746
111	 9	 9	 1	 17.893622	 -1	 0.000000	 9.739856
112	 9	 9	 1	 25.680111	 -1	 0.000000	 12.247712
113	 9	 9	 1	 4.211632	 -1	 0.000000	 7.095369
114	 9	 9	 1	 37.453794	 -1	 0.000000	 8.621665
115	 9	 9	 1	 31.147075	 -1	 0.000000	 9.113702
116	 9	 9	 1	 2.036598	 -1	 0.000000	 8.914623
117	 9	 9	 1	 3.212953	 -1	 0.000000	 7.611911
118	 9	 9	 0	 404.816008	 -1	 0.000000	 10.726611
119	 9	 9	 1	 1.883579	 -1	 0.000000	 10.996387
120	 9	 9	 1	 22.795766	 -1	 0.000000	 10.597460
121	 9	 9	 1	 23.448493	 -1	 0.000000	 12.143733
122	 9	 9	 1	 2.979308	 -1	 0.000000	 8.416009
123	 9	 9	 0	 254.264395	 -1	 0.000000	 10.495422
124	 9	 9	 1	 3.773839	 -1	 0.000000	 7.809399
125	 9	 9	 1	 21.337106	 -1	 0.000000	 9.124122
126	 9	 9	 1	 25.207672	 -1	 0.000000	 9.280050
127	 9	 9	 1	 21.275380	 -1	 0.000000	 8.436149
128	 9	 9	 1	 1.901673	 -1	 0.000000	 10.411124
129	 9	 9	 1	 31.593473	 -1	 0.000000	 7.730792
130	 9	 9	 1	 23.335209	 -1	 0.000000	 7.861650
131	 9	 9	 1	 86.959785	 -1	 0.000000	 9.121894
132	 9	 9	 1	 22.473476	 -1	 0.000000	 10.422317
133	 9	 9	 1	 34.527606	 -1	 0.000000	 7.340252
134	 9	 9	 1	 29.711473	 -1	 0.000000	 10.461350
135	 9	 9	 1	 37.745418	 -1	 0.000000	 7.854641
136	 9	 9	 0	 426.213446	 -1	 0.000000	 14.176732
137	 9	 9	 1	 2.068885	 -1	 0.000000	 9.733603
138	 9	 9	 1	 27.732357	 -1	 0.000000	 7.555305
139	 9	 9	 1	 25.725378	 -1	 0.000000	 8.133521
140	 9	 9	 1	 2.256093	 -1	 0.000000	 9.786103
141	 9	 9	 1	 27.971965	 -1	 0.000000	 9.695834
142	 9	 9	 1	 31.200419	 -1	 0.000000	 8.219385
143	 9	 9	 1	 21.876260	 -1	 0.000000	 9.979759
144	 9	 9	 1	 23.858467	 -1	 0.000000	 8.438931
145	 9	 9	 1	 53.350616	 -1	 0.000000	 8.113308
146	 9	 9	 1	 19.979383	 -1	 0.000000	 7.470373
147	 9	 9	 1	 20.014384	 -1	 0.000000	 12.211743
148	 9	 9	 1	 32.623282	 -1	 0.000000	 7.729110
149	 9	 9	 1	 33.244970	 -1	 0.000000	 7.991415
150	 9	 9	 1	 165.391117	 -1	 0.000000	 14.603145
151	 9	 9	 1	 2.064747	 -1	 0.000000	 9.794584
152	 9	 9	 1	 3.565265	 -1	 0.000000	 8.039052
153	 9	 9	 1	 30.600606	 -1	 0.000000	 10.073351
154	 9	 9	 1	 149.116301	 -1	 0.000000	 10.212878
155	 9	 9	 1	 24.051051	 -1	 0.000000	 9.434492
156	 9	 9	 1	 1.681852	 -1	 0.000000	 10.466091
157	 9	 9	 0	 346.774767	 -1	 0.000000	 8.380039
158	 9	 9	 0	 437.501491	 -1	 0.000000	 11.303625
159	 9	 9	 1	 91.954186	 -1	 0.000000	 9.942716
160	 9	 9	 1	 2.558498	 -1	 0.000000	 10.977038
3160	 5	 5	 0	 395.910329	 -1	 0.000000	 7.804163
161	 9	 9	 1	 37.622163	 -1	 0.000000	 8.167284
162	 9	 9	 1	 27.805168	 -1	 0.000000	 8.209404
163	 9	 9	 1	 26.971745	 -1	 0.000000	 8.223376
164	 9	 9	 1	 38.141038	 -1	 0.000000	 6.664739
165	 9	 9	 0	 336.903691	 -1	 0.000000	 14.443125
166	 9	 9	 1	 1.635291	 -1	 0.000000	 26.329237
167	 9	 9	 1	 36.572794	 -1	 0.000000	 8.390900
168	 9	 9	 1	 22.382801	 -1	 0.000000	 9.586603
169	 9	 9	 1	 2.902392	 -1	 0.000000	 8.038525
170	 9	 9	 1	 21.962872	 -1	 0.000000	 9.037581
171	 9	 9	 1	 33.292210	 -1	 0.000000	 7.120017
172	 9	 9	 1	 31.703073	 -1	 0.000000	 9.060227
173	 9	 9	 1	 4.131840	 -1	 0.000000	 7.415761
174	 9	 9	 1	 14.311610	 -1	 0.000000	 6.712382
175	 9	 9	 1	 39.277323	 -1	 0.000000	 6.631649
176	 9	 9	 0	 294.550912	 -1	 0.000000	 12.855219
177	 9	 9	 1	 29.881792	 -1	 0.000000	 8.759295
178	 9	 9	 1	 36.599790	 -1	 0.000000	 7.584538
179	 9	 9	 1	 2.269906	 -1	 0.000000	 9.726591
180	 9	 9	 1	 38.627630	 -1	 0.000000	 7.468362
181	 9	 9	 1	 3.459428	 -1	 0.000000	 7.680820
182	 9	 9	 1	 30.222697	 -1	 0.000000	 7.817750
183	 9	 9	 1	 30.754196	 -1	 0.000000	 8.686162
184	 9	 9	 1	 19.060665	 -1	 0.000000	 8.961021
185	 9	 9	 1	 39.761697	 -1	 0.000000	 6.474823
186	 9	 9	 1	 20.082158	 -1	 0.000000	 11.700259
187	 9	 9	 1	 28.573896	 -1	 0.000000	 10.235572
188	 9	 9	 1	 16.984401	 -1	 0.000000	 11.493090
189	 9	 9	 1	 29.050227	 -1	 0.000000	 8.585179
190	 9	 9	 1	 3.015861	 -1	 0.000000	 7.464659
191	 9	 9	 1	 17.101176	 -1	 0.000000	 10.136893
192	 9	 9	 1	 34.353687	 -1	 0.000000	 7.133552
193	 9	 9	 1	 1.999500	 -1	 0.000000	 9.981309
194	 9	 9	 1	 31.091692	 -1	 0.000000	 7.956810
195	 9	 9	 1	 22.204292	 -1	 0.000000	 8.515567
196	 9	 9	 1	 37.188880	 -1	 0.000000	 8.185510
197	 9	 9	 1	 26.318564	 -1	 0.000000	 10.481976
198	 9	 9	 0	 329.455995	 -1	 0.000000	 10.224581
199	 9	 9	 0	 399.699310	 -1	 0.000000	 7.279605
200	 9	 9	 1	 17.636433	 -1	 0.000000	 11.552393
201	 9	 9	 1	 22.635269	 -1	 0.000000	 7.780880
202	 9	 9	 1	 170.175968	 -1	 0.000000	 11.422074
203	 9	 9	 1	 3.143003	 -1	 0.000000	 8.073437
204	 9	 9	 1	 3.524570	 -1	 0.000000	 7.681817
205	 9	 9	 1	 28.866191	 -1	 0.000000	 7.465357
206	 9	 9	 1	 25.871534	 -1	 0.000000	 9.033609
207	 9	 9	 1	 2.290041	 -1	 0.000000	 8.362808
208	 9	 9	 1	 135.403151	 -1	 0.000000	 11.113335
209	 9	 9	 1	 30.987170	 -1	 0.000000	 7.345170
210	 9	 9	 1	 145.893442	 -1	 0.000000	 9.567260
211	 9	 9	 1	 17.555223	 -1	 0.000000	 9.226069
212	 9	 9	 1	 25.942088	 -1	 0.000000	 9.699386
213	 9	 9	 1	 22.639396	 -1	 0.000000	 9.687638
214	 9	 9	 1	 123.449649	 -1	 0.000000	 14.031024
215	 9	 9	 1	 29.487534	 -1	 0.000000	 7.800785
216	 9	 9	 1	 2.444546	 -1	 0.000000	 8.499114
217	 9	 9	 1	 32.178508	 -1	 0.000000	 6.949347
218	 9	 9	 1	 33.870060	 -1	 0.000000	 7.517240
219	 9	 9	 1	 34.682554	 -1	 0.000000	 7.305233
220	 9	 9	 0	 220.331962	 -1	 0.000000	 11.359612
221	 9	 9	 1	 2.690110	 -1	 0.000000	 7.650557
222	 9	 9	 1	 33.983293	 -1	 0.000000	 7.039242
223	 9	 9	 1	 28.969315	 -1	 0.000000	 7.143943
224	 9	 9	 1	 34.901323	 -1	 0.000000	 6.877470
225	 9	 9	 1	 26.190931	 -1	 0.000000	 9.155622
226	 9	 9	 1	 36.777658	 -1	 0.000000	 6.860477
227	 9	 9	 0	 326.025029	 -1	 0.000000	 9.419843
228	 9	 9	 1	 25.699442	 -1	 0.000000	 8.013792
229	 9	 9	 1	 34.364140	 -1	 0.000000	 8.039849
230	 9	 9	 0	 173.312508	 -1	 0.000000	 10.543366
231	 9	 9	 1	 30.485173	 -1	 0.000000	 8.855209
232	 9	 9	 1	 30.937518	 -1	 0.000000	 9.494835
233	 9	 9	 1	 29.701109	 -1	 0.000000	 7.518018
234	 9	 9	 0	 415.220482	 -1	 0.000000	 8.937514
235	 9	 9	 0	 330.847262	 -1	 0.000000	 12.990668
236	 9	 9	 0	 376.949075	 -1	 0.000000	 8.892301
237	 9	 9	 1	 36.084394	 -1	 0.000000	 6.945583
238	 9	 9	 0	 328.622075	 -1	 0.000000	 10.476296
239	 9	 9	 1	 169.086013	 -1	 0.000000	 10.945787
240	 9	 9	 1	 2.562759	 -1	 0.000000	 7.658668
241	 9	 9	 1	 33.404596	 -1	 0.000000	 11.943982
242	 9	 9	 1	 29.833904	 -1	 0.000000	 7.739975
243	 9	 9	 1	 34.689549	 -1	 0.000000	 8.216717
244	 9	 9	 1	 25.037863	 -1	 0.000000	 10.692688
245	 9	 9	 0	 428.699082	 -1	 0.000000	 13.229239
246	 9	 9	 1	 33.302372	 -1	 0.000000	 7.857066
247	 9	 9	 1	 3.796265	 -1	 0.000000	 7.156225
248	 9	 9	 1	 2.414420	 -1	 0.000000	 8.238688
249	 9	 9	 1	 19.950329	 -1	 0.000000	 12.570624
250	 9	 9	 1	 2.495277	 -1	 0.000000	 7.781433
251	 9	 9	 1	 31.668652	 -1	 0.000000	 7.210165
252	 9	 9	 1	 25.072471	 -1	 0.000000	 7.820557
253	 9	 9	 0	 427.022149	 -1	 0.000000	 10.989741
254	 9	 9	 1	 24.992433	 -1	 0.000000	 8.493610
255	 9	 9	 1	 1.648708	 -1	 0.000000	 13.547830
256	 9	 9	 1	 22.979470	 -1	 0.000000	 7.948941
257	 9	 9	 0	 287.332233	 -1	 0.000000	 10.534649
258	 9	 9	 1	 31.287955	 -1	 0.000000	 8.259980
259	 9	 9	 1	 2.819814	 -1	 0.000000	 8.296286
260	 9	 9	 1	 19.878541	 -1	 0.000000	 9.614191
261	 9	 9	 1	 76.800391	 -1	 0.000000	 11.915300
262	 9	 9	 1	 2.604587	 -1	 0.000000	 8.690130
263	 9	 9	 1	 26.594800	 -1	 0.000000	 8.000084
264	 9	 9	 1	 2.269610	 -1	 0.000000	 9.129235
265	 9	 9	 1	 28.881639	 -1	 0.000000	 8.377581
266	 9	 9	 1	 37.437699	 -1	 0.000000	 7.991383
267	 9	 9	 0	 424.832100	 -1	 0.000000	 11.601927
268	 9	 9	 0	 403.757754	 -1	 0.000000	 12.482072
269	 9	 9	 1	 3.324267	 -1	 0.000000	 7.751860
270	 9	 9	 1	 22.014482	 -1	 0.000000	 8.071857
271	 9	 9	 1	 32.756998	 -1	 0.000000	 8.417221
272	 9	 9	 1	 39.485726	 -1	 0.000000	 7.897735
273	 9	 9	 1	 75.975772	 -1	 0.000000	 9.128758
274	 9	 9	 1	 28.978960	 -1	 0.000000	 9.307331
275	 9	 9	 1	 1.985704	 -1	 0.000000	 9.892406
276	 9	 9	 1	 30.069751	 -1	 0.000000	 7.206869
277	 9	 9	 1	 28.384281	 -1	 0.000000	 7.477807
278	 9	 9	 1	 21.576436	 -1	 0.000000	 8.521025
279	 9	 9	 1	 2.260122	 -1	 0.000000	 9.173198
281	 9	 9	 1	 35.504162	 -1	 0.000000	 6.939586
282	 9	 9	 1	 3.968361	 -1	 0.000000	 7.482676
283	 9	 9	 1	 29.086223	 -1	 0.000000	 7.866593
284	 9	 9	 1	 34.030546	 -1	 0.000000	 7.461067
285	 9	 9	 1	 18.662391	 -1	 0.000000	 8.185329
286	 9	 9	 1	 31.794104	 -1	 0.000000	 8.520632
287	 9	 9	 0	 352.968878	 -1	 0.000000	 16.093071
288	 9	 9	 1	 31.002889	 -1	 0.000000	 7.602812
289	 9	 9	 1	 20.116028	 -1	 0.000000	 7.633423
290	 9	 9	 1	 25.292022	 -1	 0.000000	 9.523302
291	 9	 9	 0	 362.473363	 -1	 0.000000	 9.363799
292	 9	 9	 1	 22.350882	 -1	 0.000000	 9.332647
293	 9	 9	 1	 41.827704	 -1	 0.000000	 8.642913
294	 9	 9	 1	 29.690278	 -1	 0.000000	 7.491876
295	 9	 9	 1	 25.141351	 -1	 0.000000	 8.163767
296	 9	 9	 1	 3.859730	 -1	 0.000000	 7.684356
297	 9	 9	 1	 4.145819	 -1	 0.000000	 7.148128
298	 9	 9	 1	 28.589956	 -1	 0.000000	 7.201070
299	 9	 9	 1	 2.312831	 -1	 0.000000	 9.021272
301	 9	 9	 0	 495.467141	 -1	 0.000000	 8.128136
302	 9	 9	 1	 42.381807	 -1	 0.000000	 7.439956
304	 9	 9	 1	 27.635072	 -1	 0.000000	 7.291712
305	 9	 9	 1	 24.984236	 -1	 0.000000	 8.362556
307	 9	 9	 1	 30.938908	 -1	 0.000000	 8.522298
308	 9	 9	 0	 459.488409	 -1	 0.000000	 7.635406
311	 9	 9	 1	 10.822321	 -1	 0.000000	 10.183483
313	 9	 9	 1	 26.909836	 -1	 0.000000	 8.070250
314	 9	 9	 1	 1.752000	 -1	 0.000000	 13.141008
315	 9	 9	 1	 114.999552	 -1	 0.000000	 13.023127
316	 9	 9	 1	 24.246570	 -1	 0.000000	 9.423711
317	 9	 9	 1	 3.485361	 -1	 0.000000	 7.617852
318	 9	 9	 1	 88.558736	 -1	 0.000000	 11.223236
319	 9	 9	 1	 29.313253	 -1	 0.000000	 10.249789
322	 9	 9	 0	 438.304956	 -1	 0.000000	 9.745549
323	 9	 9	 1	 29.542389	 -1	 0.000000	 8.539142
325	 9	 9	 1	 34.024866	 -1	 0.000000	 6.538019
326	 9	 9	 0	 383.417616	 -1	 0.000000	 11.161228
329	 9	 9	 0	 465.661910	 -1	 0.000000	 10.433529
330	 9	 9	 0	 439.335230	 -1	 0.000000	 10.270587
332	 9	 9	 1	 28.053705	 -1	 0.000000	 7.455627
333	 9	 9	 0	 386.217399	 -1	 0.000000	 14.000661
334	 9	 9	 1	 27.652719	 -1	 0.000000	 8.228579
335	 9	 9	 1	 29.711820	 -1	 0.000000	 8.176196
336	 9	 9	 0	 351.540588	 -1	 0.000000	 10.081153
337	 9	 9	 1	 1.747805	 -1	 0.000000	 12.168376
338	 9	 9	 1	 27.173819	 -1	 0.000000	 7.796099
339	 9	 9	 1	 30.371744	 -1	 0.000000	 8.534490
342	 9	 9	 1	 18.722371	 -1	 0.000000	 9.746300
343	 9	 9	 1	 29.725392	 -1	 0.000000	 7.470322
344	 9	 9	 0	 253.356362	 -1	 0.000000	 11.997574
345	 9	 9	 1	 25.178921	 -1	 0.000000	 8.630939
346	 9	 9	 1	 24.968723	 -1	 0.000000	 9.046386
380	 9	 9	 0	 357.107330	 -1	 0.000000	 10.007640
381	 9	 9	 1	 28.740658	 -1	 0.000000	 7.625391
382	 9	 9	 1	 25.032346	 -1	 0.000000	 8.280489
383	 9	 9	 1	 39.360377	 -1	 0.000000	 7.631441
384	 9	 9	 1	 23.279660	 -1	 0.000000	 8.243221
385	 9	 9	 1	 27.138032	 -1	 0.000000	 11.286871
386	 9	 9	 1	 30.365250	 -1	 0.000000	 7.775836
387	 9	 9	 1	 14.117197	 -1	 0.000000	 11.199413
388	 9	 9	 1	 46.720176	 -1	 0.000000	 6.747124
396	 9	 9	 1	 28.421879	 -1	 0.000000	 6.990927
397	 9	 9	 0	 416.958027	 -1	 0.000000	 14.280381
398	 9	 9	 1	 3.340616	 -1	 0.000000	 8.198898
399	 9	 9	 1	 32.861519	 -1	 0.000000	 9.103644
400	 9	 9	 0	 415.837310	 -1	 0.000000	 8.122902
401	 9	 9	 0	 340.901706	 -1	 0.000000	 8.582651
402	 9	 9	 1	 47.907545	 -1	 0.000000	 10.075491
403	 9	 9	 1	 30.845320	 -1	 0.000000	 7.195750
404	 9	 9	 1	 2.426698	 -1	 0.000000	 8.958087
405	 9	 9	 1	 28.868304	 -1	 0.000000	 9.263594
406	 9	 9	 1	 26.262831	 -1	 0.000000	 7.292845
407	 9	 9	 1	 3.006848	 -1	 0.000000	 7.489102
408	 9	 9	 1	 2.272680	 -1	 0.000000	 9.153642
409	 9	 9	 0	 411.013643	 -1	 0.000000	 8.737760
416	 9	 9	 1	 1.670117	 -1	 0.000000	 17.414623
417	 9	 9	 1	 30.761352	 -1	 0.000000	 7.327084
418	 9	 9	 1	 121.838614	 -1	 0.000000	 8.687461
395	 9	 9	 0	 446.287064	 -1	 0.000000	 8.475108
422	 9	 9	 1	 27.690779	 -1	 0.000000	 8.075174
423	 9	 9	 1	 35.059353	 -1	 0.000000	 7.679544
424	 9	 9	 1	 1.871811	 -1	 0.000000	 9.892176
425	 9	 9	 1	 17.761910	 -1	 0.000000	 8.995019
426	 9	 9	 1	 34.886840	 -1	 0.000000	 6.599890
427	 9	 9	 1	 40.181751	 -1	 0.000000	 10.251414
428	 9	 9	 1	 1.825662	 -1	 0.000000	 13.283195
429	 9	 9	 1	 31.421068	 -1	 0.000000	 7.811705
430	 9	 9	 1	 29.731851	 -1	 0.000000	 7.482144
431	 9	 9	 1	 27.748344	 -1	 0.000000	 6.967984
432	 9	 9	 1	 2.100931	 -1	 0.000000	 9.203947
433	 9	 9	 1	 4.415718	 -1	 0.000000	 7.087595
434	 9	 9	 1	 21.057112	 -1	 0.000000	 8.854798
435	 9	 9	 1	 26.339079	 -1	 0.000000	 7.187362
436	 9	 9	 1	 3.152440	 -1	 0.000000	 7.616827
437	 9	 9	 1	 22.629805	 -1	 0.000000	 8.500435
438	 9	 9	 1	 27.930140	 -1	 0.000000	 7.103443
439	 9	 9	 1	 8.276651	 -1	 0.000000	 14.390396
415	 9	 9	 0	 447.627008	 -1	 0.000000	 11.370029
440	 9	 9	 1	 1.835165	 -1	 0.000000	 10.494322
441	 9	 9	 1	 2.230181	 -1	 0.000000	 9.913807
442	 9	 9	 1	 2.710560	 -1	 0.000000	 8.237686
443	 9	 9	 1	 30.758480	 -1	 0.000000	 8.109434
444	 9	 9	 1	 21.103346	 -1	 0.000000	 8.348306
445	 9	 9	 0	 362.116912	 -1	 0.000000	 15.253493
446	 9	 9	 1	 2.186739	 -1	 0.000000	 11.238108
447	 9	 9	 1	 22.897465	 -1	 0.000000	 9.284261
448	 9	 9	 1	 27.450565	 -1	 0.000000	 7.812552
449	 9	 9	 0	 232.726345	 -1	 0.000000	 21.989517
450	 9	 9	 1	 23.514188	 -1	 0.000000	 8.722395
451	 9	 9	 1	 37.104803	 -1	 0.000000	 7.174422
452	 9	 9	 1	 3.641404	 -1	 0.000000	 8.160981
453	 9	 9	 1	 27.871442	 -1	 0.000000	 7.486317
454	 9	 9	 1	 20.553148	 -1	 0.000000	 8.757470
455	 9	 9	 0	 297.417441	 -1	 0.000000	 12.881621
456	 9	 9	 1	 22.461445	 -1	 0.000000	 9.756026
457	 9	 9	 1	 3.173845	 -1	 0.000000	 7.630221
458	 9	 9	 1	 32.207802	 -1	 0.000000	 11.527026
459	 9	 9	 1	 27.099405	 -1	 0.000000	 8.417269
460	 9	 9	 1	 19.911916	 -1	 0.000000	 9.372073
449	 15	 15	 0	 369.507084	 -1	 0.000000	 7.525150
461	 9	 9	 1	 36.698581	 -1	 0.000000	 7.932076
462	 9	 9	 1	 31.409991	 -1	 0.000000	 8.537374
463	 9	 9	 1	 26.733727	 -1	 0.000000	 8.361623
464	 9	 9	 1	 35.375563	 -1	 0.000000	 6.825883
465	 9	 9	 1	 20.333636	 -1	 0.000000	 8.853639
466	 9	 9	 1	 30.973008	 -1	 0.000000	 7.223386
467	 9	 9	 1	 2.206738	 -1	 0.000000	 10.354292
468	 9	 9	 1	 20.757296	 -1	 0.000000	 7.999634
469	 9	 9	 1	 23.337954	 -1	 0.000000	 8.143244
470	 9	 9	 0	 370.814958	 -1	 0.000000	 12.721236
471	 9	 9	 1	 2.545875	 -1	 0.000000	 8.508437
472	 9	 9	 1	 31.107866	 -1	 0.000000	 6.688725
473	 9	 9	 0	 289.399812	 -1	 0.000000	 11.027184
474	 9	 9	 1	 30.551411	 -1	 0.000000	 8.022573
475	 9	 9	 1	 28.990587	 -1	 0.000000	 7.881127
476	 9	 9	 1	 28.960417	 -1	 0.000000	 9.017300
477	 9	 9	 0	 299.458898	 -1	 0.000000	 9.392292
478	 9	 9	 1	 3.952162	 -1	 0.000000	 7.820605
3453	 11	 11	 0	 465.693530	 -1	 0.000000	 5.176061
479	 9	 9	 1	 23.865227	 -1	 0.000000	 8.780474
480	 9	 9	 1	 19.723103	 -1	 0.000000	 8.229899
481	 9	 9	 1	 2.921346	 -1	 0.000000	 7.924275
482	 9	 9	 1	 36.502465	 -1	 0.000000	 7.148507
483	 9	 9	 1	 2.452833	 -1	 0.000000	 8.564645
484	 9	 9	 1	 33.244270	 -1	 0.000000	 7.849597
485	 9	 9	 1	 1.828491	 -1	 0.000000	 9.497328
486	 9	 9	 1	 32.783332	 -1	 0.000000	 8.755712
487	 9	 9	 1	 35.284614	 -1	 0.000000	 7.298771
488	 9	 9	 1	 20.590752	 -1	 0.000000	 8.573131
497	 9	 9	 1	 2.549041	 -1	 0.000000	 8.816732
498	 9	 9	 1	 24.243109	 -1	 0.000000	 7.824935
499	 9	 9	 1	 25.171046	 -1	 0.000000	 8.726330
0	 11	 11	 1	 10.412907	 -1	 0.000000	 8.376082
1	 11	 11	 1	 20.977303	 -1	 0.000000	 8.283487
2	 11	 11	 1	 22.795197	 -1	 0.000000	 8.657431
3	 11	 11	 1	 3.593832	 -1	 0.000000	 9.684196
4	 11	 11	 1	 23.513687	 -1	 0.000000	 7.605699
5	 11	 11	 1	 4.551580	 -1	 0.000000	 7.387843
6	 11	 11	 1	 18.646103	 -1	 0.000000	 12.894235
7	 11	 11	 1	 4.705433	 -1	 0.000000	 9.325824
8	 11	 11	 1	 4.077895	 -1	 0.000000	 7.836617
10	 11	 11	 1	 4.636549	 -1	 0.000000	 8.123036
11	 11	 11	 1	 6.503597	 -1	 0.000000	 6.950921
12	 11	 11	 1	 3.307994	 -1	 0.000000	 11.123228
13	 11	 11	 1	 4.575350	 -1	 0.000000	 7.602080
14	 11	 11	 1	 2.667840	 -1	 0.000000	 10.177728
15	 11	 11	 1	 3.440337	 -1	 0.000000	 9.138806
16	 11	 11	 1	 3.076973	 -1	 0.000000	 9.594627
17	 11	 11	 1	 4.686354	 -1	 0.000000	 8.471814
18	 11	 11	 1	 4.549156	 -1	 0.000000	 7.861485
19	 11	 11	 1	 3.268709	 -1	 0.000000	 10.155810
20	 11	 11	 1	 3.271781	 -1	 0.000000	 9.393046
21	 11	 11	 1	 3.317744	 -1	 0.000000	 8.234695
22	 11	 11	 1	 3.655749	 -1	 0.000000	 8.730058
23	 11	 11	 1	 3.440095	 -1	 0.000000	 9.373887
24	 11	 11	 1	 18.932406	 -1	 0.000000	 9.244228
25	 11	 11	 1	 5.630039	 -1	 0.000000	 7.464008
26	 11	 11	 1	 22.449372	 -1	 0.000000	 8.163683
27	 11	 11	 1	 3.595991	 -1	 0.000000	 8.480067
28	 11	 11	 1	 26.432468	 -1	 0.000000	 8.257378
29	 11	 11	 1	 22.032456	 -1	 0.000000	 8.321435
30	 11	 11	 1	 4.940234	 -1	 0.000000	 7.624614
31	 11	 11	 1	 22.217006	 -1	 0.000000	 8.445278
33	 11	 11	 1	 3.115661	 -1	 0.000000	 11.065105
3287	 5	 5	 0	 417.221569	 -1	 0.000000	 6.041239
34	 11	 11	 1	 2.816750	 -1	 0.000000	 10.618335
40	 11	 11	 1	 20.199268	 -1	 0.000000	 11.280374
41	 11	 11	 1	 5.308970	 -1	 0.000000	 7.086648
42	 11	 11	 1	 17.993718	 -1	 0.000000	 9.672957
43	 11	 11	 1	 5.724853	 -1	 0.000000	 6.760347
44	 11	 11	 1	 18.954001	 -1	 0.000000	 9.626768
45	 11	 11	 1	 25.313541	 -1	 0.000000	 7.824931
46	 11	 11	 1	 3.353368	 -1	 0.000000	 10.154316
47	 11	 11	 1	 3.051819	 -1	 0.000000	 9.073315
48	 11	 11	 1	 22.967993	 -1	 0.000000	 7.662061
49	 11	 11	 1	 4.007031	 -1	 0.000000	 8.593161
50	 11	 11	 1	 20.484854	 -1	 0.000000	 9.232324
51	 11	 11	 1	 20.051946	 -1	 0.000000	 8.027348
52	 11	 11	 1	 24.909497	 -1	 0.000000	 6.974104
53	 11	 11	 1	 3.696225	 -1	 0.000000	 10.765221
54	 11	 11	 1	 6.154016	 -1	 0.000000	 6.757734
55	 11	 11	 1	 18.209340	 -1	 0.000000	 11.358107
57	 11	 11	 1	 19.291384	 -1	 0.000000	 8.635401
62	 11	 11	 0	 459.823800	 -1	 0.000000	 8.096072
63	 11	 11	 1	 22.628702	 -1	 0.000000	 8.016487
64	 11	 11	 1	 3.246732	 -1	 0.000000	 11.976888
65	 11	 11	 1	 4.892730	 -1	 0.000000	 8.054428
66	 11	 11	 1	 21.005239	 -1	 0.000000	 8.557094
67	 11	 11	 1	 4.631444	 -1	 0.000000	 8.583945
71	 11	 11	 1	 3.707444	 -1	 0.000000	 9.581676
72	 11	 11	 1	 2.702590	 -1	 0.000000	 15.785691
73	 11	 11	 1	 16.795179	 -1	 0.000000	 16.703411
74	 11	 11	 1	 3.504032	 -1	 0.000000	 9.280930
75	 11	 11	 1	 24.345521	 -1	 0.000000	 6.922460
76	 11	 11	 1	 3.823840	 -1	 0.000000	 7.912881
77	 11	 11	 1	 2.818695	 -1	 0.000000	 12.236255
78	 11	 11	 1	 5.150318	 -1	 0.000000	 7.943803
>>> gr_fir_ccf: using E
>>> gr_fir_fff: using E
gr_buffer::allocate_buffer: warning: tried to allocate
   30 items of size 2160. Due to alignment requirements
   256 were allocated.  If this isn't OK, consider padding
   your structure to a power-of-two bytes.
   On this platform, our allocation granularity is 4096 bytes.
80	 11	 11	 1	 4.896600	 -1	 0.000000	 7.259683
81	 11	 11	 1	 24.644028	 -1	 0.000000	 8.264270
82	 11	 11	 1	 4.883334	 -1	 0.000000	 7.286337
1098	 10	 10	 0	 478.064981	 -1	 0.000000	 10.989486
83	 11	 11	 1	 2.993558	 -1	 0.000000	 9.653145
1231	 15	 15	 0	 402.378987	 -1	 0.000000	 12.174662
84	 11	 11	 1	 25.839886	 -1	 0.000000	 7.684828
85	 11	 11	 1	 4.231266	 -1	 0.000000	 7.751445
86	 11	 11	 1	 3.490836	 -1	 0.000000	 8.692699
87	 11	 11	 1	 21.126872	 -1	 0.000000	 9.198878
88	 11	 11	 0	 63.654094	 -1	 0.000000	 7.337193
89	 11	 11	 1	 24.627860	 -1	 0.000000	 8.685610
90	 11	 11	 1	 5.444577	 -1	 0.000000	 7.395079
91	 11	 11	 1	 5.013204	 -1	 0.000000	 7.712889
92	 11	 11	 1	 2.760807	 -1	 0.000000	 13.105258
93	 11	 11	 1	 19.985775	 -1	 0.000000	 7.889263
94	 11	 11	 0	 67.381338	 -1	 0.000000	 7.331899
2136	 15	 15	 0	 397.313860	 -1	 0.000000	 2.411895
460	 11	 11	 0	 448.882282	 -1	 0.000000	 3.801296
1359	 13	 13	 0	 348.226382	 -1	 0.000000	 6.559155
2361	 7	 7	 0	 431.288878	 -1	 0.000000	 4.403128
3460	 11	 11	 0	 447.689089	 -1	 0.000000	 7.295136
3868	 9	 9	 0	 444.471312	 -1	 0.000000	 9.356793
917	 5	 5	 0	 380.796006	 -1	 0.000000	 9.363244
2484	 11	 11	 0	 442.756099	 -1	 0.000000	 5.115264
3614	 11	 11	 0	 463.974366	 -1	 0.000000	 3.962849
161	 15	 15	 0	 384.702688	 -1	 0.000000	 5.678683
0	 10	 10	 1	 143.310789	 -1	 0.000000	 8.637753
1430	 11	 11	 0	 459.194626	 -1	 0.000000	 10.642793
1	 10	 10	 0	 409.531790	 -1	 0.000000	 9.261543
2	 10	 10	 1	 266.083807	 -1	 0.000000	 6.533094
13	 10	 10	 1	 136.509489	 -1	 0.000000	 9.375406
17	 10	 10	 0	 386.946319	 -1	 0.000000	 7.874867
18	 10	 10	 1	 143.970663	 -1	 0.000000	 8.819773
19	 10	 10	 0	 404.410309	 -1	 0.000000	 8.000257
20	 10	 10	 0	 421.057172	 -1	 0.000000	 6.341351
21	 10	 10	 1	 161.108645	 -1	 0.000000	 10.206814
22	 10	 10	 1	 153.213781	 -1	 0.000000	 8.053024
23	 10	 10	 0	 417.909529	 -1	 0.000000	 8.210748
24	 10	 10	 1	 156.617244	 -1	 0.000000	 8.377324
25	 10	 10	 0	 399.877865	 -1	 0.000000	 6.868416
26	 10	 10	 1	 151.986412	 -1	 0.000000	 11.994188
27	 10	 10	 1	 140.969237	 -1	 0.000000	 9.074918
28	 10	 10	 1	 154.908665	 -1	 0.000000	 7.586054
29	 10	 10	 1	 207.879804	 -1	 0.000000	 7.329534
31	 10	 10	 1	 190.642326	 -1	 0.000000	 9.610910
40	 10	 10	 1	 140.566489	 -1	 0.000000	 8.247428
41	 10	 10	 1	 241.322634	 -1	 0.000000	 7.283355
42	 10	 10	 1	 143.317179	 -1	 0.000000	 9.196362
43	 10	 10	 1	 184.422674	 -1	 0.000000	 8.642322
44	 10	 10	 1	 178.434702	 -1	 0.000000	 8.588480
45	 10	 10	 1	 217.272842	 -1	 0.000000	 6.529487
46	 10	 10	 1	 204.012063	 -1	 0.000000	 8.137908
47	 10	 10	 0	 373.745831	 -1	 0.000000	 8.949027
48	 10	 10	 1	 154.479018	 -1	 0.000000	 8.209656
49	 10	 10	 1	 114.551306	 -1	 0.000000	 11.711354
50	 10	 10	 1	 257.402342	 -1	 0.000000	 6.744739
51	 10	 10	 1	 213.629837	 -1	 0.000000	 7.405842
52	 10	 10	 1	 129.123562	 -1	 0.000000	 9.442202
53	 10	 10	 1	 152.570590	 -1	 0.000000	 8.403459
54	 10	 10	 0	 349.070133	 -1	 0.000000	 8.405866
55	 10	 10	 1	 174.293532	 -1	 0.000000	 8.270800
56	 10	 10	 0	 334.999434	 -1	 0.000000	 9.045967
57	 10	 10	 1	 105.324456	 -1	 0.000000	 11.208079
58	 10	 10	 0	 391.689457	 -1	 0.000000	 8.266121
66	 10	 10	 0	 446.230168	 -1	 0.000000	 6.458650
67	 10	 10	 0	 379.678982	 -1	 0.000000	 7.330881
68	 10	 10	 1	 155.970438	 -1	 0.000000	 7.974347
69	 10	 10	 0	 409.856762	 -1	 0.000000	 7.875571
70	 10	 10	 0	 375.358143	 -1	 0.000000	 7.697835
71	 10	 10	 1	 288.339222	 -1	 0.000000	 6.992136
72	 10	 10	 1	 187.033127	 -1	 0.000000	 8.058678
73	 10	 10	 1	 124.813038	 -1	 0.000000	 11.237239
74	 10	 10	 1	 173.078519	 -1	 0.000000	 8.035174
75	 10	 10	 0	 384.990212	 -1	 0.000000	 8.928688
76	 10	 10	 1	 159.897643	 -1	 0.000000	 9.214596
77	 10	 10	 1	 146.736810	 -1	 0.000000	 9.194070
78	 10	 10	 0	 357.255889	 -1	 0.000000	 7.590142
>>> gr_fir_ccf: using E
>>> gr_fir_fff: using E
gr_buffer::allocate_buffer: warning: tried to allocate
   30 items of size 2160. Due to alignment requirements
   256 were allocated.  If this isn't OK, consider padding
   your structure to a power-of-two bytes.
   On this platform, our allocation granularity is 4096 bytes.
81	 10	 10	 1	 207.498897	 -1	 0.000000	 7.713035
82	 10	 10	 1	 171.617794	 -1	 0.000000	 7.751828
83	 10	 10	 1	 150.359310	 -1	 0.000000	 8.999083
84	 10	 10	 0	 334.827919	 -1	 0.000000	 9.096039
85	 10	 10	 1	 155.808190	 -1	 0.000000	 9.124063
86	 10	 10	 0	 397.803610	 -1	 0.000000	 7.942431
87	 10	 10	 1	 118.987152	 -1	 0.000000	 8.578483
88	 10	 10	 0	 364.166439	 -1	 0.000000	 8.663829
89	 10	 10	 0	 371.677453	 -1	 0.000000	 10.071196
1247	 10	 10	 0	 476.874656	 -1	 0.000000	 5.050696
90	 10	 10	 0	 417.133044	 -1	 0.000000	 7.898989
91	 10	 10	 1	 148.468510	 -1	 0.000000	 8.370210
92	 10	 10	 1	 215.559302	 -1	 0.000000	 6.887148
93	 10	 10	 1	 175.567114	 -1	 0.000000	 10.119651
94	 10	 10	 1	 149.782153	 -1	 0.000000	 10.464577
95	 10	 10	 0	 385.717195	 -1	 0.000000	 8.666867
96	 10	 10	 1	 126.136888	 -1	 0.000000	 11.478422
97	 10	 10	 1	 133.651873	 -1	 0.000000	 8.660092
99	 10	 10	 1	 232.089867	 -1	 0.000000	 7.269972
102	 10	 10	 1	 131.279911	 -1	 0.000000	 8.684267
103	 10	 10	 1	 160.974307	 -1	 0.000000	 9.419909
104	 10	 10	 1	 165.155744	 -1	 0.000000	 8.626189
105	 10	 10	 0	 421.837870	 -1	 0.000000	 8.371068
107	 10	 10	 1	 180.669699	 -1	 0.000000	 7.308448
109	 10	 10	 0	 378.635769	 -1	 0.000000	 10.211783
110	 10	 10	 1	 177.735056	 -1	 0.000000	 7.614841
111	 10	 10	 1	 184.605120	 -1	 0.000000	 8.380805
112	 10	 10	 1	 134.978377	 -1	 0.000000	 9.236149
113	 10	 10	 1	 163.517129	 -1	 0.000000	 8.439218
114	 10	 10	 1	 139.971831	 -1	 0.000000	 9.785851
115	 10	 10	 1	 172.816661	 -1	 0.000000	 8.270064
116	 10	 10	 1	 261.976682	 -1	 0.000000	 7.434685
117	 10	 10	 1	 173.032142	 -1	 0.000000	 7.911280
118	 10	 10	 1	 138.641071	 -1	 0.000000	 9.933977
23	 15	 15	 0	 398.581207	 -1	 0.000000	 5.850940
119	 10	 10	 1	 115.757327	 -1	 0.000000	 14.655042
120	 10	 10	 1	 191.106964	 -1	 0.000000	 7.502956
121	 10	 10	 1	 181.109418	 -1	 0.000000	 8.723813
122	 10	 10	 1	 184.579188	 -1	 0.000000	 8.216641
123	 10	 10	 1	 143.402832	 -1	 0.000000	 8.845197
125	 10	 10	 1	 178.401707	 -1	 0.000000	 8.353542
2124	 15	 15	 0	 405.527220	 -1	 0.000000	 2.968396
126	 10	 10	 0	 392.524698	 -1	 0.000000	 8.217048
127	 10	 10	 1	 149.621972	 -1	 0.000000	 8.909687
128	 10	 10	 1	 157.140541	 -1	 0.000000	 8.457350
129	 10	 10	 1	 123.473775	 -1	 0.000000	 10.047215
130	 10	 10	 0	 410.087152	 -1	 0.000000	 8.049374
131	 10	 10	 1	 195.547497	 -1	 0.000000	 8.341537
132	 10	 10	 1	 253.644520	 -1	 0.000000	 7.056217
2338	 13	 13	 0	 371.478180	 -1	 0.000000	 6.545309
133	 10	 10	 1	 138.121304	 -1	 0.000000	 11.398863
134	 10	 10	 1	 116.532544	 -1	 0.000000	 15.222909
135	 10	 10	 0	 379.757046	 -1	 0.000000	 13.295834
136	 10	 10	 1	 183.229596	 -1	 0.000000	 8.337894
137	 10	 10	 1	 213.804376	 -1	 0.000000	 6.912288
138	 10	 10	 0	 357.175453	 -1	 0.000000	 12.387359
>>> gr_fir_ccf: using E
>>> gr_fir_fff: using E
gr_buffer::allocate_buffer: warning: tried to allocate
   30 items of size 2160. Due to alignment requirements
   256 were allocated.  If this isn't OK, consider padding
   your structure to a power-of-two bytes.
   On this platform, our allocation granularity is 4096 bytes.
87	 10	 10	 1	 167.527985	 -1	 0.000000	 8.339520
88	 10	 10	 1	 211.317902	 -1	 0.000000	 7.511642
89	 10	 10	 0	 374.500409	 -1	 0.000000	 9.175387
90	 10	 10	 1	 195.199816	 -1	 0.000000	 7.788041
91	 10	 10	 0	 341.560073	 -1	 0.000000	 9.683892
92	 10	 10	 1	 118.626221	 -1	 0.000000	 12.501680
93	 10	 10	 0	 391.660126	 -1	 0.000000	 8.067325
94	 10	 10	 1	 165.272856	 -1	 0.000000	 8.397235
95	 10	 10	 0	 382.583699	 -1	 0.000000	 7.344072
96	 10	 10	 0	 408.476253	 -1	 0.000000	 6.470582
97	 10	 10	 0	 364.834938	 -1	 0.000000	 8.419717
98	 10	 10	 0	 326.764101	 -1	 0.000000	 9.171642
99	 10	 10	 1	 161.034538	 -1	 0.000000	 7.907067
100	 10	 10	 1	 153.989557	 -1	 0.000000	 9.962879
101	 10	 10	 0	 368.688161	 -1	 0.000000	 7.860674
102	 10	 10	 1	 151.385050	 -1	 0.000000	 8.252287
104	 10	 10	 1	 180.729287	 -1	 0.000000	 8.308059
105	 10	 10	 1	 151.808605	 -1	 0.000000	 9.957414
106	 10	 10	 0	 380.075122	 -1	 0.000000	 12.761517
107	 10	 10	 0	 383.718189	 -1	 0.000000	 7.595697
108	 10	 10	 1	 122.934226	 -1	 0.000000	 15.469427
109	 10	 10	 0	 399.018805	 -1	 0.000000	 7.544658
110	 10	 10	 1	 118.507631	 -1	 0.000000	 11.891851
111	 10	 10	 0	 409.410634	 -1	 0.000000	 7.518028
112	 10	 10	 1	 175.406311	 -1	 0.000000	 7.631409
113	 10	 10	 1	 133.914911	 -1	 0.000000	 9.274649
114	 10	 10	 1	 171.350413	 -1	 0.000000	 8.837121
115	 10	 10	 0	 376.492757	 -1	 0.000000	 8.073799
116	 10	 10	 1	 144.077296	 -1	 0.000000	 8.714211
118	 10	 10	 1	 136.840452	 -1	 0.000000	 9.425458
119	 10	 10	 1	 268.267645	 -1	 0.000000	 6.943552
120	 10	 10	 0	 383.958549	 -1	 0.000000	 8.227593
122	 10	 10	 1	 171.983346	 -1	 0.000000	 8.695226
123	 10	 10	 1	 225.289889	 -1	 0.000000	 7.111006
124	 10	 10	 0	 401.719545	 -1	 0.000000	 7.312443
125	 10	 10	 1	 167.400823	 -1	 0.000000	 7.465288
126	 10	 10	 1	 146.429980	 -1	 0.000000	 7.860118
127	 10	 10	 1	 168.710263	 -1	 0.000000	 8.549939
128	 10	 10	 1	 113.161426	 -1	 0.000000	 13.117444
129	 10	 10	 1	 170.017512	 -1	 0.000000	 8.162959
130	 10	 10	 1	 179.989428	 -1	 0.000000	 7.740689
131	 10	 10	 1	 203.495270	 -1	 0.000000	 7.526639
132	 10	 10	 0	 362.871883	 -1	 0.000000	 8.448834
133	 10	 10	 1	 153.080502	 -1	 0.000000	 7.941435
134	 10	 10	 1	 159.488567	 -1	 0.000000	 8.492020
135	 10	 10	 0	 396.255584	 -1	 0.000000	 8.697781
136	 10	 10	 0	 368.609744	 -1	 0.000000	 11.162249
137	 10	 10	 1	 203.371891	 -1	 0.000000	 7.222948
138	 10	 10	 1	 187.470734	 -1	 0.000000	 7.360365
139	 10	 10	 0	 371.066906	 -1	 0.000000	 11.369856
140	 10	 10	 0	 380.658350	 -1	 0.000000	 6.882264
141	 10	 10	 1	 145.507060	 -1	 0.000000	 8.074257
142	 10	 10	 1	 255.617670	 -1	 0.000000	 7.049670
143	 10	 10	 1	 170.706077	 -1	 0.000000	 8.538573
144	 10	 10	 1	 191.027441	 -1	 0.000000	 7.126464
