>>> gr_fir_ccf: using E
>>> gr_fir_fff: using E
gr_buffer::allocate_buffer: warning: tried to allocate
   30 items of size 2160. Due to alignment requirements
   256 were allocated.  If this isn't OK, consider padding
   your structure to a power-of-two bytes.
   On this platform, our allocation granularity is 4096 bytes.
60	 13	 13	 1	 0.000018	 -1	 0.000000	 9.116049
61	 13	 13	 1	 0.000016	 -1	 0.000000	 11.699384
62	 13	 13	 1	 0.000016	 -1	 0.000000	 12.357364
63	 13	 13	 1	 0.000382	 -1	 0.000000	 7.592092
64	 13	 13	 1	 0.000013	 -1	 0.000000	 8.670831
65	 13	 13	 1	 0.000019	 -1	 0.000000	 9.315215
66	 13	 13	 1	 0.000015	 -1	 0.000000	 12.901617
67	 13	 13	 1	 0.000021	 -1	 0.000000	 8.209078
68	 13	 13	 1	 0.000016	 -1	 0.000000	 12.881860
69	 13	 13	 1	 0.000017	 -1	 0.000000	 10.864537
71	 13	 13	 1	 0.000018	 -1	 0.000000	 11.932026
72	 13	 13	 1	 0.000021	 -1	 0.000000	 7.953106
73	 13	 13	 1	 0.000019	 -1	 0.000000	 8.179846
74	 13	 13	 1	 0.000018	 -1	 0.000000	 10.270353
75	 13	 13	 1	 0.000026	 -1	 0.000000	 9.084099
76	 13	 13	 1	 0.000017	 -1	 0.000000	 11.211705
77	 13	 13	 1	 0.000020	 -1	 0.000000	 9.685227
78	 13	 13	 1	 0.000015	 -1	 0.000000	 8.892836
79	 13	 13	 1	 0.000020	 -1	 0.000000	 10.033705
80	 13	 13	 1	 0.000019	 -1	 0.000000	 11.907219
81	 13	 13	 1	 0.000016	 -1	 0.000000	 12.406252
82	 13	 13	 1	 0.000017	 -1	 0.000000	 13.635585
83	 13	 13	 1	 0.000016	 -1	 0.000000	 12.891191
84	 13	 13	 1	 0.000019	 -1	 0.000000	 8.799456
85	 13	 13	 1	 0.000019	 -1	 0.000000	 11.250976
86	 13	 13	 1	 0.000020	 -1	 0.000000	 8.363750
87	 13	 13	 1	 1.006041	 -1	 0.000000	 7.875379
88	 13	 13	 1	 0.000015	 -1	 0.000000	 13.087120
>>> gr_fir_ccf: using E
>>> gr_fir_fff: using E
terminate called after throwing an instance of 'std::invalid_argument'
  what():  gr_ofdm_demod: Incorrect subcarriers allocated
>>> gr_fir_ccf: using E
>>> gr_fir_fff: using E
gr_buffer::allocate_buffer: warning: tried to allocate
   30 items of size 2160. Due to alignment requirements
   256 were allocated.  If this isn't OK, consider padding
   your structure to a power-of-two bytes.
   On this platform, our allocation granularity is 4096 bytes.
0	 15	 15	 1	 0.000030	 -1	 0.000000	 11.747792
1	 15	 15	 1	 0.000045	 -1	 0.000000	 8.788705
2	 15	 15	 1	 0.000031	 -1	 0.000000	 12.880574
3	 15	 15	 1	 0.000049	 -1	 0.000000	 8.168064
4	 15	 15	 1	 0.814325	 -1	 0.000000	 10.408571
5	 15	 15	 1	 0.000031	 -1	 0.000000	 12.564145
6	 15	 15	 1	 0.000046	 -1	 0.000000	 8.823928
7	 15	 15	 1	 0.000036	 -1	 0.000000	 13.078424
8	 15	 15	 1	 0.000039	 -1	 0.000000	 14.483660
9	 15	 15	 0	 129.396621	 -1	 0.000000	 8.637441
10	 15	 15	 1	 0.000068	 -1	 0.000000	 12.726224
11	 15	 15	 1	 0.000038	 -1	 0.000000	 15.697436
12	 15	 15	 1	 0.000033	 -1	 0.000000	 10.384843
13	 15	 15	 1	 0.000046	 -1	 0.000000	 10.558846
14	 15	 15	 1	 0.000034	 -1	 0.000000	 11.953115
15	 15	 15	 1	 0.000091	 -1	 0.000000	 9.364178
16	 15	 15	 1	 0.000032	 -1	 0.000000	 10.628378
18	 15	 15	 1	 0.000045	 -1	 0.000000	 9.479590
19	 15	 15	 1	 0.000032	 -1	 0.000000	 10.762896
20	 15	 15	 1	 0.000032	 -1	 0.000000	 11.302724
21	 15	 15	 1	 0.000037	 -1	 0.000000	 11.803910
22	 15	 15	 1	 0.000047	 -1	 0.000000	 10.650680
24	 15	 15	 1	 0.000059	 -1	 0.000000	 13.408959
25	 15	 15	 1	 0.000042	 -1	 0.000000	 14.725109
26	 15	 15	 1	 0.000043	 -1	 0.000000	 11.858274
27	 15	 15	 1	 0.000032	 -1	 0.000000	 11.115398
28	 15	 15	 1	 0.000041	 -1	 0.000000	 11.663935
29	 15	 15	 1	 0.000042	 -1	 0.000000	 7.524544
30	 15	 15	 1	 0.000041	 -1	 0.000000	 8.550089
31	 15	 15	 1	 0.000037	 -1	 0.000000	 10.185867
32	 15	 15	 1	 0.000032	 -1	 0.000000	 8.738730
33	 15	 15	 1	 0.000032	 -1	 0.000000	 11.178420
34	 15	 15	 1	 0.000039	 -1	 0.000000	 17.208427
35	 15	 15	 1	 0.000040	 -1	 0.000000	 8.912982
36	 15	 15	 1	 0.000021	 -1	 0.000000	 11.401082
37	 15	 15	 1	 0.000039	 -1	 0.000000	 12.263659
38	 15	 15	 1	 0.000033	 -1	 0.000000	 10.112126
39	 15	 15	 1	 0.000042	 -1	 0.000000	 9.715839
40	 15	 15	 1	 47.614881	 -1	 0.000000	 7.296002
41	 15	 15	 1	 0.000034	 -1	 0.000000	 10.417425
42	 15	 15	 1	 0.000042	 -1	 0.000000	 10.620177
43	 15	 15	 1	 0.000035	 -1	 0.000000	 9.368367
44	 15	 15	 1	 0.000035	 -1	 0.000000	 10.858944
46	 15	 15	 1	 0.000031	 -1	 0.000000	 8.544222
47	 15	 15	 1	 0.000040	 -1	 0.000000	 10.412020
48	 15	 15	 1	 0.000049	 -1	 0.000000	 9.466945
49	 15	 15	 1	 0.000040	 -1	 0.000000	 17.839663
50	 15	 15	 1	 0.000041	 -1	 0.000000	 9.297147
51	 15	 15	 1	 0.000040	 -1	 0.000000	 12.577608
52	 15	 15	 1	 0.000027	 -1	 0.000000	 8.160377
53	 15	 15	 1	 0.000042	 -1	 0.000000	 10.185348
54	 15	 15	 1	 0.000034	 -1	 0.000000	 9.187147
55	 15	 15	 1	 0.000070	 -1	 0.000000	 9.576907
57	 15	 15	 1	 0.008089	 -1	 0.000000	 9.373759
58	 15	 15	 1	 0.000044	 -1	 0.000000	 11.858864
>>> gr_fir_ccf: using E
>>> gr_fir_fff: using E
gr_buffer::allocate_buffer: warning: tried to allocate
   30 items of size 2160. Due to alignment requirements
   256 were allocated.  If this isn't OK, consider padding
   your structure to a power-of-two bytes.
   On this platform, our allocation granularity is 4096 bytes.
72	 15	 15	 1	 0.000042	 -1	 0.000000	 10.416793
73	 15	 15	 1	 0.000051	 -1	 0.000000	 11.240503
74	 15	 15	 1	 0.000028	 -1	 0.000000	 13.167330
76	 15	 15	 1	 0.000030	 -1	 0.000000	 9.074086
77	 15	 15	 1	 0.000034	 -1	 0.000000	 11.560138
78	 15	 15	 1	 0.000030	 -1	 0.000000	 13.333310
79	 15	 15	 0	 102.404285	 -1	 0.000000	 6.595221
80	 15	 15	 1	 0.000124	 -1	 0.000000	 14.296487
81	 15	 15	 1	 0.000044	 -1	 0.000000	 8.209233
82	 15	 15	 0	 9.832364	 -1	 0.000000	 11.395103
60	 5	 5	 1	 0.003767	 -1	 0.000000	 9.984117
61	 5	 5	 0	 345.618256	 -1	 0.000000	 8.182294
62	 5	 5	 1	 0.005946	 -1	 0.000000	 8.871252
63	 5	 5	 1	 0.004140	 -1	 0.000000	 12.719685
64	 5	 5	 0	 321.129250	 -1	 0.000000	 9.555876
65	 5	 5	 1	 0.004960	 -1	 0.000000	 9.045658
66	 5	 5	 1	 0.007935	 -1	 0.000000	 9.292541
67	 5	 5	 1	 0.004217	 -1	 0.000000	 9.280100
60	 5	 5	 1	 0.005646	 -1	 0.000000	 7.634618
80	 7	 7	 1	 0.048440	 -1	 0.000000	 8.181444
81	 7	 7	 1	 0.049961	 -1	 0.000000	 9.721007
82	 7	 7	 1	 0.574593	 -1	 0.000000	 6.534647
83	 7	 7	 1	 0.146024	 -1	 0.000000	 10.392548
84	 7	 7	 1	 0.025363	 -1	 0.000000	 8.761378
85	 7	 7	 1	 0.016918	 -1	 0.000000	 8.688702
86	 7	 7	 1	 3.345045	 -1	 0.000000	 7.858280
87	 7	 7	 1	 0.037568	 -1	 0.000000	 19.912285
88	 7	 7	 1	 0.041458	 -1	 0.000000	 9.993047
89	 7	 7	 1	 0.039712	 -1	 0.000000	 9.218266
90	 7	 7	 1	 0.043602	 -1	 0.000000	 11.266047
91	 7	 7	 1	 0.045116	 -1	 0.000000	 14.574903
92	 7	 7	 1	 0.026936	 -1	 0.000000	 7.348081
93	 7	 7	 1	 0.046712	 -1	 0.000000	 10.858137
94	 7	 7	 1	 0.032688	 -1	 0.000000	 15.181640
95	 7	 7	 1	 0.034785	 -1	 0.000000	 12.222489
96	 7	 7	 1	 0.013234	 -1	 0.000000	 10.231346
97	 7	 7	 1	 0.030014	 -1	 0.000000	 10.449642
98	 7	 7	 1	 0.046252	 -1	 0.000000	 8.284772
99	 7	 7	 1	 43.510223	 -1	 0.000000	 8.077460
100	 7	 7	 1	 1.564031	 -1	 0.000000	 7.475996
101	 7	 7	 1	 0.027988	 -1	 0.000000	 7.550301
102	 7	 7	 1	 0.009886	 -1	 0.000000	 9.544175
103	 7	 7	 1	 0.050809	 -1	 0.000000	 13.280172
104	 7	 7	 1	 0.012826	 -1	 0.000000	 9.399261
105	 7	 7	 1	 0.048756	 -1	 0.000000	 9.719204
106	 7	 7	 1	 0.053105	 -1	 0.000000	 10.919290
107	 7	 7	 1	 0.037195	 -1	 0.000000	 9.626407
108	 7	 7	 1	 0.048905	 -1	 0.000000	 8.266205
109	 7	 7	 1	 0.041235	 -1	 0.000000	 11.383172
110	 7	 7	 1	 0.042023	 -1	 0.000000	 10.679371
111	 7	 7	 1	 0.025628	 -1	 0.000000	 9.599487
112	 7	 7	 1	 0.047430	 -1	 0.000000	 9.141654
113	 7	 7	 1	 0.044572	 -1	 0.000000	 9.171203
114	 7	 7	 1	 6.270032	 -1	 0.000000	 7.567420
115	 7	 7	 1	 0.094272	 -1	 0.000000	 9.180566
116	 7	 7	 1	 0.050252	 -1	 0.000000	 8.543442
117	 7	 7	 1	 0.045191	 -1	 0.000000	 10.151867
118	 7	 7	 1	 0.044545	 -1	 0.000000	 11.528775
119	 7	 7	 1	 0.042999	 -1	 0.000000	 9.541433
120	 7	 7	 1	 0.044603	 -1	 0.000000	 10.595931
121	 7	 7	 1	 0.360906	 -1	 0.000000	 8.828632
122	 7	 7	 1	 0.050604	 -1	 0.000000	 24.997650
123	 7	 7	 1	 0.020890	 -1	 0.000000	 11.259022
124	 7	 7	 1	 0.010867	 -1	 0.000000	 19.128935
125	 7	 7	 1	 0.037986	 -1	 0.000000	 12.597875
126	 7	 7	 1	 5.214855	 -1	 0.000000	 6.210087
127	 7	 7	 1	 0.039060	 -1	 0.000000	 12.134075
128	 7	 7	 1	 0.028009	 -1	 0.000000	 10.697299
129	 7	 7	 1	 0.054410	 -1	 0.000000	 13.654409
130	 7	 7	 1	 0.012321	 -1	 0.000000	 8.354654
131	 7	 7	 1	 144.129617	 -1	 0.000000	 8.635266
132	 7	 7	 1	 0.020520	 -1	 0.000000	 9.338868
133	 7	 7	 1	 0.030707	 -1	 0.000000	 10.192693
135	 7	 7	 1	 0.033708	 -1	 0.000000	 13.305615
136	 7	 7	 1	 0.024535	 -1	 0.000000	 16.416050
137	 7	 7	 1	 0.038116	 -1	 0.000000	 12.881658
138	 7	 7	 1	 0.039196	 -1	 0.000000	 13.814307
139	 7	 7	 1	 10.810251	 -1	 0.000000	 7.555174
140	 7	 7	 1	 0.016636	 -1	 0.000000	 8.913760
141	 7	 7	 1	 0.037159	 -1	 0.000000	 13.073165
142	 7	 7	 1	 0.036927	 -1	 0.000000	 14.819819
143	 7	 7	 1	 0.028078	 -1	 0.000000	 11.005054
144	 7	 7	 1	 0.049768	 -1	 0.000000	 14.445748
145	 7	 7	 1	 0.040585	 -1	 0.000000	 10.143145
146	 7	 7	 1	 0.011816	 -1	 0.000000	 12.389751
147	 7	 7	 1	 0.055138	 -1	 0.000000	 12.464947
148	 7	 7	 1	 0.029728	 -1	 0.000000	 10.473543
149	 7	 7	 1	 0.046988	 -1	 0.000000	 10.688257
>>> gr_fir_ccf: using E
>>> gr_fir_fff: using E
terminate called after throwing an instance of 'std::invalid_argument'
  what():  gr_ofdm_demod: Incorrect subcarriers allocated
>>> gr_fir_ccf: using E
>>> gr_fir_fff: using E
gr_buffer::allocate_buffer: warning: tried to allocate
   30 items of size 2160. Due to alignment requirements
   256 were allocated.  If this isn't OK, consider padding
   your structure to a power-of-two bytes.
   On this platform, our allocation granularity is 4096 bytes.
80	 9	 9	 1	 170.764645	 -1	 0.000000	 10.093333
81	 9	 9	 0	 446.002414	 -1	 0.000000	 8.494797
82	 9	 9	 1	 179.743657	 -1	 0.000000	 14.924165
83	 9	 9	 0	 382.691988	 -1	 0.000000	 7.155279
84	 9	 9	 1	 137.670796	 -1	 0.000000	 14.123530
85	 9	 9	 1	 157.916026	 -1	 0.000000	 12.561947
86	 9	 9	 1	 160.899978	 -1	 0.000000	 9.485159
87	 9	 9	 1	 161.794558	 -1	 0.000000	 11.998861
88	 9	 9	 1	 136.111730	 -1	 0.000000	 7.235274
89	 9	 9	 0	 327.624301	 -1	 0.000000	 8.102265
90	 9	 9	 0	 347.571931	 -1	 0.000000	 6.554295
91	 9	 9	 0	 397.462371	 -1	 0.000000	 8.095175
92	 9	 9	 1	 156.887772	 -1	 0.000000	 13.500724
93	 9	 9	 1	 123.523498	 -1	 0.000000	 9.977489
94	 9	 9	 1	 155.134826	 -1	 0.000000	 7.452110
95	 9	 9	 1	 153.722555	 -1	 0.000000	 11.925258
96	 9	 9	 0	 438.923349	 -1	 0.000000	 9.334869
97	 9	 9	 1	 160.818067	 -1	 0.000000	 8.161249
98	 9	 9	 1	 142.692901	 -1	 0.000000	 10.225741
99	 9	 9	 1	 150.053921	 -1	 0.000000	 10.473653
100	 9	 9	 0	 413.251082	 -1	 0.000000	 7.479968
101	 9	 9	 1	 59.272906	 -1	 0.000000	 9.651833
102	 9	 9	 1	 137.648396	 -1	 0.000000	 7.994676
103	 9	 9	 1	 146.034528	 -1	 0.000000	 11.126656
104	 9	 9	 1	 156.477192	 -1	 0.000000	 8.511365
105	 9	 9	 0	 434.315577	 -1	 0.000000	 7.907724
106	 9	 9	 0	 436.594129	 -1	 0.000000	 8.443175
107	 9	 9	 1	 145.095081	 -1	 0.000000	 8.606404
108	 9	 9	 1	 105.120635	 -1	 0.000000	 10.833014
109	 9	 9	 0	 439.240861	 -1	 0.000000	 8.312240
110	 9	 9	 1	 145.302155	 -1	 0.000000	 10.627485
111	 9	 9	 1	 144.929645	 -1	 0.000000	 9.828069
112	 9	 9	 1	 152.410295	 -1	 0.000000	 9.914704
113	 9	 9	 1	 134.665606	 -1	 0.000000	 11.871264
114	 9	 9	 1	 128.351111	 -1	 0.000000	 7.672482
115	 9	 9	 1	 144.030571	 -1	 0.000000	 7.547711
116	 9	 9	 1	 157.700124	 -1	 0.000000	 10.189471
117	 9	 9	 1	 158.521467	 -1	 0.000000	 15.564787
118	 9	 9	 1	 160.169519	 -1	 0.000000	 10.654823
119	 9	 9	 1	 157.046295	 -1	 0.000000	 9.874971
121	 9	 9	 1	 160.385596	 -1	 0.000000	 10.386099
122	 9	 9	 1	 169.345811	 -1	 0.000000	 9.526884
123	 9	 9	 1	 139.190655	 -1	 0.000000	 10.238916
124	 9	 9	 1	 148.602892	 -1	 0.000000	 9.702602
125	 9	 9	 1	 150.001375	 -1	 0.000000	 10.443832
126	 9	 9	 1	 99.816114	 -1	 0.000000	 9.664803
127	 9	 9	 0	 422.048018	 -1	 0.000000	 7.439169
128	 9	 9	 1	 121.356332	 -1	 0.000000	 10.649693
129	 9	 9	 1	 143.856483	 -1	 0.000000	 21.558744
130	 9	 9	 1	 164.825195	 -1	 0.000000	 7.962150
131	 9	 9	 1	 146.345479	 -1	 0.000000	 11.375474
132	 9	 9	 1	 133.011538	 -1	 0.000000	 8.593276
133	 9	 9	 1	 157.353613	 -1	 0.000000	 10.956330
134	 9	 9	 0	 431.929285	 -1	 0.000000	 6.498906
135	 9	 9	 1	 141.757745	 -1	 0.000000	 9.077883
136	 9	 9	 0	 410.198519	 -1	 0.000000	 8.009572
137	 9	 9	 1	 158.818882	 -1	 0.000000	 14.274738
138	 9	 9	 1	 149.940152	 -1	 0.000000	 10.374796
139	 9	 9	 1	 137.059197	 -1	 0.000000	 11.348993
140	 9	 9	 1	 146.109260	 -1	 0.000000	 9.576301
141	 9	 9	 1	 177.737118	 -1	 0.000000	 11.599535
142	 9	 9	 1	 174.350239	 -1	 0.000000	 12.352798
143	 9	 9	 1	 149.225968	 -1	 0.000000	 12.210684
144	 9	 9	 1	 144.004469	 -1	 0.000000	 8.798579
3110	 5	 5	 0	 409.039802	 -1	 0.000000	 6.068658
145	 9	 9	 1	 111.270512	 -1	 0.000000	 9.136086
146	 9	 9	 1	 153.089367	 -1	 0.000000	 10.100957
147	 9	 9	 1	 155.879531	 -1	 0.000000	 7.896656
148	 9	 9	 1	 164.811199	 -1	 0.000000	 9.757355
149	 9	 9	 1	 144.151368	 -1	 0.000000	 9.543015
150	 9	 9	 0	 424.931867	 -1	 0.000000	 7.483934
151	 9	 9	 0	 434.503702	 -1	 0.000000	 7.070756
152	 9	 9	 1	 138.318945	 -1	 0.000000	 8.955303
153	 9	 9	 1	 152.929321	 -1	 0.000000	 9.490564
154	 9	 9	 1	 146.738023	 -1	 0.000000	 9.377833
155	 9	 9	 1	 127.758157	 -1	 0.000000	 9.242246
156	 9	 9	 1	 79.386454	 -1	 0.000000	 10.876807
157	 9	 9	 1	 118.893652	 -1	 0.000000	 9.173303
158	 9	 9	 1	 160.702128	 -1	 0.000000	 10.920475
159	 9	 9	 1	 166.167442	 -1	 0.000000	 12.929725
160	 9	 9	 1	 152.968931	 -1	 0.000000	 10.742020
2714	 9	 9	 0	 461.164524	 -1	 0.000000	 4.934044
161	 9	 9	 1	 122.224632	 -1	 0.000000	 10.022384
162	 9	 9	 1	 137.668588	 -1	 0.000000	 10.572827
163	 9	 9	 1	 152.406124	 -1	 0.000000	 12.454244
164	 9	 9	 0	 374.675275	 -1	 0.000000	 12.309076
165	 9	 9	 1	 141.241424	 -1	 0.000000	 12.378176
166	 9	 9	 1	 127.207418	 -1	 0.000000	 15.846273
167	 9	 9	 1	 141.105213	 -1	 0.000000	 14.633525
168	 9	 9	 0	 443.868591	 -1	 0.000000	 6.740225
169	 9	 9	 1	 154.522349	 -1	 0.000000	 8.165709
170	 9	 9	 1	 149.797127	 -1	 0.000000	 9.207491
171	 9	 9	 1	 157.260057	 -1	 0.000000	 9.298796
172	 9	 9	 1	 134.357501	 -1	 0.000000	 10.052764
173	 9	 9	 1	 142.598306	 -1	 0.000000	 7.072408
174	 9	 9	 1	 155.988242	 -1	 0.000000	 8.800646
175	 9	 9	 1	 200.973642	 -1	 0.000000	 7.769488
176	 9	 9	 1	 149.893071	 -1	 0.000000	 15.292579
177	 9	 9	 1	 137.214198	 -1	 0.000000	 9.931331
178	 9	 9	 1	 143.137377	 -1	 0.000000	 12.806663
179	 9	 9	 0	 384.905699	 -1	 0.000000	 6.263415
180	 9	 9	 1	 172.678323	 -1	 0.000000	 10.698335
181	 9	 9	 1	 156.637261	 -1	 0.000000	 8.726244
182	 9	 9	 0	 443.796270	 -1	 0.000000	 9.591001
183	 9	 9	 1	 165.682001	 -1	 0.000000	 9.981578
184	 9	 9	 1	 136.172607	 -1	 0.000000	 12.396571
185	 9	 9	 1	 146.365634	 -1	 0.000000	 11.340775
186	 9	 9	 1	 148.241451	 -1	 0.000000	 9.754104
187	 9	 9	 0	 433.268272	 -1	 0.000000	 10.029426
188	 9	 9	 1	 165.389136	 -1	 0.000000	 12.085810
189	 9	 9	 1	 232.625899	 -1	 0.000000	 7.775619
190	 9	 9	 1	 147.558940	 -1	 0.000000	 8.228081
191	 9	 9	 0	 390.153731	 -1	 0.000000	 8.135650
192	 9	 9	 1	 235.728944	 -1	 0.000000	 8.557281
193	 9	 9	 1	 134.205955	 -1	 0.000000	 15.699441
194	 9	 9	 1	 139.527572	 -1	 0.000000	 11.934136
195	 9	 9	 1	 160.535120	 -1	 0.000000	 10.242332
196	 9	 9	 0	 338.374482	 -1	 0.000000	 7.693791
197	 9	 9	 1	 127.377845	 -1	 0.000000	 13.489650
198	 9	 9	 1	 149.943022	 -1	 0.000000	 9.312387
199	 9	 9	 1	 139.263170	 -1	 0.000000	 14.548435
200	 9	 9	 0	 356.135434	 -1	 0.000000	 7.776363
201	 9	 9	 1	 146.872237	 -1	 0.000000	 11.115870
202	 9	 9	 0	 343.815717	 -1	 0.000000	 7.947236
203	 9	 9	 1	 155.820808	 -1	 0.000000	 11.023114
204	 9	 9	 1	 156.916772	 -1	 0.000000	 10.891086
205	 9	 9	 1	 142.495528	 -1	 0.000000	 11.452771
206	 9	 9	 1	 144.510139	 -1	 0.000000	 11.010387
207	 9	 9	 1	 144.108574	 -1	 0.000000	 7.476088
208	 9	 9	 0	 427.916495	 -1	 0.000000	 9.471267
209	 9	 9	 1	 142.557935	 -1	 0.000000	 12.085162
210	 9	 9	 1	 191.345245	 -1	 0.000000	 8.671218
211	 9	 9	 1	 152.056430	 -1	 0.000000	 11.381845
212	 9	 9	 1	 171.842170	 -1	 0.000000	 11.760882
213	 9	 9	 1	 134.418762	 -1	 0.000000	 9.947427
214	 9	 9	 1	 140.164898	 -1	 0.000000	 7.694528
215	 9	 9	 1	 200.397784	 -1	 0.000000	 11.632568
216	 9	 9	 0	 426.558823	 -1	 0.000000	 8.481434
217	 9	 9	 1	 129.483917	 -1	 0.000000	 8.256436
218	 9	 9	 1	 117.347513	 -1	 0.000000	 9.034817
219	 9	 9	 1	 177.546971	 -1	 0.000000	 8.174464
220	 9	 9	 1	 149.372199	 -1	 0.000000	 10.846477
221	 9	 9	 1	 131.648221	 -1	 0.000000	 11.924274
222	 9	 9	 1	 133.160032	 -1	 0.000000	 9.371931
223	 9	 9	 1	 139.878001	 -1	 0.000000	 11.189894
224	 9	 9	 1	 109.773460	 -1	 0.000000	 13.362803
225	 9	 9	 1	 231.713368	 -1	 0.000000	 8.344496
226	 9	 9	 1	 141.059087	 -1	 0.000000	 16.376730
227	 9	 9	 1	 141.716650	 -1	 0.000000	 12.105217
228	 9	 9	 1	 147.101885	 -1	 0.000000	 10.293649
229	 9	 9	 1	 159.950134	 -1	 0.000000	 9.667244
230	 9	 9	 1	 190.309861	 -1	 0.000000	 14.352726
231	 9	 9	 1	 148.378546	 -1	 0.000000	 11.969048
232	 9	 9	 1	 147.867261	 -1	 0.000000	 14.879539
233	 9	 9	 0	 438.806432	 -1	 0.000000	 9.087859
234	 9	 9	 1	 196.475782	 -1	 0.000000	 9.547506
235	 9	 9	 1	 150.479075	 -1	 0.000000	 8.510761
236	 9	 9	 1	 151.436639	 -1	 0.000000	 8.607522
237	 9	 9	 0	 406.244629	 -1	 0.000000	 8.165643
238	 9	 9	 1	 132.724588	 -1	 0.000000	 12.672632
239	 9	 9	 1	 151.523778	 -1	 0.000000	 8.878891
240	 9	 9	 0	 429.243284	 -1	 0.000000	 6.267094
241	 9	 9	 1	 182.246488	 -1	 0.000000	 8.573611
242	 9	 9	 1	 151.181104	 -1	 0.000000	 8.701390
243	 9	 9	 1	 152.922799	 -1	 0.000000	 10.025072
244	 9	 9	 1	 146.588352	 -1	 0.000000	 10.587944
245	 9	 9	 0	 362.881040	 -1	 0.000000	 7.853967
246	 9	 9	 0	 464.749769	 -1	 0.000000	 7.021843
247	 9	 9	 1	 150.203591	 -1	 0.000000	 8.365870
248	 9	 9	 1	 115.002342	 -1	 0.000000	 7.784416
249	 9	 9	 1	 142.848009	 -1	 0.000000	 11.982241
250	 9	 9	 1	 137.152859	 -1	 0.000000	 9.534749
251	 9	 9	 1	 155.815408	 -1	 0.000000	 11.488654
253	 9	 9	 0	 377.902813	 -1	 0.000000	 7.058894
254	 9	 9	 1	 147.115437	 -1	 0.000000	 9.401192
255	 9	 9	 1	 130.678998	 -1	 0.000000	 8.246922
256	 9	 9	 1	 196.809050	 -1	 0.000000	 9.336815
257	 9	 9	 1	 141.481300	 -1	 0.000000	 9.822218
258	 9	 9	 0	 448.323916	 -1	 0.000000	 7.619045
259	 9	 9	 1	 141.550100	 -1	 0.000000	 8.056445
260	 9	 9	 1	 113.064523	 -1	 0.000000	 10.228490
261	 9	 9	 1	 156.928144	 -1	 0.000000	 10.403119
262	 9	 9	 1	 145.740359	 -1	 0.000000	 10.790623
263	 9	 9	 1	 143.117845	 -1	 0.000000	 9.668442
264	 9	 9	 1	 112.199678	 -1	 0.000000	 12.051267
266	 9	 9	 1	 133.617944	 -1	 0.000000	 8.631976
267	 9	 9	 1	 356.770197	 -1	 0.000000	 7.240220
269	 9	 9	 1	 148.314586	 -1	 0.000000	 9.557986
270	 9	 9	 1	 148.120911	 -1	 0.000000	 9.601727
271	 9	 9	 0	 433.448256	 -1	 0.000000	 8.459286
272	 9	 9	 0	 411.990556	 -1	 0.000000	 8.238972
273	 9	 9	 1	 164.148289	 -1	 0.000000	 8.476960
274	 9	 9	 0	 360.213336	 -1	 0.000000	 7.098519
275	 9	 9	 0	 406.922197	 -1	 0.000000	 6.467844
276	 9	 9	 1	 144.949565	 -1	 0.000000	 18.034409
277	 9	 9	 1	 166.475609	 -1	 0.000000	 11.247347
278	 9	 9	 1	 144.682651	 -1	 0.000000	 9.249285
>>> gr_fir_ccf: using E
>>> gr_fir_fff: using E
gr_buffer::allocate_buffer: warning: tried to allocate
   30 items of size 2160. Due to alignment requirements
   256 were allocated.  If this isn't OK, consider padding
   your structure to a power-of-two bytes.
   On this platform, our allocation granularity is 4096 bytes.
80	 9	 9	 1	 160.628052	 -1	 0.000000	 12.635388
81	 9	 9	 0	 433.190733	 -1	 0.000000	 9.412120
82	 9	 9	 0	 417.379892	 -1	 0.000000	 7.232436
83	 9	 9	 1	 156.538955	 -1	 0.000000	 7.618840
84	 9	 9	 1	 154.680415	 -1	 0.000000	 11.035685
86	 9	 9	 1	 171.442352	 -1	 0.000000	 10.873205
87	 9	 9	 1	 142.959368	 -1	 0.000000	 8.454350
88	 9	 9	 1	 135.809101	 -1	 0.000000	 12.631660
89	 9	 9	 1	 108.239503	 -1	 0.000000	 8.647425
90	 9	 9	 0	 412.735832	 -1	 0.000000	 7.033333
91	 9	 9	 1	 192.740578	 -1	 0.000000	 8.808252
92	 9	 9	 1	 134.899506	 -1	 0.000000	 9.869850
93	 9	 9	 1	 140.009415	 -1	 0.000000	 9.002979
94	 9	 9	 0	 445.576224	 -1	 0.000000	 7.715658
95	 9	 9	 1	 143.010515	 -1	 0.000000	 13.193952
96	 9	 9	 1	 296.987033	 -1	 0.000000	 7.312011
97	 9	 9	 0	 287.750238	 -1	 0.000000	 6.913507
98	 9	 9	 1	 154.527584	 -1	 0.000000	 16.078835
99	 9	 9	 1	 136.718837	 -1	 0.000000	 13.357172
100	 9	 9	 1	 120.495362	 -1	 0.000000	 6.643794
101	 9	 9	 1	 168.492737	 -1	 0.000000	 13.117494
102	 9	 9	 1	 152.784328	 -1	 0.000000	 11.150949
103	 9	 9	 0	 404.216670	 -1	 0.000000	 8.068892
104	 9	 9	 1	 139.788147	 -1	 0.000000	 11.201734
105	 9	 9	 1	 131.990770	 -1	 0.000000	 11.406265
106	 9	 9	 1	 157.394538	 -1	 0.000000	 11.701923
107	 9	 9	 1	 55.430765	 -1	 0.000000	 10.465067
108	 9	 9	 1	 133.705706	 -1	 0.000000	 8.557509
109	 9	 9	 1	 165.164572	 -1	 0.000000	 10.770518
110	 9	 9	 1	 140.510724	 -1	 0.000000	 8.808064
111	 9	 9	 1	 68.432476	 -1	 0.000000	 8.268756
112	 9	 9	 1	 132.105501	 -1	 0.000000	 9.581825
113	 9	 9	 1	 156.775479	 -1	 0.000000	 10.719425
114	 9	 9	 1	 164.554792	 -1	 0.000000	 11.000126
115	 9	 9	 0	 435.387189	 -1	 0.000000	 7.263955
116	 9	 9	 1	 156.397001	 -1	 0.000000	 10.405776
117	 9	 9	 1	 85.121319	 -1	 0.000000	 12.351871
118	 9	 9	 1	 162.488056	 -1	 0.000000	 9.506044
119	 9	 9	 1	 145.459637	 -1	 0.000000	 9.409007
120	 9	 9	 0	 409.794013	 -1	 0.000000	 6.724285
121	 9	 9	 1	 156.930059	 -1	 0.000000	 12.491360
122	 9	 9	 1	 61.319509	 -1	 0.000000	 9.518270
123	 9	 9	 1	 159.923347	 -1	 0.000000	 9.575306
124	 9	 9	 1	 138.194343	 -1	 0.000000	 9.994902
125	 9	 9	 1	 223.203077	 -1	 0.000000	 8.821861
126	 9	 9	 1	 161.643747	 -1	 0.000000	 13.293248
127	 9	 9	 0	 427.328972	 -1	 0.000000	 7.486652
128	 9	 9	 1	 134.428342	 -1	 0.000000	 10.452271
129	 9	 9	 1	 160.763520	 -1	 0.000000	 11.585689
130	 9	 9	 1	 155.653605	 -1	 0.000000	 8.829854
131	 9	 9	 1	 142.301972	 -1	 0.000000	 12.359892
132	 9	 9	 1	 157.034368	 -1	 0.000000	 11.948234
133	 9	 9	 1	 145.003491	 -1	 0.000000	 14.539261
134	 9	 9	 1	 155.503324	 -1	 0.000000	 11.420529
135	 9	 9	 0	 301.183300	 -1	 0.000000	 6.619170
136	 9	 9	 0	 420.116995	 -1	 0.000000	 7.601613
137	 9	 9	 1	 146.810640	 -1	 0.000000	 8.873594
138	 9	 9	 1	 150.826844	 -1	 0.000000	 9.558348
139	 9	 9	 1	 137.678534	 -1	 0.000000	 8.556402
140	 9	 9	 0	 440.128820	 -1	 0.000000	 10.080860
141	 9	 9	 1	 238.415538	 -1	 0.000000	 8.422510
142	 9	 9	 1	 155.908206	 -1	 0.000000	 9.031714
143	 9	 9	 1	 136.617200	 -1	 0.000000	 10.860885
144	 9	 9	 1	 139.584173	 -1	 0.000000	 14.395635
145	 9	 9	 1	 215.140332	 -1	 0.000000	 7.753438
146	 9	 9	 1	 69.837955	 -1	 0.000000	 6.872825
147	 9	 9	 1	 165.606490	 -1	 0.000000	 8.499226
148	 9	 9	 0	 415.400945	 -1	 0.000000	 8.599218
149	 9	 9	 1	 149.031293	 -1	 0.000000	 10.516085
150	 9	 9	 1	 133.257501	 -1	 0.000000	 11.981519
151	 9	 9	 1	 149.602874	 -1	 0.000000	 7.848423
152	 9	 9	 1	 154.460554	 -1	 0.000000	 10.880850
153	 9	 9	 1	 160.792280	 -1	 0.000000	 9.529943
154	 9	 9	 1	 153.017480	 -1	 0.000000	 7.808007
155	 9	 9	 1	 153.026781	 -1	 0.000000	 12.879840
156	 9	 9	 1	 130.447947	 -1	 0.000000	 19.558563
157	 9	 9	 1	 146.951084	 -1	 0.000000	 13.486677
158	 9	 9	 1	 216.280282	 -1	 0.000000	 7.608048
159	 9	 9	 1	 175.657805	 -1	 0.000000	 8.790796
160	 9	 9	 1	 148.169894	 -1	 0.000000	 13.482666
161	 9	 9	 0	 389.601258	 -1	 0.000000	 7.807300
162	 9	 9	 1	 138.703355	 -1	 0.000000	 7.099630
163	 9	 9	 0	 439.619912	 -1	 0.000000	 6.908659
164	 9	 9	 1	 161.003283	 -1	 0.000000	 8.723002
165	 9	 9	 1	 141.702468	 -1	 0.000000	 11.430299
166	 9	 9	 1	 121.599043	 -1	 0.000000	 9.715000
167	 9	 9	 1	 151.316680	 -1	 0.000000	 17.207285
168	 9	 9	 1	 146.717208	 -1	 0.000000	 9.596506
169	 9	 9	 1	 153.956748	 -1	 0.000000	 13.681039
170	 9	 9	 1	 162.912016	 -1	 0.000000	 10.219394
171	 9	 9	 1	 168.941962	 -1	 0.000000	 9.489870
172	 9	 9	 1	 143.614355	 -1	 0.000000	 8.088666
173	 9	 9	 0	 379.288042	 -1	 0.000000	 6.762879
174	 9	 9	 1	 144.615784	 -1	 0.000000	 10.475831
175	 9	 9	 1	 136.776106	 -1	 0.000000	 10.642990
176	 9	 9	 1	 160.604792	 -1	 0.000000	 14.463186
177	 9	 9	 1	 166.101164	 -1	 0.000000	 11.698244
178	 9	 9	 0	 483.772612	 -1	 0.000000	 9.289492
179	 9	 9	 1	 145.074823	 -1	 0.000000	 11.935546
181	 9	 9	 1	 155.872875	 -1	 0.000000	 10.926723
1975	 5	 5	 1	 321.241305	 -1	 0.000000	 7.152168
182	 9	 9	 0	 383.356691	 -1	 0.000000	 8.777732
183	 9	 9	 1	 177.209534	 -1	 0.000000	 9.654850
184	 9	 9	 1	 163.774735	 -1	 0.000000	 10.518465
185	 9	 9	 1	 79.795513	 -1	 0.000000	 8.266182
186	 9	 9	 1	 142.254237	 -1	 0.000000	 10.148758
187	 9	 9	 1	 163.511400	 -1	 0.000000	 12.241158
188	 9	 9	 1	 176.198570	 -1	 0.000000	 8.578376
189	 9	 9	 1	 178.651043	 -1	 0.000000	 10.876580
190	 9	 9	 1	 181.780523	 -1	 0.000000	 9.749927
191	 9	 9	 1	 126.459973	 -1	 0.000000	 16.726759
192	 9	 9	 1	 146.448218	 -1	 0.000000	 8.777094
193	 9	 9	 1	 206.516427	 -1	 0.000000	 11.505256
194	 9	 9	 1	 127.901535	 -1	 0.000000	 8.644691
195	 9	 9	 1	 164.006711	 -1	 0.000000	 9.415283
196	 9	 9	 1	 137.202094	 -1	 0.000000	 11.173777
197	 9	 9	 0	 342.912260	 -1	 0.000000	 10.723381
198	 9	 9	 1	 108.516571	 -1	 0.000000	 11.054043
199	 9	 9	 1	 133.404874	 -1	 0.000000	 8.559711
200	 9	 9	 1	 73.383916	 -1	 0.000000	 9.542864
201	 9	 9	 1	 65.689205	 -1	 0.000000	 10.815516
202	 9	 9	 1	 131.429578	 -1	 0.000000	 11.788107
203	 9	 9	 0	 427.494471	 -1	 0.000000	 6.966140
204	 9	 9	 0	 422.226035	 -1	 0.000000	 10.346852
205	 9	 9	 1	 198.204558	 -1	 0.000000	 11.431486
206	 9	 9	 1	 143.803288	 -1	 0.000000	 10.375819
207	 9	 9	 1	 147.624008	 -1	 0.000000	 11.419374
208	 9	 9	 1	 128.909401	 -1	 0.000000	 11.603418
209	 9	 9	 1	 127.700116	 -1	 0.000000	 33.369461
210	 9	 9	 1	 149.801259	 -1	 0.000000	 8.786684
211	 9	 9	 1	 124.015028	 -1	 0.000000	 9.130768
212	 9	 9	 1	 173.184165	 -1	 0.000000	 8.992509
213	 9	 9	 0	 428.975855	 -1	 0.000000	 9.180058
214	 9	 9	 1	 144.987535	 -1	 0.000000	 17.926971
215	 9	 9	 1	 146.007626	 -1	 0.000000	 9.185748
216	 9	 9	 1	 167.761184	 -1	 0.000000	 9.417730
217	 9	 9	 1	 152.355896	 -1	 0.000000	 9.477468
218	 9	 9	 1	 149.060413	 -1	 0.000000	 11.826870
219	 9	 9	 1	 162.775953	 -1	 0.000000	 10.622418
260	 9	 9	 1	 154.722118	 -1	 0.000000	 10.693201
261	 9	 9	 1	 148.871923	 -1	 0.000000	 12.043487
262	 9	 9	 1	 149.925439	 -1	 0.000000	 8.138372
263	 9	 9	 1	 156.604964	 -1	 0.000000	 6.903165
264	 9	 9	 1	 134.001740	 -1	 0.000000	 8.769834
265	 9	 9	 1	 97.348121	 -1	 0.000000	 7.900965
266	 9	 9	 0	 383.517973	 -1	 0.000000	 11.795437
267	 9	 9	 1	 131.322051	 -1	 0.000000	 16.488266
268	 9	 9	 1	 164.367256	 -1	 0.000000	 9.141759
269	 9	 9	 1	 138.916645	 -1	 0.000000	 10.835410
270	 9	 9	 1	 147.374081	 -1	 0.000000	 8.767727
271	 9	 9	 1	 161.261915	 -1	 0.000000	 7.831640
272	 9	 9	 1	 129.644356	 -1	 0.000000	 12.547233
273	 9	 9	 1	 159.718597	 -1	 0.000000	 9.827890
274	 9	 9	 1	 148.266939	 -1	 0.000000	 10.027766
275	 9	 9	 1	 164.917834	 -1	 0.000000	 9.197989
276	 9	 9	 1	 141.268045	 -1	 0.000000	 7.769990
277	 9	 9	 0	 407.903033	 -1	 0.000000	 7.223760
278	 9	 9	 0	 359.091900	 -1	 0.000000	 11.243876
279	 9	 9	 1	 132.285661	 -1	 0.000000	 11.961788
300	 9	 9	 1	 63.982108	 -1	 0.000000	 11.603325
301	 9	 9	 1	 147.342735	 -1	 0.000000	 10.571547
302	 9	 9	 1	 54.247517	 -1	 0.000000	 9.052661
303	 9	 9	 1	 167.287068	 -1	 0.000000	 8.871673
304	 9	 9	 1	 158.503167	 -1	 0.000000	 7.273445
305	 9	 9	 0	 344.554750	 -1	 0.000000	 7.743193
306	 9	 9	 0	 424.967912	 -1	 0.000000	 11.825309
307	 9	 9	 1	 161.486370	 -1	 0.000000	 9.300097
308	 9	 9	 1	 204.110253	 -1	 0.000000	 14.488331
309	 9	 9	 1	 136.375191	 -1	 0.000000	 12.250098
310	 9	 9	 1	 76.320055	 -1	 0.000000	 11.297513
311	 9	 9	 1	 100.875867	 -1	 0.000000	 8.351025
312	 9	 9	 1	 167.332369	 -1	 0.000000	 10.697432
313	 9	 9	 1	 138.753976	 -1	 0.000000	 8.583575
314	 9	 9	 1	 142.542441	 -1	 0.000000	 10.116655
315	 9	 9	 1	 160.258421	 -1	 0.000000	 9.629546
316	 9	 9	 1	 137.800888	 -1	 0.000000	 10.096064
317	 9	 9	 1	 144.230634	 -1	 0.000000	 9.934654
318	 9	 9	 1	 152.876346	 -1	 0.000000	 11.579110
319	 9	 9	 1	 130.355117	 -1	 0.000000	 9.616854
321	 9	 9	 1	 146.139225	 -1	 0.000000	 9.174818
322	 9	 9	 1	 173.567678	 -1	 0.000000	 7.878798
323	 9	 9	 0	 412.282680	 -1	 0.000000	 8.687877
324	 9	 9	 1	 160.166481	 -1	 0.000000	 9.843391
356	 9	 9	 1	 144.368280	 -1	 0.000000	 9.074713
357	 9	 9	 1	 165.208059	 -1	 0.000000	 9.533945
358	 9	 9	 1	 148.659983	 -1	 0.000000	 12.637597
359	 9	 9	 1	 133.451061	 -1	 0.000000	 11.334179
360	 9	 9	 1	 182.531275	 -1	 0.000000	 7.557301
361	 9	 9	 0	 401.307653	 -1	 0.000000	 13.895333
362	 9	 9	 1	 178.744948	 -1	 0.000000	 7.675608
363	 9	 9	 1	 269.768926	 -1	 0.000000	 10.428135
364	 9	 9	 1	 148.593967	 -1	 0.000000	 11.024446
365	 9	 9	 1	 158.920278	 -1	 0.000000	 10.006905
366	 9	 9	 1	 155.771886	 -1	 0.000000	 11.902505
367	 9	 9	 1	 132.677992	 -1	 0.000000	 7.128865
368	 9	 9	 0	 438.524201	 -1	 0.000000	 10.084824
369	 9	 9	 1	 66.256779	 -1	 0.000000	 10.377302
370	 9	 9	 1	 157.125425	 -1	 0.000000	 8.593734
371	 9	 9	 0	 443.766132	 -1	 0.000000	 8.535708
372	 9	 9	 1	 117.402730	 -1	 0.000000	 14.329926
373	 9	 9	 1	 137.472620	 -1	 0.000000	 9.233566
374	 9	 9	 1	 164.981630	 -1	 0.000000	 10.105262
375	 9	 9	 1	 128.055617	 -1	 0.000000	 11.505492
376	 9	 9	 1	 79.469137	 -1	 0.000000	 9.947151
377	 9	 9	 1	 152.873487	 -1	 0.000000	 9.151361
378	 9	 9	 0	 429.901549	 -1	 0.000000	 13.593370
379	 9	 9	 1	 148.432887	 -1	 0.000000	 11.226884
400	 9	 9	 1	 62.864061	 -1	 0.000000	 7.621798
401	 9	 9	 0	 429.194135	 -1	 0.000000	 12.122045
402	 9	 9	 1	 172.388726	 -1	 0.000000	 15.044616
403	 9	 9	 1	 141.897568	 -1	 0.000000	 11.008512
404	 9	 9	 1	 67.499193	 -1	 0.000000	 7.581013
405	 9	 9	 1	 134.213482	 -1	 0.000000	 10.759409
406	 9	 9	 1	 168.498146	 -1	 0.000000	 9.644671
407	 9	 9	 1	 124.901488	 -1	 0.000000	 19.111042
408	 9	 9	 1	 146.280657	 -1	 0.000000	 10.487876
409	 9	 9	 1	 140.345033	 -1	 0.000000	 9.529989
410	 9	 9	 1	 157.271207	 -1	 0.000000	 7.327703
411	 9	 9	 0	 439.356247	 -1	 0.000000	 12.042456
412	 9	 9	 1	 140.003165	 -1	 0.000000	 14.631712
413	 9	 9	 1	 176.018379	 -1	 0.000000	 9.749267
414	 9	 9	 1	 136.247523	 -1	 0.000000	 10.975967
2516	 9	 9	 1	 341.451804	 -1	 0.000000	 7.313680
415	 9	 9	 0	 454.605081	 -1	 0.000000	 7.526444
416	 9	 9	 0	 388.564288	 -1	 0.000000	 10.667937
417	 9	 9	 1	 99.898044	 -1	 0.000000	 14.609945
418	 9	 9	 1	 133.104044	 -1	 0.000000	 8.497261
419	 9	 9	 1	 132.777951	 -1	 0.000000	 8.481637
420	 9	 9	 1	 179.009937	 -1	 0.000000	 15.410803
421	 9	 9	 1	 145.323413	 -1	 0.000000	 6.943927
422	 9	 9	 0	 448.052223	 -1	 0.000000	 8.446674
423	 9	 9	 1	 137.182057	 -1	 0.000000	 8.635025
424	 9	 9	 1	 136.731704	 -1	 0.000000	 12.876952
425	 9	 9	 0	 484.825685	 -1	 0.000000	 11.478901
426	 9	 9	 1	 144.066882	 -1	 0.000000	 6.794795
427	 9	 9	 0	 438.566512	 -1	 0.000000	 7.812999
80	 11	 11	 1	 89.814188	 -1	 0.000000	 11.023391
81	 11	 11	 1	 63.285779	 -1	 0.000000	 9.254903
82	 11	 11	 1	 39.741843	 -1	 0.000000	 10.557555
83	 11	 11	 1	 61.455320	 -1	 0.000000	 11.283103
84	 11	 11	 1	 80.425164	 -1	 0.000000	 10.786834
85	 11	 11	 1	 115.261738	 -1	 0.000000	 8.717768
86	 11	 11	 1	 55.884606	 -1	 0.000000	 14.842381
88	 11	 11	 1	 65.943603	 -1	 0.000000	 14.527610
89	 11	 11	 1	 106.004897	 -1	 0.000000	 7.752772
90	 11	 11	 1	 39.395985	 -1	 0.000000	 8.338959
91	 11	 11	 1	 49.284679	 -1	 0.000000	 10.387801
92	 11	 11	 1	 102.506693	 -1	 0.000000	 7.157983
93	 11	 11	 1	 96.827151	 -1	 0.000000	 11.441333
94	 11	 11	 1	 80.752553	 -1	 0.000000	 19.773428
>>> gr_fir_ccf: using E
>>> gr_fir_fff: using E
gr_buffer::allocate_buffer: warning: tried to allocate
   30 items of size 2160. Due to alignment requirements
   256 were allocated.  If this isn't OK, consider padding
   your structure to a power-of-two bytes.
   On this platform, our allocation granularity is 4096 bytes.
80	 11	 11	 1	 90.037354	 -1	 0.000000	 9.365665
81	 11	 11	 1	 59.700912	 -1	 0.000000	 10.538842
82	 11	 11	 1	 81.448880	 -1	 0.000000	 12.503443
83	 11	 11	 1	 59.887604	 -1	 0.000000	 9.322349
84	 11	 11	 1	 35.683704	 -1	 0.000000	 13.001266
85	 11	 11	 1	 58.571002	 -1	 0.000000	 9.639034
86	 11	 11	 1	 83.637525	 -1	 0.000000	 14.057529
87	 11	 11	 1	 116.343320	 -1	 0.000000	 14.231567
88	 11	 11	 1	 55.710652	 -1	 0.000000	 8.245200
89	 11	 11	 1	 110.699558	 -1	 0.000000	 10.737424
90	 11	 11	 1	 55.023747	 -1	 0.000000	 15.100533
91	 11	 11	 1	 110.857893	 -1	 0.000000	 8.152650
92	 11	 11	 1	 76.837637	 -1	 0.000000	 10.882453
93	 11	 11	 1	 66.223189	 -1	 0.000000	 9.572944
94	 11	 11	 1	 111.063791	 -1	 0.000000	 11.087658
95	 11	 11	 1	 82.690814	 -1	 0.000000	 9.428092
96	 11	 11	 1	 96.078828	 -1	 0.000000	 10.044813
97	 11	 11	 1	 76.972774	 -1	 0.000000	 13.870318
98	 11	 11	 1	 95.068052	 -1	 0.000000	 11.906923
99	 11	 11	 1	 72.111032	 -1	 0.000000	 10.380656
100	 11	 11	 1	 83.641861	 -1	 0.000000	 8.138282
101	 11	 11	 1	 121.983720	 -1	 0.000000	 8.065135
102	 11	 11	 1	 81.643626	 -1	 0.000000	 8.525534
2641	 11	 11	 0	 461.897227	 -1	 0.000000	 9.246384
103	 11	 11	 1	 43.798274	 -1	 0.000000	 8.494059
104	 11	 11	 1	 72.694776	 -1	 0.000000	 9.529946
105	 11	 11	 1	 48.641911	 -1	 0.000000	 10.509819
106	 11	 11	 1	 102.162338	 -1	 0.000000	 8.545266
107	 11	 11	 1	 52.856231	 -1	 0.000000	 8.689248
109	 11	 11	 1	 72.409821	 -1	 0.000000	 12.490316
110	 11	 11	 1	 24.090327	 -1	 0.000000	 15.161947
111	 11	 11	 1	 51.251390	 -1	 0.000000	 8.812119
112	 11	 11	 1	 64.357223	 -1	 0.000000	 9.011129
113	 11	 11	 1	 108.528199	 -1	 0.000000	 11.165545
114	 11	 11	 1	 98.860490	 -1	 0.000000	 15.670811
115	 11	 11	 1	 55.397045	 -1	 0.000000	 10.793265
116	 11	 11	 1	 96.885842	 -1	 0.000000	 12.013304
117	 11	 11	 1	 69.934680	 -1	 0.000000	 14.480214
118	 11	 11	 1	 105.126551	 -1	 0.000000	 11.044945
119	 11	 11	 1	 62.741616	 -1	 0.000000	 7.046848
120	 11	 11	 1	 112.141120	 -1	 0.000000	 8.538577
121	 11	 11	 1	 85.568408	 -1	 0.000000	 9.908941
123	 11	 11	 1	 84.448234	 -1	 0.000000	 12.571699
124	 11	 11	 1	 103.105663	 -1	 0.000000	 7.788089
125	 11	 11	 1	 108.419458	 -1	 0.000000	 8.852397
126	 11	 11	 1	 98.839526	 -1	 0.000000	 12.972973
127	 11	 11	 1	 66.156426	 -1	 0.000000	 9.081628
128	 11	 11	 1	 93.564427	 -1	 0.000000	 11.892448
129	 11	 11	 1	 83.017352	 -1	 0.000000	 10.649255
130	 11	 11	 1	 125.456110	 -1	 0.000000	 8.371793
131	 11	 11	 1	 65.405103	 -1	 0.000000	 13.830784
132	 11	 11	 1	 65.320032	 -1	 0.000000	 8.778346
133	 11	 11	 1	 130.284023	 -1	 0.000000	 10.008649
134	 11	 11	 1	 73.502637	 -1	 0.000000	 7.962171
135	 11	 11	 1	 36.776258	 -1	 0.000000	 10.178414
137	 11	 11	 1	 95.976538	 -1	 0.000000	 10.135366
138	 11	 11	 1	 57.986710	 -1	 0.000000	 8.874397
139	 11	 11	 1	 33.939779	 -1	 0.000000	 10.523551
140	 11	 11	 1	 85.756233	 -1	 0.000000	 13.824492
141	 11	 11	 1	 92.279505	 -1	 0.000000	 8.554664
142	 11	 11	 1	 69.057865	 -1	 0.000000	 24.407179
143	 11	 11	 1	 85.561016	 -1	 0.000000	 7.409431
144	 11	 11	 1	 74.763398	 -1	 0.000000	 8.136839
145	 11	 11	 1	 78.756677	 -1	 0.000000	 8.751905
146	 11	 11	 1	 68.474255	 -1	 0.000000	 13.439474
147	 11	 11	 1	 47.460152	 -1	 0.000000	 14.046073
148	 11	 11	 1	 43.879854	 -1	 0.000000	 10.330863
149	 11	 11	 1	 49.747968	 -1	 0.000000	 11.249152
150	 11	 11	 1	 63.426732	 -1	 0.000000	 11.593900
151	 11	 11	 1	 97.639674	 -1	 0.000000	 9.462469
152	 11	 11	 1	 69.899785	 -1	 0.000000	 9.865350
153	 11	 11	 1	 89.974283	 -1	 0.000000	 10.448649
154	 11	 11	 1	 40.930210	 -1	 0.000000	 9.126995
156	 11	 11	 1	 63.404584	 -1	 0.000000	 9.663277
157	 11	 11	 1	 102.010459	 -1	 0.000000	 10.918946
158	 11	 11	 1	 87.454303	 -1	 0.000000	 8.205832
159	 11	 11	 1	 100.363371	 -1	 0.000000	 8.134671
160	 11	 11	 1	 87.767684	 -1	 0.000000	 12.028076
161	 11	 11	 1	 130.817567	 -1	 0.000000	 13.098960
162	 11	 11	 1	 94.686749	 -1	 0.000000	 10.212856
163	 11	 11	 1	 60.257396	 -1	 0.000000	 15.417715
164	 11	 11	 1	 76.896254	 -1	 0.000000	 11.435696
165	 11	 11	 1	 82.552274	 -1	 0.000000	 11.990204
166	 11	 11	 1	 236.673841	 -1	 0.000000	 9.384585
167	 11	 11	 1	 92.106844	 -1	 0.000000	 8.218078
168	 11	 11	 1	 96.449849	 -1	 0.000000	 7.701332
169	 11	 11	 1	 60.767365	 -1	 0.000000	 10.032112
170	 11	 11	 1	 92.669452	 -1	 0.000000	 10.295507
171	 11	 11	 1	 70.402249	 -1	 0.000000	 8.985504
172	 11	 11	 1	 111.902424	 -1	 0.000000	 9.758566
173	 11	 11	 1	 47.084404	 -1	 0.000000	 13.004917
174	 11	 11	 1	 50.365724	 -1	 0.000000	 15.447825
175	 11	 11	 1	 38.758030	 -1	 0.000000	 11.210090
176	 11	 11	 1	 99.475409	 -1	 0.000000	 9.017646
177	 11	 11	 1	 116.144678	 -1	 0.000000	 10.782078
178	 11	 11	 1	 60.539700	 -1	 0.000000	 10.011088
179	 11	 11	 1	 37.598443	 -1	 0.000000	 11.120834
180	 11	 11	 1	 71.860725	 -1	 0.000000	 9.373506
181	 11	 11	 1	 55.134033	 -1	 0.000000	 10.880599
182	 11	 11	 1	 111.856315	 -1	 0.000000	 8.759681
183	 11	 11	 1	 62.352760	 -1	 0.000000	 8.967773
184	 11	 11	 1	 58.289605	 -1	 0.000000	 10.149840
185	 11	 11	 1	 92.690418	 -1	 0.000000	 11.115191
186	 11	 11	 1	 95.078698	 -1	 0.000000	 11.837039
187	 11	 11	 1	 65.172499	 -1	 0.000000	 17.992552
188	 11	 11	 1	 64.191508	 -1	 0.000000	 8.661776
189	 11	 11	 1	 110.017489	 -1	 0.000000	 8.009990
190	 11	 11	 1	 81.861765	 -1	 0.000000	 14.738484
191	 11	 11	 1	 104.924491	 -1	 0.000000	 15.277907
192	 11	 11	 1	 84.897430	 -1	 0.000000	 15.926364
193	 11	 11	 1	 68.756333	 -1	 0.000000	 8.888666
194	 11	 11	 1	 37.884568	 -1	 0.000000	 12.081528
196	 11	 11	 1	 48.473579	 -1	 0.000000	 9.715821
197	 11	 11	 1	 65.055483	 -1	 0.000000	 8.558164
198	 11	 11	 1	 88.231273	 -1	 0.000000	 13.149616
199	 11	 11	 1	 72.952859	 -1	 0.000000	 8.503117
200	 11	 11	 1	 118.781973	 -1	 0.000000	 9.694415
201	 11	 11	 1	 72.936539	 -1	 0.000000	 9.268933
202	 11	 11	 1	 40.025453	 -1	 0.000000	 11.178482
203	 11	 11	 1	 56.743470	 -1	 0.000000	 9.143995
204	 11	 11	 1	 98.439822	 -1	 0.000000	 8.973373
206	 11	 11	 1	 66.195548	 -1	 0.000000	 12.110300
207	 11	 11	 1	 83.812130	 -1	 0.000000	 8.848174
208	 11	 11	 1	 137.773643	 -1	 0.000000	 12.940582
209	 11	 11	 1	 42.906123	 -1	 0.000000	 8.645204
210	 11	 11	 1	 142.295730	 -1	 0.000000	 9.270302
211	 11	 11	 1	 84.977451	 -1	 0.000000	 8.344316
212	 11	 11	 1	 79.948243	 -1	 0.000000	 9.220306
213	 11	 11	 1	 69.471702	 -1	 0.000000	 12.089687
214	 11	 11	 1	 79.177827	 -1	 0.000000	 9.944235
215	 11	 11	 1	 47.518269	 -1	 0.000000	 8.896387
216	 11	 11	 1	 66.697663	 -1	 0.000000	 12.459399
217	 11	 11	 1	 56.423538	 -1	 0.000000	 10.224147
218	 11	 11	 1	 42.751962	 -1	 0.000000	 12.239577
219	 11	 11	 1	 97.532446	 -1	 0.000000	 11.782657
220	 11	 11	 0	 115.661926	 -1	 0.000000	 9.379892
221	 11	 11	 1	 53.928810	 -1	 0.000000	 10.679808
222	 11	 11	 1	 83.310266	 -1	 0.000000	 8.896374
223	 11	 11	 1	 43.370933	 -1	 0.000000	 16.308714
224	 11	 11	 1	 127.626171	 -1	 0.000000	 7.905091
225	 11	 11	 1	 39.875009	 -1	 0.000000	 8.941360
226	 11	 11	 1	 46.622482	 -1	 0.000000	 11.357601
227	 11	 11	 1	 84.217546	 -1	 0.000000	 9.488664
228	 11	 11	 1	 82.980070	 -1	 0.000000	 9.944545
229	 11	 11	 1	 119.977649	 -1	 0.000000	 10.174147
230	 11	 11	 1	 63.917220	 -1	 0.000000	 11.557590
231	 11	 11	 1	 84.468839	 -1	 0.000000	 18.495163
232	 11	 11	 1	 89.412296	 -1	 0.000000	 11.338633
233	 11	 11	 1	 90.203327	 -1	 0.000000	 10.851107
234	 11	 11	 1	 50.422897	 -1	 0.000000	 15.341173
235	 11	 11	 1	 90.794113	 -1	 0.000000	 9.529103
236	 11	 11	 1	 38.023185	 -1	 0.000000	 9.321341
237	 11	 11	 1	 120.641815	 -1	 0.000000	 9.087201
238	 11	 11	 1	 66.043966	 -1	 0.000000	 12.420082
239	 11	 11	 1	 81.868119	 -1	 0.000000	 7.847597
240	 11	 11	 1	 66.518227	 -1	 0.000000	 14.796185
241	 11	 11	 1	 45.287155	 -1	 0.000000	 8.994153
242	 11	 11	 1	 81.591117	 -1	 0.000000	 14.243164
243	 11	 11	 1	 118.859377	 -1	 0.000000	 9.611676
244	 11	 11	 1	 47.201640	 -1	 0.000000	 9.954597
245	 11	 11	 1	 115.963148	 -1	 0.000000	 11.683680
246	 11	 11	 1	 130.968464	 -1	 0.000000	 9.833905
247	 11	 11	 1	 89.759428	 -1	 0.000000	 11.117635
248	 11	 11	 1	 76.248570	 -1	 0.000000	 9.341436
249	 11	 11	 1	 37.227676	 -1	 0.000000	 10.498303
250	 11	 11	 1	 50.785882	 -1	 0.000000	 9.136580
251	 11	 11	 1	 92.425559	 -1	 0.000000	 11.666223
252	 11	 11	 1	 109.624543	 -1	 0.000000	 13.389782
253	 11	 11	 1	 53.092715	 -1	 0.000000	 14.797032
254	 11	 11	 1	 103.182390	 -1	 0.000000	 23.470623
255	 11	 11	 1	 40.322185	 -1	 0.000000	 10.501456
256	 11	 11	 1	 114.749966	 -1	 0.000000	 10.112834
257	 11	 11	 1	 77.259079	 -1	 0.000000	 10.168679
258	 11	 11	 0	 443.325657	 -1	 0.000000	 9.101168
281	 11	 11	 1	 38.640136	 -1	 0.000000	 10.688529
282	 11	 11	 1	 94.182400	 -1	 0.000000	 13.570084
283	 11	 11	 1	 35.124147	 -1	 0.000000	 9.909162
284	 11	 11	 1	 74.301851	 -1	 0.000000	 13.586736
285	 11	 11	 1	 91.574273	 -1	 0.000000	 10.231115
286	 11	 11	 1	 71.229560	 -1	 0.000000	 8.296663
287	 11	 11	 1	 80.652058	 -1	 0.000000	 11.311297
289	 11	 11	 1	 63.914264	 -1	 0.000000	 9.060650
290	 11	 11	 1	 65.770417	 -1	 0.000000	 10.729897
291	 11	 11	 1	 101.055644	 -1	 0.000000	 9.944016
292	 11	 11	 1	 33.310972	 -1	 0.000000	 9.875577
293	 11	 11	 1	 82.223953	 -1	 0.000000	 11.468753
294	 11	 11	 1	 67.105327	 -1	 0.000000	 9.002186
295	 11	 11	 1	 58.820341	 -1	 0.000000	 11.535306
296	 11	 11	 1	 65.701549	 -1	 0.000000	 9.434746
297	 11	 11	 1	 59.275337	 -1	 0.000000	 10.343445
298	 11	 11	 1	 94.369007	 -1	 0.000000	 8.671785
299	 11	 11	 1	 41.283796	 -1	 0.000000	 9.701388
300	 11	 11	 1	 94.864328	 -1	 0.000000	 9.351312
301	 11	 11	 1	 71.836281	 -1	 0.000000	 8.476205
302	 11	 11	 1	 67.970226	 -1	 0.000000	 8.225317
303	 11	 11	 1	 61.882551	 -1	 0.000000	 9.658449
305	 11	 11	 1	 75.993027	 -1	 0.000000	 13.069741
306	 11	 11	 1	 53.442013	 -1	 0.000000	 8.921885
307	 11	 11	 1	 50.557210	 -1	 0.000000	 11.901232
308	 11	 11	 1	 67.599253	 -1	 0.000000	 10.817159
320	 11	 11	 1	 81.775345	 -1	 0.000000	 9.016359
321	 11	 11	 1	 83.091052	 -1	 0.000000	 9.280461
322	 11	 11	 1	 80.570480	 -1	 0.000000	 13.043458
323	 11	 11	 1	 48.694520	 -1	 0.000000	 12.552968
324	 11	 11	 1	 82.028846	 -1	 0.000000	 17.301386
325	 11	 11	 1	 78.195151	 -1	 0.000000	 11.521039
326	 11	 11	 1	 108.064505	 -1	 0.000000	 8.147155
327	 11	 11	 1	 59.776474	 -1	 0.000000	 13.075021
328	 11	 11	 1	 104.575391	 -1	 0.000000	 10.546000
329	 11	 11	 1	 170.473115	 -1	 0.000000	 9.471489
330	 11	 11	 1	 92.149927	 -1	 0.000000	 8.370892
332	 11	 11	 1	 96.445911	 -1	 0.000000	 9.239452
333	 11	 11	 1	 42.156715	 -1	 0.000000	 10.492028
334	 11	 11	 1	 93.847735	 -1	 0.000000	 11.386048
335	 11	 11	 1	 84.989896	 -1	 0.000000	 9.684877
336	 11	 11	 1	 76.624444	 -1	 0.000000	 9.391966
337	 11	 11	 1	 96.440674	 -1	 0.000000	 11.512110
338	 11	 11	 1	 113.506508	 -1	 0.000000	 7.384909

