>>> gr_fir_ccf: using E
>>> gr_fir_fff: using E
gr_buffer::allocate_buffer: warning: tried to allocate
   30 items of size 2160. Due to alignment requirements
   256 were allocated.  If this isn't OK, consider padding
   your structure to a power-of-two bytes.
   On this platform, our allocation granularity is 4096 bytes.
81	 13	 13	 1	 0.000003	 -1	 0.000000	 5.482214
82	 13	 13	 1	 0.000001	 -1	 0.000000	 5.471287
84	 13	 13	 1	 0.000002	 -1	 0.000000	 5.026255
85	 13	 13	 1	 0.000002	 -1	 0.000000	 5.382309
86	 13	 13	 1	 0.000002	 -1	 0.000000	 5.495225
87	 13	 13	 1	 0.000001	 -1	 0.000000	 5.905934
88	 13	 13	 1	 0.000001	 -1	 0.000000	 5.986034
89	 13	 13	 1	 0.000001	 -1	 0.000000	 6.109426
90	 13	 13	 1	 0.000001	 -1	 0.000000	 6.121547
91	 13	 13	 1	 0.000002	 -1	 0.000000	 5.888534
92	 13	 13	 1	 0.000001	 -1	 0.000000	 5.464430
93	 13	 13	 1	 0.000001	 -1	 0.000000	 5.435258
94	 13	 13	 1	 0.000002	 -1	 0.000000	 5.517741
95	 13	 13	 1	 0.000001	 -1	 0.000000	 6.074069
96	 13	 13	 1	 0.000002	 -1	 0.000000	 5.899536
97	 13	 13	 1	 0.000001	 -1	 0.000000	 5.408919
98	 13	 13	 1	 0.000001	 -1	 0.000000	 5.314555
99	 13	 13	 1	 0.000001	 -1	 0.000000	 5.875778
100	 13	 13	 1	 0.000002	 -1	 0.000000	 5.508551
101	 13	 13	 1	 0.000001	 -1	 0.000000	 5.808007
1054	 7	 7	 0	 415.257931	 -1	 0.000000	 2.840174
102	 13	 13	 1	 0.000001	 -1	 0.000000	 6.352073
103	 13	 13	 1	 0.000001	 -1	 0.000000	 5.748426
104	 13	 13	 1	 0.000001	 -1	 0.000000	 5.246577
105	 13	 13	 1	 0.000002	 -1	 0.000000	 6.191056
106	 13	 13	 1	 0.000001	 -1	 0.000000	 5.538233
107	 13	 13	 1	 0.000001	 -1	 0.000000	 5.902292
108	 13	 13	 1	 0.000001	 -1	 0.000000	 6.701555
109	 13	 13	 1	 0.000002	 -1	 0.000000	 6.020291
110	 13	 13	 1	 0.000001	 -1	 0.000000	 5.748009
111	 13	 13	 1	 0.000002	 -1	 0.000000	 6.004996
112	 13	 13	 1	 0.000001	 -1	 0.000000	 5.648752
113	 13	 13	 1	 0.000002	 -1	 0.000000	 5.695145
1744	 11	 11	 0	 455.824851	 -1	 0.000000	 3.167529
115	 13	 13	 1	 0.000001	 -1	 0.000000	 6.150441
116	 13	 13	 1	 0.000001	 -1	 0.000000	 5.728374
117	 13	 13	 1	 0.000002	 -1	 0.000000	 5.288738
118	 13	 13	 1	 0.000001	 -1	 0.000000	 5.963357
119	 13	 13	 1	 0.000001	 -1	 0.000000	 6.766974
120	 13	 13	 1	 0.000002	 -1	 0.000000	 5.711889
121	 13	 13	 1	 0.000002	 -1	 0.000000	 5.388468
122	 13	 13	 1	 0.000001	 -1	 0.000000	 5.368660
123	 13	 13	 1	 0.000002	 -1	 0.000000	 6.198410
124	 13	 13	 1	 0.000001	 -1	 0.000000	 6.029366
125	 13	 13	 1	 0.000001	 -1	 0.000000	 5.857774
126	 13	 13	 1	 0.000001	 -1	 0.000000	 5.961237
127	 13	 13	 1	 0.000001	 -1	 0.000000	 5.742551
128	 13	 13	 1	 0.000002	 -1	 0.000000	 5.448219
129	 13	 13	 1	 0.000002	 -1	 0.000000	 5.402562
130	 13	 13	 1	 0.000001	 -1	 0.000000	 6.539578
131	 13	 13	 1	 0.000001	 -1	 0.000000	 6.195730
132	 13	 13	 1	 0.000001	 -1	 0.000000	 5.444977
133	 13	 13	 1	 0.000002	 -1	 0.000000	 6.149645
134	 13	 13	 1	 0.000002	 -1	 0.000000	 5.753315
135	 13	 13	 1	 0.000001	 -1	 0.000000	 5.828184
136	 13	 13	 1	 0.000001	 -1	 0.000000	 5.805124
137	 13	 13	 1	 0.000001	 -1	 0.000000	 6.170972
138	 13	 13	 1	 0.000041	 -1	 0.000000	 6.284262
139	 13	 13	 1	 0.000001	 -1	 0.000000	 6.173630
140	 13	 13	 1	 0.000001	 -1	 0.000000	 5.629491
141	 13	 13	 1	 0.000001	 -1	 0.000000	 6.075577
142	 13	 13	 1	 0.000001	 -1	 0.000000	 6.037941
143	 13	 13	 1	 0.000002	 -1	 0.000000	 5.114458
144	 13	 13	 1	 0.000001	 -1	 0.000000	 5.344073
145	 13	 13	 1	 0.000002	 -1	 0.000000	 5.845270
146	 13	 13	 1	 0.000001	 -1	 0.000000	 6.077126
147	 13	 13	 1	 0.000001	 -1	 0.000000	 5.820542
148	 13	 13	 1	 0.000001	 -1	 0.000000	 6.244315
149	 13	 13	 1	 0.000001	 -1	 0.000000	 5.507680
150	 13	 13	 1	 0.000001	 -1	 0.000000	 5.855456
151	 13	 13	 1	 0.000001	 -1	 0.000000	 6.456254
152	 13	 13	 1	 0.000002	 -1	 0.000000	 5.954763
153	 13	 13	 1	 0.000001	 -1	 0.000000	 6.007332
154	 13	 13	 1	 0.000001	 -1	 0.000000	 6.230483
155	 13	 13	 1	 0.000001	 -1	 0.000000	 6.455505
156	 13	 13	 1	 0.000001	 -1	 0.000000	 6.559316
157	 13	 13	 1	 0.000001	 -1	 0.000000	 6.193055
158	 13	 13	 1	 0.000002	 -1	 0.000000	 5.365683
159	 13	 13	 1	 0.000001	 -1	 0.000000	 6.122998
160	 13	 13	 1	 0.000001	 -1	 0.000000	 6.188457
161	 13	 13	 1	 0.000001	 -1	 0.000000	 5.879123
162	 13	 13	 1	 0.000002	 -1	 0.000000	 5.567949
163	 13	 13	 1	 0.000002	 -1	 0.000000	 5.765056
165	 13	 13	 1	 0.000002	 -1	 0.000000	 5.446177
166	 13	 13	 1	 0.000001	 -1	 0.000000	 5.603755
167	 13	 13	 1	 0.000001	 -1	 0.000000	 5.547518
168	 13	 13	 1	 0.000001	 -1	 0.000000	 5.683181
169	 13	 13	 1	 0.000001	 -1	 0.000000	 6.384855
170	 13	 13	 1	 0.000002	 -1	 0.000000	 5.879321
171	 13	 13	 1	 0.000001	 -1	 0.000000	 5.204298
198	 13	 13	 0	 167.985570	 -1	 0.000000	 5.403202
23	 13	 13	 1	 0.000002	 -1	 0.000000	 5.401184
24	 13	 13	 1	 0.000001	 -1	 0.000000	 6.537363
25	 13	 13	 1	 0.000002	 -1	 0.000000	 5.835030
26	 13	 13	 1	 0.000001	 -1	 0.000000	 5.540467
27	 13	 13	 1	 0.000001	 -1	 0.000000	 6.258770
28	 13	 13	 1	 0.000002	 -1	 0.000000	 6.059649
30	 13	 13	 1	 0.000002	 -1	 0.000000	 5.897711
31	 13	 13	 1	 0.000001	 -1	 0.000000	 5.751474
40	 13	 13	 1	 0.000001	 -1	 0.000000	 5.288095
41	 13	 13	 1	 0.000002	 -1	 0.000000	 5.339057
43	 13	 13	 1	 0.000002	 -1	 0.000000	 5.638567
44	 13	 13	 1	 0.000001	 -1	 0.000000	 6.006356
45	 13	 13	 1	 0.000002	 -1	 0.000000	 5.910317
46	 13	 13	 1	 0.000001	 -1	 0.000000	 5.853314
47	 13	 13	 1	 0.000001	 -1	 0.000000	 5.518168
48	 13	 13	 1	 0.000001	 -1	 0.000000	 6.209267
49	 13	 13	 1	 0.000001	 -1	 0.000000	 5.638994
60	 13	 13	 1	 0.000001	 -1	 0.000000	 6.449583
61	 13	 13	 1	 0.000001	 -1	 0.000000	 5.731168
62	 13	 13	 1	 0.000002	 -1	 0.000000	 6.968421
63	 13	 13	 1	 0.000001	 -1	 0.000000	 5.807021
64	 13	 13	 1	 0.000002	 -1	 0.000000	 5.669052
65	 13	 13	 1	 0.000001	 -1	 0.000000	 5.826239
66	 13	 13	 1	 0.000002	 -1	 0.000000	 6.651070
67	 13	 13	 1	 0.000002	 -1	 0.000000	 6.135281
68	 13	 13	 1	 0.000001	 -1	 0.000000	 6.010348
70	 13	 13	 1	 0.000002	 -1	 0.000000	 5.346885
>>> gr_fir_ccf: using E
>>> gr_fir_fff: using E
gr_buffer::allocate_buffer: warning: tried to allocate
   30 items of size 2160. Due to alignment requirements
   256 were allocated.  If this isn't OK, consider padding
   your structure to a power-of-two bytes.
   On this platform, our allocation granularity is 4096 bytes.
86	 13	 13	 1	 0.000001	 -1	 0.000000	 5.923169
87	 13	 13	 1	 0.000001	 -1	 0.000000	 6.332546
88	 13	 13	 1	 0.000001	 -1	 0.000000	 6.181935
89	 13	 13	 1	 0.000002	 -1	 0.000000	 5.957811
90	 13	 13	 1	 0.000001	 -1	 0.000000	 5.401912
91	 13	 13	 1	 0.000001	 -1	 0.000000	 6.239365
92	 13	 13	 1	 0.000001	 -1	 0.000000	 5.649327
93	 13	 13	 1	 0.000001	 -1	 0.000000	 5.670205
94	 13	 13	 1	 0.000002	 -1	 0.000000	 5.837570
95	 13	 13	 1	 0.000001	 -1	 0.000000	 6.280158
96	 13	 13	 1	 0.000001	 -1	 0.000000	 6.292104
97	 13	 13	 1	 2.148248	 -1	 0.000000	 5.872513
98	 13	 13	 1	 0.000002	 -1	 0.000000	 5.266405
99	 13	 13	 1	 0.000001	 -1	 0.000000	 6.571746
100	 13	 13	 1	 0.000001	 -1	 0.000000	 6.369558
101	 13	 13	 1	 0.000001	 -1	 0.000000	 6.352312
102	 13	 13	 1	 0.000001	 -1	 0.000000	 5.583942
103	 13	 13	 1	 0.000001	 -1	 0.000000	 5.508835
104	 13	 13	 1	 0.000002	 -1	 0.000000	 5.464694
105	 13	 13	 1	 0.000001	 -1	 0.000000	 5.550177
106	 13	 13	 1	 0.000002	 -1	 0.000000	 5.996316
107	 13	 13	 1	 0.000001	 -1	 0.000000	 5.333313
108	 13	 13	 1	 0.000002	 -1	 0.000000	 5.654787
109	 13	 13	 1	 0.000001	 -1	 0.000000	 5.746954
110	 13	 13	 1	 0.000001	 -1	 0.000000	 6.657119
111	 13	 13	 1	 0.000001	 -1	 0.000000	 5.638716
112	 13	 13	 1	 0.000001	 -1	 0.000000	 5.469345
113	 13	 13	 1	 0.000002	 -1	 0.000000	 5.354847
114	 13	 13	 1	 0.000001	 -1	 0.000000	 5.721289
115	 13	 13	 1	 0.000001	 -1	 0.000000	 5.658885
116	 13	 13	 1	 0.000002	 -1	 0.000000	 5.463045
117	 13	 13	 1	 0.000001	 -1	 0.000000	 5.581355
118	 13	 13	 1	 0.000001	 -1	 0.000000	 6.201425
119	 13	 13	 1	 0.000002	 -1	 0.000000	 6.112656
120	 13	 13	 1	 0.000002	 -1	 0.000000	 6.002226
121	 13	 13	 1	 0.000002	 -1	 0.000000	 5.958906
122	 13	 13	 1	 0.000001	 -1	 0.000000	 5.713804
123	 13	 13	 1	 0.000002	 -1	 0.000000	 6.026039
124	 13	 13	 1	 0.000001	 -1	 0.000000	 6.246043
125	 13	 13	 0	 98.323726	 -1	 0.000000	 7.871501
126	 13	 13	 1	 0.000002	 -1	 0.000000	 6.426938
127	 13	 13	 1	 0.000001	 -1	 0.000000	 5.906923
128	 13	 13	 1	 0.000001	 -1	 0.000000	 6.738480
129	 13	 13	 1	 0.000001	 -1	 0.000000	 5.861848
130	 13	 13	 1	 0.000001	 -1	 0.000000	 5.901448
131	 13	 13	 1	 0.000002	 -1	 0.000000	 5.801276
132	 13	 13	 1	 0.000001	 -1	 0.000000	 6.569033
133	 13	 13	 1	 0.000001	 -1	 0.000000	 6.570869
135	 13	 13	 1	 0.000002	 -1	 0.000000	 5.669281
136	 13	 13	 1	 0.028455	 -1	 0.000000	 6.844341
137	 13	 13	 1	 0.000001	 -1	 0.000000	 5.637320
138	 13	 13	 1	 0.000001	 -1	 0.000000	 6.013248
139	 13	 13	 1	 0.000002	 -1	 0.000000	 5.244390
3913	 15	 15	 0	 383.730830	 -1	 0.000000	 6.814753
140	 13	 13	 1	 0.000001	 -1	 0.000000	 6.331088
141	 13	 13	 1	 0.000002	 -1	 0.000000	 5.356220
142	 13	 13	 1	 0.000001	 -1	 0.000000	 5.394475
143	 13	 13	 1	 0.000001	 -1	 0.000000	 5.908500
144	 13	 13	 1	 0.000001	 -1	 0.000000	 5.876759
145	 13	 13	 1	 0.000001	 -1	 0.000000	 6.279416
147	 13	 13	 1	 0.000002	 -1	 0.000000	 5.838285
148	 13	 13	 1	 0.000001	 -1	 0.000000	 6.794991
149	 13	 13	 1	 0.000001	 -1	 0.000000	 5.629022
150	 13	 13	 1	 0.000002	 -1	 0.000000	 5.632338
151	 13	 13	 1	 0.000001	 -1	 0.000000	 5.801827
152	 13	 13	 1	 0.000001	 -1	 0.000000	 5.906363
153	 13	 13	 1	 0.000001	 -1	 0.000000	 5.543865
154	 13	 13	 1	 0.000001	 -1	 0.000000	 6.074288
155	 13	 13	 1	 0.000002	 -1	 0.000000	 5.355031
156	 13	 13	 1	 0.000001	 -1	 0.000000	 6.449289
157	 13	 13	 1	 0.000001	 -1	 0.000000	 5.593079
158	 13	 13	 1	 0.000001	 -1	 0.000000	 5.807443
159	 13	 13	 1	 0.000001	 -1	 0.000000	 5.266268
160	 13	 13	 1	 0.000001	 -1	 0.000000	 5.735059
161	 13	 13	 1	 0.000001	 -1	 0.000000	 6.799306
162	 13	 13	 1	 0.000001	 -1	 0.000000	 5.688730
163	 13	 13	 1	 0.000001	 -1	 0.000000	 6.483387
164	 13	 13	 1	 0.000001	 -1	 0.000000	 6.386997
165	 13	 13	 1	 0.000002	 -1	 0.000000	 5.733365
166	 13	 13	 1	 0.000001	 -1	 0.000000	 5.851850
167	 13	 13	 1	 0.000001	 -1	 0.000000	 6.033210
168	 13	 13	 1	 0.000001	 -1	 0.000000	 5.522651
169	 13	 13	 1	 0.000001	 -1	 0.000000	 6.678986
170	 13	 13	 1	 0.000002	 -1	 0.000000	 5.406366
171	 13	 13	 1	 0.000001	 -1	 0.000000	 6.251700
172	 13	 13	 1	 0.000001	 -1	 0.000000	 5.885549
173	 13	 13	 1	 0.000002	 -1	 0.000000	 6.168953
174	 13	 13	 1	 0.000001	 -1	 0.000000	 5.907364
175	 13	 13	 1	 0.000002	 -1	 0.000000	 6.809870
176	 13	 13	 1	 0.000001	 -1	 0.000000	 5.164042
177	 13	 13	 1	 0.000001	 -1	 0.000000	 5.581036
178	 13	 13	 1	 0.000001	 -1	 0.000000	 5.952000
179	 13	 13	 1	 0.000001	 -1	 0.000000	 5.599471
180	 13	 13	 1	 0.000001	 -1	 0.000000	 6.293508
181	 13	 13	 1	 0.000002	 -1	 0.000000	 5.511546
182	 13	 13	 1	 0.000001	 -1	 0.000000	 5.305286
183	 13	 13	 1	 0.000002	 -1	 0.000000	 6.033115
184	 13	 13	 1	 0.000003	 -1	 0.000000	 5.554987
185	 13	 13	 1	 0.000002	 -1	 0.000000	 5.491478
186	 13	 13	 1	 0.000001	 -1	 0.000000	 5.733522
187	 13	 13	 1	 0.000002	 -1	 0.000000	 5.904217
188	 13	 13	 1	 0.000001	 -1	 0.000000	 5.846173
189	 13	 13	 1	 0.000002	 -1	 0.000000	 6.043403
190	 13	 13	 1	 0.000001	 -1	 0.000000	 5.641014
191	 13	 13	 1	 0.000002	 -1	 0.000000	 5.194126
192	 13	 13	 1	 0.000001	 -1	 0.000000	 5.967334
193	 13	 13	 1	 0.000001	 -1	 0.000000	 6.192101
196	 13	 13	 1	 0.000001	 -1	 0.000000	 6.097050
3032	 5	 5	 0	 413.761838	 -1	 0.000000	 2.867701
197	 13	 13	 1	 0.000001	 -1	 0.000000	 5.896379
198	 13	 13	 1	 0.000001	 -1	 0.000000	 5.992938
199	 13	 13	 1	 0.000001	 -1	 0.000000	 5.864685
200	 13	 13	 1	 0.000001	 -1	 0.000000	 5.744727
201	 13	 13	 1	 0.000002	 -1	 0.000000	 5.568841
202	 13	 13	 1	 0.000002	 -1	 0.000000	 5.703525
203	 13	 13	 1	 0.000001	 -1	 0.000000	 5.668221
204	 13	 13	 1	 0.000002	 -1	 0.000000	 5.569306
205	 13	 13	 1	 0.000001	 -1	 0.000000	 5.815904
207	 13	 13	 1	 0.000001	 -1	 0.000000	 6.674297
208	 13	 13	 1	 0.000001	 -1	 0.000000	 5.763529
209	 13	 13	 1	 0.000001	 -1	 0.000000	 6.369120
210	 13	 13	 1	 0.000001	 -1	 0.000000	 5.547721
955	 5	 5	 0	 393.815577	 -1	 0.000000	 7.616678
211	 13	 13	 1	 0.000002	 -1	 0.000000	 5.750455
212	 13	 13	 1	 0.000001	 -1	 0.000000	 5.596167
213	 13	 13	 1	 0.000002	 -1	 0.000000	 5.948548
214	 13	 13	 1	 0.000001	 -1	 0.000000	 6.113151
215	 13	 13	 1	 0.000001	 -1	 0.000000	 5.781308
217	 13	 13	 1	 0.000002	 -1	 0.000000	 5.669211
218	 13	 13	 1	 0.000001	 -1	 0.000000	 6.004929
219	 13	 13	 1	 0.000002	 -1	 0.000000	 5.710432
220	 13	 13	 1	 0.000001	 -1	 0.000000	 5.676096
221	 13	 13	 1	 0.000001	 -1	 0.000000	 6.076828
222	 13	 13	 1	 0.000001	 -1	 0.000000	 5.546762
223	 13	 13	 1	 0.000001	 -1	 0.000000	 6.176628
225	 13	 13	 1	 3.075258	 -1	 0.000000	 7.020223
226	 13	 13	 1	 0.000002	 -1	 0.000000	 5.366814
227	 13	 13	 1	 0.000001	 -1	 0.000000	 5.730536
228	 13	 13	 1	 0.000001	 -1	 0.000000	 5.870607
229	 13	 13	 1	 0.000001	 -1	 0.000000	 5.777551
230	 13	 13	 1	 0.000002	 -1	 0.000000	 6.243917
231	 13	 13	 1	 0.000001	 -1	 0.000000	 5.917441
232	 13	 13	 1	 0.000001	 -1	 0.000000	 5.773139
233	 13	 13	 1	 0.000002	 -1	 0.000000	 6.026440
234	 13	 13	 1	 0.000001	 -1	 0.000000	 5.905483
235	 13	 13	 1	 0.000002	 -1	 0.000000	 5.893426
236	 13	 13	 1	 0.000001	 -1	 0.000000	 5.486473
237	 13	 13	 1	 0.000002	 -1	 0.000000	 5.566313
238	 13	 13	 1	 0.000002	 -1	 0.000000	 5.856284
239	 13	 13	 1	 0.000002	 -1	 0.000000	 5.502564
240	 13	 13	 1	 0.000002	 -1	 0.000000	 7.314891
241	 13	 13	 1	 0.000001	 -1	 0.000000	 5.500455
242	 13	 13	 1	 0.000002	 -1	 0.000000	 5.593804
243	 13	 13	 1	 0.000001	 -1	 0.000000	 5.937108
244	 13	 13	 1	 0.000001	 -1	 0.000000	 5.523228
245	 13	 13	 1	 0.000002	 -1	 0.000000	 5.556317
246	 13	 13	 1	 0.000001	 -1	 0.000000	 5.979417
247	 13	 13	 1	 0.000001	 -1	 0.000000	 5.839152
248	 13	 13	 1	 0.000001	 -1	 0.000000	 5.992318
249	 13	 13	 1	 0.000001	 -1	 0.000000	 6.132516
250	 13	 13	 1	 0.000002	 -1	 0.000000	 5.826481
252	 13	 13	 1	 0.000002	 -1	 0.000000	 5.780942
253	 13	 13	 1	 0.000002	 -1	 0.000000	 5.244644
254	 13	 13	 1	 0.000002	 -1	 0.000000	 5.545488
255	 13	 13	 1	 0.000001	 -1	 0.000000	 6.060602
256	 13	 13	 1	 0.000002	 -1	 0.000000	 5.220961
257	 13	 13	 1	 0.000001	 -1	 0.000000	 6.450288
258	 13	 13	 1	 0.000001	 -1	 0.000000	 5.990255
259	 13	 13	 1	 0.000002	 -1	 0.000000	 5.440543
260	 13	 13	 1	 0.000001	 -1	 0.000000	 6.185921
261	 13	 13	 1	 0.000001	 -1	 0.000000	 5.841516
262	 13	 13	 1	 0.000001	 -1	 0.000000	 6.083970
263	 13	 13	 1	 0.000001	 -1	 0.000000	 6.564867
264	 13	 13	 1	 0.000002	 -1	 0.000000	 5.783278
265	 13	 13	 1	 0.000001	 -1	 0.000000	 6.133260
266	 13	 13	 1	 0.000001	 -1	 0.000000	 6.114357
267	 13	 13	 1	 0.000002	 -1	 0.000000	 5.584810
268	 13	 13	 1	 0.000001	 -1	 0.000000	 5.585841
269	 13	 13	 1	 0.000002	 -1	 0.000000	 6.041982
270	 13	 13	 1	 0.000002	 -1	 0.000000	 5.253714
271	 13	 13	 1	 0.000002	 -1	 0.000000	 5.424111
272	 13	 13	 1	 0.000002	 -1	 0.000000	 5.636295
273	 13	 13	 1	 0.000001	 -1	 0.000000	 6.134510
274	 13	 13	 1	 0.000003	 -1	 0.000000	 5.285698
275	 13	 13	 1	 0.000001	 -1	 0.000000	 6.015812
276	 13	 13	 1	 0.000002	 -1	 0.000000	 5.897815
277	 13	 13	 1	 0.000002	 -1	 0.000000	 6.066201
278	 13	 13	 1	 0.000002	 -1	 0.000000	 5.604375
279	 13	 13	 1	 0.000001	 -1	 0.000000	 7.008119
280	 13	 13	 1	 0.000001	 -1	 0.000000	 6.234544
281	 13	 13	 1	 0.000001	 -1	 0.000000	 5.791689
282	 13	 13	 1	 0.000001	 -1	 0.000000	 6.589923
283	 13	 13	 1	 0.000001	 -1	 0.000000	 5.651032
284	 13	 13	 1	 0.000001	 -1	 0.000000	 5.580286
285	 13	 13	 1	 0.000002	 -1	 0.000000	 6.205235
1813	 5	 5	 0	 425.232709	 -1	 0.000000	 5.686924
287	 13	 13	 1	 0.000001	 -1	 0.000000	 5.568356
288	 13	 13	 1	 0.000002	 -1	 0.000000	 5.538589
289	 13	 13	 1	 0.000001	 -1	 0.000000	 6.199888
290	 13	 13	 1	 0.000001	 -1	 0.000000	 6.131779
291	 13	 13	 1	 0.000002	 -1	 0.000000	 5.823344
292	 13	 13	 1	 116.349019	 -1	 0.000000	 5.792564
293	 13	 13	 1	 0.000002	 -1	 0.000000	 5.072451
294	 13	 13	 1	 0.000001	 -1	 0.000000	 5.939727
295	 13	 13	 1	 0.000002	 -1	 0.000000	 5.758249
296	 13	 13	 1	 0.000002	 -1	 0.000000	 6.234449
297	 13	 13	 1	 0.000001	 -1	 0.000000	 6.131228
298	 13	 13	 1	 0.000002	 -1	 0.000000	 5.705102
299	 13	 13	 1	 0.000001	 -1	 0.000000	 5.848789
327	 13	 13	 0	 46.911611	 -1	 0.000000	 14.379579
328	 13	 13	 1	 0.000001	 -1	 0.000000	 6.320000
329	 13	 13	 1	 0.000001	 -1	 0.000000	 5.807670
330	 13	 13	 0	 495.567460	 -1	 0.000000	 6.356344
332	 13	 13	 1	 0.000001	 -1	 0.000000	 6.600610
333	 13	 13	 1	 0.000002	 -1	 0.000000	 5.516031
334	 13	 13	 1	 0.000001	 -1	 0.000000	 5.618773
335	 13	 13	 1	 0.000002	 -1	 0.000000	 5.419168
336	 13	 13	 1	 0.000001	 -1	 0.000000	 5.376505
337	 13	 13	 1	 0.000002	 -1	 0.000000	 5.918701
338	 13	 13	 1	 0.000002	 -1	 0.000000	 5.286592
339	 13	 13	 1	 0.000001	 -1	 0.000000	 5.603850
340	 13	 13	 1	 0.000002	 -1	 0.000000	 5.930395
341	 13	 13	 1	 0.000001	 -1	 0.000000	 5.575089
342	 13	 13	 1	 0.000003	 -1	 0.000000	 5.418227
343	 13	 13	 1	 0.000002	 -1	 0.000000	 5.976918
344	 13	 13	 1	 0.000002	 -1	 0.000000	 5.903875
345	 13	 13	 1	 0.000001	 -1	 0.000000	 6.043914
346	 13	 13	 1	 0.000001	 -1	 0.000000	 5.682033
347	 13	 13	 1	 0.000001	 -1	 0.000000	 6.478765
348	 13	 13	 1	 0.000002	 -1	 0.000000	 5.011133
349	 13	 13	 1	 0.000002	 -1	 0.000000	 5.780759
351	 13	 13	 1	 0.000001	 -1	 0.000000	 5.693325
360	 13	 13	 1	 0.000001	 -1	 0.000000	 5.987734
361	 13	 13	 1	 0.000002	 -1	 0.000000	 6.095087
362	 13	 13	 1	 0.000002	 -1	 0.000000	 5.233567
363	 13	 13	 1	 0.000001	 -1	 0.000000	 6.721505
364	 13	 13	 1	 0.000001	 -1	 0.000000	 6.078382
365	 13	 13	 1	 0.000001	 -1	 0.000000	 5.746690
366	 13	 13	 1	 0.000002	 -1	 0.000000	 5.681399
367	 13	 13	 1	 0.000001	 -1	 0.000000	 5.704668
370	 13	 13	 1	 0.000001	 -1	 0.000000	 5.856817
371	 13	 13	 1	 0.000001	 -1	 0.000000	 5.577209
372	 13	 13	 1	 0.000001	 -1	 0.000000	 5.904306
373	 13	 13	 1	 0.000002	 -1	 0.000000	 6.033892
374	 13	 13	 1	 0.000002	 -1	 0.000000	 5.247471
375	 13	 13	 1	 0.000001	 -1	 0.000000	 5.239961
376	 13	 13	 1	 0.000001	 -1	 0.000000	 6.219273
377	 13	 13	 1	 0.000001	 -1	 0.000000	 5.810210
378	 13	 13	 1	 0.000002	 -1	 0.000000	 5.708316
379	 13	 13	 1	 0.000001	 -1	 0.000000	 5.833550
380	 13	 13	 1	 0.000001	 -1	 0.000000	 5.428311
381	 13	 13	 1	 0.000002	 -1	 0.000000	 5.726605
382	 13	 13	 1	 0.000001	 -1	 0.000000	 6.315694
383	 13	 13	 1	 0.000002	 -1	 0.000000	 5.442165
384	 13	 13	 1	 0.000001	 -1	 0.000000	 5.685604
385	 13	 13	 0	 305.618162	 -1	 0.000000	 6.143842
390	 13	 13	 1	 0.000001	 -1	 0.000000	 5.586318
391	 13	 13	 1	 0.000001	 -1	 0.000000	 5.880544
392	 13	 13	 1	 0.000001	 -1	 0.000000	 6.004590
393	 13	 13	 1	 0.000002	 -1	 0.000000	 6.070698
394	 13	 13	 1	 0.000002	 -1	 0.000000	 5.956290
395	 13	 13	 1	 0.000001	 -1	 0.000000	 5.955249
396	 13	 13	 1	 0.000001	 -1	 0.000000	 6.266848
400	 13	 13	 1	 0.000001	 -1	 0.000000	 6.359262
401	 13	 13	 1	 0.000001	 -1	 0.000000	 6.007277
402	 13	 13	 1	 0.000001	 -1	 0.000000	 5.972756
403	 13	 13	 1	 0.000001	 -1	 0.000000	 5.567334
404	 13	 13	 1	 0.000001	 -1	 0.000000	 6.303946
405	 13	 13	 1	 0.000001	 -1	 0.000000	 6.221398
406	 13	 13	 1	 0.000001	 -1	 0.000000	 6.214136
407	 13	 13	 1	 0.000001	 -1	 0.000000	 5.806709
409	 13	 13	 1	 0.000001	 -1	 0.000000	 6.054936
410	 13	 13	 1	 0.000001	 -1	 0.000000	 5.972480
412	 13	 13	 1	 0.000002	 -1	 0.000000	 5.291196
413	 13	 13	 1	 0.000001	 -1	 0.000000	 6.921590
414	 13	 13	 1	 0.000001	 -1	 0.000000	 5.863232
415	 13	 13	 1	 0.000001	 -1	 0.000000	 5.410943
416	 13	 13	 1	 0.000001	 -1	 0.000000	 5.481174
417	 13	 13	 1	 0.000001	 -1	 0.000000	 6.001594
418	 13	 13	 1	 0.000002	 -1	 0.000000	 5.337504
419	 13	 13	 1	 0.000001	 -1	 0.000000	 5.117654
420	 13	 13	 1	 0.000002	 -1	 0.000000	 5.353559
421	 13	 13	 1	 0.000001	 -1	 0.000000	 6.899489
422	 13	 13	 1	 0.000002	 -1	 0.000000	 5.658005
424	 13	 13	 0	 401.171358	 -1	 0.000000	 7.609675
426	 13	 13	 1	 0.000001	 -1	 0.000000	 6.457383
427	 13	 13	 1	 0.000002	 -1	 0.000000	 6.266134
428	 13	 13	 1	 0.811644	 -1	 0.000000	 6.649068
429	 13	 13	 1	 0.000001	 -1	 0.000000	 5.931215
430	 13	 13	 1	 0.000001	 -1	 0.000000	 5.589399
431	 13	 13	 1	 0.000001	 -1	 0.000000	 5.787092
433	 13	 13	 1	 0.000001	 -1	 0.000000	 5.627249
434	 13	 13	 1	 0.000001	 -1	 0.000000	 5.765854
435	 13	 13	 1	 0.000002	 -1	 0.000000	 5.405127
436	 13	 13	 1	 0.000001	 -1	 0.000000	 5.922214
437	 13	 13	 1	 0.000001	 -1	 0.000000	 5.704642
438	 13	 13	 1	 0.000001	 -1	 0.000000	 6.168620
439	 13	 13	 1	 0.000001	 -1	 0.000000	 5.788846
440	 13	 13	 1	 0.000002	 -1	 0.000000	 5.222643
441	 13	 13	 1	 0.000002	 -1	 0.000000	 5.280802
442	 13	 13	 1	 0.000001	 -1	 0.000000	 6.235483
443	 13	 13	 1	 0.000001	 -1	 0.000000	 5.553097
453	 13	 13	 1	 0.000002	 -1	 0.000000	 5.618913
454	 13	 13	 1	 0.000002	 -1	 0.000000	 5.558611
455	 13	 13	 1	 0.000001	 -1	 0.000000	 5.611153
456	 13	 13	 1	 0.000001	 -1	 0.000000	 5.747830
457	 13	 13	 1	 0.000001	 -1	 0.000000	 6.837928
458	 13	 13	 1	 0.000001	 -1	 0.000000	 6.245468
460	 13	 13	 1	 0.000002	 -1	 0.000000	 6.283212
461	 13	 13	 1	 0.000001	 -1	 0.000000	 6.369362
462	 13	 13	 1	 0.000001	 -1	 0.000000	 5.729942
463	 13	 13	 1	 0.000001	 -1	 0.000000	 5.294322
464	 13	 13	 1	 0.000001	 -1	 0.000000	 6.041645
465	 13	 13	 1	 0.000001	 -1	 0.000000	 6.085802
466	 13	 13	 1	 0.000001	 -1	 0.000000	 6.408331
467	 13	 13	 1	 0.000002	 -1	 0.000000	 5.331982
468	 13	 13	 1	 0.000001	 -1	 0.000000	 6.496078
469	 13	 13	 1	 0.000001	 -1	 0.000000	 5.893765
470	 13	 13	 1	 0.000001	 -1	 0.000000	 5.969039
471	 13	 13	 1	 0.000002	 -1	 0.000000	 5.848059
472	 13	 13	 1	 0.000001	 -1	 0.000000	 5.876723
473	 13	 13	 1	 0.000001	 -1	 0.000000	 6.038084
474	 13	 13	 1	 0.000002	 -1	 0.000000	 5.711321
475	 13	 13	 1	 0.000001	 -1	 0.000000	 6.055913
476	 13	 13	 1	 0.000001	 -1	 0.000000	 7.286878
477	 13	 13	 1	 0.000001	 -1	 0.000000	 5.816483
478	 13	 13	 1	 0.000001	 -1	 0.000000	 6.097641
479	 13	 13	 1	 0.000001	 -1	 0.000000	 6.134092
485	 13	 13	 1	 0.000002	 -1	 0.000000	 5.296484
486	 13	 13	 1	 0.000001	 -1	 0.000000	 6.263836
487	 13	 13	 1	 0.000001	 -1	 0.000000	 5.564602
488	 13	 13	 1	 0.000002	 -1	 0.000000	 5.325253
489	 13	 13	 1	 0.000002	 -1	 0.000000	 5.613103
493	 13	 13	 1	 0.000001	 -1	 0.000000	 6.238691
494	 13	 13	 1	 0.000002	 -1	 0.000000	 5.492164
495	 13	 13	 1	 0.000001	 -1	 0.000000	 6.713131
496	 13	 13	 1	 0.000002	 -1	 0.000000	 5.947631
499	 13	 13	 0	 400.757038	 -1	 0.000000	 5.750306
>>> gr_fir_ccf: using E
>>> gr_fir_fff: using E
gr_buffer::allocate_buffer: warning: tried to allocate
   30 items of size 2160. Due to alignment requirements
   256 were allocated.  If this isn't OK, consider padding
   your structure to a power-of-two bytes.
   On this platform, our allocation granularity is 4096 bytes.
>>> gr_fir_ccf: using E
>>> gr_fir_fff: using E
gr_buffer::allocate_buffer: warning: tried to allocate
   30 items of size 2160. Due to alignment requirements
   256 were allocated.  If this isn't OK, consider padding
   your structure to a power-of-two bytes.
   On this platform, our allocation granularity is 4096 bytes.
0	 5	 5	 1	 0.005569	 -1	 0.000000	 5.362296
1	 5	 5	 1	 0.004433	 -1	 0.000000	 5.998386
2	 5	 5	 1	 0.005295	 -1	 0.000000	 5.716715
3	 5	 5	 1	 0.000923	 -1	 0.000000	 6.288898
4	 5	 5	 1	 0.004387	 -1	 0.000000	 5.715426
5	 5	 5	 1	 0.004186	 -1	 0.000000	 5.777078
6	 5	 5	 1	 0.005164	 -1	 0.000000	 5.529326
7	 5	 5	 1	 0.007334	 -1	 0.000000	 5.267167
8	 5	 5	 1	 0.003513	 -1	 0.000000	 6.189342
9	 5	 5	 1	 20.775256	 -1	 0.000000	 6.485636
10	 5	 5	 1	 0.004581	 -1	 0.000000	 5.768141
11	 5	 5	 1	 0.005712	 -1	 0.000000	 5.875448
12	 5	 5	 1	 0.004690	 -1	 0.000000	 5.512790
13	 5	 5	 1	 0.006481	 -1	 0.000000	 5.437905
14	 5	 5	 1	 0.005764	 -1	 0.000000	 5.764975
15	 5	 5	 1	 0.003102	 -1	 0.000000	 5.675061
16	 5	 5	 1	 0.007500	 -1	 0.000000	 5.361778
17	 5	 5	 1	 0.000873	 -1	 0.000000	 6.622723
18	 5	 5	 1	 0.004959	 -1	 0.000000	 5.649263
19	 5	 5	 1	 0.003306	 -1	 0.000000	 5.782114
20	 5	 5	 1	 0.003187	 -1	 0.000000	 5.862699
21	 5	 5	 1	 0.003992	 -1	 0.000000	 6.123538
22	 5	 5	 1	 8.583466	 -1	 0.000000	 6.805233
23	 5	 5	 1	 0.004751	 -1	 0.000000	 6.038205
24	 5	 5	 1	 0.001447	 -1	 0.000000	 5.517465
25	 5	 5	 1	 0.003290	 -1	 0.000000	 6.379460
26	 5	 5	 1	 76.193811	 -1	 0.000000	 7.522194
27	 5	 5	 1	 0.002833	 -1	 0.000000	 5.953894
28	 5	 5	 1	 0.004035	 -1	 0.000000	 5.981822
29	 5	 5	 1	 0.003342	 -1	 0.000000	 6.151685
30	 5	 5	 1	 0.004117	 -1	 0.000000	 5.892137
31	 5	 5	 1	 0.005338	 -1	 0.000000	 5.835710
32	 5	 5	 1	 0.004555	 -1	 0.000000	 5.596723
33	 5	 5	 1	 0.001585	 -1	 0.000000	 6.095707
34	 5	 5	 1	 69.182979	 -1	 0.000000	 6.453950
35	 5	 5	 1	 0.005840	 -1	 0.000000	 5.584943
36	 5	 5	 1	 0.002774	 -1	 0.000000	 6.074695
37	 5	 5	 1	 14.295987	 -1	 0.000000	 6.199541
38	 5	 5	 1	 0.005681	 -1	 0.000000	 5.717396
39	 5	 5	 1	 0.004003	 -1	 0.000000	 5.994910
40	 5	 5	 1	 0.005698	 -1	 0.000000	 5.619236
41	 5	 5	 1	 0.003621	 -1	 0.000000	 6.127938
42	 5	 5	 0	 355.193535	 -1	 0.000000	 8.181863
43	 5	 5	 1	 0.003073	 -1	 0.000000	 5.940773
44	 5	 5	 1	 0.004076	 -1	 0.000000	 5.627935
45	 5	 5	 1	 0.003424	 -1	 0.000000	 6.067224
3906	 10	 10	 0	 478.661569	 -1	 0.000000	 9.252717
46	 5	 5	 1	 0.005470	 -1	 0.000000	 5.503388
47	 5	 5	 1	 0.003689	 -1	 0.000000	 6.030219
48	 5	 5	 1	 0.001434	 -1	 0.000000	 6.081104
49	 5	 5	 1	 0.006249	 -1	 0.000000	 5.550610
50	 5	 5	 1	 0.003955	 -1	 0.000000	 6.264952
51	 5	 5	 1	 0.003574	 -1	 0.000000	 6.308625
52	 5	 5	 1	 0.004954	 -1	 0.000000	 5.741934
53	 5	 5	 0	 261.971094	 -1	 0.000000	 6.290965
54	 5	 5	 1	 0.004405	 -1	 0.000000	 5.587062
55	 5	 5	 0	 318.680765	 -1	 0.000000	 6.574038
56	 5	 5	 1	 0.005705	 -1	 0.000000	 5.302619
57	 5	 5	 1	 0.008033	 -1	 0.000000	 5.408483
58	 5	 5	 1	 0.004276	 -1	 0.000000	 5.630114
59	 5	 5	 1	 0.004111	 -1	 0.000000	 5.873784
60	 5	 5	 1	 0.005533	 -1	 0.000000	 5.963762
61	 5	 5	 1	 0.003379	 -1	 0.000000	 6.262372
62	 5	 5	 1	 0.005300	 -1	 0.000000	 5.609539
63	 5	 5	 1	 0.002864	 -1	 0.000000	 5.762815
64	 5	 5	 1	 0.005315	 -1	 0.000000	 5.980078
>>> gr_fir_ccf: using E
>>> gr_fir_fff: using E
gr_buffer::allocate_buffer: warning: tried to allocate
   30 items of size 2160. Due to alignment requirements
   256 were allocated.  If this isn't OK, consider padding
   your structure to a power-of-two bytes.
   On this platform, our allocation granularity is 4096 bytes.
81	 5	 5	 1	 0.007587	 -1	 0.000000	 5.186367
82	 5	 5	 1	 0.003442	 -1	 0.000000	 6.626033
83	 5	 5	 1	 0.003968	 -1	 0.000000	 5.654035
84	 5	 5	 1	 0.004736	 -1	 0.000000	 5.567123
86	 5	 5	 0	 284.419565	 -1	 0.000000	 6.213618
87	 5	 5	 1	 0.004296	 -1	 0.000000	 5.567689
88	 5	 5	 1	 0.003390	 -1	 0.000000	 5.906497
89	 5	 5	 1	 0.003557	 -1	 0.000000	 6.379798
90	 5	 5	 1	 0.006568	 -1	 0.000000	 5.344934
91	 5	 5	 1	 0.005429	 -1	 0.000000	 5.677370
92	 5	 5	 1	 0.002968	 -1	 0.000000	 6.132765
93	 5	 5	 1	 0.003622	 -1	 0.000000	 5.715030
94	 5	 5	 1	 0.004100	 -1	 0.000000	 6.012890
95	 5	 5	 1	 0.003584	 -1	 0.000000	 5.738795
96	 5	 5	 1	 0.004430	 -1	 0.000000	 6.025172
97	 5	 5	 1	 0.003545	 -1	 0.000000	 5.705242
98	 5	 5	 1	 0.000571	 -1	 0.000000	 7.503685
99	 5	 5	 1	 0.003618	 -1	 0.000000	 5.929655
100	 5	 5	 1	 0.005606	 -1	 0.000000	 5.425042
101	 5	 5	 1	 0.003457	 -1	 0.000000	 6.041790
102	 5	 5	 0	 333.172358	 -1	 0.000000	 9.246571
103	 5	 5	 1	 0.006116	 -1	 0.000000	 5.255948
104	 5	 5	 1	 0.004854	 -1	 0.000000	 5.851402
105	 5	 5	 1	 0.004452	 -1	 0.000000	 5.618307
106	 5	 5	 1	 0.004048	 -1	 0.000000	 6.186146
107	 5	 5	 1	 0.003597	 -1	 0.000000	 5.693039
108	 5	 5	 1	 0.005213	 -1	 0.000000	 5.752455
109	 5	 5	 1	 59.246315	 -1	 0.000000	 6.341026
110	 5	 5	 1	 81.724575	 -1	 0.000000	 6.906444
111	 5	 5	 1	 0.004855	 -1	 0.000000	 5.751145
112	 5	 5	 1	 0.002198	 -1	 0.000000	 5.924796
113	 5	 5	 1	 0.005937	 -1	 0.000000	 5.411363
114	 5	 5	 1	 0.005577	 -1	 0.000000	 5.552228
115	 5	 5	 0	 317.149950	 -1	 0.000000	 6.224634
116	 5	 5	 1	 0.005212	 -1	 0.000000	 5.682954
118	 5	 5	 1	 69.289884	 -1	 0.000000	 6.936279
119	 5	 5	 1	 0.004273	 -1	 0.000000	 5.558691
120	 5	 5	 1	 0.002466	 -1	 0.000000	 6.772145
121	 5	 5	 1	 0.000982	 -1	 0.000000	 6.698318
122	 5	 5	 1	 47.816034	 -1	 0.000000	 6.548253
123	 5	 5	 1	 0.003874	 -1	 0.000000	 5.970444
124	 5	 5	 1	 0.004419	 -1	 0.000000	 5.770000
125	 5	 5	 1	 0.004060	 -1	 0.000000	 5.736315
126	 5	 5	 1	 0.003148	 -1	 0.000000	 5.880224
127	 5	 5	 0	 208.548411	 -1	 0.000000	 6.446769
128	 5	 5	 1	 139.997123	 -1	 0.000000	 6.495740
129	 5	 5	 1	 158.442134	 -1	 0.000000	 6.707936
130	 5	 5	 1	 0.002808	 -1	 0.000000	 6.689188
131	 5	 5	 1	 71.790007	 -1	 0.000000	 7.692144
132	 5	 5	 1	 0.004521	 -1	 0.000000	 5.248586
133	 5	 5	 1	 0.004887	 -1	 0.000000	 5.705876
134	 5	 5	 1	 0.004171	 -1	 0.000000	 5.637497
135	 5	 5	 1	 0.004437	 -1	 0.000000	 6.195758
136	 5	 5	 0	 323.907735	 -1	 0.000000	 10.070696
137	 5	 5	 1	 0.001833	 -1	 0.000000	 5.503344
138	 5	 5	 1	 0.004009	 -1	 0.000000	 5.691551
139	 5	 5	 1	 0.005323	 -1	 0.000000	 5.545472
140	 5	 5	 1	 0.004338	 -1	 0.000000	 5.898142
141	 5	 5	 1	 0.003040	 -1	 0.000000	 5.866232
142	 5	 5	 1	 0.004783	 -1	 0.000000	 5.578756
143	 5	 5	 1	 0.002944	 -1	 0.000000	 6.177657
144	 5	 5	 1	 0.007900	 -1	 0.000000	 5.256641
145	 5	 5	 1	 0.007567	 -1	 0.000000	 5.531952
146	 5	 5	 1	 0.002092	 -1	 0.000000	 6.129473
147	 5	 5	 1	 0.003926	 -1	 0.000000	 5.723745
148	 5	 5	 1	 0.002189	 -1	 0.000000	 5.376339
149	 5	 5	 1	 0.002664	 -1	 0.000000	 6.199430
150	 5	 5	 1	 0.000876	 -1	 0.000000	 6.608563
151	 5	 5	 1	 0.006025	 -1	 0.000000	 5.105388
152	 5	 5	 1	 0.005033	 -1	 0.000000	 5.713683
153	 5	 5	 1	 0.004243	 -1	 0.000000	 5.841190
154	 5	 5	 1	 0.001285	 -1	 0.000000	 5.911351
155	 5	 5	 1	 0.006252	 -1	 0.000000	 5.436203
156	 5	 5	 1	 0.003052	 -1	 0.000000	 6.022131
157	 5	 5	 1	 0.005155	 -1	 0.000000	 5.781021
158	 5	 5	 1	 0.006013	 -1	 0.000000	 5.550831
159	 5	 5	 0	 331.360771	 -1	 0.000000	 6.899872
160	 5	 5	 0	 366.926296	 -1	 0.000000	 18.916864
161	 5	 5	 1	 0.003591	 -1	 0.000000	 5.840409
162	 5	 5	 1	 0.003396	 -1	 0.000000	 6.168518
163	 5	 5	 1	 0.005338	 -1	 0.000000	 5.595641
165	 5	 5	 1	 1.160408	 -1	 0.000000	 9.250442
166	 5	 5	 1	 0.003791	 -1	 0.000000	 5.602198
167	 5	 5	 1	 0.003901	 -1	 0.000000	 5.727889
168	 5	 5	 1	 0.000955	 -1	 0.000000	 6.220852
169	 5	 5	 1	 0.004327	 -1	 0.000000	 5.443038
170	 5	 5	 1	 0.004133	 -1	 0.000000	 5.743793
171	 5	 5	 1	 0.005954	 -1	 0.000000	 5.651333
172	 5	 5	 1	 0.002784	 -1	 0.000000	 6.505917
173	 5	 5	 1	 0.005748	 -1	 0.000000	 5.737937
174	 5	 5	 1	 0.006232	 -1	 0.000000	 5.603038
58	 7	 7	 0	 446.468030	 -1	 0.000000	 3.673415
175	 5	 5	 0	 311.010505	 -1	 0.000000	 7.300057
176	 5	 5	 1	 0.003440	 -1	 0.000000	 5.800463
177	 5	 5	 1	 0.005676	 -1	 0.000000	 5.453696
178	 5	 5	 1	 0.005787	 -1	 0.000000	 5.363653
179	 5	 5	 1	 0.007726	 -1	 0.000000	 5.480265
180	 5	 5	 1	 0.005428	 -1	 0.000000	 5.304214
181	 5	 5	 1	 47.987546	 -1	 0.000000	 7.047957
182	 5	 5	 1	 94.828336	 -1	 0.000000	 6.964750
183	 5	 5	 0	 362.065081	 -1	 0.000000	 10.783625
184	 5	 5	 1	 0.002579	 -1	 0.000000	 5.287860
185	 5	 5	 1	 0.003584	 -1	 0.000000	 5.793788
186	 5	 5	 1	 0.003354	 -1	 0.000000	 5.747694
187	 5	 5	 1	 0.003646	 -1	 0.000000	 5.841939
188	 5	 5	 1	 0.004520	 -1	 0.000000	 5.759764
189	 5	 5	 1	 0.002962	 -1	 0.000000	 5.984834
190	 5	 5	 1	 0.006093	 -1	 0.000000	 5.428572
191	 5	 5	 1	 0.004556	 -1	 0.000000	 6.220149
192	 5	 5	 1	 0.002071	 -1	 0.000000	 5.706571
193	 5	 5	 1	 0.003926	 -1	 0.000000	 5.841574
194	 5	 5	 1	 0.000648	 -1	 0.000000	 6.772313
195	 5	 5	 1	 197.877667	 -1	 0.000000	 7.029347
196	 5	 5	 1	 0.006328	 -1	 0.000000	 5.465589
197	 5	 5	 1	 0.003764	 -1	 0.000000	 6.150878
198	 5	 5	 1	 0.006770	 -1	 0.000000	 5.524422
207	 5	 5	 0	 377.348556	 -1	 0.000000	 10.439105
200	 5	 5	 1	 0.001416	 -1	 0.000000	 5.625007
201	 5	 5	 1	 0.005551	 -1	 0.000000	 5.589601
202	 5	 5	 1	 0.007294	 -1	 0.000000	 5.157814
203	 5	 5	 1	 0.005115	 -1	 0.000000	 5.375588
204	 5	 5	 1	 0.005627	 -1	 0.000000	 5.304985
205	 5	 5	 1	 80.307799	 -1	 0.000000	 6.473051
206	 5	 5	 1	 0.005004	 -1	 0.000000	 5.654752
207	 5	 5	 1	 0.005588	 -1	 0.000000	 5.278513
208	 5	 5	 1	 0.003962	 -1	 0.000000	 6.162804
209	 5	 5	 0	 371.003739	 -1	 0.000000	 13.319766
210	 5	 5	 1	 172.128242	 -1	 0.000000	 6.328305
211	 5	 5	 1	 0.007166	 -1	 0.000000	 5.311473
212	 5	 5	 0	 261.219821	 -1	 0.000000	 6.196930
213	 5	 5	 1	 0.003513	 -1	 0.000000	 5.772681
214	 5	 5	 1	 0.004285	 -1	 0.000000	 5.713977
215	 5	 5	 1	 0.005012	 -1	 0.000000	 5.860298
216	 5	 5	 1	 57.329399	 -1	 0.000000	 7.358009
217	 5	 5	 1	 0.004679	 -1	 0.000000	 5.445726
218	 5	 5	 1	 0.004423	 -1	 0.000000	 5.866302
219	 5	 5	 1	 0.004719	 -1	 0.000000	 5.473867
220	 5	 5	 1	 0.004873	 -1	 0.000000	 5.527722
221	 5	 5	 1	 0.005918	 -1	 0.000000	 5.148967
222	 5	 5	 1	 0.001031	 -1	 0.000000	 6.457921
223	 5	 5	 1	 14.493906	 -1	 0.000000	 6.497207
224	 5	 5	 1	 0.003340	 -1	 0.000000	 5.764946
225	 5	 5	 1	 0.005535	 -1	 0.000000	 6.031984
226	 5	 5	 1	 0.006339	 -1	 0.000000	 5.739640
227	 5	 5	 1	 0.005485	 -1	 0.000000	 5.503323
228	 5	 5	 1	 0.003335	 -1	 0.000000	 5.811075
229	 5	 5	 1	 0.002851	 -1	 0.000000	 6.392434
230	 5	 5	 1	 178.610507	 -1	 0.000000	 7.063548
231	 5	 5	 1	 0.005627	 -1	 0.000000	 5.683841
232	 5	 5	 1	 0.003629	 -1	 0.000000	 5.983030
233	 5	 5	 1	 0.005615	 -1	 0.000000	 6.022874
234	 5	 5	 1	 0.002297	 -1	 0.000000	 6.151151
235	 5	 5	 1	 0.001011	 -1	 0.000000	 6.341008
236	 5	 5	 1	 0.004159	 -1	 0.000000	 5.967881
237	 5	 5	 1	 0.006352	 -1	 0.000000	 5.562247
238	 5	 5	 1	 0.002715	 -1	 0.000000	 6.040550
239	 5	 5	 1	 0.000803	 -1	 0.000000	 6.594072
240	 5	 5	 1	 0.002323	 -1	 0.000000	 6.264651
241	 5	 5	 1	 0.004113	 -1	 0.000000	 5.848981
242	 5	 5	 1	 0.006938	 -1	 0.000000	 5.948890
243	 5	 5	 1	 0.003860	 -1	 0.000000	 6.010510
244	 5	 5	 1	 0.004493	 -1	 0.000000	 5.724579
245	 5	 5	 1	 0.011360	 -1	 0.000000	 5.069955
246	 5	 5	 1	 0.005751	 -1	 0.000000	 5.536058
247	 5	 5	 0	 383.354849	 -1	 0.000000	 7.858822
248	 5	 5	 1	 0.003371	 -1	 0.000000	 6.024550
249	 5	 5	 0	 240.537336	 -1	 0.000000	 6.974216
250	 5	 5	 1	 0.003566	 -1	 0.000000	 5.764252
252	 5	 5	 1	 0.006825	 -1	 0.000000	 5.226581
532	 10	 10	 0	 473.680913	 -1	 0.000000	 9.364849
253	 5	 5	 1	 0.001487	 -1	 0.000000	 5.563182
254	 5	 5	 1	 0.002711	 -1	 0.000000	 6.589406
256	 5	 5	 1	 0.000991	 -1	 0.000000	 6.538135
257	 5	 5	 1	 0.004712	 -1	 0.000000	 5.883267
258	 5	 5	 1	 0.001482	 -1	 0.000000	 5.555219
259	 5	 5	 0	 135.025142	 -1	 0.000000	 6.271362
260	 5	 5	 1	 0.005455	 -1	 0.000000	 5.725985
261	 5	 5	 1	 0.002251	 -1	 0.000000	 6.308641
262	 5	 5	 1	 0.006158	 -1	 0.000000	 5.603828
263	 5	 5	 1	 0.002700	 -1	 0.000000	 6.423581
265	 5	 5	 1	 0.003077	 -1	 0.000000	 6.188670
266	 5	 5	 1	 0.004270	 -1	 0.000000	 5.831674
2081	 10	 10	 0	 478.061773	 -1	 0.000000	 3.720491
267	 5	 5	 1	 0.005237	 -1	 0.000000	 5.387762
268	 5	 5	 1	 0.018932	 -1	 0.000000	 6.271773
269	 5	 5	 1	 0.001526	 -1	 0.000000	 6.062237
270	 5	 5	 1	 0.005209	 -1	 0.000000	 5.620719
271	 5	 5	 1	 0.005263	 -1	 0.000000	 5.824853
272	 5	 5	 1	 0.073909	 -1	 0.000000	 7.120882
273	 5	 5	 1	 0.004153	 -1	 0.000000	 5.944008
274	 5	 5	 1	 0.005511	 -1	 0.000000	 5.411085
676	 5	 5	 0	 432.069700	 -1	 0.000000	 2.820726
275	 5	 5	 1	 0.004420	 -1	 0.000000	 5.855405
276	 5	 5	 1	 0.004340	 -1	 0.000000	 5.947200
277	 5	 5	 1	 0.000810	 -1	 0.000000	 6.545194
300	 5	 5	 1	 0.007407	 -1	 0.000000	 5.389920
301	 5	 5	 1	 0.679540	 -1	 0.000000	 6.596570
302	 5	 5	 1	 0.006867	 -1	 0.000000	 5.252310
303	 5	 5	 1	 0.003418	 -1	 0.000000	 6.127453
304	 5	 5	 1	 0.003052	 -1	 0.000000	 5.989231
311	 5	 5	 1	 0.003152	 -1	 0.000000	 6.055427
312	 5	 5	 1	 0.005578	 -1	 0.000000	 5.614424
313	 5	 5	 1	 0.005409	 -1	 0.000000	 5.833710
314	 5	 5	 1	 0.004155	 -1	 0.000000	 5.716262
315	 5	 5	 1	 213.874758	 -1	 0.000000	 7.469648
316	 5	 5	 1	 0.003441	 -1	 0.000000	 5.928288
317	 5	 5	 1	 0.002793	 -1	 0.000000	 6.476427
318	 5	 5	 1	 0.005511	 -1	 0.000000	 5.777195
319	 5	 5	 1	 0.001123	 -1	 0.000000	 6.114683
320	 5	 5	 1	 0.004576	 -1	 0.000000	 5.990806
321	 5	 5	 1	 0.003182	 -1	 0.000000	 5.672214
322	 5	 5	 1	 0.004333	 -1	 0.000000	 5.824432
323	 5	 5	 1	 0.002812	 -1	 0.000000	 6.138770
324	 5	 5	 1	 0.003239	 -1	 0.000000	 6.089914
325	 5	 5	 1	 0.003485	 -1	 0.000000	 6.429044
326	 5	 5	 1	 49.341929	 -1	 0.000000	 7.133029
327	 5	 5	 1	 0.004803	 -1	 0.000000	 5.532003
328	 5	 5	 1	 0.001572	 -1	 0.000000	 7.192576
329	 5	 5	 1	 0.003430	 -1	 0.000000	 6.328341
330	 5	 5	 1	 0.002872	 -1	 0.000000	 6.369759
331	 5	 5	 1	 0.004230	 -1	 0.000000	 5.881130
332	 5	 5	 1	 0.005728	 -1	 0.000000	 6.110124
333	 5	 5	 1	 0.001234	 -1	 0.000000	 6.176360
334	 5	 5	 1	 0.003739	 -1	 0.000000	 6.006507
335	 5	 5	 1	 0.003728	 -1	 0.000000	 5.926004
336	 5	 5	 1	 0.003400	 -1	 0.000000	 5.802841
337	 5	 5	 1	 0.012032	 -1	 0.000000	 6.824490
338	 5	 5	 1	 0.003698	 -1	 0.000000	 5.897035
339	 5	 5	 1	 0.007409	 -1	 0.000000	 5.355989
309	 5	 5	 1	 0.003053	 -1	 0.000000	 5.952110
340	 5	 5	 1	 0.003548	 -1	 0.000000	 6.194473
341	 5	 5	 1	 0.004818	 -1	 0.000000	 5.600278
3376	 5	 5	 0	 419.301003	 -1	 0.000000	 9.825378
342	 5	 5	 1	 13.484598	 -1	 0.000000	 6.598325
343	 5	 5	 1	 0.003856	 -1	 0.000000	 5.778144
344	 5	 5	 1	 158.719676	 -1	 0.000000	 6.019376
345	 5	 5	 1	 0.463069	 -1	 0.000000	 8.832848
346	 5	 5	 1	 0.004924	 -1	 0.000000	 5.512006
347	 5	 5	 1	 0.003541	 -1	 0.000000	 6.146739
348	 5	 5	 0	 228.343276	 -1	 0.000000	 6.578203
349	 5	 5	 1	 0.004042	 -1	 0.000000	 5.768666
350	 5	 5	 0	 140.557618	 -1	 0.000000	 6.047852
352	 5	 5	 1	 0.002917	 -1	 0.000000	 6.312764
353	 5	 5	 1	 0.001540	 -1	 0.000000	 5.719715
354	 5	 5	 1	 0.003787	 -1	 0.000000	 5.725761
355	 5	 5	 1	 0.004275	 -1	 0.000000	 5.616685
357	 5	 5	 1	 0.006221	 -1	 0.000000	 5.433293
358	 5	 5	 0	 224.392303	 -1	 0.000000	 5.985708
359	 5	 5	 1	 0.004017	 -1	 0.000000	 6.061187
3455	 11	 11	 0	 455.621626	 -1	 0.000000	 2.420092
360	 5	 5	 1	 0.001218	 -1	 0.000000	 6.134544
371	 5	 5	 1	 0.005305	 -1	 0.000000	 5.463562
372	 5	 5	 1	 0.003919	 -1	 0.000000	 5.994662
373	 5	 5	 1	 0.007673	 -1	 0.000000	 5.341256
374	 5	 5	 1	 0.005705	 -1	 0.000000	 5.502952
376	 5	 5	 1	 0.006816	 -1	 0.000000	 5.280545
377	 5	 5	 1	 0.004788	 -1	 0.000000	 5.461286
378	 5	 5	 1	 19.581946	 -1	 0.000000	 7.424071
380	 5	 5	 1	 0.020976	 -1	 0.000000	 6.976891
381	 5	 5	 1	 0.003025	 -1	 0.000000	 5.848025
382	 5	 5	 1	 0.013302	 -1	 0.000000	 5.134154
383	 5	 5	 1	 0.005708	 -1	 0.000000	 5.615731
384	 5	 5	 1	 0.002837	 -1	 0.000000	 6.039974
385	 5	 5	 1	 0.003183	 -1	 0.000000	 6.263541
2244	 11	 11	 0	 461.642432	 -1	 0.000000	 5.147683
386	 5	 5	 1	 0.000577	 -1	 0.000000	 7.712717
387	 5	 5	 1	 0.003174	 -1	 0.000000	 6.325854
388	 5	 5	 1	 0.000882	 -1	 0.000000	 7.075622
389	 5	 5	 1	 0.001472	 -1	 0.000000	 5.685236
390	 5	 5	 1	 0.007865	 -1	 0.000000	 5.448927
391	 5	 5	 1	 0.004342	 -1	 0.000000	 5.864998
392	 5	 5	 1	 0.003807	 -1	 0.000000	 6.046947
393	 5	 5	 1	 0.000982	 -1	 0.000000	 6.846418
1579	 3	 3	 0	 486.819369	 -1	 0.000000	 3.548980
394	 5	 5	 0	 482.766328	 -1	 0.000000	 5.602629
395	 5	 5	 1	 0.003670	 -1	 0.000000	 5.750771
396	 5	 5	 1	 0.004729	 -1	 0.000000	 5.704972
397	 5	 5	 1	 0.004764	 -1	 0.000000	 6.184288
398	 5	 5	 1	 0.002794	 -1	 0.000000	 5.918823
399	 5	 5	 1	 0.003837	 -1	 0.000000	 5.902378
400	 5	 5	 1	 0.003585	 -1	 0.000000	 6.277747
405	 5	 5	 1	 0.003799	 -1	 0.000000	 5.295588
406	 5	 5	 1	 0.006090	 -1	 0.000000	 5.771514
407	 5	 5	 1	 0.003051	 -1	 0.000000	 5.470425
408	 5	 5	 1	 0.005202	 -1	 0.000000	 6.272563
409	 5	 5	 1	 0.002978	 -1	 0.000000	 5.455621
410	 5	 5	 1	 0.001663	 -1	 0.000000	 6.446389
411	 5	 5	 0	 346.277033	 -1	 0.000000	 5.964435
412	 5	 5	 1	 0.003462	 -1	 0.000000	 5.329895
413	 5	 5	 1	 0.009363	 -1	 0.000000	 5.875740
414	 5	 5	 1	 0.004488	 -1	 0.000000	 5.445999
415	 5	 5	 1	 0.005297	 -1	 0.000000	 5.629326
416	 5	 5	 1	 0.003456	 -1	 0.000000	 7.365827
417	 5	 5	 0	 250.133567	 -1	 0.000000	 5.616805
418	 5	 5	 1	 0.004950	 -1	 0.000000	 5.828321
419	 5	 5	 1	 0.004359	 -1	 0.000000	 6.026853
420	 5	 5	 1	 0.003162	 -1	 0.000000	 6.597868
421	 5	 5	 1	 0.001248	 -1	 0.000000	 5.997426
422	 5	 5	 1	 0.004084	 -1	 0.000000	 5.955359
423	 5	 5	 1	 0.004740	 -1	 0.000000	 6.255938
424	 5	 5	 1	 0.207576	 -1	 0.000000	 5.648053
425	 5	 5	 1	 0.004335	 -1	 0.000000	 5.388315
426	 5	 5	 1	 0.005443	 -1	 0.000000	 5.443925
427	 5	 5	 1	 0.007101	 -1	 0.000000	 5.700839
428	 5	 5	 1	 0.005507	 -1	 0.000000	 5.132462
429	 5	 5	 1	 0.006618	 -1	 0.000000	 5.835218
430	 5	 5	 1	 0.004997	 -1	 0.000000	 7.904748
431	 5	 5	 1	 0.000626	 -1	 0.000000	 5.514820
432	 5	 5	 1	 0.003716	 -1	 0.000000	 5.926420
433	 5	 5	 1	 0.003858	 -1	 0.000000	 5.884378
451	 5	 5	 1	 0.003051	 -1	 0.000000	 6.409037
452	 5	 5	 0	 376.982176	 -1	 0.000000	 5.623842
453	 5	 5	 1	 0.005491	 -1	 0.000000	 5.948522
454	 5	 5	 1	 0.003437	 -1	 0.000000	 6.294676
455	 5	 5	 1	 0.001452	 -1	 0.000000	 5.844011
456	 5	 5	 1	 0.003833	 -1	 0.000000	 6.283865
457	 5	 5	 1	 0.002889	 -1	 0.000000	 5.407303
458	 5	 5	 1	 0.006067	 -1	 0.000000	 6.222196
460	 5	 5	 0	 457.694951	 -1	 0.000000	 5.428622
461	 5	 5	 1	 0.004665	 -1	 0.000000	 5.588681
462	 5	 5	 1	 0.007437	 -1	 0.000000	 5.766799
463	 5	 5	 1	 0.003966	 -1	 0.000000	 5.965184
464	 5	 5	 1	 0.005122	 -1	 0.000000	 5.851177
465	 5	 5	 1	 0.003528	 -1	 0.000000	 5.638334
466	 5	 5	 1	 0.004838	 -1	 0.000000	 6.337366
467	 5	 5	 1	 0.004395	 -1	 0.000000	 5.557521
468	 5	 5	 1	 0.003608	 -1	 0.000000	 6.990673
469	 5	 5	 1	 92.445077	 -1	 0.000000	 5.299951
470	 5	 5	 1	 0.005253	 -1	 0.000000	 5.674645
471	 5	 5	 1	 0.004384	 -1	 0.000000	 6.195105
472	 5	 5	 1	 0.003950	 -1	 0.000000	 5.432557
473	 5	 5	 1	 0.003617	 -1	 0.000000	 6.328506
474	 5	 5	 1	 0.002582	 -1	 0.000000	 5.660851
475	 5	 5	 1	 0.004558	 -1	 0.000000	 5.748302
476	 5	 5	 1	 0.003972	 -1	 0.000000	 5.760687
477	 5	 5	 1	 0.005389	 -1	 0.000000	 6.300437
478	 5	 5	 1	 0.002354	 -1	 0.000000	 7.920790
479	 5	 5	 1	 106.238211	 -1	 0.000000	 6.333719
498	 5	 5	 1	 170.959206	 -1	 0.000000	 6.235294
499	 5	 5	 1	 0.003117	 -1	 0.000000	 5.773252
0	 5	 5	 1	 0.003917	 -1	 0.000000	 5.592952
1	 5	 5	 1	 0.004944	 -1	 0.000000	 5.654232
2	 5	 5	 1	 0.005142	 -1	 0.000000	 8.289608
3	 5	 5	 1	 0.034926	 -1	 0.000000	 5.727271
4	 5	 5	 1	 0.004341	 -1	 0.000000	 5.726544
5	 5	 5	 1	 0.003779	 -1	 0.000000	 5.323333
6	 5	 5	 1	 0.002843	 -1	 0.000000	 5.425944
7	 5	 5	 1	 0.004307	 -1	 0.000000	 5.833941
8	 5	 5	 1	 0.003553	 -1	 0.000000	 5.995144
9	 5	 5	 0	 267.852615	 -1	 0.000000	 6.139699
10	 5	 5	 1	 0.003255	 -1	 0.000000	 5.821440
11	 5	 5	 1	 0.005405	 -1	 0.000000	 6.059238
12	 5	 5	 1	 0.002078	 -1	 0.000000	 6.266015
13	 5	 5	 1	 0.003243	 -1	 0.000000	 5.850022
14	 5	 5	 1	 0.005085	 -1	 0.000000	 5.740082
15	 5	 5	 1	 0.003987	 -1	 0.000000	 5.584706
16	 5	 5	 1	 0.004169	 -1	 0.000000	 5.773078
17	 5	 5	 1	 0.003309	 -1	 0.000000	 5.542435
18	 5	 5	 1	 0.004510	 -1	 0.000000	 6.052646
19	 5	 5	 1	 0.002998	 -1	 0.000000	 6.012178
20	 5	 5	 1	 0.003127	 -1	 0.000000	 5.558065
21	 5	 5	 1	 0.006513	 -1	 0.000000	 5.932121
22	 5	 5	 1	 0.003418	 -1	 0.000000	 9.332097
24	 5	 5	 0	 345.160011	 -1	 0.000000	 6.254054
25	 5	 5	 0	 211.724769	 -1	 0.000000	 5.940219
26	 5	 5	 1	 0.004072	 -1	 0.000000	 5.560789
27	 5	 5	 1	 0.004873	 -1	 0.000000	 6.689318
38	 5	 5	 0	 467.748600	 -1	 0.000000	 6.579755
39	 5	 5	 1	 100.145242	 -1	 0.000000	 6.543230
40	 5	 5	 1	 67.082390	 -1	 0.000000	 5.603811
41	 5	 5	 1	 0.004830	 -1	 0.000000	 5.149477
42	 5	 5	 1	 0.005032	 -1	 0.000000	 5.817729
43	 5	 5	 1	 0.003905	 -1	 0.000000	 5.621826
44	 5	 5	 1	 0.005766	 -1	 0.000000	 6.624687
45	 5	 5	 1	 0.001192	 -1	 0.000000	 6.110848
46	 5	 5	 1	 0.003585	 -1	 0.000000	 5.861242
47	 5	 5	 1	 0.001540	 -1	 0.000000	 6.339896
48	 5	 5	 1	 0.000974	 -1	 0.000000	 6.273685
49	 5	 5	 0	 364.116844	 -1	 0.000000	 5.980728
50	 5	 5	 1	 0.006962	 -1	 0.000000	 5.739655
51	 5	 5	 1	 0.004417	 -1	 0.000000	 6.346499
1047	 11	 11	 0	 335.510597	 -1	 0.000000	 4.587464
52	 5	 5	 0	 467.861738	 -1	 0.000000	 5.449702
53	 5	 5	 1	 0.007671	 -1	 0.000000	 6.724554
54	 5	 5	 0	 296.964352	 -1	 0.000000	 6.344384
55	 5	 5	 0	 327.163270	 -1	 0.000000	 5.306501
56	 5	 5	 1	 0.005500	 -1	 0.000000	 6.848164
57	 5	 5	 1	 0.000838	 -1	 0.000000	 6.143846
2096	 7	 7	 1	 258.301410	 -1	 0.000000	 9.037514
58	 5	 5	 0	 447.362477	 -1	 0.000000	 5.292144
59	 5	 5	 1	 0.006900	 -1	 0.000000	 5.841253
60	 5	 5	 1	 0.004217	 -1	 0.000000	 14.461719
61	 5	 5	 0	 379.552738	 -1	 0.000000	 6.185863
62	 5	 5	 1	 0.003170	 -1	 0.000000	 6.088354
63	 5	 5	 1	 0.003319	 -1	 0.000000	 6.422873
64	 5	 5	 1	 0.002219	 -1	 0.000000	 5.596463
65	 5	 5	 1	 0.006166	 -1	 0.000000	 5.384458
66	 5	 5	 1	 0.004754	 -1	 0.000000	 8.150726
72	 5	 5	 1	 5.898893	 -1	 0.000000	 5.457055
73	 5	 5	 1	 0.005451	 -1	 0.000000	 6.085109
74	 5	 5	 1	 0.003521	 -1	 0.000000	 6.339481
75	 5	 5	 0	 176.207086	 -1	 0.000000	 5.649966
77	 5	 5	 1	 0.004082	 -1	 0.000000	 5.609786
78	 5	 5	 1	 0.005036	 -1	 0.000000	 5.554364
79	 5	 5	 1	 0.006896	 -1	 0.000000	 7.092237
80	 5	 5	 0	 132.628502	 -1	 0.000000	 6.140369
81	 5	 5	 1	 0.001152	 -1	 0.000000	 5.764606
83	 5	 5	 1	 0.005276	 -1	 0.000000	 5.948078
84	 5	 5	 1	 0.004327	 -1	 0.000000	 5.988653
3535	 11	 11	 1	 192.405923	 -1	 0.000000	 2.258680
85	 5	 5	 0	 475.882926	 -1	 0.000000	 5.993560
86	 5	 5	 1	 73.692813	 -1	 0.000000	 5.346710
87	 5	 5	 1	 0.005501	 -1	 0.000000	 5.674016
88	 5	 5	 1	 0.004193	 -1	 0.000000	 5.652211
>>> gr_fir_ccf: using E
>>> gr_fir_fff: using E
gr_buffer::allocate_buffer: warning: tried to allocate
   30 items of size 2160. Due to alignment requirements
   256 were allocated.  If this isn't OK, consider padding
   your structure to a power-of-two bytes.
   On this platform, our allocation granularity is 4096 bytes.
100	 5	 5	 1	 0.004863	 -1	 0.000000	 5.614294
101	 5	 5	 1	 0.003896	 -1	 0.000000	 5.520861
102	 5	 5	 1	 0.002918	 -1	 0.000000	 5.707578
103	 5	 5	 1	 0.006820	 -1	 0.000000	 5.507791
104	 5	 5	 1	 3.462918	 -1	 0.000000	 10.593802
105	 5	 5	 1	 0.003466	 -1	 0.000000	 6.148664
106	 5	 5	 1	 0.003418	 -1	 0.000000	 6.060681
107	 5	 5	 1	 0.004559	 -1	 0.000000	 5.393618
108	 5	 5	 1	 0.004841	 -1	 0.000000	 5.992929
109	 5	 5	 0	 222.712032	 -1	 0.000000	 6.768713
110	 5	 5	 1	 0.004046	 -1	 0.000000	 5.931560
111	 5	 5	 1	 0.003499	 -1	 0.000000	 6.293325
112	 5	 5	 1	 0.006001	 -1	 0.000000	 5.365586
113	 5	 5	 1	 0.004603	 -1	 0.000000	 5.791448
114	 5	 5	 1	 0.003087	 -1	 0.000000	 6.250551
115	 5	 5	 1	 0.003800	 -1	 0.000000	 5.923062
116	 5	 5	 1	 0.003900	 -1	 0.000000	 5.978480
117	 5	 5	 0	 201.202946	 -1	 0.000000	 7.263549
118	 5	 5	 1	 0.005439	 -1	 0.000000	 5.475420
119	 5	 5	 1	 0.003072	 -1	 0.000000	 6.285966
120	 5	 5	 1	 0.003947	 -1	 0.000000	 6.168872
121	 5	 5	 1	 0.004890	 -1	 0.000000	 6.022168
122	 5	 5	 1	 0.003674	 -1	 0.000000	 6.345406
124	 5	 5	 1	 0.003562	 -1	 0.000000	 6.024080
125	 5	 5	 1	 0.005409	 -1	 0.000000	 5.652636
126	 5	 5	 1	 0.001433	 -1	 0.000000	 5.888000
127	 5	 5	 1	 0.004883	 -1	 0.000000	 5.977056
128	 5	 5	 1	 0.005311	 -1	 0.000000	 5.708365
129	 5	 5	 1	 0.007670	 -1	 0.000000	 5.335846
130	 5	 5	 1	 0.002983	 -1	 0.000000	 6.380382
169	 13	 13	 0	 369.721168	 -1	 0.000000	 2.575884
131	 5	 5	 1	 0.000803	 -1	 0.000000	 6.467427
132	 5	 5	 1	 0.005057	 -1	 0.000000	 5.490582
133	 5	 5	 1	 0.003996	 -1	 0.000000	 5.495172
134	 5	 5	 1	 21.958151	 -1	 0.000000	 6.816278
135	 5	 5	 0	 142.499824	 -1	 0.000000	 6.502079
136	 5	 5	 1	 0.005872	 -1	 0.000000	 5.387667
137	 5	 5	 1	 0.004690	 -1	 0.000000	 5.533445
138	 5	 5	 0	 313.500194	 -1	 0.000000	 5.917895
139	 5	 5	 1	 174.795160	 -1	 0.000000	 7.700270
140	 5	 5	 1	 71.196859	 -1	 0.000000	 6.734948
141	 5	 5	 1	 0.003481	 -1	 0.000000	 5.636783
142	 5	 5	 1	 0.003763	 -1	 0.000000	 6.047307
143	 5	 5	 1	 19.518013	 -1	 0.000000	 7.149925
144	 5	 5	 1	 0.006607	 -1	 0.000000	 5.479858
145	 5	 5	 1	 0.005819	 -1	 0.000000	 5.571975
146	 5	 5	 1	 0.004333	 -1	 0.000000	 5.638845
147	 5	 5	 1	 0.003631	 -1	 0.000000	 5.777674
148	 5	 5	 1	 0.005277	 -1	 0.000000	 5.534844
149	 5	 5	 1	 0.003218	 -1	 0.000000	 6.224235
150	 5	 5	 0	 234.864963	 -1	 0.000000	 8.238726
151	 5	 5	 1	 0.004940	 -1	 0.000000	 5.510035
152	 5	 5	 1	 0.004463	 -1	 0.000000	 5.469271
153	 5	 5	 1	 0.003817	 -1	 0.000000	 5.655218
154	 5	 5	 1	 83.934654	 -1	 0.000000	 6.950664
155	 5	 5	 1	 0.003378	 -1	 0.000000	 5.849910
156	 5	 5	 1	 0.005116	 -1	 0.000000	 5.268476
157	 5	 5	 1	 0.002908	 -1	 0.000000	 6.435888
158	 5	 5	 1	 0.008572	 -1	 0.000000	 4.964744
159	 5	 5	 1	 0.001734	 -1	 0.000000	 7.782293
160	 5	 5	 1	 0.003904	 -1	 0.000000	 5.712749
161	 5	 5	 1	 0.002016	 -1	 0.000000	 5.537340
162	 5	 5	 1	 0.003861	 -1	 0.000000	 5.667687
163	 5	 5	 1	 0.005307	 -1	 0.000000	 5.628238
164	 5	 5	 1	 0.001260	 -1	 0.000000	 6.213614
165	 5	 5	 1	 136.764694	 -1	 0.000000	 6.190433
166	 5	 5	 1	 0.004476	 -1	 0.000000	 5.616591
167	 5	 5	 1	 0.003550	 -1	 0.000000	 5.573890
168	 5	 5	 1	 0.004957	 -1	 0.000000	 5.585192
169	 5	 5	 1	 0.003022	 -1	 0.000000	 6.052437
170	 5	 5	 1	 0.003164	 -1	 0.000000	 5.957094
171	 5	 5	 1	 0.005064	 -1	 0.000000	 6.809216
172	 5	 5	 1	 0.004908	 -1	 0.000000	 5.219364
173	 5	 5	 1	 0.006158	 -1	 0.000000	 5.713757
174	 5	 5	 1	 71.658391	 -1	 0.000000	 7.747260
175	 5	 5	 1	 0.003164	 -1	 0.000000	 6.058158
176	 5	 5	 1	 55.272315	 -1	 0.000000	 6.892858
177	 5	 5	 1	 0.002964	 -1	 0.000000	 6.779939
1974	 10	 10	 0	 479.351184	 -1	 0.000000	 7.823000
178	 5	 5	 1	 0.004566	 -1	 0.000000	 5.773595
179	 5	 5	 1	 0.007619	 -1	 0.000000	 5.354618
180	 5	 5	 0	 375.089877	 -1	 0.000000	 6.838554
181	 5	 5	 1	 0.004310	 -1	 0.000000	 5.458290
182	 5	 5	 1	 0.002952	 -1	 0.000000	 6.083387
183	 5	 5	 0	 211.290562	 -1	 0.000000	 6.838236
184	 5	 5	 1	 0.001660	 -1	 0.000000	 5.657176
185	 5	 5	 1	 0.004933	 -1	 0.000000	 5.713806
186	 5	 5	 1	 50.378395	 -1	 0.000000	 6.458143
187	 5	 5	 1	 0.002888	 -1	 0.000000	 5.795314
188	 5	 5	 1	 0.003407	 -1	 0.000000	 6.152344
3376	 5	 5	 0	 416.174660	 -1	 0.000000	 11.948285
189	 5	 5	 1	 0.003628	 -1	 0.000000	 5.846549
190	 5	 5	 1	 50.015116	 -1	 0.000000	 7.702507
191	 5	 5	 1	 0.003878	 -1	 0.000000	 5.869200
192	 5	 5	 1	 0.002723	 -1	 0.000000	 6.667754
193	 5	 5	 1	 0.001393	 -1	 0.000000	 5.962028
194	 5	 5	 1	 6.803145	 -1	 0.000000	 7.807935
195	 5	 5	 1	 0.007312	 -1	 0.000000	 5.506837
196	 5	 5	 1	 0.004453	 -1	 0.000000	 5.792569
197	 5	 5	 1	 0.005943	 -1	 0.000000	 5.721619
198	 5	 5	 1	 0.004429	 -1	 0.000000	 6.054853
199	 5	 5	 1	 0.002826	 -1	 0.000000	 5.822553
200	 5	 5	 1	 0.005014	 -1	 0.000000	 6.000035
201	 5	 5	 1	 0.002389	 -1	 0.000000	 6.164596
202	 5	 5	 1	 0.003888	 -1	 0.000000	 5.838488
203	 5	 5	 1	 0.005299	 -1	 0.000000	 5.752453
204	 5	 5	 1	 0.016821	 -1	 0.000000	 6.675769
205	 5	 5	 1	 0.006405	 -1	 0.000000	 5.766319
206	 5	 5	 1	 0.004870	 -1	 0.000000	 5.613665
207	 5	 5	 1	 0.004001	 -1	 0.000000	 5.971881
208	 5	 5	 1	 0.001769	 -1	 0.000000	 5.673942
209	 5	 5	 1	 0.004112	 -1	 0.000000	 5.700612
210	 5	 5	 1	 0.003261	 -1	 0.000000	 6.188962
212	 5	 5	 0	 189.183654	 -1	 0.000000	 6.095540
213	 5	 5	 1	 0.001389	 -1	 0.000000	 5.757926
214	 5	 5	 1	 0.005651	 -1	 0.000000	 5.588679
215	 5	 5	 1	 0.003649	 -1	 0.000000	 5.850674
216	 5	 5	 1	 0.006211	 -1	 0.000000	 5.419844
217	 5	 5	 1	 0.005515	 -1	 0.000000	 5.857671
218	 5	 5	 1	 0.004032	 -1	 0.000000	 6.266131
219	 5	 5	 1	 0.003850	 -1	 0.000000	 6.379897
220	 5	 5	 1	 0.003684	 -1	 0.000000	 5.661355
221	 5	 5	 1	 216.024595	 -1	 0.000000	 6.391890
222	 5	 5	 1	 0.001404	 -1	 0.000000	 5.988540
223	 5	 5	 1	 0.005424	 -1	 0.000000	 5.547421
224	 5	 5	 1	 0.004727	 -1	 0.000000	 5.495503
225	 5	 5	 1	 0.004164	 -1	 0.000000	 5.800704
226	 5	 5	 1	 0.003629	 -1	 0.000000	 6.019598
227	 5	 5	 1	 0.003936	 -1	 0.000000	 5.997996
228	 5	 5	 1	 0.003845	 -1	 0.000000	 5.825388
229	 5	 5	 1	 0.003075	 -1	 0.000000	 6.134912
230	 5	 5	 1	 0.002955	 -1	 0.000000	 6.109578
231	 5	 5	 1	 0.003290	 -1	 0.000000	 6.332747
232	 5	 5	 1	 0.006296	 -1	 0.000000	 5.247198
233	 5	 5	 1	 0.012415	 -1	 0.000000	 5.058037
234	 5	 5	 1	 0.003683	 -1	 0.000000	 5.664312
235	 5	 5	 1	 0.006739	 -1	 0.000000	 5.060879
236	 5	 5	 1	 0.004479	 -1	 0.000000	 5.644883
237	 5	 5	 1	 0.002911	 -1	 0.000000	 6.132103
239	 5	 5	 1	 0.005457	 -1	 0.000000	 5.378907
240	 5	 5	 1	 0.003507	 -1	 0.000000	 6.114119
241	 5	 5	 0	 376.310413	 -1	 0.000000	 6.836253
242	 5	 5	 1	 0.001641	 -1	 0.000000	 5.683998
243	 5	 5	 1	 126.643894	 -1	 0.000000	 7.605177
244	 5	 5	 1	 0.005622	 -1	 0.000000	 5.364176
246	 5	 5	 1	 0.003771	 -1	 0.000000	 6.171864
247	 5	 5	 1	 0.004928	 -1	 0.000000	 5.584100
248	 5	 5	 1	 0.001338	 -1	 0.000000	 6.264087
249	 5	 5	 1	 0.003779	 -1	 0.000000	 5.761640
250	 5	 5	 1	 0.004025	 -1	 0.000000	 5.593763
251	 5	 5	 1	 0.003019	 -1	 0.000000	 6.622734
252	 5	 5	 1	 0.002522	 -1	 0.000000	 7.046211
253	 5	 5	 1	 0.002985	 -1	 0.000000	 6.389034
254	 5	 5	 1	 0.005029	 -1	 0.000000	 5.485977
255	 5	 5	 1	 0.005321	 -1	 0.000000	 5.430344
256	 5	 5	 1	 0.004291	 -1	 0.000000	 5.490401
257	 5	 5	 1	 0.001139	 -1	 0.000000	 6.364395
258	 5	 5	 0	 323.511377	 -1	 0.000000	 6.694410
259	 5	 5	 1	 0.002197	 -1	 0.000000	 6.300775
260	 5	 5	 1	 0.001436	 -1	 0.000000	 6.021094
261	 5	 5	 1	 0.004105	 -1	 0.000000	 5.564734
262	 5	 5	 1	 0.007382	 -1	 0.000000	 5.432868
263	 5	 5	 1	 0.004912	 -1	 0.000000	 5.411036
264	 5	 5	 0	 330.326308	 -1	 0.000000	 6.237439
266	 5	 5	 1	 0.004292	 -1	 0.000000	 5.753252
267	 5	 5	 1	 0.003932	 -1	 0.000000	 6.090107
268	 5	 5	 1	 0.002980	 -1	 0.000000	 5.817588
269	 5	 5	 1	 0.004172	 -1	 0.000000	 5.979717
270	 5	 5	 1	 0.004138	 -1	 0.000000	 5.836202
271	 5	 5	 0	 351.411134	 -1	 0.000000	 8.267050
272	 5	 5	 1	 0.003233	 -1	 0.000000	 6.149054
273	 5	 5	 1	 7.735074	 -1	 0.000000	 7.056070
274	 5	 5	 1	 0.004106	 -1	 0.000000	 5.298594
275	 5	 5	 1	 0.009115	 -1	 0.000000	 5.232764
276	 5	 5	 1	 0.004044	 -1	 0.000000	 6.027677
277	 5	 5	 1	 0.003078	 -1	 0.000000	 6.255002
278	 5	 5	 1	 0.003858	 -1	 0.000000	 5.633125
279	 5	 5	 1	 0.005214	 -1	 0.000000	 5.642313
280	 5	 5	 1	 0.004919	 -1	 0.000000	 5.481472
281	 5	 5	 1	 0.004327	 -1	 0.000000	 5.828142
282	 5	 5	 1	 0.001588	 -1	 0.000000	 7.114302
283	 5	 5	 1	 0.001169	 -1	 0.000000	 6.258411
284	 5	 5	 1	 0.004511	 -1	 0.000000	 5.407937
285	 5	 5	 1	 0.005014	 -1	 0.000000	 5.438456
286	 5	 5	 1	 0.011195	 -1	 0.000000	 5.037108
287	 5	 5	 1	 0.003066	 -1	 0.000000	 5.851296
288	 5	 5	 1	 0.004788	 -1	 0.000000	 5.473169
289	 5	 5	 1	 0.003663	 -1	 0.000000	 5.665588
44	 13	 13	 0	 386.609623	 -1	 0.000000	 1.854407
290	 5	 5	 1	 0.003623	 -1	 0.000000	 5.712604
291	 5	 5	 1	 0.003749	 -1	 0.000000	 5.877940
292	 5	 5	 1	 0.003829	 -1	 0.000000	 6.055371
293	 5	 5	 1	 0.003395	 -1	 0.000000	 6.180061
294	 5	 5	 1	 0.006921	 -1	 0.000000	 5.539640
295	 5	 5	 1	 0.002497	 -1	 0.000000	 6.285607
296	 5	 5	 0	 495.652070	 -1	 0.000000	 6.218602
320	 5	 5	 1	 0.003732	 -1	 0.000000	 6.069550
321	 5	 5	 1	 0.003230	 -1	 0.000000	 5.210231
322	 5	 5	 1	 0.003092	 -1	 0.000000	 6.255644
327	 5	 5	 1	 0.004433	 -1	 0.000000	 5.463769
328	 5	 5	 0	 356.471136	 -1	 0.000000	 5.972595
329	 5	 5	 1	 0.003870	 -1	 0.000000	 5.907399
330	 5	 5	 1	 0.007039	 -1	 0.000000	 4.953124
331	 5	 5	 1	 0.004084	 -1	 0.000000	 5.838500
332	 5	 5	 1	 0.004612	 -1	 0.000000	 5.807558
333	 5	 5	 1	 94.896223	 -1	 0.000000	 6.542167
334	 5	 5	 1	 0.006790	 -1	 0.000000	 5.724580
335	 5	 5	 1	 0.002799	 -1	 0.000000	 5.846852
336	 5	 5	 1	 0.000931	 -1	 0.000000	 7.058107
337	 5	 5	 1	 0.000753	 -1	 0.000000	 7.095179
338	 5	 5	 1	 0.003124	 -1	 0.000000	 5.887585
339	 5	 5	 1	 0.002816	 -1	 0.000000	 6.295959
340	 5	 5	 1	 0.003298	 -1	 0.000000	 6.060036
341	 5	 5	 1	 0.001802	 -1	 0.000000	 5.747503
342	 5	 5	 0	 267.153404	 -1	 0.000000	 6.631350
343	 5	 5	 1	 0.006111	 -1	 0.000000	 5.525813
344	 5	 5	 1	 0.004402	 -1	 0.000000	 5.857281
345	 5	 5	 1	 0.003646	 -1	 0.000000	 6.198006
346	 5	 5	 1	 0.001114	 -1	 0.000000	 6.288423
347	 5	 5	 1	 0.002599	 -1	 0.000000	 6.602464
348	 5	 5	 1	 0.004667	 -1	 0.000000	 5.749818
349	 5	 5	 1	 0.003593	 -1	 0.000000	 5.684627
350	 5	 5	 0	 234.977657	 -1	 0.000000	 6.957922
351	 5	 5	 1	 0.005134	 -1	 0.000000	 5.786305
352	 5	 5	 1	 22.559969	 -1	 0.000000	 7.416391
326	 5	 5	 1	 141.667684	 -1	 0.000000	 6.453412
360	 5	 5	 0	 226.541907	 -1	 0.000000	 6.412324
361	 5	 5	 1	 0.005836	 -1	 0.000000	 5.819286
362	 5	 5	 1	 0.003308	 -1	 0.000000	 6.120125
363	 5	 5	 1	 0.003995	 -1	 0.000000	 5.921980
364	 5	 5	 1	 0.002616	 -1	 0.000000	 6.103747
365	 5	 5	 1	 0.004224	 -1	 0.000000	 5.834814
366	 5	 5	 1	 0.004096	 -1	 0.000000	 5.545092
367	 5	 5	 1	 0.004299	 -1	 0.000000	 5.271071
368	 5	 5	 1	 0.003371	 -1	 0.000000	 6.030652
369	 5	 5	 1	 0.003835	 -1	 0.000000	 5.684490
370	 5	 5	 1	 0.004548	 -1	 0.000000	 5.750324
371	 5	 5	 1	 0.001881	 -1	 0.000000	 7.828270
372	 5	 5	 1	 0.006195	 -1	 0.000000	 5.611130
373	 5	 5	 1	 0.003088	 -1	 0.000000	 6.211202
374	 5	 5	 1	 0.004602	 -1	 0.000000	 5.722728
375	 5	 5	 1	 0.006481	 -1	 0.000000	 5.533332
376	 5	 5	 1	 0.006246	 -1	 0.000000	 5.262119
377	 5	 5	 1	 0.001594	 -1	 0.000000	 5.742320
378	 5	 5	 1	 0.003780	 -1	 0.000000	 5.527937
379	 5	 5	 1	 0.004182	 -1	 0.000000	 5.654396
382	 5	 5	 1	 0.006407	 -1	 0.000000	 5.446363
383	 5	 5	 0	 294.855677	 -1	 0.000000	 8.196796
384	 5	 5	 1	 0.003834	 -1	 0.000000	 6.115880
385	 5	 5	 1	 0.004333	 -1	 0.000000	 5.887514
386	 5	 5	 1	 0.008288	 -1	 0.000000	 5.286745
387	 5	 5	 1	 0.004606	 -1	 0.000000	 5.664789
390	 5	 5	 1	 0.004627	 -1	 0.000000	 5.882494
391	 5	 5	 1	 79.810905	 -1	 0.000000	 6.835550
392	 5	 5	 1	 0.004104	 -1	 0.000000	 5.745582
393	 5	 5	 1	 0.003084	 -1	 0.000000	 5.963567
394	 5	 5	 1	 0.005614	 -1	 0.000000	 5.593595
397	 5	 5	 1	 0.003300	 -1	 0.000000	 5.826463
400	 5	 5	 1	 0.003218	 -1	 0.000000	 6.430290
401	 5	 5	 1	 0.004749	 -1	 0.000000	 6.463560
402	 5	 5	 0	 353.441727	 -1	 0.000000	 6.781339
403	 5	 5	 1	 0.004055	 -1	 0.000000	 6.133509
404	 5	 5	 1	 0.004496	 -1	 0.000000	 5.736379
405	 5	 5	 1	 0.004112	 -1	 0.000000	 5.880346
406	 5	 5	 1	 0.005556	 -1	 0.000000	 5.380413
407	 5	 5	 1	 0.002975	 -1	 0.000000	 6.122058
408	 5	 5	 1	 0.010913	 -1	 0.000000	 4.982207
409	 5	 5	 1	 0.001642	 -1	 0.000000	 5.799786
410	 5	 5	 0	 316.017773	 -1	 0.000000	 7.108802
411	 5	 5	 1	 0.004487	 -1	 0.000000	 5.814774
412	 5	 5	 1	 0.002791	 -1	 0.000000	 6.293303
413	 5	 5	 0	 382.680959	 -1	 0.000000	 8.028811
414	 5	 5	 1	 0.002325	 -1	 0.000000	 6.448110
415	 5	 5	 1	 0.002723	 -1	 0.000000	 5.949981
416	 5	 5	 1	 0.002915	 -1	 0.000000	 6.161449
417	 5	 5	 1	 0.001484	 -1	 0.000000	 6.024244
418	 5	 5	 1	 0.005545	 -1	 0.000000	 5.571999
419	 5	 5	 0	 329.205414	 -1	 0.000000	 6.207916
420	 5	 5	 1	 0.008059	 -1	 0.000000	 5.300668
421	 5	 5	 1	 0.004036	 -1	 0.000000	 6.218554
422	 5	 5	 1	 0.001148	 -1	 0.000000	 6.338337
423	 5	 5	 1	 0.006319	 -1	 0.000000	 5.364757
424	 5	 5	 1	 0.005661	 -1	 0.000000	 5.476542
425	 5	 5	 1	 63.187660	 -1	 0.000000	 8.191764
426	 5	 5	 1	 0.001324	 -1	 0.000000	 5.915408
427	 5	 5	 1	 0.002616	 -1	 0.000000	 6.156114
428	 5	 5	 0	 337.041816	 -1	 0.000000	 6.622986
429	 5	 5	 1	 0.006589	 -1	 0.000000	 5.534108
430	 5	 5	 1	 0.003915	 -1	 0.000000	 5.754010
431	 5	 5	 1	 0.001987	 -1	 0.000000	 6.338619
432	 5	 5	 1	 0.004201	 -1	 0.000000	 5.729924
433	 5	 5	 1	 0.004187	 -1	 0.000000	 5.493797
434	 5	 5	 1	 0.003423	 -1	 0.000000	 6.345541
435	 5	 5	 1	 0.004011	 -1	 0.000000	 6.033258
436	 5	 5	 1	 0.003193	 -1	 0.000000	 5.861374
437	 5	 5	 1	 0.003718	 -1	 0.000000	 5.774590
438	 5	 5	 1	 0.002196	 -1	 0.000000	 6.864952
439	 5	 5	 1	 0.003800	 -1	 0.000000	 5.567524
440	 5	 5	 0	 355.153212	 -1	 0.000000	 8.046664
441	 5	 5	 0	 283.437092	 -1	 0.000000	 5.652969
442	 5	 5	 1	 0.004474	 -1	 0.000000	 5.488579
443	 5	 5	 1	 0.003735	 -1	 0.000000	 6.154254
454	 5	 5	 0	 172.319602	 -1	 0.000000	 7.382567
455	 5	 5	 1	 0.003420	 -1	 0.000000	 6.309353
456	 5	 5	 1	 0.003299	 -1	 0.000000	 5.931176
457	 5	 5	 1	 0.004159	 -1	 0.000000	 6.266625
458	 5	 5	 1	 0.002965	 -1	 0.000000	 6.022667
2450	 13	 13	 0	 385.585054	 -1	 0.000000	 1.516245
460	 5	 5	 1	 0.000801	 -1	 0.000000	 6.572277
461	 5	 5	 1	 23.081761	 -1	 0.000000	 6.815432
462	 5	 5	 1	 0.004488	 -1	 0.000000	 5.955802
463	 5	 5	 1	 0.005646	 -1	 0.000000	 5.581907
464	 5	 5	 1	 0.002693	 -1	 0.000000	 6.171356
465	 5	 5	 0	 300.499851	 -1	 0.000000	 7.560731
466	 5	 5	 1	 0.003278	 -1	 0.000000	 6.005928
467	 5	 5	 1	 0.000781	 -1	 0.000000	 7.134872
468	 5	 5	 1	 0.003446	 -1	 0.000000	 5.822056
469	 5	 5	 1	 0.003546	 -1	 0.000000	 6.137300
470	 5	 5	 0	 345.807427	 -1	 0.000000	 7.430449
471	 5	 5	 1	 0.004562	 -1	 0.000000	 5.487745
472	 5	 5	 1	 0.003988	 -1	 0.000000	 6.180359
473	 5	 5	 1	 0.001161	 -1	 0.000000	 6.008128
474	 5	 5	 1	 0.004243	 -1	 0.000000	 6.055225
475	 5	 5	 1	 0.004870	 -1	 0.000000	 5.497987
476	 5	 5	 1	 0.004364	 -1	 0.000000	 5.694227
477	 5	 5	 0	 216.728589	 -1	 0.000000	 6.385964
478	 5	 5	 1	 0.002534	 -1	 0.000000	 6.265086
479	 5	 5	 1	 0.004883	 -1	 0.000000	 5.417162
480	 5	 5	 1	 0.003732	 -1	 0.000000	 6.188476
481	 5	 5	 1	 0.005296	 -1	 0.000000	 5.416305
483	 5	 5	 1	 0.004133	 -1	 0.000000	 6.019279
484	 5	 5	 1	 0.004487	 -1	 0.000000	 5.852160
485	 5	 5	 0	 292.842739	 -1	 0.000000	 5.864890
486	 5	 5	 1	 105.536220	 -1	 0.000000	 6.739357
487	 5	 5	 0	 221.377440	 -1	 0.000000	 6.219087
491	 5	 5	 0	 465.128663	 -1	 0.000000	 5.671623
493	 5	 5	 1	 0.003873	 -1	 0.000000	 6.050642
494	 5	 5	 1	 0.003840	 -1	 0.000000	 5.970725
495	 5	 5	 1	 0.003682	 -1	 0.000000	 5.659796
496	 5	 5	 1	 0.003028	 -1	 0.000000	 5.668715
497	 5	 5	 0	 342.726876	 -1	 0.000000	 20.777235
498	 5	 5	 0	 360.928564	 -1	 0.000000	 10.395767
499	 5	 5	 0	 196.882596	 -1	 0.000000	 6.509360
0	 7	 7	 1	 0.005486	 -1	 0.000000	 6.421059
1	 7	 7	 1	 0.039350	 -1	 0.000000	 5.771906
2	 7	 7	 1	 0.041366	 -1	 0.000000	 5.462452
3	 7	 7	 1	 0.023893	 -1	 0.000000	 6.365422
4	 7	 7	 1	 0.039854	 -1	 0.000000	 5.646513
5	 7	 7	 1	 0.003835	 -1	 0.000000	 6.768631
6	 7	 7	 1	 0.064804	 -1	 0.000000	 7.932858
7	 7	 7	 1	 0.031460	 -1	 0.000000	 5.768670
8	 7	 7	 1	 18.142876	 -1	 0.000000	 8.119843
9	 7	 7	 1	 0.035165	 -1	 0.000000	 5.865664
10	 7	 7	 1	 0.050558	 -1	 0.000000	 5.242152
11	 7	 7	 1	 0.004310	 -1	 0.000000	 6.288366
12	 7	 7	 1	 0.029271	 -1	 0.000000	 6.659073
13	 7	 7	 1	 0.037117	 -1	 0.000000	 5.941565
14	 7	 7	 1	 43.499334	 -1	 0.000000	 6.932625
15	 7	 7	 1	 0.041226	 -1	 0.000000	 5.842318
16	 7	 7	 1	 0.032083	 -1	 0.000000	 5.957671
17	 7	 7	 1	 0.054056	 -1	 0.000000	 6.039056
18	 7	 7	 1	 0.036848	 -1	 0.000000	 5.621006
19	 7	 7	 1	 0.035169	 -1	 0.000000	 5.740664
20	 7	 7	 1	 1.106548	 -1	 0.000000	 9.869711
21	 7	 7	 1	 0.023383	 -1	 0.000000	 6.181776
22	 7	 7	 1	 0.004947	 -1	 0.000000	 6.403127
23	 7	 7	 1	 0.057411	 -1	 0.000000	 5.360532
24	 7	 7	 1	 24.885319	 -1	 0.000000	 7.888313
25	 7	 7	 1	 0.040272	 -1	 0.000000	 6.022960
26	 7	 7	 1	 0.003023	 -1	 0.000000	 6.838305
27	 7	 7	 1	 0.035971	 -1	 0.000000	 6.094219
28	 7	 7	 1	 0.004672	 -1	 0.000000	 6.654050
29	 7	 7	 1	 0.046034	 -1	 0.000000	 5.334190
30	 7	 7	 1	 0.006023	 -1	 0.000000	 6.189426
31	 7	 7	 1	 0.032827	 -1	 0.000000	 5.907539
32	 7	 7	 1	 0.003478	 -1	 0.000000	 6.868331
33	 7	 7	 1	 0.032653	 -1	 0.000000	 6.147736
34	 7	 7	 1	 0.002239	 -1	 0.000000	 7.725379
35	 7	 7	 1	 23.697975	 -1	 0.000000	 7.988800
36	 7	 7	 1	 0.005121	 -1	 0.000000	 5.898365
37	 7	 7	 1	 0.033146	 -1	 0.000000	 5.992181
38	 7	 7	 1	 23.123655	 -1	 0.000000	 7.537691
39	 7	 7	 1	 0.033089	 -1	 0.000000	 5.725323
40	 7	 7	 1	 0.036586	 -1	 0.000000	 6.281637
41	 7	 7	 1	 0.031695	 -1	 0.000000	 6.203740
42	 7	 7	 1	 0.036635	 -1	 0.000000	 7.157873
43	 7	 7	 1	 0.032026	 -1	 0.000000	 6.097221
44	 7	 7	 1	 0.002864	 -1	 0.000000	 7.077321
55	 7	 7	 1	 0.034162	 -1	 0.000000	 6.156020
56	 7	 7	 1	 0.035016	 -1	 0.000000	 5.862170
57	 7	 7	 1	 0.002925	 -1	 0.000000	 7.645308
58	 7	 7	 1	 0.026954	 -1	 0.000000	 6.169627
3844	 7	 7	 0	 428.206992	 -1	 0.000000	 3.875866
59	 7	 7	 1	 0.035649	 -1	 0.000000	 5.594028
60	 7	 7	 1	 0.036319	 -1	 0.000000	 6.758430
61	 7	 7	 1	 0.025342	 -1	 0.000000	 5.928351
62	 7	 7	 1	 0.005316	 -1	 0.000000	 6.256976
63	 7	 7	 1	 0.037466	 -1	 0.000000	 5.688523
64	 7	 7	 1	 0.043520	 -1	 0.000000	 5.681376
65	 7	 7	 1	 0.003439	 -1	 0.000000	 6.774500
66	 7	 7	 1	 0.008861	 -1	 0.000000	 6.025425
67	 7	 7	 1	 0.989828	 -1	 0.000000	 8.391911
68	 7	 7	 1	 0.045211	 -1	 0.000000	 5.826787
69	 7	 7	 1	 0.047016	 -1	 0.000000	 5.338766
70	 7	 7	 1	 0.042319	 -1	 0.000000	 5.673992
71	 7	 7	 0	 161.303639	 -1	 0.000000	 7.229727
72	 7	 7	 1	 0.046023	 -1	 0.000000	 5.148340
73	 7	 7	 1	 0.040209	 -1	 0.000000	 5.390054
74	 7	 7	 1	 0.040125	 -1	 0.000000	 5.627141
75	 7	 7	 1	 0.024079	 -1	 0.000000	 6.582035
76	 7	 7	 1	 167.814889	 -1	 0.000000	 7.735618
77	 7	 7	 1	 0.040689	 -1	 0.000000	 5.722560
78	 7	 7	 1	 0.006012	 -1	 0.000000	 5.913230
>>> gr_fir_ccf: using E
>>> gr_fir_fff: using E
gr_buffer::allocate_buffer: warning: tried to allocate
   30 items of size 2160. Due to alignment requirements
   256 were allocated.  If this isn't OK, consider padding
   your structure to a power-of-two bytes.
   On this platform, our allocation granularity is 4096 bytes.
80	 7	 7	 1	 0.006261	 -1	 0.000000	 6.143100
81	 7	 7	 1	 0.002656	 -1	 0.000000	 7.502088
82	 7	 7	 1	 0.004792	 -1	 0.000000	 6.364299
83	 7	 7	 1	 0.048788	 -1	 0.000000	 5.719309
84	 7	 7	 1	 0.006375	 -1	 0.000000	 5.902502
85	 7	 7	 1	 0.027645	 -1	 0.000000	 5.992750
86	 7	 7	 1	 0.030392	 -1	 0.000000	 6.062159
87	 7	 7	 1	 0.036762	 -1	 0.000000	 5.748096
88	 7	 7	 1	 0.004729	 -1	 0.000000	 6.442300
89	 7	 7	 1	 0.171899	 -1	 0.000000	 8.092231
90	 7	 7	 1	 0.024738	 -1	 0.000000	 6.388446
91	 7	 7	 1	 0.041341	 -1	 0.000000	 5.574202
92	 7	 7	 1	 0.035263	 -1	 0.000000	 6.116369
93	 7	 7	 1	 0.004642	 -1	 0.000000	 6.374894
94	 7	 7	 1	 0.032827	 -1	 0.000000	 5.726970
95	 7	 7	 1	 0.029662	 -1	 0.000000	 5.804212
3869	 9	 9	 0	 224.209468	 -1	 0.000000	 2.469687
2884	 11	 11	 0	 442.301193	 -1	 0.000000	 14.141677
2007	 9	 9	 0	 470.898280	 -1	 0.000000	 4.890779
2870	 9	 9	 0	 451.112880	 -1	 0.000000	 5.468120
854	 9	 9	 0	 460.276584	 -1	 0.000000	 7.651655
>>> gr_fir_ccf: using E
>>> gr_fir_fff: using E
gr_buffer::allocate_buffer: warning: tried to allocate
   30 items of size 2160. Due to alignment requirements
   256 were allocated.  If this isn't OK, consider padding
   your structure to a power-of-two bytes.
   On this platform, our allocation granularity is 4096 bytes.
83	 7	 7	 1	 0.002907	 -1	 0.000000	 7.442175
84	 7	 7	 1	 0.048405	 -1	 0.000000	 5.617004
85	 7	 7	 1	 0.026281	 -1	 0.000000	 6.248322
86	 7	 7	 1	 0.180222	 -1	 0.000000	 6.584392
87	 7	 7	 1	 0.028963	 -1	 0.000000	 6.107188
88	 7	 7	 1	 0.034678	 -1	 0.000000	 5.797407
89	 7	 7	 1	 0.045050	 -1	 0.000000	 5.633088
90	 7	 7	 1	 49.816635	 -1	 0.000000	 6.185751
91	 7	 7	 1	 0.005184	 -1	 0.000000	 6.168869
92	 7	 7	 1	 0.032606	 -1	 0.000000	 5.530997
93	 7	 7	 1	 0.041850	 -1	 0.000000	 5.493374
94	 7	 7	 1	 0.096574	 -1	 0.000000	 7.727978
95	 7	 7	 1	 0.038845	 -1	 0.000000	 5.350252
96	 7	 7	 1	 1.266365	 -1	 0.000000	 6.863330
97	 7	 7	 1	 0.005964	 -1	 0.000000	 6.553737
98	 7	 7	 1	 0.029104	 -1	 0.000000	 6.663279
99	 7	 7	 1	 0.038230	 -1	 0.000000	 6.157769
100	 7	 7	 1	 0.041746	 -1	 0.000000	 5.756532
101	 7	 7	 1	 3.939975	 -1	 0.000000	 8.182755
102	 7	 7	 1	 0.003442	 -1	 0.000000	 6.840299
103	 7	 7	 1	 0.003431	 -1	 0.000000	 6.752440
104	 7	 7	 1	 0.022750	 -1	 0.000000	 6.463717
105	 7	 7	 1	 0.038322	 -1	 0.000000	 6.615067
106	 7	 7	 1	 0.039166	 -1	 0.000000	 5.587181
107	 7	 7	 1	 0.451681	 -1	 0.000000	 6.643198
108	 7	 7	 1	 0.028085	 -1	 0.000000	 6.225235
109	 7	 7	 1	 0.043143	 -1	 0.000000	 5.336966
110	 7	 7	 1	 0.036864	 -1	 0.000000	 6.041001
111	 7	 7	 1	 0.005747	 -1	 0.000000	 5.967377
112	 7	 7	 1	 0.045737	 -1	 0.000000	 5.809111
113	 7	 7	 1	 0.003915	 -1	 0.000000	 6.491280
114	 7	 7	 1	 0.032307	 -1	 0.000000	 5.700143
115	 7	 7	 1	 0.009195	 -1	 0.000000	 5.380453
116	 7	 7	 1	 0.025248	 -1	 0.000000	 6.287498
117	 7	 7	 1	 0.033452	 -1	 0.000000	 6.056701
1427	 5	 5	 0	 396.621747	 -1	 0.000000	 9.583475
118	 7	 7	 1	 0.007230	 -1	 0.000000	 5.702304
119	 7	 7	 1	 0.036210	 -1	 0.000000	 6.157224
120	 7	 7	 1	 0.028647	 -1	 0.000000	 5.445151
121	 7	 7	 1	 0.052946	 -1	 0.000000	 5.652925
122	 7	 7	 1	 0.042634	 -1	 0.000000	 5.807267
123	 7	 7	 1	 0.005364	 -1	 0.000000	 6.143654
124	 7	 7	 1	 0.044215	 -1	 0.000000	 5.654287
125	 7	 7	 1	 0.043307	 -1	 0.000000	 5.679410
126	 7	 7	 1	 0.053387	 -1	 0.000000	 5.410661
127	 7	 7	 1	 0.026092	 -1	 0.000000	 6.246548
128	 7	 7	 1	 0.034612	 -1	 0.000000	 7.010833
129	 7	 7	 1	 0.044472	 -1	 0.000000	 5.609504
130	 7	 7	 1	 0.027976	 -1	 0.000000	 6.492607
131	 7	 7	 1	 0.036344	 -1	 0.000000	 5.988940
132	 7	 7	 1	 0.034635	 -1	 0.000000	 5.513099
133	 7	 7	 1	 0.051440	 -1	 0.000000	 5.689717
134	 7	 7	 1	 0.005842	 -1	 0.000000	 5.904493
135	 7	 7	 1	 0.030109	 -1	 0.000000	 5.657651
136	 7	 7	 1	 0.033503	 -1	 0.000000	 6.302041
137	 7	 7	 1	 0.045637	 -1	 0.000000	 5.475762
138	 7	 7	 1	 0.915431	 -1	 0.000000	 6.547175
139	 7	 7	 1	 0.029741	 -1	 0.000000	 5.485449
140	 7	 7	 1	 0.042869	 -1	 0.000000	 5.487740
141	 7	 7	 1	 0.036550	 -1	 0.000000	 5.805414
142	 7	 7	 1	 0.041181	 -1	 0.000000	 5.407213
143	 7	 7	 1	 0.033849	 -1	 0.000000	 5.685487
144	 7	 7	 1	 0.025380	 -1	 0.000000	 5.874358
145	 7	 7	 1	 0.041661	 -1	 0.000000	 5.742846
146	 7	 7	 1	 0.004090	 -1	 0.000000	 6.590781
147	 7	 7	 1	 0.031774	 -1	 0.000000	 6.217368
148	 7	 7	 1	 0.006475	 -1	 0.000000	 6.011385
149	 7	 7	 1	 10.116670	 -1	 0.000000	 7.126020
150	 7	 7	 1	 0.042371	 -1	 0.000000	 5.928424
151	 7	 7	 1	 0.002907	 -1	 0.000000	 7.336585
152	 7	 7	 1	 0.040353	 -1	 0.000000	 5.594310
>>> gr_fir_fff: using E
gr_buffer::allocate_buffer: warning: tried to allocate
   30 items of size 2160. Due to alignment requirements
   256 were allocated.  If this isn't OK, consider padding
   your structure to a power-of-two bytes.
   On this platform, our allocation granularity is 4096 bytes.
101	 9	 9	 1	 40.897570	 -1	 0.000000	 6.599535
102	 9	 9	 1	 183.945263	 -1	 0.000000	 7.392568
103	 9	 9	 1	 46.660020	 -1	 0.000000	 5.550010
104	 9	 9	 1	 47.501607	 -1	 0.000000	 5.835021
105	 9	 9	 1	 6.725396	 -1	 0.000000	 6.765321
106	 9	 9	 0	 449.327794	 -1	 0.000000	 6.812907
107	 9	 9	 1	 191.436383	 -1	 0.000000	 6.962529
108	 9	 9	 1	 7.989421	 -1	 0.000000	 6.248429
109	 9	 9	 0	 237.915749	 -1	 0.000000	 7.224273
110	 9	 9	 1	 41.700645	 -1	 0.000000	 5.933125
111	 9	 9	 0	 409.774533	 -1	 0.000000	 6.575986
112	 9	 9	 1	 7.230013	 -1	 0.000000	 6.231292
113	 9	 9	 1	 35.281290	 -1	 0.000000	 5.897013
114	 9	 9	 1	 52.547817	 -1	 0.000000	 5.469974
115	 9	 9	 0	 354.508844	 -1	 0.000000	 8.396140
116	 9	 9	 1	 46.362285	 -1	 0.000000	 5.405887
117	 9	 9	 1	 8.475228	 -1	 0.000000	 6.273209
118	 9	 9	 1	 57.362199	 -1	 0.000000	 5.374686
119	 9	 9	 1	 44.696555	 -1	 0.000000	 5.935180
120	 9	 9	 0	 322.491788	 -1	 0.000000	 7.615633
121	 9	 9	 1	 9.209011	 -1	 0.000000	 5.909779
122	 9	 9	 1	 41.282770	 -1	 0.000000	 6.064615
123	 9	 9	 1	 40.899350	 -1	 0.000000	 5.639613
124	 9	 9	 1	 7.547267	 -1	 0.000000	 6.397670
125	 9	 9	 1	 45.178094	 -1	 0.000000	 5.756910
128	 9	 9	 1	 42.976390	 -1	 0.000000	 5.759373
129	 9	 9	 1	 43.767140	 -1	 0.000000	 5.468969
130	 9	 9	 1	 26.352217	 -1	 0.000000	 6.272300
131	 9	 9	 1	 40.802130	 -1	 0.000000	 5.683470
>>> gr_fir_ccf: using E
>>> gr_fir_fff: using E
gr_buffer::allocate_buffer: warning: tried to allocate
   30 items of size 2160. Due to alignment requirements
   256 were allocated.  If this isn't OK, consider padding
   your structure to a power-of-two bytes.
   On this platform, our allocation granularity is 4096 bytes.
95	 9	 9	 1	 52.974271	 -1	 0.000000	 5.986806
96	 9	 9	 1	 25.657255	 -1	 0.000000	 6.195457
97	 9	 9	 1	 223.254145	 -1	 0.000000	 6.794564
99	 9	 9	 0	 436.036677	 -1	 0.000000	 6.850109
100	 9	 9	 1	 7.950073	 -1	 0.000000	 6.364381
101	 9	 9	 1	 22.633815	 -1	 0.000000	 7.914539
102	 9	 9	 1	 41.880749	 -1	 0.000000	 5.769112
103	 9	 9	 1	 49.269327	 -1	 0.000000	 5.569732
104	 9	 9	 1	 54.825744	 -1	 0.000000	 7.150680
105	 9	 9	 1	 50.471918	 -1	 0.000000	 5.585259
106	 9	 9	 1	 45.458483	 -1	 0.000000	 5.871939
107	 9	 9	 1	 30.927386	 -1	 0.000000	 6.738753
108	 9	 9	 1	 44.020875	 -1	 0.000000	 5.462895
109	 9	 9	 1	 44.757133	 -1	 0.000000	 5.857813
110	 9	 9	 1	 43.979559	 -1	 0.000000	 5.524007
111	 9	 9	 1	 5.815386	 -1	 0.000000	 6.979400
112	 9	 9	 1	 42.113303	 -1	 0.000000	 5.706575
113	 9	 9	 1	 49.452082	 -1	 0.000000	 5.096966
114	 9	 9	 1	 48.778024	 -1	 0.000000	 5.642294
115	 9	 9	 1	 5.700676	 -1	 0.000000	 6.755558
116	 9	 9	 1	 46.873634	 -1	 0.000000	 6.295881
117	 9	 9	 1	 47.688615	 -1	 0.000000	 5.365508
118	 9	 9	 1	 46.575710	 -1	 0.000000	 5.664626
119	 9	 9	 0	 239.127514	 -1	 0.000000	 6.699018
120	 9	 9	 1	 46.417447	 -1	 0.000000	 5.670947
121	 9	 9	 1	 40.455287	 -1	 0.000000	 6.036910
122	 9	 9	 1	 38.746455	 -1	 0.000000	 6.014712
123	 9	 9	 1	 36.184794	 -1	 0.000000	 6.333442
124	 9	 9	 0	 302.099352	 -1	 0.000000	 6.465473
125	 9	 9	 1	 44.230930	 -1	 0.000000	 5.853568
126	 9	 9	 1	 40.358667	 -1	 0.000000	 5.657800
127	 9	 9	 0	 369.068428	 -1	 0.000000	 6.282859
128	 9	 9	 1	 39.780085	 -1	 0.000000	 6.574970
129	 9	 9	 1	 45.207813	 -1	 0.000000	 5.459688
130	 9	 9	 1	 24.145340	 -1	 0.000000	 6.011402
131	 9	 9	 0	 378.754603	 -1	 0.000000	 7.468152
132	 9	 9	 1	 39.163494	 -1	 0.000000	 5.029855
133	 9	 9	 1	 11.158633	 -1	 0.000000	 6.085285
134	 9	 9	 1	 42.321696	 -1	 0.000000	 5.911483
135	 9	 9	 1	 40.632452	 -1	 0.000000	 6.517203
136	 9	 9	 1	 33.311164	 -1	 0.000000	 5.968340
137	 9	 9	 1	 31.998893	 -1	 0.000000	 6.025946
138	 9	 9	 1	 48.343878	 -1	 0.000000	 5.404090
139	 9	 9	 0	 299.151302	 -1	 0.000000	 6.993060
140	 9	 9	 1	 17.750284	 -1	 0.000000	 5.493989
141	 9	 9	 0	 164.442949	 -1	 0.000000	 6.692284
142	 9	 9	 1	 124.970246	 -1	 0.000000	 7.694768
143	 9	 9	 1	 53.392022	 -1	 0.000000	 5.174165
144	 9	 9	 1	 43.636092	 -1	 0.000000	 5.484800

100	 11	 11	 1	 7.902886	 -1	 0.000000	 6.416320
2505	 15	 15	 0	 382.186185	 -1	 0.000000	 8.767249
101	 11	 11	 1	 46.270040	 -1	 0.000000	 5.520454
102	 11	 11	 1	 10.745481	 -1	 0.000000	 5.937390
103	 11	 11	 1	 6.334209	 -1	 0.000000	 6.849523
104	 11	 11	 1	 7.791116	 -1	 0.000000	 6.171946
105	 11	 11	 1	 10.792374	 -1	 0.000000	 5.778656
106	 11	 11	 1	 55.985683	 -1	 0.000000	 5.408496
107	 11	 11	 1	 38.939539	 -1	 0.000000	 5.906225
108	 11	 11	 1	 13.205461	 -1	 0.000000	 5.769066
109	 11	 11	 1	 7.765823	 -1	 0.000000	 6.527496
110	 11	 11	 1	 6.111810	 -1	 0.000000	 6.751300
111	 11	 11	 1	 62.070557	 -1	 0.000000	 5.280027
112	 11	 11	 1	 19.644790	 -1	 0.000000	 5.349316
113	 11	 11	 1	 11.111105	 -1	 0.000000	 6.235919
115	 11	 11	 1	 45.230211	 -1	 0.000000	 5.657594
116	 11	 11	 1	 45.504519	 -1	 0.000000	 5.640098
118	 11	 11	 1	 44.931360	 -1	 0.000000	 5.938597
1984	 9	 9	 0	 452.565996	 -1	 0.000000	 3.876516
119	 11	 11	 1	 6.083598	 -1	 0.000000	 6.623128
120	 11	 11	 1	 38.411001	 -1	 0.000000	 5.867943
121	 11	 11	 1	 8.533374	 -1	 0.000000	 6.119905
122	 11	 11	 1	 10.025762	 -1	 0.000000	 6.427571
123	 11	 11	 1	 9.282143	 -1	 0.000000	 6.251941
124	 11	 11	 1	 28.471502	 -1	 0.000000	 6.004627
125	 11	 11	 1	 54.248137	 -1	 0.000000	 5.445662
126	 11	 11	 1	 34.319697	 -1	 0.000000	 5.820653
127	 11	 11	 1	 13.263376	 -1	 0.000000	 5.568422
128	 11	 11	 1	 43.023680	 -1	 0.000000	 5.679623
129	 11	 11	 1	 46.394740	 -1	 0.000000	 5.184272
130	 11	 11	 1	 14.391478	 -1	 0.000000	 5.850438
131	 11	 11	 1	 12.400908	 -1	 0.000000	 6.036357
132	 11	 11	 1	 9.427210	 -1	 0.000000	 6.146663
133	 11	 11	 1	 8.877529	 -1	 0.000000	 6.503168
134	 11	 11	 1	 21.640277	 -1	 0.000000	 6.043825
135	 11	 11	 1	 11.749140	 -1	 0.000000	 5.792860
136	 11	 11	 1	 11.728073	 -1	 0.000000	 5.932165
137	 11	 11	 1	 7.448629	 -1	 0.000000	 6.847867
138	 11	 11	 1	 31.275956	 -1	 0.000000	 6.580680
139	 11	 11	 1	 35.086430	 -1	 0.000000	 5.795324
140	 11	 11	 1	 44.692530	 -1	 0.000000	 5.614404
141	 11	 11	 1	 39.047083	 -1	 0.000000	 5.529320
142	 11	 11	 1	 31.103336	 -1	 0.000000	 6.073506
143	 11	 11	 1	 32.342810	 -1	 0.000000	 6.294906
144	 11	 11	 1	 46.536819	 -1	 0.000000	 5.382482
145	 11	 11	 1	 39.231392	 -1	 0.000000	 5.787714
146	 11	 11	 1	 11.460212	 -1	 0.000000	 6.263651
148	 11	 11	 1	 42.662797	 -1	 0.000000	 5.489969
149	 11	 11	 1	 65.756954	 -1	 0.000000	 5.114318
150	 11	 11	 1	 7.704943	 -1	 0.000000	 6.451554
151	 11	 11	 1	 9.039462	 -1	 0.000000	 5.985274
152	 11	 11	 1	 34.897374	 -1	 0.000000	 5.904126
153	 11	 11	 1	 12.214872	 -1	 0.000000	 5.530283
154	 11	 11	 1	 12.452536	 -1	 0.000000	 5.877103
155	 11	 11	 1	 8.302502	 -1	 0.000000	 6.414024
649	 9	 9	 0	 455.074750	 -1	 0.000000	 3.941774
156	 11	 11	 1	 10.512758	 -1	 0.000000	 6.163423
157	 11	 11	 1	 33.106281	 -1	 0.000000	 5.883183
158	 11	 11	 1	 80.810217	 -1	 0.000000	 4.740640
159	 11	 11	 1	 51.458810	 -1	 0.000000	 5.248005
160	 11	 11	 1	 11.482235	 -1	 0.000000	 6.041188
161	 11	 11	 1	 10.561943	 -1	 0.000000	 5.933291
162	 11	 11	 1	 35.528076	 -1	 0.000000	 6.038013
164	 11	 11	 1	 42.715332	 -1	 0.000000	 5.704813
165	 11	 11	 1	 7.414850	 -1	 0.000000	 6.237077
166	 11	 11	 1	 9.307524	 -1	 0.000000	 6.344942
167	 11	 11	 1	 14.495616	 -1	 0.000000	 5.479154
168	 11	 11	 1	 55.969495	 -1	 0.000000	 6.205437
169	 11	 11	 1	 13.083614	 -1	 0.000000	 5.898724
170	 11	 11	 1	 8.212145	 -1	 0.000000	 6.383184
171	 11	 11	 1	 44.169480	 -1	 0.000000	 5.603796
172	 11	 11	 1	 19.102218	 -1	 0.000000	 5.310440
173	 11	 11	 1	 7.205266	 -1	 0.000000	 6.332345
174	 11	 11	 1	 8.475937	 -1	 0.000000	 6.213992
175	 11	 11	 1	 9.996921	 -1	 0.000000	 6.535615
176	 11	 11	 1	 30.329849	 -1	 0.000000	 6.288046
177	 11	 11	 1	 36.666559	 -1	 0.000000	 5.881917
178	 11	 11	 1	 8.387101	 -1	 0.000000	 6.420535
179	 11	 11	 1	 10.100650	 -1	 0.000000	 6.284059
180	 11	 11	 1	 43.932996	 -1	 0.000000	 5.222024
181	 11	 11	 1	 40.145210	 -1	 0.000000	 5.601906
182	 11	 11	 1	 37.076668	 -1	 0.000000	 5.803176
183	 11	 11	 1	 11.013949	 -1	 0.000000	 6.167317
184	 11	 11	 1	 34.748611	 -1	 0.000000	 5.716395
185	 11	 11	 1	 33.474784	 -1	 0.000000	 6.283012
186	 11	 11	 1	 10.274017	 -1	 0.000000	 5.850548
187	 11	 11	 1	 9.787639	 -1	 0.000000	 6.284023
188	 11	 11	 1	 12.699272	 -1	 0.000000	 5.707767
190	 11	 11	 1	 31.558713	 -1	 0.000000	 6.564463
191	 11	 11	 1	 12.706371	 -1	 0.000000	 5.837728
192	 11	 11	 1	 35.597543	 -1	 0.000000	 5.881569
193	 11	 11	 1	 17.519104	 -1	 0.000000	 5.512979
194	 11	 11	 1	 15.352492	 -1	 0.000000	 5.645387
195	 11	 11	 1	 11.151271	 -1	 0.000000	 5.804308
196	 11	 11	 1	 30.724533	 -1	 0.000000	 5.935590
197	 11	 11	 1	 9.825689	 -1	 0.000000	 6.247721
198	 11	 11	 1	 47.373424	 -1	 0.000000	 5.402678
199	 11	 11	 0	 69.538799	 -1	 0.000000	 6.176691
543	 10	 10	 0	 475.286034	 -1	 0.000000	 4.890996
3569	 15	 15	 0	 385.840872	 -1	 0.000000	 5.632287
>>> gr_fir_ccf: using E
>>> gr_fir_fff: using E
gr_buffer::allocate_buffer: warning: tried to allocate
   30 items of size 2160. Due to alignment requirements
   256 were allocated.  If this isn't OK, consider padding
   your structure to a power-of-two bytes.
   On this platform, our allocation granularity is 4096 bytes.
100	 11	 11	 1	 31.366478	 -1	 0.000000	 6.083803
101	 11	 11	 1	 7.504584	 -1	 0.000000	 6.647819
102	 11	 11	 1	 36.318320	 -1	 0.000000	 6.142155
103	 11	 11	 1	 35.598519	 -1	 0.000000	 5.730852
104	 11	 11	 1	 12.574866	 -1	 0.000000	 5.966049
105	 11	 11	 1	 16.604483	 -1	 0.000000	 5.470321
106	 11	 11	 1	 12.627264	 -1	 0.000000	 5.711538
107	 11	 11	 1	 8.152842	 -1	 0.000000	 6.365626
108	 11	 11	 1	 7.820293	 -1	 0.000000	 6.281098
109	 11	 11	 1	 37.094299	 -1	 0.000000	 6.031501
110	 11	 11	 1	 6.155044	 -1	 0.000000	 6.935482
111	 11	 11	 1	 10.909961	 -1	 0.000000	 5.927643
112	 11	 11	 1	 9.833412	 -1	 0.000000	 6.214897
113	 11	 11	 1	 40.498428	 -1	 0.000000	 5.320627
114	 11	 11	 1	 13.696607	 -1	 0.000000	 5.850718
115	 11	 11	 1	 39.804946	 -1	 0.000000	 6.154054
116	 11	 11	 1	 4.582457	 -1	 0.000000	 7.200061
117	 11	 11	 1	 32.342888	 -1	 0.000000	 5.931347
118	 11	 11	 1	 24.615940	 -1	 0.000000	 5.157158
119	 11	 11	 1	 14.481162	 -1	 0.000000	 5.742687
1085	 13	 13	 0	 377.487491	 -1	 0.000000	 2.527398
120	 11	 11	 1	 14.396468	 -1	 0.000000	 5.823147
121	 11	 11	 1	 13.809035	 -1	 0.000000	 6.005894
122	 11	 11	 1	 4.825218	 -1	 0.000000	 7.212491
123	 11	 11	 1	 5.256181	 -1	 0.000000	 7.434032
124	 11	 11	 1	 11.539066	 -1	 0.000000	 5.895285
125	 11	 11	 1	 32.889674	 -1	 0.000000	 6.108865
126	 11	 11	 1	 12.286075	 -1	 0.000000	 5.630637
127	 11	 11	 1	 12.660207	 -1	 0.000000	 5.651940
128	 11	 11	 1	 10.619035	 -1	 0.000000	 5.831536
129	 11	 11	 1	 6.392720	 -1	 0.000000	 6.690588
130	 11	 11	 1	 14.574547	 -1	 0.000000	 5.599523
131	 11	 11	 1	 9.834635	 -1	 0.000000	 6.307289
132	 11	 11	 1	 11.815572	 -1	 0.000000	 5.830430
133	 11	 11	 1	 53.676592	 -1	 0.000000	 5.462957
134	 11	 11	 1	 13.459866	 -1	 0.000000	 5.590244
135	 11	 11	 1	 32.989732	 -1	 0.000000	 6.050102
136	 11	 11	 1	 9.039250	 -1	 0.000000	 6.279391
137	 11	 11	 1	 41.438870	 -1	 0.000000	 5.477052
138	 11	 11	 1	 9.157497	 -1	 0.000000	 6.275777
139	 11	 11	 1	 11.822563	 -1	 0.000000	 5.981829
140	 11	 11	 1	 13.131443	 -1	 0.000000	 5.732033
141	 11	 11	 1	 29.496595	 -1	 0.000000	 6.418220
142	 11	 11	 1	 35.199492	 -1	 0.000000	 5.905916
143	 11	 11	 1	 15.112048	 -1	 0.000000	 5.673411
144	 11	 11	 1	 36.267449	 -1	 0.000000	 5.799987
145	 11	 11	 1	 9.305061	 -1	 0.000000	 6.093365
146	 11	 11	 1	 8.292791	 -1	 0.000000	 6.417093
147	 11	 11	 1	 11.412891	 -1	 0.000000	 6.007340
3222	 11	 11	 0	 449.731813	 -1	 0.000000	 1.082344
148	 11	 11	 1	 8.534196	 -1	 0.000000	 6.296770
149	 11	 11	 1	 14.120442	 -1	 0.000000	 5.457966
150	 11	 11	 1	 30.018993	 -1	 0.000000	 6.395288
151	 11	 11	 1	 6.466133	 -1	 0.000000	 6.579299
358	 5	 5	 0	 415.407957	 -1	 0.000000	 3.994448
152	 11	 11	 1	 11.708965	 -1	 0.000000	 6.105343
153	 11	 11	 1	 48.211779	 -1	 0.000000	 5.629402
154	 11	 11	 1	 14.499416	 -1	 0.000000	 5.872821
155	 11	 11	 1	 8.942933	 -1	 0.000000	 6.162169
156	 11	 11	 1	 39.969606	 -1	 0.000000	 5.824634
157	 11	 11	 1	 39.037106	 -1	 0.000000	 5.700556
158	 11	 11	 1	 7.032986	 -1	 0.000000	 6.667871
159	 11	 11	 1	 7.740205	 -1	 0.000000	 6.727798
160	 11	 11	 1	 6.661027	 -1	 0.000000	 6.901729
161	 11	 11	 1	 33.759597	 -1	 0.000000	 6.400498
162	 11	 11	 1	 11.322539	 -1	 0.000000	 6.004204
163	 11	 11	 1	 8.931104	 -1	 0.000000	 6.385974
164	 11	 11	 1	 6.769550	 -1	 0.000000	 6.952902
165	 11	 11	 1	 11.174983	 -1	 0.000000	 5.758462
166	 11	 11	 1	 14.677261	 -1	 0.000000	 5.616319
167	 11	 11	 1	 14.548393	 -1	 0.000000	 5.692072
168	 11	 11	 1	 11.965675	 -1	 0.000000	 5.801230
169	 11	 11	 1	 7.966210	 -1	 0.000000	 6.702164
170	 11	 11	 1	 7.711109	 -1	 0.000000	 6.454629
171	 11	 11	 1	 31.135623	 -1	 0.000000	 6.249378
172	 11	 11	 1	 36.370931	 -1	 0.000000	 5.971442
173	 11	 11	 1	 10.951862	 -1	 0.000000	 6.026447
174	 11	 11	 1	 6.705973	 -1	 0.000000	 7.160706
175	 11	 11	 1	 12.112823	 -1	 0.000000	 5.894259
176	 11	 11	 1	 8.544960	 -1	 0.000000	 6.388275
177	 11	 11	 1	 47.908759	 -1	 0.000000	 5.524602
178	 11	 11	 1	 29.740391	 -1	 0.000000	 6.298676
179	 11	 11	 1	 8.784146	 -1	 0.000000	 6.469765
180	 11	 11	 1	 6.717497	 -1	 0.000000	 6.495030
181	 11	 11	 1	 55.267275	 -1	 0.000000	 5.392256
182	 11	 11	 1	 10.289649	 -1	 0.000000	 6.045932
183	 11	 11	 1	 32.707482	 -1	 0.000000	 6.217421
184	 11	 11	 1	 11.746774	 -1	 0.000000	 5.864677
185	 11	 11	 1	 10.983790	 -1	 0.000000	 5.957972
186	 11	 11	 1	 10.223447	 -1	 0.000000	 6.229555
187	 11	 11	 1	 10.910910	 -1	 0.000000	 6.146796
188	 11	 11	 1	 8.020484	 -1	 0.000000	 6.419555
189	 11	 11	 1	 7.912221	 -1	 0.000000	 6.135385
190	 11	 11	 1	 50.616221	 -1	 0.000000	 5.506912
191	 11	 11	 1	 9.030487	 -1	 0.000000	 6.269916
192	 11	 11	 1	 6.528042	 -1	 0.000000	 7.027764
193	 11	 11	 1	 8.612856	 -1	 0.000000	 6.260915
194	 11	 11	 1	 6.161632	 -1	 0.000000	 6.950935
195	 11	 11	 1	 44.453978	 -1	 0.000000	 5.622689
3126	 5	 5	 0	 425.495428	 -1	 0.000000	 2.812536
196	 11	 11	 1	 9.167798	 -1	 0.000000	 6.228301
197	 11	 11	 1	 11.068746	 -1	 0.000000	 6.231848
198	 11	 11	 1	 7.798435	 -1	 0.000000	 6.116604
199	 11	 11	 1	 32.926382	 -1	 0.000000	 5.921166
200	 11	 11	 1	 15.309431	 -1	 0.000000	 5.441799
201	 11	 11	 1	 6.209448	 -1	 0.000000	 6.912958
202	 11	 11	 1	 10.338063	 -1	 0.000000	 5.939549
2349	 15	 15	 0	 385.170428	 -1	 0.000000	 1.152997
203	 11	 11	 1	 6.432442	 -1	 0.000000	 6.829924
204	 11	 11	 1	 36.749172	 -1	 0.000000	 6.190456
205	 11	 11	 1	 8.504962	 -1	 0.000000	 6.483348
207	 11	 11	 1	 35.604535	 -1	 0.000000	 6.072647
208	 11	 11	 1	 9.656902	 -1	 0.000000	 6.143349
209	 11	 11	 1	 9.928289	 -1	 0.000000	 6.287127
210	 11	 11	 1	 13.452678	 -1	 0.000000	 5.930237
211	 11	 11	 1	 50.834925	 -1	 0.000000	 5.861261
212	 11	 11	 1	 33.581333	 -1	 0.000000	 6.018108
213	 11	 11	 1	 28.395557	 -1	 0.000000	 6.253382
214	 11	 11	 1	 15.665386	 -1	 0.000000	 5.547742
215	 11	 11	 1	 32.089039	 -1	 0.000000	 6.208698
216	 11	 11	 1	 5.450299	 -1	 0.000000	 7.757751
217	 11	 11	 1	 32.101246	 -1	 0.000000	 6.073118
218	 11	 11	 1	 10.312991	 -1	 0.000000	 6.185719
219	 11	 11	 1	 29.972316	 -1	 0.000000	 6.055601
220	 11	 11	 1	 30.238423	 -1	 0.000000	 6.120231
>>> gr_fir_ccf: using E
>>> gr_fir_fff: using E
gr_buffer::allocate_buffer: warning: tried to allocate
   30 items of size 2160. Due to alignment requirements
   256 were allocated.  If this isn't OK, consider padding
   your structure to a power-of-two bytes.
   On this platform, our allocation granularity is 4096 bytes.
100	 10	 10	 0	 447.913909	 -1	 0.000000	 6.161189
101	 10	 10	 0	 423.047656	 -1	 0.000000	 5.774489
102	 10	 10	 1	 391.515748	 -1	 0.000000	 5.541561
104	 10	 10	 1	 271.566268	 -1	 0.000000	 6.477587
105	 10	 10	 0	 461.592737	 -1	 0.000000	 5.904201
106	 10	 10	 1	 350.363223	 -1	 0.000000	 5.698672
107	 10	 10	 1	 214.370407	 -1	 0.000000	 6.952487
108	 10	 10	 1	 364.918634	 -1	 0.000000	 5.858561
109	 10	 10	 1	 246.149620	 -1	 0.000000	 6.944251
110	 10	 10	 1	 328.562833	 -1	 0.000000	 6.031102
111	 10	 10	 0	 441.790924	 -1	 0.000000	 5.839532
112	 10	 10	 0	 444.647305	 -1	 0.000000	 6.165886
113	 10	 10	 1	 288.489344	 -1	 0.000000	 6.189032
114	 10	 10	 0	 429.276660	 -1	 0.000000	 5.516747
115	 10	 10	 0	 423.687842	 -1	 0.000000	 5.974751
116	 10	 10	 1	 330.215013	 -1	 0.000000	 5.942843
117	 10	 10	 1	 325.363991	 -1	 0.000000	 5.898859
118	 10	 10	 1	 309.315849	 -1	 0.000000	 6.326186
119	 10	 10	 0	 393.944548	 -1	 0.000000	 6.396479
120	 10	 10	 1	 348.646468	 -1	 0.000000	 5.758829
121	 10	 10	 1	 363.243630	 -1	 0.000000	 5.586308
122	 10	 10	 0	 373.826834	 -1	 0.000000	 6.096182
123	 10	 10	 1	 225.870867	 -1	 0.000000	 6.785920
124	 10	 10	 1	 306.621600	 -1	 0.000000	 6.570766
125	 10	 10	 1	 354.228862	 -1	 0.000000	 5.614896
126	 10	 10	 1	 349.239213	 -1	 0.000000	 5.784035
127	 10	 10	 0	 449.821730	 -1	 0.000000	 5.619377
