>>> gr_fir_ccf: using E
>>> gr_fir_fff: using E
gr_buffer::allocate_buffer: warning: tried to allocate
   30 items of size 2160. Due to alignment requirements
   256 were allocated.  If this isn't OK, consider padding
   your structure to a power-of-two bytes.
   On this platform, our allocation granularity is 4096 bytes.
60	 13	 13	 1	 0.000003	 -1	 0.000000	 3.210703
61	 13	 13	 1	 0.000003	 -1	 0.000000	 3.314571
62	 13	 13	 1	 0.000002	 -1	 0.000000	 3.258620
63	 13	 13	 1	 0.000002	 -1	 0.000000	 3.208922
64	 13	 13	 1	 0.000002	 -1	 0.000000	 3.161132
65	 13	 13	 1	 0.000001	 -1	 0.000000	 3.016678
66	 13	 13	 1	 0.000002	 -1	 0.000000	 3.147856
67	 13	 13	 1	 0.000002	 -1	 0.000000	 3.116683
68	 13	 13	 1	 0.000003	 -1	 0.000000	 3.310600
69	 13	 13	 1	 0.000002	 -1	 0.000000	 3.279495
70	 13	 13	 1	 0.000001	 -1	 0.000000	 2.995393
71	 13	 13	 1	 0.000002	 -1	 0.000000	 3.228093
72	 13	 13	 1	 0.000002	 -1	 0.000000	 3.290961
73	 13	 13	 1	 0.000004	 -1	 0.000000	 3.344604
74	 13	 13	 1	 0.000002	 -1	 0.000000	 3.272315
75	 13	 13	 1	 0.000002	 -1	 0.000000	 3.273330
76	 13	 13	 1	 0.000003	 -1	 0.000000	 3.299056
77	 13	 13	 1	 0.000002	 -1	 0.000000	 3.065925
78	 13	 13	 1	 0.000001	 -1	 0.000000	 3.517405
79	 13	 13	 1	 0.000001	 -1	 0.000000	 3.015126
80	 13	 13	 1	 0.000001	 -1	 0.000000	 3.035460
81	 13	 13	 1	 0.000002	 -1	 0.000000	 3.262192
82	 13	 13	 1	 0.000001	 -1	 0.000000	 3.279736
83	 13	 13	 1	 0.000002	 -1	 0.000000	 3.272189
84	 13	 13	 1	 0.000001	 -1	 0.000000	 3.020091
85	 13	 13	 1	 0.000003	 -1	 0.000000	 3.051817
86	 13	 13	 1	 0.000003	 -1	 0.000000	 3.271794
87	 13	 13	 1	 0.000002	 -1	 0.000000	 3.194142
88	 13	 13	 1	 0.000002	 -1	 0.000000	 3.365933
89	 13	 13	 1	 0.000001	 -1	 0.000000	 3.289218
90	 13	 13	 1	 0.000002	 -1	 0.000000	 3.140001
91	 13	 13	 1	 0.000002	 -1	 0.000000	 3.145267
92	 13	 13	 1	 0.000001	 -1	 0.000000	 3.723398
93	 13	 13	 1	 0.000002	 -1	 0.000000	 3.097291
94	 13	 13	 1	 0.000002	 -1	 0.000000	 3.211397
95	 13	 13	 1	 0.000002	 -1	 0.000000	 3.164239
96	 13	 13	 1	 0.000002	 -1	 0.000000	 3.260051
60	 13	 13	 1	 0.000001	 -1	 0.000000	 3.266638
61	 13	 13	 1	 0.000002	 -1	 0.000000	 3.216772
62	 13	 13	 1	 0.000003	 -1	 0.000000	 3.124084
63	 13	 13	 1	 0.000002	 -1	 0.000000	 3.234192
64	 13	 13	 1	 0.000002	 -1	 0.000000	 3.216991
65	 13	 13	 1	 0.000002	 -1	 0.000000	 3.407657
66	 13	 13	 1	 0.000003	 -1	 0.000000	 3.226606
67	 13	 13	 1	 0.000003	 -1	 0.000000	 3.182929
68	 13	 13	 1	 0.000002	 -1	 0.000000	 3.268574
69	 13	 13	 1	 0.000002	 -1	 0.000000	 3.407861
70	 13	 13	 1	 0.000002	 -1	 0.000000	 3.641908
71	 13	 13	 1	 0.000001	 -1	 0.000000	 3.127111
72	 13	 13	 1	 0.000002	 -1	 0.000000	 3.184690
73	 13	 13	 1	 0.000002	 -1	 0.000000	 3.329729
74	 13	 13	 1	 0.000002	 -1	 0.000000	 3.278084
75	 13	 13	 1	 0.000001	 -1	 0.000000	 3.240527
76	 13	 13	 1	 0.000002	 -1	 0.000000	 3.321695
77	 13	 13	 1	 0.000002	 -1	 0.000000	 3.083524
78	 13	 13	 1	 0.000001	 -1	 0.000000	 3.290034
79	 13	 13	 1	 0.000004	 -1	 0.000000	 3.252732
24	 13	 13	 1	 11.136936	 -1	 0.000000	 3.662814
82	 13	 13	 1	 0.000001	 -1	 0.000000	 3.254784
83	 13	 13	 1	 0.000001	 -1	 0.000000	 3.250194
84	 13	 13	 1	 0.000002	 -1	 0.000000	 3.060697
85	 13	 13	 1	 0.000001	 -1	 0.000000	 3.194422
86	 13	 13	 1	 0.000002	 -1	 0.000000	 3.436622
87	 13	 13	 1	 0.000002	 -1	 0.000000	 3.114228
88	 13	 13	 1	 0.000002	 -1	 0.000000	 3.073908
89	 13	 13	 1	 0.000003	 -1	 0.000000	 3.338579
90	 13	 13	 1	 0.000002	 -1	 0.000000	 3.031130
91	 13	 13	 1	 0.000002	 -1	 0.000000	 3.302188
92	 13	 13	 1	 0.000001	 -1	 0.000000	 3.015988
1955	 13	 13	 0	 400.201893	 -1	 0.000000	 5.004838
93	 13	 13	 1	 0.000001	 -1	 0.000000	 3.680953
94	 13	 13	 1	 0.000001	 -1	 0.000000	 3.553247
95	 13	 13	 1	 0.000002	 -1	 0.000000	 3.162454
96	 13	 13	 1	 0.000002	 -1	 0.000000	 3.260240
97	 13	 13	 1	 0.000001	 -1	 0.000000	 3.216100
98	 13	 13	 1	 0.000002	 -1	 0.000000	 3.128164
99	 13	 13	 1	 0.000002	 -1	 0.000000	 3.343575
100	 13	 13	 1	 0.000003	 -1	 0.000000	 3.207261
101	 13	 13	 1	 0.000002	 -1	 0.000000	 3.249629
102	 13	 13	 1	 0.000001	 -1	 0.000000	 3.231310
103	 13	 13	 1	 0.000002	 -1	 0.000000	 3.115163
104	 13	 13	 1	 0.000001	 -1	 0.000000	 3.274881
105	 13	 13	 1	 0.000002	 -1	 0.000000	 3.383657
106	 13	 13	 1	 0.000002	 -1	 0.000000	 3.115037
107	 13	 13	 1	 0.000001	 -1	 0.000000	 3.243182
108	 13	 13	 1	 0.000003	 -1	 0.000000	 3.257017
109	 13	 13	 1	 0.000002	 -1	 0.000000	 3.418205
110	 13	 13	 1	 0.000001	 -1	 0.000000	 3.583570
111	 13	 13	 1	 0.000002	 -1	 0.000000	 3.281208
112	 13	 13	 1	 0.000002	 -1	 0.000000	 3.099823
113	 13	 13	 1	 0.000002	 -1	 0.000000	 3.192604
114	 13	 13	 1	 0.000002	 -1	 0.000000	 3.367044
115	 13	 13	 1	 0.000002	 -1	 0.000000	 3.243036
116	 13	 13	 1	 0.000001	 -1	 0.000000	 3.350854
117	 13	 13	 1	 0.000001	 -1	 0.000000	 3.158022
118	 13	 13	 1	 0.000003	 -1	 0.000000	 2.882568
119	 13	 13	 1	 0.000002	 -1	 0.000000	 3.163332
120	 13	 13	 1	 0.000002	 -1	 0.000000	 3.259815
121	 13	 13	 1	 0.000001	 -1	 0.000000	 3.044773
122	 13	 13	 1	 0.000002	 -1	 0.000000	 3.282277
123	 13	 13	 1	 0.000002	 -1	 0.000000	 3.034940
124	 13	 13	 1	 0.000002	 -1	 0.000000	 3.305650
125	 13	 13	 1	 0.000002	 -1	 0.000000	 3.166198
126	 13	 13	 1	 0.000003	 -1	 0.000000	 3.089769
127	 13	 13	 1	 0.000002	 -1	 0.000000	 3.097499
128	 13	 13	 1	 0.000002	 -1	 0.000000	 3.180152
129	 13	 13	 1	 0.000003	 -1	 0.000000	 3.355259
130	 13	 13	 1	 0.000003	 -1	 0.000000	 3.000590
131	 13	 13	 1	 0.000001	 -1	 0.000000	 3.239347
132	 13	 13	 1	 0.000002	 -1	 0.000000	 3.085899
133	 13	 13	 1	 0.000002	 -1	 0.000000	 3.172117
134	 13	 13	 1	 0.000002	 -1	 0.000000	 3.367048
135	 13	 13	 1	 0.000001	 -1	 0.000000	 3.171485
136	 13	 13	 1	 0.000001	 -1	 0.000000	 3.420341
137	 13	 13	 1	 0.000001	 -1	 0.000000	 2.870202
138	 13	 13	 1	 0.000003	 -1	 0.000000	 3.177531
139	 13	 13	 1	 0.000002	 -1	 0.000000	 3.211638
140	 13	 13	 1	 0.000001	 -1	 0.000000	 3.073205
141	 13	 13	 1	 0.000002	 -1	 0.000000	 3.165732
142	 13	 13	 1	 0.000002	 -1	 0.000000	 3.088856
143	 13	 13	 1	 0.000003	 -1	 0.000000	 3.018651
144	 13	 13	 1	 0.000002	 -1	 0.000000	 3.280462
2211	 9	 9	 0	 449.063843	 -1	 0.000000	 1.513321
145	 13	 13	 1	 0.000002	 -1	 0.000000	 3.484648
146	 13	 13	 1	 0.000002	 -1	 0.000000	 3.126669
147	 13	 13	 1	 0.000001	 -1	 0.000000	 3.358239
148	 13	 13	 1	 0.000001	 -1	 0.000000	 3.276942
149	 13	 13	 1	 0.000001	 -1	 0.000000	 3.431829
150	 13	 13	 1	 0.000002	 -1	 0.000000	 3.485174
152	 13	 13	 1	 0.000002	 -1	 0.000000	 3.021558
153	 13	 13	 1	 0.000002	 -1	 0.000000	 3.267935
154	 13	 13	 1	 0.000001	 -1	 0.000000	 3.267330
155	 13	 13	 1	 0.000002	 -1	 0.000000	 3.191896
156	 13	 13	 1	 0.000003	 -1	 0.000000	 3.122395
157	 13	 13	 1	 0.000001	 -1	 0.000000	 3.237401
158	 13	 13	 1	 0.000003	 -1	 0.000000	 3.185051
2484	 10	 10	 0	 479.165183	 -1	 0.000000	 5.694765
159	 13	 13	 1	 0.000001	 -1	 0.000000	 3.206064
160	 13	 13	 1	 0.000003	 -1	 0.000000	 2.929372
161	 13	 13	 1	 0.005608	 -1	 0.000000	 3.571089
162	 13	 13	 1	 0.000002	 -1	 0.000000	 3.265492
163	 13	 13	 1	 0.000002	 -1	 0.000000	 3.172280
164	 13	 13	 1	 0.000002	 -1	 0.000000	 3.170810
109	 13	 13	 0	 366.871038	 -1	 0.000000	 5.347211
165	 13	 13	 1	 0.000002	 -1	 0.000000	 3.057545
166	 13	 13	 1	 0.000002	 -1	 0.000000	 3.131149
167	 13	 13	 1	 0.000002	 -1	 0.000000	 3.121214
168	 13	 13	 1	 0.000002	 -1	 0.000000	 3.266154
169	 13	 13	 1	 0.000001	 -1	 0.000000	 3.628815
170	 13	 13	 1	 0.000003	 -1	 0.000000	 3.275393
171	 13	 13	 1	 0.000002	 -1	 0.000000	 3.028500
172	 13	 13	 1	 0.000002	 -1	 0.000000	 3.131318
173	 13	 13	 1	 0.000001	 -1	 0.000000	 3.052908
174	 13	 13	 1	 0.000002	 -1	 0.000000	 3.087013
175	 13	 13	 1	 0.000002	 -1	 0.000000	 3.184750
176	 13	 13	 1	 0.000002	 -1	 0.000000	 3.145584
177	 13	 13	 1	 0.000002	 -1	 0.000000	 3.047479
178	 13	 13	 1	 0.000002	 -1	 0.000000	 3.171446
179	 13	 13	 1	 0.000003	 -1	 0.000000	 3.146673
180	 13	 13	 1	 0.000002	 -1	 0.000000	 3.223264
181	 13	 13	 1	 0.000002	 -1	 0.000000	 3.265288
182	 13	 13	 1	 0.000002	 -1	 0.000000	 3.263054
183	 13	 13	 1	 0.000001	 -1	 0.000000	 3.110324
184	 13	 13	 1	 0.000003	 -1	 0.000000	 3.090649
185	 13	 13	 1	 0.000002	 -1	 0.000000	 3.188724
186	 13	 13	 1	 0.000002	 -1	 0.000000	 3.172933
187	 13	 13	 1	 0.000001	 -1	 0.000000	 3.274603
188	 13	 13	 1	 0.000001	 -1	 0.000000	 3.206396
189	 13	 13	 1	 0.000003	 -1	 0.000000	 3.095923
190	 13	 13	 1	 0.000001	 -1	 0.000000	 3.216606
192	 13	 13	 1	 0.000002	 -1	 0.000000	 3.168163
193	 13	 13	 1	 0.000001	 -1	 0.000000	 3.365305
194	 13	 13	 1	 0.000002	 -1	 0.000000	 3.303804
195	 13	 13	 1	 0.000002	 -1	 0.000000	 3.082743
196	 13	 13	 1	 0.000003	 -1	 0.000000	 3.118490
197	 13	 13	 1	 0.000002	 -1	 0.000000	 3.043785
198	 13	 13	 1	 0.000002	 -1	 0.000000	 3.079856
199	 13	 13	 1	 0.000001	 -1	 0.000000	 3.252320
200	 13	 13	 1	 0.000001	 -1	 0.000000	 3.539037
201	 13	 13	 1	 0.000002	 -1	 0.000000	 3.260776
202	 13	 13	 1	 0.000002	 -1	 0.000000	 3.100620
204	 13	 13	 1	 0.000002	 -1	 0.000000	 3.318952
205	 13	 13	 1	 0.000002	 -1	 0.000000	 3.319510
206	 13	 13	 1	 0.000002	 -1	 0.000000	 3.404897
207	 13	 13	 1	 0.000002	 -1	 0.000000	 3.129058
208	 13	 13	 1	 0.000003	 -1	 0.000000	 3.198066
209	 13	 13	 1	 0.020846	 -1	 0.000000	 3.703369
210	 13	 13	 1	 0.000002	 -1	 0.000000	 3.006457
211	 13	 13	 1	 0.000001	 -1	 0.000000	 3.162672
212	 13	 13	 1	 0.000001	 -1	 0.000000	 3.123097
213	 13	 13	 1	 0.000001	 -1	 0.000000	 3.548177
214	 13	 13	 1	 0.000001	 -1	 0.000000	 3.732407
215	 13	 13	 1	 0.000003	 -1	 0.000000	 3.221009
216	 13	 13	 1	 0.000001	 -1	 0.000000	 2.910024
217	 13	 13	 1	 0.000002	 -1	 0.000000	 3.042094
218	 13	 13	 1	 0.000003	 -1	 0.000000	 3.508291
219	 13	 13	 1	 0.000001	 -1	 0.000000	 3.028400
220	 13	 13	 1	 0.000002	 -1	 0.000000	 3.197000
221	 13	 13	 1	 0.000002	 -1	 0.000000	 3.168675
222	 13	 13	 1	 0.000002	 -1	 0.000000	 3.358658
1047	 15	 15	 0	 385.739016	 -1	 0.000000	 5.807716
223	 13	 13	 1	 0.000002	 -1	 0.000000	 3.083718
224	 13	 13	 1	 0.000002	 -1	 0.000000	 3.123136
225	 13	 13	 1	 0.000002	 -1	 0.000000	 3.125621
226	 13	 13	 1	 0.000001	 -1	 0.000000	 3.320693
227	 13	 13	 1	 0.000002	 -1	 0.000000	 3.011631
228	 13	 13	 1	 0.000002	 -1	 0.000000	 3.310650
229	 13	 13	 1	 0.000001	 -1	 0.000000	 3.595464
230	 13	 13	 1	 0.000002	 -1	 0.000000	 3.178686
231	 13	 13	 1	 0.000001	 -1	 0.000000	 3.184338
232	 13	 13	 1	 0.000002	 -1	 0.000000	 3.390578
233	 13	 13	 1	 0.000002	 -1	 0.000000	 3.079315
234	 13	 13	 1	 0.000002	 -1	 0.000000	 3.095644
235	 13	 13	 1	 0.000002	 -1	 0.000000	 3.210584
236	 13	 13	 1	 0.000002	 -1	 0.000000	 3.266580
237	 13	 13	 1	 0.000002	 -1	 0.000000	 3.116605
238	 13	 13	 1	 0.000002	 -1	 0.000000	 3.076671
239	 13	 13	 1	 0.000002	 -1	 0.000000	 3.358102
240	 13	 13	 1	 0.000002	 -1	 0.000000	 3.220377
241	 13	 13	 1	 0.000002	 -1	 0.000000	 3.371753
242	 13	 13	 0	 293.415491	 -1	 0.000000	 3.307123
245	 13	 13	 1	 0.000001	 -1	 0.000000	 3.197852
247	 13	 13	 1	 0.000002	 -1	 0.000000	 3.104349
1624	 11	 11	 0	 453.640994	 -1	 0.000000	 2.749493
248	 13	 13	 1	 0.000002	 -1	 0.000000	 3.094390
249	 13	 13	 1	 0.000003	 -1	 0.000000	 3.289608
250	 13	 13	 1	 0.000001	 -1	 0.000000	 3.194028
252	 13	 13	 1	 0.000003	 -1	 0.000000	 3.158474
253	 13	 13	 1	 0.000002	 -1	 0.000000	 3.422338
254	 13	 13	 1	 0.000002	 -1	 0.000000	 3.141597
255	 13	 13	 1	 0.000001	 -1	 0.000000	 2.987335
256	 13	 13	 1	 0.000003	 -1	 0.000000	 2.959703
257	 13	 13	 1	 0.000002	 -1	 0.000000	 3.307111
258	 13	 13	 1	 0.000003	 -1	 0.000000	 3.144255
259	 13	 13	 1	 0.000002	 -1	 0.000000	 3.159737
260	 13	 13	 1	 0.033532	 -1	 0.000000	 3.912242
261	 13	 13	 1	 0.000002	 -1	 0.000000	 3.297976
263	 13	 13	 1	 86.793957	 -1	 0.000000	 3.160989
268	 13	 13	 1	 0.000003	 -1	 0.000000	 3.208123
269	 13	 13	 1	 99.011770	 -1	 0.000000	 3.179557
270	 13	 13	 1	 0.000002	 -1	 0.000000	 3.184600
271	 13	 13	 0	 151.527221	 -1	 0.000000	 3.254308
273	 13	 13	 0	 255.970090	 -1	 0.000000	 3.032401
275	 13	 13	 0	 204.226134	 -1	 0.000000	 3.087559
277	 13	 13	 0	 178.908723	 -1	 0.000000	 3.295128
279	 13	 13	 1	 0.000002	 -1	 0.000000	 3.017744
280	 13	 13	 1	 116.309081	 -1	 0.000000	 3.351435
281	 13	 13	 0	 172.437186	 -1	 0.000000	 3.154696
282	 13	 13	 1	 108.086768	 -1	 0.000000	 3.102930
284	 13	 13	 1	 116.817584	 -1	 0.000000	 3.192217
285	 13	 13	 1	 0.000001	 -1	 0.000000	 3.129157
286	 13	 13	 1	 0.000002	 -1	 0.000000	 3.062681
287	 13	 13	 0	 185.501313	 -1	 0.000000	 3.087427
289	 13	 13	 0	 267.869893	 -1	 0.000000	 2.928435
291	 13	 13	 0	 358.589663	 -1	 0.000000	 3.232635
292	 13	 13	 1	 0.000002	 -1	 0.000000	 3.191418
293	 13	 13	 0	 401.338329	 -1	 0.000000	 3.386827
294	 13	 13	 1	 0.000002	 -1	 0.000000	 3.322588
295	 13	 13	 0	 218.982747	 -1	 0.000000	 3.180069
296	 13	 13	 1	 0.000002	 -1	 0.000000	 3.046901
297	 13	 13	 1	 0.000001	 -1	 0.000000	 3.483155
298	 13	 13	 1	 0.117528	 -1	 0.000000	 3.085963
299	 13	 13	 1	 0.000001	 -1	 0.000000	 3.299443
301	 13	 13	 1	 0.000104	 -1	 0.000000	 3.257455
2783	 7	 7	 0	 428.368084	 -1	 0.000000	 4.047332
302	 13	 13	 0	 400.695465	 -1	 0.000000	 3.032646
303	 13	 13	 1	 94.501326	 -1	 0.000000	 3.071438
305	 13	 13	 1	 0.007117	 -1	 0.000000	 3.032277
306	 13	 13	 1	 0.000002	 -1	 0.000000	 3.354770
307	 13	 13	 1	 0.000002	 -1	 0.000000	 3.094229
308	 13	 13	 1	 0.000001	 -1	 0.000000	 3.183982
310	 13	 13	 1	 0.000001	 -1	 0.000000	 3.058331
311	 13	 13	 1	 0.000002	 -1	 0.000000	 3.172192
312	 13	 13	 1	 0.000002	 -1	 0.000000	 3.164952
313	 13	 13	 1	 0.000002	 -1	 0.000000	 3.143313
315	 13	 13	 0	 290.140494	 -1	 0.000000	 3.203581
316	 13	 13	 1	 0.000003	 -1	 0.000000	 3.129193
317	 13	 13	 1	 0.000003	 -1	 0.000000	 3.001684
318	 13	 13	 1	 0.000003	 -1	 0.000000	 3.509192
319	 13	 13	 1	 0.000002	 -1	 0.000000	 3.214781
321	 13	 13	 0	 152.623921	 -1	 0.000000	 3.400831
323	 13	 13	 1	 95.924100	 -1	 0.000000	 3.229696
324	 13	 13	 0	 270.649325	 -1	 0.000000	 3.131798
326	 13	 13	 0	 313.382854	 -1	 0.000000	 3.037826
327	 13	 13	 1	 21.554487	 -1	 0.000000	 3.157335
329	 13	 13	 0	 227.455031	 -1	 0.000000	 2.989429
330	 13	 13	 1	 0.000001	 -1	 0.000000	 3.200078
331	 13	 13	 1	 0.000002	 -1	 0.000000	 2.927650
332	 13	 13	 1	 0.000002	 -1	 0.000000	 3.162447
333	 13	 13	 1	 0.000002	 -1	 0.000000	 3.265916
334	 13	 13	 1	 0.000002	 -1	 0.000000	 3.218017
335	 13	 13	 1	 0.000002	 -1	 0.000000	 3.238847
336	 13	 13	 1	 0.000002	 -1	 0.000000	 3.170559
337	 13	 13	 1	 0.000002	 -1	 0.000000	 3.213631
338	 13	 13	 1	 0.000001	 -1	 0.000000	 3.368783
339	 13	 13	 1	 0.000002	 -1	 0.000000	 3.220404
343	 13	 13	 1	 0.000001	 -1	 0.000000	 3.285895
344	 13	 13	 0	 233.761168	 -1	 0.000000	 3.373765
345	 13	 13	 1	 0.000002	 -1	 0.000000	 3.155367
347	 13	 13	 1	 0.000003	 -1	 0.000000	 2.910488
350	 13	 13	 1	 0.000002	 -1	 0.000000	 3.167148
351	 13	 13	 1	 0.000001	 -1	 0.000000	 3.244438
352	 13	 13	 1	 0.000003	 -1	 0.000000	 3.047654
354	 13	 13	 1	 0.000002	 -1	 0.000000	 3.216679
355	 13	 13	 1	 0.000001	 -1	 0.000000	 3.474701
356	 13	 13	 0	 330.127233	 -1	 0.000000	 3.152461
357	 13	 13	 1	 0.000003	 -1	 0.000000	 3.233187
358	 13	 13	 1	 0.000002	 -1	 0.000000	 3.222340
359	 13	 13	 1	 0.000001	 -1	 0.000000	 3.336996
362	 13	 13	 1	 0.001466	 -1	 0.000000	 5.046792
364	 13	 13	 1	 116.068480	 -1	 0.000000	 3.241689
67	 15	 15	 1	 0.000021	 -1	 0.000000	 3.276773
68	 15	 15	 0	 102.302432	 -1	 0.000000	 3.628550
69	 15	 15	 1	 0.000024	 -1	 0.000000	 3.325938
70	 15	 15	 1	 0.000022	 -1	 0.000000	 3.302273
71	 15	 15	 1	 0.000026	 -1	 0.000000	 3.198074
72	 15	 15	 1	 0.000029	 -1	 0.000000	 3.061932
73	 15	 15	 1	 0.000045	 -1	 0.000000	 3.329781
74	 15	 15	 1	 0.000027	 -1	 0.000000	 3.200219
75	 15	 15	 1	 0.000015	 -1	 0.000000	 3.103749
76	 15	 15	 1	 0.000033	 -1	 0.000000	 3.132505
77	 15	 15	 1	 0.000019	 -1	 0.000000	 3.247689
78	 15	 15	 1	 0.000033	 -1	 0.000000	 3.152335
79	 15	 15	 0	 71.005835	 -1	 0.000000	 3.401704
80	 15	 15	 1	 0.000023	 -1	 0.000000	 3.189767
81	 15	 15	 1	 0.000035	 -1	 0.000000	 3.069740
82	 15	 15	 1	 0.000025	 -1	 0.000000	 3.140166
83	 15	 15	 1	 0.000035	 -1	 0.000000	 3.130480
84	 15	 15	 1	 0.000023	 -1	 0.000000	 3.017828
85	 15	 15	 1	 0.000026	 -1	 0.000000	 3.075362
86	 15	 15	 1	 0.000029	 -1	 0.000000	 3.230240
87	 15	 15	 1	 0.000027	 -1	 0.000000	 3.073635
88	 15	 15	 1	 0.000023	 -1	 0.000000	 3.165026
89	 15	 15	 1	 0.000023	 -1	 0.000000	 3.133901
90	 15	 15	 1	 0.000031	 -1	 0.000000	 3.356150
91	 15	 15	 1	 0.000017	 -1	 0.000000	 3.230810
93	 15	 15	 1	 0.000018	 -1	 0.000000	 3.394945
94	 15	 15	 1	 0.000027	 -1	 0.000000	 3.085202
95	 15	 15	 1	 0.000022	 -1	 0.000000	 3.181460
96	 15	 15	 1	 0.000014	 -1	 0.000000	 3.205975
97	 15	 15	 1	 0.000037	 -1	 0.000000	 3.095257
98	 15	 15	 1	 0.000026	 -1	 0.000000	 3.264558
99	 15	 15	 1	 0.000014	 -1	 0.000000	 3.595921
100	 15	 15	 1	 0.000043	 -1	 0.000000	 3.132708
101	 15	 15	 1	 0.000019	 -1	 0.000000	 3.198075
102	 15	 15	 1	 0.000026	 -1	 0.000000	 3.190413
103	 15	 15	 1	 0.000015	 -1	 0.000000	 3.319580
104	 15	 15	 1	 0.000013	 -1	 0.000000	 3.641854
105	 15	 15	 1	 0.000019	 -1	 0.000000	 3.103272
106	 15	 15	 1	 0.000011	 -1	 0.000000	 3.206670
107	 15	 15	 1	 0.000026	 -1	 0.000000	 3.123821
108	 15	 15	 1	 0.000023	 -1	 0.000000	 3.240817
109	 15	 15	 1	 0.000022	 -1	 0.000000	 3.205749
110	 15	 15	 1	 0.000022	 -1	 0.000000	 2.904547
111	 15	 15	 1	 0.000019	 -1	 0.000000	 3.181516
112	 15	 15	 1	 0.000022	 -1	 0.000000	 3.294156
114	 15	 15	 1	 0.000031	 -1	 0.000000	 3.199388
115	 15	 15	 1	 0.000022	 -1	 0.000000	 3.179329
116	 15	 15	 1	 0.000033	 -1	 0.000000	 3.193470
117	 15	 15	 1	 0.000019	 -1	 0.000000	 3.253065
118	 15	 15	 1	 0.000022	 -1	 0.000000	 3.041243
120	 15	 15	 1	 0.000022	 -1	 0.000000	 3.341857
121	 15	 15	 1	 0.000037	 -1	 0.000000	 2.920950
122	 15	 15	 1	 0.000019	 -1	 0.000000	 3.203033
123	 15	 15	 1	 0.000014	 -1	 0.000000	 3.755523
124	 15	 15	 1	 0.000019	 -1	 0.000000	 3.030306
125	 15	 15	 1	 0.000031	 -1	 0.000000	 3.164068
126	 15	 15	 1	 0.000021	 -1	 0.000000	 3.175692
127	 15	 15	 1	 0.000016	 -1	 0.000000	 3.328691
128	 15	 15	 1	 0.000025	 -1	 0.000000	 3.072566
129	 15	 15	 1	 0.000037	 -1	 0.000000	 3.419612
130	 15	 15	 0	 76.437941	 -1	 0.000000	 3.526111
131	 15	 15	 1	 0.000023	 -1	 0.000000	 3.124594
132	 15	 15	 1	 0.000009	 -1	 0.000000	 3.560815
133	 15	 15	 1	 0.000025	 -1	 0.000000	 3.044954
134	 15	 15	 1	 0.000028	 -1	 0.000000	 3.115021
135	 15	 15	 1	 0.000023	 -1	 0.000000	 3.023278
136	 15	 15	 1	 0.000021	 -1	 0.000000	 3.270142
137	 15	 15	 1	 0.000026	 -1	 0.000000	 3.128114
138	 15	 15	 1	 0.000033	 -1	 0.000000	 3.456893
139	 15	 15	 1	 0.000032	 -1	 0.000000	 3.203975
140	 15	 15	 1	 0.000027	 -1	 0.000000	 2.977341
141	 15	 15	 1	 0.000022	 -1	 0.000000	 2.952239
142	 15	 15	 1	 0.000029	 -1	 0.000000	 3.059778
143	 15	 15	 1	 0.000023	 -1	 0.000000	 3.093076
2423	 10	 10	 0	 481.260782	 -1	 0.000000	 5.097781
144	 15	 15	 1	 0.000033	 -1	 0.000000	 3.402818
145	 15	 15	 1	 0.000041	 -1	 0.000000	 3.367445
146	 15	 15	 1	 0.000029	 -1	 0.000000	 3.155766
147	 15	 15	 1	 0.000037	 -1	 0.000000	 3.186326
148	 15	 15	 1	 0.000019	 -1	 0.000000	 3.185216
149	 15	 15	 1	 0.000032	 -1	 0.000000	 3.064678
150	 15	 15	 1	 0.000028	 -1	 0.000000	 3.216514
151	 15	 15	 1	 0.000021	 -1	 0.000000	 3.245806
152	 15	 15	 1	 0.000032	 -1	 0.000000	 3.016373
153	 15	 15	 1	 0.000022	 -1	 0.000000	 3.043438
154	 15	 15	 1	 0.000033	 -1	 0.000000	 3.280043
155	 15	 15	 1	 0.000024	 -1	 0.000000	 3.141140
156	 15	 15	 1	 0.000023	 -1	 0.000000	 3.055173
157	 15	 15	 1	 0.000021	 -1	 0.000000	 3.229428
158	 15	 15	 1	 0.000022	 -1	 0.000000	 3.430094
159	 15	 15	 1	 0.000028	 -1	 0.000000	 3.179752
160	 15	 15	 1	 0.000014	 -1	 0.000000	 3.070037
161	 15	 15	 1	 0.000033	 -1	 0.000000	 3.175838
162	 15	 15	 1	 0.000046	 -1	 0.000000	 3.382525
163	 15	 15	 1	 49.039662	 -1	 0.000000	 3.694787
164	 15	 15	 1	 0.000030	 -1	 0.000000	 3.215983
165	 15	 15	 1	 0.000018	 -1	 0.000000	 3.354227
166	 15	 15	 1	 0.000011	 -1	 0.000000	 3.711984
167	 15	 15	 1	 0.000019	 -1	 0.000000	 3.094362
168	 15	 15	 1	 0.000011	 -1	 0.000000	 3.655267
169	 15	 15	 1	 0.000021	 -1	 0.000000	 3.268895
171	 15	 15	 1	 0.000027	 -1	 0.000000	 3.301491
172	 15	 15	 1	 0.000021	 -1	 0.000000	 3.060554
>>> gr_fir_ccf: using E
>>> gr_fir_fff: using E
gr_buffer::allocate_buffer: warning: tried to allocate
   30 items of size 2160. Due to alignment requirements
   256 were allocated.  If this isn't OK, consider padding
   your structure to a power-of-two bytes.
   On this platform, our allocation granularity is 4096 bytes.
75	 5	 5	 1	 0.007083	 -1	 0.000000	 3.199927
76	 5	 5	 1	 0.006833	 -1	 0.000000	 3.102149
77	 5	 5	 1	 0.009549	 -1	 0.000000	 3.007062
78	 5	 5	 1	 0.008256	 -1	 0.000000	 3.071209
79	 5	 5	 1	 0.006818	 -1	 0.000000	 3.024009
80	 5	 5	 1	 0.009036	 -1	 0.000000	 3.011618
81	 5	 5	 1	 0.007744	 -1	 0.000000	 3.080305
82	 5	 5	 1	 0.007984	 -1	 0.000000	 3.223561
83	 5	 5	 1	 0.008883	 -1	 0.000000	 3.089411
84	 5	 5	 0	 301.480752	 -1	 0.000000	 3.319123
85	 5	 5	 1	 0.009447	 -1	 0.000000	 3.218323
86	 5	 5	 0	 304.877437	 -1	 0.000000	 3.159471
87	 5	 5	 1	 0.008579	 -1	 0.000000	 2.941730
88	 5	 5	 1	 0.013352	 -1	 0.000000	 3.186055
89	 5	 5	 1	 0.007009	 -1	 0.000000	 3.211477
91	 5	 5	 1	 181.876607	 -1	 0.000000	 3.537384
92	 5	 5	 1	 0.009224	 -1	 0.000000	 3.383292
93	 5	 5	 1	 0.009704	 -1	 0.000000	 2.972143
94	 5	 5	 1	 173.031472	 -1	 0.000000	 3.537414
95	 5	 5	 1	 0.008002	 -1	 0.000000	 3.338227
96	 5	 5	 1	 0.004073	 -1	 0.000000	 3.211258
97	 5	 5	 1	 0.009726	 -1	 0.000000	 2.934870
98	 5	 5	 1	 0.012230	 -1	 0.000000	 3.289131
99	 5	 5	 1	 0.009787	 -1	 0.000000	 3.384037
100	 5	 5	 1	 0.006608	 -1	 0.000000	 3.063989
101	 5	 5	 1	 0.005040	 -1	 0.000000	 3.234744
102	 5	 5	 1	 1.939038	 -1	 0.000000	 3.685895
103	 5	 5	 1	 0.393622	 -1	 0.000000	 3.794538
104	 5	 5	 0	 244.296217	 -1	 0.000000	 3.365389
105	 5	 5	 1	 0.004987	 -1	 0.000000	 3.240543
106	 5	 5	 1	 9.238859	 -1	 0.000000	 3.794766
108	 5	 5	 1	 0.011774	 -1	 0.000000	 3.475533
109	 5	 5	 0	 199.083629	 -1	 0.000000	 3.315530
110	 5	 5	 1	 0.005379	 -1	 0.000000	 3.085557
111	 5	 5	 1	 0.007240	 -1	 0.000000	 3.045398
112	 5	 5	 1	 0.007691	 -1	 0.000000	 3.193983
113	 5	 5	 1	 0.012761	 -1	 0.000000	 3.080927
114	 5	 5	 1	 0.010858	 -1	 0.000000	 3.360036
115	 5	 5	 1	 0.006653	 -1	 0.000000	 3.250471
116	 5	 5	 1	 0.007972	 -1	 0.000000	 3.078256
117	 5	 5	 1	 0.008662	 -1	 0.000000	 3.056701
118	 5	 5	 1	 0.002204	 -1	 0.000000	 3.285283
119	 5	 5	 1	 0.006086	 -1	 0.000000	 3.279896
120	 5	 5	 1	 156.500544	 -1	 0.000000	 3.545595
121	 5	 5	 1	 0.008685	 -1	 0.000000	 3.233703
122	 5	 5	 1	 0.006233	 -1	 0.000000	 3.280708
3986	 11	 11	 0	 453.952046	 -1	 0.000000	 8.034852
123	 5	 5	 1	 64.208540	 -1	 0.000000	 3.510941
124	 5	 5	 0	 196.954111	 -1	 0.000000	 3.465992
125	 5	 5	 0	 220.250732	 -1	 0.000000	 2.924472
126	 5	 5	 1	 0.011684	 -1	 0.000000	 3.029116
127	 5	 5	 1	 0.006652	 -1	 0.000000	 3.158834
128	 5	 5	 1	 0.011227	 -1	 0.000000	 3.527944
129	 5	 5	 1	 0.015138	 -1	 0.000000	 3.342949
130	 5	 5	 1	 61.354020	 -1	 0.000000	 4.019748
131	 5	 5	 1	 0.009672	 -1	 0.000000	 2.989793
132	 5	 5	 1	 0.009171	 -1	 0.000000	 3.389827
133	 5	 5	 1	 0.012629	 -1	 0.000000	 3.093765
134	 5	 5	 1	 0.019910	 -1	 0.000000	 3.226676
135	 5	 5	 1	 0.006185	 -1	 0.000000	 3.140229
136	 5	 5	 1	 0.011779	 -1	 0.000000	 3.279920
137	 5	 5	 0	 374.404565	 -1	 0.000000	 3.211293
138	 5	 5	 1	 0.006907	 -1	 0.000000	 3.176164
139	 5	 5	 1	 0.006778	 -1	 0.000000	 3.376955
140	 5	 5	 1	 0.004627	 -1	 0.000000	 3.149285
141	 5	 5	 1	 0.005765	 -1	 0.000000	 3.161257
142	 5	 5	 1	 0.008894	 -1	 0.000000	 3.241355
143	 5	 5	 1	 0.008768	 -1	 0.000000	 3.286264
144	 5	 5	 1	 0.012891	 -1	 0.000000	 3.375726
145	 5	 5	 1	 0.008947	 -1	 0.000000	 3.186627
146	 5	 5	 1	 0.005610	 -1	 0.000000	 3.163506
147	 5	 5	 1	 0.005670	 -1	 0.000000	 3.064202
149	 5	 5	 1	 0.010362	 -1	 0.000000	 3.452709
150	 5	 5	 1	 0.247709	 -1	 0.000000	 3.768026
151	 5	 5	 1	 0.006919	 -1	 0.000000	 3.269942
152	 5	 5	 1	 7.982296	 -1	 0.000000	 3.858631
153	 5	 5	 0	 278.852737	 -1	 0.000000	 3.234847
154	 5	 5	 0	 306.665270	 -1	 0.000000	 3.083117
155	 5	 5	 1	 0.011822	 -1	 0.000000	 3.301718
156	 5	 5	 1	 0.004076	 -1	 0.000000	 3.213516
158	 5	 5	 1	 0.006496	 -1	 0.000000	 3.281570
159	 5	 5	 0	 294.892029	 -1	 0.000000	 3.503020
160	 5	 5	 1	 0.013380	 -1	 0.000000	 3.270575
161	 5	 5	 1	 0.006133	 -1	 0.000000	 2.927205
162	 5	 5	 1	 0.006943	 -1	 0.000000	 3.144891
163	 5	 5	 1	 0.007508	 -1	 0.000000	 3.010291
164	 5	 5	 1	 0.006254	 -1	 0.000000	 3.329324
165	 5	 5	 1	 0.010337	 -1	 0.000000	 3.148430
166	 5	 5	 1	 0.013658	 -1	 0.000000	 3.412754
167	 5	 5	 1	 0.010773	 -1	 0.000000	 3.481752
168	 5	 5	 1	 0.007491	 -1	 0.000000	 3.117609
169	 5	 5	 1	 0.006378	 -1	 0.000000	 3.137642
170	 5	 5	 1	 0.015029	 -1	 0.000000	 3.149653
171	 5	 5	 1	 0.016338	 -1	 0.000000	 3.341290
172	 5	 5	 1	 115.956528	 -1	 0.000000	 3.779129
173	 5	 5	 0	 343.904423	 -1	 0.000000	 3.275661
174	 5	 5	 1	 0.005971	 -1	 0.000000	 3.422965
175	 5	 5	 1	 0.009790	 -1	 0.000000	 3.135726
176	 5	 5	 1	 0.007347	 -1	 0.000000	 3.197961
177	 5	 5	 1	 0.016690	 -1	 0.000000	 3.191721
178	 5	 5	 1	 0.593191	 -1	 0.000000	 3.853794
179	 5	 5	 1	 0.008334	 -1	 0.000000	 3.074609
180	 5	 5	 0	 347.478104	 -1	 0.000000	 3.538313
181	 5	 5	 1	 0.006633	 -1	 0.000000	 3.261964
182	 5	 5	 0	 177.489226	 -1	 0.000000	 3.555264
183	 5	 5	 1	 0.511635	 -1	 0.000000	 3.627028
184	 5	 5	 1	 0.004203	 -1	 0.000000	 3.219331
185	 5	 5	 1	 0.004403	 -1	 0.000000	 3.196761
186	 5	 5	 1	 0.007078	 -1	 0.000000	 2.989946
187	 5	 5	 1	 0.008928	 -1	 0.000000	 2.877431
188	 5	 5	 1	 0.015439	 -1	 0.000000	 3.059973
189	 5	 5	 1	 0.007725	 -1	 0.000000	 2.980870
190	 5	 5	 1	 0.004249	 -1	 0.000000	 3.379514
191	 5	 5	 1	 0.007171	 -1	 0.000000	 3.051337
192	 5	 5	 1	 0.010269	 -1	 0.000000	 3.038679
193	 5	 5	 1	 0.007118	 -1	 0.000000	 3.082031
194	 5	 5	 1	 0.006996	 -1	 0.000000	 2.947125
195	 5	 5	 1	 0.002911	 -1	 0.000000	 3.593202
196	 5	 5	 1	 0.011032	 -1	 0.000000	 3.006897
197	 5	 5	 0	 238.225960	 -1	 0.000000	 3.515444
198	 5	 5	 1	 0.005562	 -1	 0.000000	 2.932165
199	 5	 5	 1	 0.009047	 -1	 0.000000	 2.941657
200	 5	 5	 1	 0.008069	 -1	 0.000000	 3.158562
201	 5	 5	 0	 208.380827	 -1	 0.000000	 3.294896
202	 5	 5	 1	 0.011714	 -1	 0.000000	 3.257119
203	 5	 5	 1	 0.006894	 -1	 0.000000	 3.037255
204	 5	 5	 0	 341.800225	 -1	 0.000000	 3.655145
205	 5	 5	 1	 0.012611	 -1	 0.000000	 3.225005
206	 5	 5	 1	 0.012597	 -1	 0.000000	 3.122021
1653	 15	 15	 0	 392.455876	 -1	 0.000000	 1.894790
207	 5	 5	 1	 0.007318	 -1	 0.000000	 3.082760
209	 5	 5	 1	 0.007066	 -1	 0.000000	 3.212389
210	 5	 5	 1	 0.005890	 -1	 0.000000	 3.293431
211	 5	 5	 1	 0.008051	 -1	 0.000000	 3.077468
212	 5	 5	 1	 0.009803	 -1	 0.000000	 3.336054
213	 5	 5	 1	 0.006790	 -1	 0.000000	 3.202904
215	 5	 5	 0	 274.913908	 -1	 0.000000	 3.208070
216	 5	 5	 1	 0.011557	 -1	 0.000000	 3.172341
217	 5	 5	 1	 0.006059	 -1	 0.000000	 3.133326
218	 5	 5	 1	 0.013968	 -1	 0.000000	 3.157275
219	 5	 5	 1	 0.008390	 -1	 0.000000	 3.051764
220	 5	 5	 1	 0.008631	 -1	 0.000000	 3.155291
221	 5	 5	 1	 0.005495	 -1	 0.000000	 3.340477
222	 5	 5	 1	 0.005415	 -1	 0.000000	 3.274370
223	 5	 5	 0	 224.461272	 -1	 0.000000	 3.322903
224	 5	 5	 1	 0.011527	 -1	 0.000000	 3.229327
225	 5	 5	 1	 0.009433	 -1	 0.000000	 3.070920
227	 5	 5	 1	 0.011889	 -1	 0.000000	 3.364287
228	 5	 5	 1	 0.006351	 -1	 0.000000	 3.260918
229	 5	 5	 1	 0.007350	 -1	 0.000000	 3.289824
230	 5	 5	 1	 0.008738	 -1	 0.000000	 3.225025
231	 5	 5	 1	 0.012539	 -1	 0.000000	 3.321069
232	 5	 5	 1	 0.006391	 -1	 0.000000	 3.308500
233	 5	 5	 1	 0.002922	 -1	 0.000000	 3.425083
234	 5	 5	 1	 0.006672	 -1	 0.000000	 3.196064
235	 5	 5	 1	 0.007305	 -1	 0.000000	 3.267684
236	 5	 5	 1	 0.005469	 -1	 0.000000	 2.890521
237	 5	 5	 0	 326.065288	 -1	 0.000000	 3.625484
238	 5	 5	 1	 0.006449	 -1	 0.000000	 3.160138
239	 5	 5	 1	 0.010336	 -1	 0.000000	 3.373610
240	 5	 5	 1	 0.006235	 -1	 0.000000	 3.184827
844	 15	 15	 0	 379.114965	 -1	 0.000000	 6.738052
241	 5	 5	 1	 0.006513	 -1	 0.000000	 3.232827
242	 5	 5	 1	 0.013448	 -1	 0.000000	 3.312474
243	 5	 5	 1	 0.011171	 -1	 0.000000	 3.221121
244	 5	 5	 1	 0.010474	 -1	 0.000000	 3.156210
245	 5	 5	 0	 264.409052	 -1	 0.000000	 3.574662
246	 5	 5	 1	 0.006181	 -1	 0.000000	 3.284662
247	 5	 5	 1	 0.003309	 -1	 0.000000	 3.435335
248	 5	 5	 1	 0.013028	 -1	 0.000000	 3.313629
249	 5	 5	 1	 0.010965	 -1	 0.000000	 3.407453
250	 5	 5	 1	 0.006275	 -1	 0.000000	 3.042173
251	 5	 5	 1	 0.008145	 -1	 0.000000	 3.260414
252	 5	 5	 0	 362.359374	 -1	 0.000000	 3.622340
253	 5	 5	 0	 361.997108	 -1	 0.000000	 3.297761
254	 5	 5	 1	 0.007427	 -1	 0.000000	 3.228481
255	 5	 5	 1	 0.007463	 -1	 0.000000	 3.354526
256	 5	 5	 1	 117.162568	 -1	 0.000000	 3.690606
257	 5	 5	 0	 278.977934	 -1	 0.000000	 3.241127
258	 5	 5	 1	 0.007391	 -1	 0.000000	 3.080379
259	 5	 5	 1	 0.005375	 -1	 0.000000	 3.096855
293	 5	 5	 1	 0.003132	 -1	 0.000000	 3.446978
294	 5	 5	 1	 0.015622	 -1	 0.000000	 3.198728
295	 5	 5	 1	 0.010996	 -1	 0.000000	 3.079530
296	 5	 5	 1	 0.011260	 -1	 0.000000	 3.245134
297	 5	 5	 1	 0.016696	 -1	 0.000000	 3.310410
298	 5	 5	 1	 0.013570	 -1	 0.000000	 3.337768
299	 5	 5	 1	 0.005913	 -1	 0.000000	 3.166095
300	 5	 5	 1	 0.008327	 -1	 0.000000	 3.170175
301	 5	 5	 1	 0.432231	 -1	 0.000000	 4.044581
302	 5	 5	 1	 0.005166	 -1	 0.000000	 3.324729
303	 5	 5	 1	 0.006348	 -1	 0.000000	 3.200836
304	 5	 5	 1	 0.006539	 -1	 0.000000	 3.088579
308	 5	 5	 1	 0.006218	 -1	 0.000000	 3.357867
309	 5	 5	 1	 0.010505	 -1	 0.000000	 3.236094
312	 5	 5	 1	 0.007127	 -1	 0.000000	 3.183893
315	 5	 5	 1	 96.976736	 -1	 0.000000	 3.757926
316	 5	 5	 0	 221.634272	 -1	 0.000000	 3.162738
317	 5	 5	 1	 0.008964	 -1	 0.000000	 3.302022
318	 5	 5	 1	 0.008690	 -1	 0.000000	 3.035291
319	 5	 5	 1	 0.005513	 -1	 0.000000	 3.290771
320	 5	 5	 0	 321.957593	 -1	 0.000000	 3.443354
321	 5	 5	 1	 0.006549	 -1	 0.000000	 3.261185
322	 5	 5	 1	 0.006248	 -1	 0.000000	 3.292800
323	 5	 5	 1	 0.005456	 -1	 0.000000	 3.331235
324	 5	 5	 1	 0.008691	 -1	 0.000000	 3.025454
325	 5	 5	 1	 0.006692	 -1	 0.000000	 3.277880
326	 5	 5	 1	 0.005932	 -1	 0.000000	 3.240894
327	 5	 5	 0	 257.681383	 -1	 0.000000	 3.615115
328	 5	 5	 1	 0.005392	 -1	 0.000000	 3.167912
329	 5	 5	 1	 0.009497	 -1	 0.000000	 3.286119
330	 5	 5	 1	 0.007687	 -1	 0.000000	 3.200289
331	 5	 5	 1	 0.007394	 -1	 0.000000	 3.163340
332	 5	 5	 0	 394.651868	 -1	 0.000000	 3.699307
334	 5	 5	 1	 0.014136	 -1	 0.000000	 3.273911
335	 5	 5	 1	 0.006919	 -1	 0.000000	 3.148523
336	 5	 5	 1	 0.007012	 -1	 0.000000	 3.243208
337	 5	 5	 1	 0.007647	 -1	 0.000000	 3.232106
338	 5	 5	 1	 0.009074	 -1	 0.000000	 3.559812
339	 5	 5	 1	 0.006782	 -1	 0.000000	 3.054454
340	 5	 5	 0	 322.129643	 -1	 0.000000	 3.167010
341	 5	 5	 1	 57.983618	 -1	 0.000000	 3.605020
342	 5	 5	 1	 0.002371	 -1	 0.000000	 3.253312
343	 5	 5	 0	 132.015382	 -1	 0.000000	 3.592559
345	 5	 5	 1	 0.002838	 -1	 0.000000	 3.598128
346	 5	 5	 1	 0.021009	 -1	 0.000000	 3.566954
347	 5	 5	 1	 0.008412	 -1	 0.000000	 3.052140
348	 5	 5	 1	 0.010570	 -1	 0.000000	 3.262444
349	 5	 5	 1	 0.007999	 -1	 0.000000	 3.286647
350	 5	 5	 1	 0.008381	 -1	 0.000000	 3.186671
351	 5	 5	 1	 0.010581	 -1	 0.000000	 3.229474
352	 5	 5	 1	 0.003283	 -1	 0.000000	 3.214731
353	 5	 5	 1	 0.014721	 -1	 0.000000	 3.236059
354	 5	 5	 1	 0.005809	 -1	 0.000000	 3.235209
355	 5	 5	 1	 0.010072	 -1	 0.000000	 3.084241
356	 5	 5	 1	 0.006357	 -1	 0.000000	 3.030902
357	 5	 5	 1	 0.008304	 -1	 0.000000	 3.034610
358	 5	 5	 1	 0.002406	 -1	 0.000000	 3.290076
359	 5	 5	 1	 0.010357	 -1	 0.000000	 3.217805
360	 5	 5	 1	 0.006851	 -1	 0.000000	 3.215933
361	 5	 5	 1	 0.012330	 -1	 0.000000	 3.412378
362	 5	 5	 1	 0.002333	 -1	 0.000000	 3.591635
363	 5	 5	 1	 0.006864	 -1	 0.000000	 3.172682
364	 5	 5	 1	 0.007766	 -1	 0.000000	 3.108683
365	 5	 5	 1	 0.008113	 -1	 0.000000	 3.178248
370	 5	 5	 1	 0.003180	 -1	 0.000000	 3.408065
372	 5	 5	 1	 32.537953	 -1	 0.000000	 3.812533
373	 5	 5	 1	 0.012500	 -1	 0.000000	 3.299652
374	 5	 5	 1	 0.008191	 -1	 0.000000	 3.154811
375	 5	 5	 1	 0.015640	 -1	 0.000000	 3.305552
377	 5	 5	 1	 0.006223	 -1	 0.000000	 3.020157
378	 5	 5	 1	 0.006617	 -1	 0.000000	 3.109627
66	 5	 5	 1	 0.005948	 -1	 0.000000	 3.035999
67	 5	 5	 1	 0.016410	 -1	 0.000000	 3.334364
68	 5	 5	 1	 0.006294	 -1	 0.000000	 3.076987
69	 5	 5	 0	 181.452634	 -1	 0.000000	 3.164764
70	 5	 5	 1	 0.005993	 -1	 0.000000	 3.072623
71	 5	 5	 1	 0.009086	 -1	 0.000000	 3.382175
72	 5	 5	 1	 0.007341	 -1	 0.000000	 3.122149
73	 5	 5	 1	 68.795468	 -1	 0.000000	 3.577443
74	 5	 5	 1	 0.006145	 -1	 0.000000	 3.041162
75	 5	 5	 1	 0.004950	 -1	 0.000000	 3.034313
76	 5	 5	 1	 0.007725	 -1	 0.000000	 3.212580
77	 5	 5	 1	 0.020168	 -1	 0.000000	 3.458155
78	 5	 5	 1	 0.002885	 -1	 0.000000	 3.354762
79	 5	 5	 1	 0.007017	 -1	 0.000000	 3.335790
81	 5	 5	 1	 0.005881	 -1	 0.000000	 3.223050
82	 5	 5	 1	 0.013455	 -1	 0.000000	 3.310398
83	 5	 5	 1	 0.006064	 -1	 0.000000	 2.847865
84	 5	 5	 1	 0.006861	 -1	 0.000000	 3.198647
85	 5	 5	 0	 380.332794	 -1	 0.000000	 3.564195
86	 5	 5	 1	 0.011408	 -1	 0.000000	 3.127852
87	 5	 5	 1	 0.006666	 -1	 0.000000	 3.169456
88	 5	 5	 1	 0.008718	 -1	 0.000000	 3.225600
89	 5	 5	 1	 0.010608	 -1	 0.000000	 3.048147
91	 5	 5	 1	 0.006840	 -1	 0.000000	 2.973909
92	 5	 5	 0	 116.044697	 -1	 0.000000	 3.489585
93	 5	 5	 1	 0.011581	 -1	 0.000000	 3.443959
94	 5	 5	 1	 0.006643	 -1	 0.000000	 3.176048
2738	 9	 9	 0	 456.867589	 -1	 0.000000	 2.610913
95	 5	 5	 1	 0.006677	 -1	 0.000000	 3.254501
96	 5	 5	 1	 0.008376	 -1	 0.000000	 3.339280
97	 5	 5	 1	 0.006631	 -1	 0.000000	 3.280769
98	 5	 5	 1	 0.003234	 -1	 0.000000	 3.647978
99	 5	 5	 1	 0.008363	 -1	 0.000000	 3.082413
100	 5	 5	 1	 0.006002	 -1	 0.000000	 3.230160
101	 5	 5	 0	 261.537307	 -1	 0.000000	 3.053646
102	 5	 5	 1	 0.004397	 -1	 0.000000	 3.238133
103	 5	 5	 1	 0.008980	 -1	 0.000000	 3.089531
104	 5	 5	 1	 0.006534	 -1	 0.000000	 2.926818
105	 5	 5	 1	 0.009851	 -1	 0.000000	 3.023997
106	 5	 5	 0	 367.084123	 -1	 0.000000	 3.590633
107	 5	 5	 1	 0.006237	 -1	 0.000000	 3.321760
108	 5	 5	 1	 0.004015	 -1	 0.000000	 3.252964
109	 5	 5	 1	 0.005991	 -1	 0.000000	 3.106944
110	 5	 5	 0	 304.023981	 -1	 0.000000	 3.754616
111	 5	 5	 1	 0.013456	 -1	 0.000000	 3.227244
112	 5	 5	 1	 0.007072	 -1	 0.000000	 3.185724
113	 5	 5	 1	 0.006845	 -1	 0.000000	 3.181988
114	 5	 5	 1	 0.006959	 -1	 0.000000	 3.172687
115	 5	 5	 1	 0.009126	 -1	 0.000000	 3.036464
116	 5	 5	 1	 0.007223	 -1	 0.000000	 3.121289
117	 5	 5	 1	 0.013974	 -1	 0.000000	 3.224105
118	 5	 5	 1	 0.005653	 -1	 0.000000	 3.019699
119	 5	 5	 1	 0.004337	 -1	 0.000000	 3.335903
120	 5	 5	 1	 0.005807	 -1	 0.000000	 3.363398
121	 5	 5	 1	 0.014055	 -1	 0.000000	 2.945103
122	 5	 5	 1	 0.007656	 -1	 0.000000	 3.144133
123	 5	 5	 1	 0.007697	 -1	 0.000000	 3.105186
124	 5	 5	 1	 0.005118	 -1	 0.000000	 3.072022
125	 5	 5	 0	 337.467265	 -1	 0.000000	 3.167509
126	 5	 5	 1	 0.004124	 -1	 0.000000	 3.388853
127	 5	 5	 1	 0.008464	 -1	 0.000000	 3.396868
128	 5	 5	 1	 0.010303	 -1	 0.000000	 3.254736
129	 5	 5	 1	 0.008436	 -1	 0.000000	 3.059929
130	 5	 5	 0	 232.386960	 -1	 0.000000	 3.860310
131	 5	 5	 1	 0.007676	 -1	 0.000000	 3.175617
132	 5	 5	 1	 0.006957	 -1	 0.000000	 3.101430
133	 5	 5	 1	 0.012641	 -1	 0.000000	 3.268935
134	 5	 5	 1	 0.003931	 -1	 0.000000	 3.384859
135	 5	 5	 1	 0.009365	 -1	 0.000000	 3.119388
136	 5	 5	 1	 0.005251	 -1	 0.000000	 3.414014
137	 5	 5	 1	 0.001736	 -1	 0.000000	 3.768792
138	 5	 5	 1	 0.007336	 -1	 0.000000	 3.376808
139	 5	 5	 1	 0.011679	 -1	 0.000000	 3.291769
140	 5	 5	 1	 0.007615	 -1	 0.000000	 3.140428
141	 5	 5	 1	 0.004208	 -1	 0.000000	 3.135286
142	 5	 5	 1	 0.009151	 -1	 0.000000	 3.160609
143	 5	 5	 1	 0.005041	 -1	 0.000000	 3.152221
144	 5	 5	 1	 0.010378	 -1	 0.000000	 3.156929
145	 5	 5	 1	 179.924422	 -1	 0.000000	 3.214320
146	 5	 5	 1	 0.006256	 -1	 0.000000	 3.175213
147	 5	 5	 1	 0.007316	 -1	 0.000000	 3.309712
148	 5	 5	 1	 0.012012	 -1	 0.000000	 3.196526
149	 5	 5	 0	 278.081113	 -1	 0.000000	 3.212287
150	 5	 5	 1	 0.007892	 -1	 0.000000	 3.220862
152	 5	 5	 1	 0.005240	 -1	 0.000000	 3.108688
153	 5	 5	 1	 0.007763	 -1	 0.000000	 3.000728
154	 5	 5	 0	 355.715362	 -1	 0.000000	 3.709066
156	 5	 5	 1	 0.006940	 -1	 0.000000	 3.150951
157	 5	 5	 0	 372.425078	 -1	 0.000000	 3.363178
158	 5	 5	 1	 3.902975	 -1	 0.000000	 3.714540
159	 5	 5	 1	 0.006501	 -1	 0.000000	 3.029107
160	 5	 5	 1	 0.003193	 -1	 0.000000	 3.512480
161	 5	 5	 1	 0.062749	 -1	 0.000000	 3.597800
162	 5	 5	 1	 0.002808	 -1	 0.000000	 3.784755
163	 5	 5	 1	 0.010632	 -1	 0.000000	 3.265863
164	 5	 5	 1	 0.007368	 -1	 0.000000	 3.336462
165	 5	 5	 1	 182.549029	 -1	 0.000000	 3.074862
166	 5	 5	 1	 78.533081	 -1	 0.000000	 3.552772
167	 5	 5	 1	 0.011949	 -1	 0.000000	 3.094842
168	 5	 5	 1	 0.013118	 -1	 0.000000	 3.241777
169	 5	 5	 1	 0.006233	 -1	 0.000000	 3.208985
170	 5	 5	 1	 0.014437	 -1	 0.000000	 3.208445
171	 5	 5	 1	 83.100736	 -1	 0.000000	 3.661225
172	 5	 5	 1	 0.005397	 -1	 0.000000	 3.264707
174	 5	 5	 1	 111.907644	 -1	 0.000000	 3.531215
175	 5	 5	 1	 0.007421	 -1	 0.000000	 3.226706
176	 5	 5	 1	 0.006669	 -1	 0.000000	 3.097121
177	 5	 5	 1	 0.007247	 -1	 0.000000	 3.107683
178	 5	 5	 1	 0.009255	 -1	 0.000000	 3.089221
179	 5	 5	 1	 0.012010	 -1	 0.000000	 3.166302
180	 5	 5	 0	 258.521855	 -1	 0.000000	 3.019520
181	 5	 5	 1	 0.006214	 -1	 0.000000	 3.231824
182	 5	 5	 0	 250.599577	 -1	 0.000000	 3.290950
183	 5	 5	 1	 0.008882	 -1	 0.000000	 3.194003
184	 5	 5	 1	 0.005409	 -1	 0.000000	 3.176712
185	 5	 5	 0	 379.587965	 -1	 0.000000	 4.152594
186	 5	 5	 1	 0.005792	 -1	 0.000000	 3.081561
187	 5	 5	 1	 0.005690	 -1	 0.000000	 3.305664
188	 5	 5	 1	 0.016799	 -1	 0.000000	 3.193671
189	 5	 5	 1	 0.006866	 -1	 0.000000	 3.149725
190	 5	 5	 1	 0.001496	 -1	 0.000000	 3.067563
191	 5	 5	 1	 0.007269	 -1	 0.000000	 3.167199
192	 5	 5	 1	 0.009133	 -1	 0.000000	 3.140822
193	 5	 5	 1	 0.007831	 -1	 0.000000	 3.074000
194	 5	 5	 1	 0.007897	 -1	 0.000000	 3.344865
195	 5	 5	 1	 0.014531	 -1	 0.000000	 3.174531
196	 5	 5	 1	 0.010114	 -1	 0.000000	 3.561272
197	 5	 5	 1	 0.011027	 -1	 0.000000	 3.150458
198	 5	 5	 1	 0.006508	 -1	 0.000000	 3.365348
199	 5	 5	 1	 0.007713	 -1	 0.000000	 3.116300
200	 5	 5	 0	 219.494802	 -1	 0.000000	 3.503802
2946	 15	 15	 0	 398.954048	 -1	 0.000000	 2.417172
201	 5	 5	 1	 0.003158	 -1	 0.000000	 3.345485
202	 5	 5	 1	 0.009786	 -1	 0.000000	 3.286220
203	 5	 5	 1	 0.002483	 -1	 0.000000	 3.496422
205	 5	 5	 1	 0.008519	 -1	 0.000000	 2.999429
206	 5	 5	 1	 0.008324	 -1	 0.000000	 3.186508
207	 5	 5	 1	 0.005097	 -1	 0.000000	 3.316152
208	 5	 5	 1	 0.006427	 -1	 0.000000	 3.190011
209	 5	 5	 1	 0.008627	 -1	 0.000000	 3.108042
210	 5	 5	 1	 0.008540	 -1	 0.000000	 3.181553
211	 5	 5	 1	 0.010299	 -1	 0.000000	 3.194656
212	 5	 5	 1	 147.381129	 -1	 0.000000	 3.424550
213	 5	 5	 1	 187.915524	 -1	 0.000000	 3.190080
214	 5	 5	 1	 0.008981	 -1	 0.000000	 3.049312
215	 5	 5	 1	 0.004259	 -1	 0.000000	 3.124763
216	 5	 5	 1	 0.017238	 -1	 0.000000	 3.480871
217	 5	 5	 0	 208.974322	 -1	 0.000000	 3.343149
218	 5	 5	 1	 0.017404	 -1	 0.000000	 3.036026
219	 5	 5	 1	 0.011041	 -1	 0.000000	 3.014133
220	 5	 5	 1	 0.006100	 -1	 0.000000	 3.063828
221	 5	 5	 1	 0.005599	 -1	 0.000000	 3.233452
223	 5	 5	 1	 0.007277	 -1	 0.000000	 3.094272
224	 5	 5	 1	 138.210087	 -1	 0.000000	 3.495085
3025	 10	 10	 0	 479.638025	 -1	 0.000000	 1.791922
225	 5	 5	 1	 0.009189	 -1	 0.000000	 3.067004
226	 5	 5	 1	 0.016945	 -1	 0.000000	 3.289150
227	 5	 5	 1	 0.003248	 -1	 0.000000	 3.404453
228	 5	 5	 1	 0.007065	 -1	 0.000000	 3.347045
229	 5	 5	 1	 0.010088	 -1	 0.000000	 3.575197
230	 5	 5	 1	 0.008013	 -1	 0.000000	 3.112329
231	 5	 5	 1	 0.008332	 -1	 0.000000	 3.110574
2926	 7	 7	 0	 431.129175	 -1	 0.000000	 2.750167
233	 5	 5	 1	 0.003085	 -1	 0.000000	 3.495587
234	 5	 5	 1	 0.002708	 -1	 0.000000	 3.537174
235	 5	 5	 1	 0.008421	 -1	 0.000000	 3.145155
236	 5	 5	 1	 0.012880	 -1	 0.000000	 3.072081
237	 5	 5	 0	 213.837742	 -1	 0.000000	 3.313694
238	 5	 5	 1	 0.007709	 -1	 0.000000	 3.103399
239	 5	 5	 1	 0.007319	 -1	 0.000000	 3.192657
240	 5	 5	 1	 0.008616	 -1	 0.000000	 3.178328
241	 5	 5	 1	 0.003257	 -1	 0.000000	 3.521324
242	 5	 5	 0	 384.945513	 -1	 0.000000	 3.782142
243	 5	 5	 1	 0.015870	 -1	 0.000000	 3.206507
244	 5	 5	 0	 369.290074	 -1	 0.000000	 3.684223
245	 5	 5	 0	 213.396395	 -1	 0.000000	 3.810609
246	 5	 5	 1	 0.012121	 -1	 0.000000	 3.361554
247	 5	 5	 1	 0.013853	 -1	 0.000000	 3.249549
248	 5	 5	 1	 0.007156	 -1	 0.000000	 3.341195
249	 5	 5	 1	 0.005825	 -1	 0.000000	 3.091801
250	 5	 5	 1	 0.008642	 -1	 0.000000	 3.002194
251	 5	 5	 1	 0.014768	 -1	 0.000000	 3.484411
252	 5	 5	 1	 2.431342	 -1	 0.000000	 3.741482
253	 5	 5	 1	 0.007505	 -1	 0.000000	 3.304290
254	 5	 5	 1	 0.004112	 -1	 0.000000	 3.142512
255	 5	 5	 1	 0.010894	 -1	 0.000000	 3.359167
256	 5	 5	 1	 0.011913	 -1	 0.000000	 3.034842
257	 5	 5	 1	 0.009145	 -1	 0.000000	 3.219975
258	 5	 5	 1	 0.013191	 -1	 0.000000	 3.385301
259	 5	 5	 1	 0.004443	 -1	 0.000000	 3.159770
260	 5	 5	 1	 0.014936	 -1	 0.000000	 3.143836
261	 5	 5	 1	 0.007622	 -1	 0.000000	 3.156498
262	 5	 5	 1	 0.013327	 -1	 0.000000	 3.183354
1390	 11	 11	 0	 455.244379	 -1	 0.000000	 3.864522
264	 5	 5	 1	 0.011136	 -1	 0.000000	 3.126702
265	 5	 5	 1	 0.006864	 -1	 0.000000	 3.213127
266	 5	 5	 1	 0.005796	 -1	 0.000000	 3.032745
267	 5	 5	 1	 0.008020	 -1	 0.000000	 3.228533
268	 5	 5	 1	 0.003177	 -1	 0.000000	 3.363346
269	 5	 5	 1	 0.007290	 -1	 0.000000	 3.251850
270	 5	 5	 1	 0.010184	 -1	 0.000000	 3.028870
271	 5	 5	 1	 0.007409	 -1	 0.000000	 3.212430
272	 5	 5	 1	 0.007441	 -1	 0.000000	 3.198105
398	 13	 13	 0	 403.432054	 -1	 0.000000	 6.368735
273	 5	 5	 0	 266.776885	 -1	 0.000000	 3.107837
274	 5	 5	 1	 0.005349	 -1	 0.000000	 3.050588
275	 5	 5	 0	 266.352806	 -1	 0.000000	 3.636225
276	 5	 5	 1	 0.011728	 -1	 0.000000	 3.351259
277	 5	 5	 1	 0.008749	 -1	 0.000000	 3.153526
278	 5	 5	 1	 0.006277	 -1	 0.000000	 2.977622
279	 5	 5	 0	 239.757343	 -1	 0.000000	 3.385492
281	 5	 5	 0	 438.299867	 -1	 0.000000	 3.294787
282	 5	 5	 1	 0.012386	 -1	 0.000000	 3.033700
283	 5	 5	 1	 26.959439	 -1	 0.000000	 3.370986
285	 5	 5	 1	 0.004066	 -1	 0.000000	 2.892646
286	 5	 5	 0	 399.200501	 -1	 0.000000	 3.270700
287	 5	 5	 0	 200.465161	 -1	 0.000000	 3.462312
288	 5	 5	 1	 0.005842	 -1	 0.000000	 3.166318
289	 5	 5	 1	 0.009172	 -1	 0.000000	 3.061507
290	 5	 5	 1	 0.005725	 -1	 0.000000	 3.163954
291	 5	 5	 0	 373.006888	 -1	 0.000000	 3.503674
293	 5	 5	 1	 0.016699	 -1	 0.000000	 3.345387
294	 5	 5	 1	 0.164456	 -1	 0.000000	 4.157691
295	 5	 5	 0	 322.751621	 -1	 0.000000	 3.438561
297	 5	 5	 0	 355.432681	 -1	 0.000000	 3.617527
298	 5	 5	 1	 0.012151	 -1	 0.000000	 3.305803
299	 5	 5	 1	 0.005706	 -1	 0.000000	 3.532650
300	 5	 5	 1	 0.005557	 -1	 0.000000	 3.137746
301	 5	 5	 1	 0.014068	 -1	 0.000000	 3.137808
303	 5	 5	 1	 116.458518	 -1	 0.000000	 3.113843
304	 5	 5	 0	 430.149968	 -1	 0.000000	 3.244081
307	 5	 5	 1	 0.015811	 -1	 0.000000	 3.122942
308	 5	 5	 1	 0.006602	 -1	 0.000000	 3.313903
309	 5	 5	 1	 0.009887	 -1	 0.000000	 3.062747
310	 5	 5	 0	 246.392999	 -1	 0.000000	 3.332035
313	 5	 5	 1	 0.006832	 -1	 0.000000	 3.076343
314	 5	 5	 1	 0.002864	 -1	 0.000000	 3.760350
315	 5	 5	 1	 0.006901	 -1	 0.000000	 3.261908
316	 5	 5	 1	 0.002431	 -1	 0.000000	 3.555347
318	 5	 5	 1	 0.010281	 -1	 0.000000	 3.166859
319	 5	 5	 1	 0.006325	 -1	 0.000000	 3.154529
320	 5	 5	 1	 0.006520	 -1	 0.000000	 3.328073
321	 5	 5	 1	 116.398915	 -1	 0.000000	 3.105807
322	 5	 5	 1	 0.002945	 -1	 0.000000	 3.317627
323	 5	 5	 1	 11.001620	 -1	 0.000000	 3.189529
324	 5	 5	 1	 116.473121	 -1	 0.000000	 3.108019
325	 5	 5	 1	 0.008588	 -1	 0.000000	 3.000807
326	 5	 5	 0	 377.727399	 -1	 0.000000	 3.412107
330	 5	 5	 0	 306.492470	 -1	 0.000000	 3.168985
333	 5	 5	 1	 0.006864	 -1	 0.000000	 3.430024
334	 5	 5	 1	 0.008229	 -1	 0.000000	 3.148484
335	 5	 5	 1	 0.006916	 -1	 0.000000	 3.011558
336	 5	 5	 0	 189.580777	 -1	 0.000000	 3.179422
337	 5	 5	 1	 0.006802	 -1	 0.000000	 3.213902
338	 5	 5	 1	 0.006521	 -1	 0.000000	 3.118070
339	 5	 5	 0	 293.765354	 -1	 0.000000	 3.526235
341	 5	 5	 1	 0.006781	 -1	 0.000000	 3.180829
344	 5	 5	 0	 382.469934	 -1	 0.000000	 3.331081
347	 5	 5	 1	 116.617911	 -1	 0.000000	 3.279368
348	 5	 5	 1	 0.006015	 -1	 0.000000	 3.649087
349	 5	 5	 1	 0.005428	 -1	 0.000000	 3.227178
350	 5	 5	 1	 0.011482	 -1	 0.000000	 3.067918
351	 5	 5	 1	 0.009653	 -1	 0.000000	 3.282615
352	 5	 5	 1	 0.005726	 -1	 0.000000	 3.176137
353	 5	 5	 1	 0.002335	 -1	 0.000000	 3.568461
354	 5	 5	 1	 0.005068	 -1	 0.000000	 3.141126
355	 5	 5	 1	 0.008837	 -1	 0.000000	 3.180134
356	 5	 5	 1	 0.014033	 -1	 0.000000	 3.334606
357	 5	 5	 1	 0.009173	 -1	 0.000000	 3.080619
358	 5	 5	 1	 0.007277	 -1	 0.000000	 3.179569
359	 5	 5	 0	 280.429865	 -1	 0.000000	 3.619421
361	 5	 5	 0	 282.699294	 -1	 0.000000	 3.222291
362	 5	 5	 0	 328.553222	 -1	 0.000000	 4.116894
494	 15	 15	 0	 396.204765	 -1	 0.000000	 13.426011
364	 5	 5	 0	 304.762559	 -1	 0.000000	 3.354914
365	 5	 5	 1	 119.124170	 -1	 0.000000	 3.666186
366	 5	 5	 1	 0.005713	 -1	 0.000000	 3.202384
368	 5	 5	 1	 0.008562	 -1	 0.000000	 3.114940
369	 5	 5	 1	 0.007853	 -1	 0.000000	 3.104388
370	 5	 5	 1	 52.835625	 -1	 0.000000	 3.625247
371	 5	 5	 1	 0.006863	 -1	 0.000000	 2.962738
372	 5	 5	 0	 190.694151	 -1	 0.000000	 3.433183
373	 5	 5	 1	 0.007369	 -1	 0.000000	 3.096229
374	 5	 5	 1	 0.009736	 -1	 0.000000	 3.116077
375	 5	 5	 1	 0.012600	 -1	 0.000000	 3.283547
376	 5	 5	 1	 0.005110	 -1	 0.000000	 3.393785
377	 5	 5	 1	 0.006953	 -1	 0.000000	 3.130985
383	 5	 5	 1	 0.005886	 -1	 0.000000	 3.099414
384	 5	 5	 1	 0.011859	 -1	 0.000000	 3.311363
385	 5	 5	 1	 0.002701	 -1	 0.000000	 3.432049
386	 5	 5	 1	 0.008639	 -1	 0.000000	 3.070303
387	 5	 5	 1	 0.003388	 -1	 0.000000	 3.387192
388	 5	 5	 1	 0.008923	 -1	 0.000000	 3.150935
389	 5	 5	 1	 0.003654	 -1	 0.000000	 3.301820
391	 5	 5	 1	 5.459040	 -1	 0.000000	 3.717254
392	 5	 5	 1	 0.009627	 -1	 0.000000	 3.312504
394	 5	 5	 0	 201.881059	 -1	 0.000000	 3.669847
395	 5	 5	 1	 0.006711	 -1	 0.000000	 3.098142
396	 5	 5	 1	 0.010348	 -1	 0.000000	 3.086085
397	 5	 5	 1	 0.007965	 -1	 0.000000	 2.974416
398	 5	 5	 1	 0.005940	 -1	 0.000000	 3.118951
400	 5	 5	 1	 0.005716	 -1	 0.000000	 3.361238
402	 5	 5	 0	 425.185920	 -1	 0.000000	 3.593646
403	 5	 5	 1	 7.501796	 -1	 0.000000	 3.859095
404	 5	 5	 1	 0.011721	 -1	 0.000000	 3.335310
405	 5	 5	 1	 90.002577	 -1	 0.000000	 3.774910
408	 5	 5	 0	 230.480812	 -1	 0.000000	 3.631409
409	 5	 5	 1	 0.004906	 -1	 0.000000	 3.172464
410	 5	 5	 0	 211.847172	 -1	 0.000000	 3.387141
411	 5	 5	 1	 0.002108	 -1	 0.000000	 3.552302
412	 5	 5	 1	 107.292897	 -1	 0.000000	 3.211504
413	 5	 5	 1	 0.010194	 -1	 0.000000	 3.347816
414	 5	 5	 1	 0.009305	 -1	 0.000000	 3.118078
415	 5	 5	 1	 0.007262	 -1	 0.000000	 3.079584
416	 5	 5	 1	 0.010786	 -1	 0.000000	 3.232251
417	 5	 5	 1	 0.009567	 -1	 0.000000	 3.240147
418	 5	 5	 1	 0.008060	 -1	 0.000000	 3.067187
419	 5	 5	 1	 0.006741	 -1	 0.000000	 3.087113
422	 5	 5	 0	 341.990605	 -1	 0.000000	 3.228975
423	 5	 5	 1	 0.009295	 -1	 0.000000	 3.459006
426	 5	 5	 0	 261.326748	 -1	 0.000000	 3.419446
427	 5	 5	 1	 95.279435	 -1	 0.000000	 3.178851
429	 5	 5	 1	 0.004666	 -1	 0.000000	 3.247246
72	 7	 7	 1	 0.084317	 -1	 0.000000	 3.186358
73	 7	 7	 1	 0.093981	 -1	 0.000000	 3.011603
74	 7	 7	 1	 0.075416	 -1	 0.000000	 3.169208
75	 7	 7	 1	 0.028468	 -1	 0.000000	 3.810457
76	 7	 7	 1	 0.105143	 -1	 0.000000	 3.179412
77	 7	 7	 1	 0.105336	 -1	 0.000000	 3.144206
78	 7	 7	 1	 0.078630	 -1	 0.000000	 2.975434
79	 7	 7	 1	 0.019985	 -1	 0.000000	 3.478025
80	 7	 7	 1	 0.113867	 -1	 0.000000	 3.490229
81	 7	 7	 1	 0.354459	 -1	 0.000000	 3.652057
82	 7	 7	 1	 0.058679	 -1	 0.000000	 2.990243
83	 7	 7	 1	 0.077697	 -1	 0.000000	 3.122829
84	 7	 7	 1	 0.126022	 -1	 0.000000	 3.230217
85	 7	 7	 1	 0.074824	 -1	 0.000000	 3.285575
86	 7	 7	 1	 0.224167	 -1	 0.000000	 3.226762
87	 7	 7	 1	 0.074573	 -1	 0.000000	 3.194077
88	 7	 7	 1	 0.076066	 -1	 0.000000	 3.156271
89	 7	 7	 1	 0.102410	 -1	 0.000000	 3.166739
90	 7	 7	 1	 0.078787	 -1	 0.000000	 3.147760
91	 7	 7	 1	 0.086412	 -1	 0.000000	 3.162235
92	 7	 7	 1	 3.944339	 -1	 0.000000	 3.708813
93	 7	 7	 1	 24.372183	 -1	 0.000000	 3.957270
94	 7	 7	 1	 0.073967	 -1	 0.000000	 3.213862
95	 7	 7	 1	 0.086850	 -1	 0.000000	 3.196354
96	 7	 7	 1	 0.078509	 -1	 0.000000	 3.227996
97	 7	 7	 1	 52.577432	 -1	 0.000000	 3.772053
98	 7	 7	 1	 0.083245	 -1	 0.000000	 3.171335
100	 7	 7	 1	 4.523237	 -1	 0.000000	 4.148887
101	 7	 7	 1	 0.091671	 -1	 0.000000	 3.118633
102	 7	 7	 1	 0.159039	 -1	 0.000000	 3.299936
103	 7	 7	 1	 0.124774	 -1	 0.000000	 3.279141
104	 7	 7	 1	 0.012650	 -1	 0.000000	 3.655087
365	 5	 5	 0	 393.488572	 -1	 0.000000	 5.445591
105	 7	 7	 1	 0.010654	 -1	 0.000000	 3.808360
106	 7	 7	 1	 0.087593	 -1	 0.000000	 3.283425
108	 7	 7	 1	 0.064080	 -1	 0.000000	 3.255837
109	 7	 7	 1	 0.085296	 -1	 0.000000	 3.144783
110	 7	 7	 1	 0.164769	 -1	 0.000000	 3.144341
111	 7	 7	 1	 21.650167	 -1	 0.000000	 4.339400
112	 7	 7	 1	 0.107814	 -1	 0.000000	 3.036764
113	 7	 7	 1	 0.099339	 -1	 0.000000	 3.177842
114	 7	 7	 1	 0.128096	 -1	 0.000000	 3.248981
115	 7	 7	 1	 0.099686	 -1	 0.000000	 3.250989
116	 7	 7	 1	 0.019903	 -1	 0.000000	 3.481052
117	 7	 7	 1	 58.584545	 -1	 0.000000	 3.453846
118	 7	 7	 1	 0.018718	 -1	 0.000000	 3.373825
119	 7	 7	 1	 0.064679	 -1	 0.000000	 3.374418
120	 7	 7	 1	 0.082572	 -1	 0.000000	 3.150994
121	 7	 7	 1	 0.095496	 -1	 0.000000	 3.299041
122	 7	 7	 1	 0.093949	 -1	 0.000000	 3.068321
123	 7	 7	 1	 0.078375	 -1	 0.000000	 3.170610
124	 7	 7	 1	 61.444110	 -1	 0.000000	 3.873427
125	 7	 7	 1	 0.074580	 -1	 0.000000	 3.095679
126	 7	 7	 1	 0.014836	 -1	 0.000000	 3.380328
127	 7	 7	 1	 0.078144	 -1	 0.000000	 3.165815
128	 7	 7	 1	 0.080319	 -1	 0.000000	 3.088446
129	 7	 7	 1	 0.110301	 -1	 0.000000	 3.203941
130	 7	 7	 1	 0.042396	 -1	 0.000000	 3.733399
131	 7	 7	 1	 0.012809	 -1	 0.000000	 3.484502
132	 7	 7	 1	 0.076424	 -1	 0.000000	 3.301709
133	 7	 7	 1	 0.020617	 -1	 0.000000	 3.428540
134	 7	 7	 1	 0.015183	 -1	 0.000000	 3.423572
135	 7	 7	 1	 0.063709	 -1	 0.000000	 3.082146
136	 7	 7	 1	 0.095312	 -1	 0.000000	 3.220371
137	 7	 7	 1	 0.097928	 -1	 0.000000	 3.278982
138	 7	 7	 1	 0.078777	 -1	 0.000000	 3.125090
139	 7	 7	 1	 0.083299	 -1	 0.000000	 3.160483
140	 7	 7	 1	 0.066468	 -1	 0.000000	 3.326624
141	 7	 7	 1	 0.110319	 -1	 0.000000	 3.126063
142	 7	 7	 1	 0.101582	 -1	 0.000000	 3.399446
143	 7	 7	 1	 24.786058	 -1	 0.000000	 3.488992
144	 7	 7	 1	 0.066443	 -1	 0.000000	 3.154371
145	 7	 7	 1	 0.010415	 -1	 0.000000	 3.585349
146	 7	 7	 1	 0.103730	 -1	 0.000000	 3.059878
147	 7	 7	 1	 0.030209	 -1	 0.000000	 3.410113
148	 7	 7	 1	 0.109541	 -1	 0.000000	 3.123446
149	 7	 7	 1	 0.078593	 -1	 0.000000	 3.195321
150	 7	 7	 1	 0.023583	 -1	 0.000000	 3.406393
151	 7	 7	 1	 0.079168	 -1	 0.000000	 3.043769
152	 7	 7	 1	 0.069993	 -1	 0.000000	 3.271512
153	 7	 7	 1	 0.086800	 -1	 0.000000	 3.268044
   On this platform, our allocation granularity is 4096 bytes.
0	 9	 9	 1	 58.194094	 -1	 0.000000	 3.168003
1	 9	 9	 1	 67.959457	 -1	 0.000000	 3.320240
2	 9	 9	 1	 55.150377	 -1	 0.000000	 3.232015
3	 9	 9	 1	 63.579692	 -1	 0.000000	 3.158348
4	 9	 9	 1	 54.889685	 -1	 0.000000	 3.251209
5	 9	 9	 1	 42.181863	 -1	 0.000000	 3.192638
6	 9	 9	 1	 65.455324	 -1	 0.000000	 3.281486
7	 9	 9	 1	 17.551689	 -1	 0.000000	 3.418074
8	 9	 9	 1	 72.587933	 -1	 0.000000	 3.280818
9	 9	 9	 1	 51.930877	 -1	 0.000000	 3.141394
10	 9	 9	 1	 72.980814	 -1	 0.000000	 3.053227
11	 9	 9	 0	 304.586127	 -1	 0.000000	 3.642145
12	 9	 9	 0	 338.435158	 -1	 0.000000	 3.814914
13	 9	 9	 1	 90.280543	 -1	 0.000000	 3.228467
14	 9	 9	 1	 49.250554	 -1	 0.000000	 2.993488
15	 9	 9	 0	 414.374290	 -1	 0.000000	 3.759887
16	 9	 9	 1	 61.697744	 -1	 0.000000	 3.222882
17	 9	 9	 1	 22.681709	 -1	 0.000000	 3.427297
18	 9	 9	 1	 46.872259	 -1	 0.000000	 2.979672
19	 9	 9	 1	 19.227975	 -1	 0.000000	 3.525731
20	 9	 9	 0	 330.201390	 -1	 0.000000	 3.679114
21	 9	 9	 1	 82.350013	 -1	 0.000000	 3.218006
22	 9	 9	 1	 66.265765	 -1	 0.000000	 3.157239
23	 9	 9	 1	 58.344216	 -1	 0.000000	 3.023681
24	 9	 9	 1	 77.473921	 -1	 0.000000	 3.101787
25	 9	 9	 1	 17.001574	 -1	 0.000000	 3.911619
26	 9	 9	 1	 39.175158	 -1	 0.000000	 3.084395
27	 9	 9	 1	 66.089013	 -1	 0.000000	 3.043761
28	 9	 9	 1	 50.458691	 -1	 0.000000	 3.070281
29	 9	 9	 0	 222.942976	 -1	 0.000000	 3.691173
30	 9	 9	 0	 413.593227	 -1	 0.000000	 3.667594
31	 9	 9	 1	 21.439381	 -1	 0.000000	 3.472815
32	 9	 9	 1	 44.682848	 -1	 0.000000	 3.099464
33	 9	 9	 1	 48.747055	 -1	 0.000000	 2.970694
34	 9	 9	 1	 14.805340	 -1	 0.000000	 3.548423
35	 9	 9	 1	 22.744838	 -1	 0.000000	 3.456173
36	 9	 9	 1	 46.536516	 -1	 0.000000	 3.126627
37	 9	 9	 0	 369.842770	 -1	 0.000000	 3.841533
38	 9	 9	 1	 55.162309	 -1	 0.000000	 3.184466
39	 9	 9	 1	 27.355429	 -1	 0.000000	 3.610170
40	 9	 9	 1	 49.823164	 -1	 0.000000	 3.311680
41	 9	 9	 0	 315.033098	 -1	 0.000000	 3.670430
42	 9	 9	 1	 54.721771	 -1	 0.000000	 3.078414
43	 9	 9	 1	 18.593122	 -1	 0.000000	 3.610382
44	 9	 9	 1	 41.718840	 -1	 0.000000	 3.034197
45	 9	 9	 1	 50.917972	 -1	 0.000000	 3.068943
46	 9	 9	 1	 60.041910	 -1	 0.000000	 3.359508
47	 9	 9	 1	 27.113341	 -1	 0.000000	 3.491258
48	 9	 9	 1	 20.328978	 -1	 0.000000	 3.479659
49	 9	 9	 1	 55.448096	 -1	 0.000000	 3.316250
50	 9	 9	 1	 44.417702	 -1	 0.000000	 3.140288
51	 9	 9	 1	 74.636344	 -1	 0.000000	 3.317898
52	 9	 9	 0	 265.798289	 -1	 0.000000	 4.068019
>>> gr_fir_ccf: using E
>>> gr_fir_fff: using E
gr_buffer::allocate_buffer: warning: tried to allocate
   30 items of size 2160. Due to alignment requirements
   256 were allocated.  If this isn't OK, consider padding
   your structure to a power-of-two bytes.
   On this platform, our allocation granularity is 4096 bytes.
62	 9	 9	 1	 56.904137	 -1	 0.000000	 3.314342
63	 9	 9	 1	 43.750867	 -1	 0.000000	 2.964313
64	 9	 9	 1	 46.825284	 -1	 0.000000	 3.253323
65	 9	 9	 1	 50.772841	 -1	 0.000000	 3.093426
67	 9	 9	 1	 56.190049	 -1	 0.000000	 3.131659
68	 9	 9	 0	 299.310674	 -1	 0.000000	 4.003851
69	 9	 9	 1	 49.254478	 -1	 0.000000	 3.173190
70	 9	 9	 1	 53.133546	 -1	 0.000000	 3.352842
71	 9	 9	 1	 17.955969	 -1	 0.000000	 3.466429
72	 9	 9	 1	 45.827309	 -1	 0.000000	 3.171980
73	 9	 9	 1	 62.859797	 -1	 0.000000	 3.251660
74	 9	 9	 1	 73.661611	 -1	 0.000000	 3.212208
75	 9	 9	 1	 46.682027	 -1	 0.000000	 3.254011
2247	 5	 5	 0	 416.005757	 -1	 0.000000	 3.790907
76	 9	 9	 0	 432.524607	 -1	 0.000000	 3.603313
77	 9	 9	 1	 56.006641	 -1	 0.000000	 3.172727
78	 9	 9	 1	 62.145414	 -1	 0.000000	 3.240998
79	 9	 9	 1	 59.301744	 -1	 0.000000	 3.192384
80	 9	 9	 0	 384.389878	 -1	 0.000000	 3.762300
81	 9	 9	 1	 41.434194	 -1	 0.000000	 3.071058
82	 9	 9	 1	 58.945366	 -1	 0.000000	 3.032121
83	 9	 9	 1	 51.339164	 -1	 0.000000	 3.277353
84	 9	 9	 0	 404.614005	 -1	 0.000000	 3.455599
85	 9	 9	 0	 365.035768	 -1	 0.000000	 3.612375
86	 9	 9	 1	 46.957039	 -1	 0.000000	 2.943722
87	 9	 9	 1	 46.156938	 -1	 0.000000	 3.510033
88	 9	 9	 1	 61.129368	 -1	 0.000000	 3.245720
89	 9	 9	 1	 62.810056	 -1	 0.000000	 3.083069
90	 9	 9	 1	 52.612471	 -1	 0.000000	 3.242108
91	 9	 9	 1	 18.169456	 -1	 0.000000	 3.664749
92	 9	 9	 1	 55.208712	 -1	 0.000000	 3.195400
93	 9	 9	 1	 128.880406	 -1	 0.000000	 3.429361
94	 9	 9	 1	 64.798360	 -1	 0.000000	 2.928767
95	 9	 9	 0	 397.542396	 -1	 0.000000	 3.591934
96	 9	 9	 1	 33.189047	 -1	 0.000000	 3.149677
97	 9	 9	 1	 57.998636	 -1	 0.000000	 3.132583
98	 9	 9	 1	 67.339112	 -1	 0.000000	 3.411125
99	 9	 9	 0	 364.473879	 -1	 0.000000	 3.532610
100	 9	 9	 1	 61.976553	 -1	 0.000000	 3.046549
101	 9	 9	 1	 83.782502	 -1	 0.000000	 3.133633
102	 9	 9	 1	 15.425013	 -1	 0.000000	 3.576546
103	 9	 9	 1	 65.434523	 -1	 0.000000	 3.105621
104	 9	 9	 1	 71.226085	 -1	 0.000000	 3.054482
105	 9	 9	 1	 16.570439	 -1	 0.000000	 3.405395
106	 9	 9	 1	 10.870514	 -1	 0.000000	 3.769644
107	 9	 9	 1	 67.106443	 -1	 0.000000	 3.011138
108	 9	 9	 0	 417.687881	 -1	 0.000000	 3.645614
109	 9	 9	 1	 46.385919	 -1	 0.000000	 3.128129
110	 9	 9	 1	 16.114793	 -1	 0.000000	 3.827417
111	 9	 9	 1	 62.640888	 -1	 0.000000	 3.188859
112	 9	 9	 1	 74.689263	 -1	 0.000000	 3.188329
113	 9	 9	 1	 54.362076	 -1	 0.000000	 3.082150
114	 9	 9	 1	 68.896535	 -1	 0.000000	 3.374177
115	 9	 9	 1	 18.888497	 -1	 0.000000	 3.521070
116	 9	 9	 1	 43.022926	 -1	 0.000000	 3.011710
117	 9	 9	 1	 26.475041	 -1	 0.000000	 3.408402
118	 9	 9	 1	 102.623703	 -1	 0.000000	 3.985163
119	 9	 9	 1	 14.728484	 -1	 0.000000	 3.790374
120	 9	 9	 1	 19.133193	 -1	 0.000000	 3.709546
121	 9	 9	 0	 420.073101	 -1	 0.000000	 3.653739
122	 9	 9	 1	 54.021282	 -1	 0.000000	 2.988733
123	 9	 9	 0	 244.907353	 -1	 0.000000	 3.893152
124	 9	 9	 1	 46.243758	 -1	 0.000000	 3.345810
125	 9	 9	 0	 178.992446	 -1	 0.000000	 3.697875
126	 9	 9	 0	 441.471059	 -1	 0.000000	 3.544240
127	 9	 9	 1	 36.750007	 -1	 0.000000	 3.053411
128	 9	 9	 1	 12.539390	 -1	 0.000000	 3.743360
129	 9	 9	 1	 42.207433	 -1	 0.000000	 3.140023
130	 9	 9	 0	 371.869923	 -1	 0.000000	 3.899096
131	 9	 9	 1	 27.172378	 -1	 0.000000	 3.538043
132	 9	 9	 1	 22.036056	 -1	 0.000000	 3.508448
133	 9	 9	 1	 65.543520	 -1	 0.000000	 3.213048
134	 9	 9	 1	 84.297213	 -1	 0.000000	 3.157266
135	 9	 9	 0	 381.460239	 -1	 0.000000	 3.397286
136	 9	 9	 1	 38.508235	 -1	 0.000000	 3.000185
137	 9	 9	 1	 57.632095	 -1	 0.000000	 3.025979
138	 9	 9	 1	 18.054848	 -1	 0.000000	 3.552464
139	 9	 9	 1	 44.360077	 -1	 0.000000	 3.318204
140	 9	 9	 1	 18.793462	 -1	 0.000000	 3.546196
141	 9	 9	 1	 57.596791	 -1	 0.000000	 3.219308
142	 9	 9	 1	 63.244626	 -1	 0.000000	 3.183578
143	 9	 9	 1	 75.507412	 -1	 0.000000	 3.225441
144	 9	 9	 1	 76.775645	 -1	 0.000000	 3.323095
145	 9	 9	 1	 23.077067	 -1	 0.000000	 3.356214
146	 9	 9	 1	 33.210670	 -1	 0.000000	 3.034903
147	 9	 9	 1	 54.773424	 -1	 0.000000	 3.293040
148	 9	 9	 0	 435.275789	 -1	 0.000000	 3.501822
149	 9	 9	 1	 70.597341	 -1	 0.000000	 3.221153
150	 9	 9	 1	 59.086337	 -1	 0.000000	 3.099386
151	 9	 9	 1	 76.773766	 -1	 0.000000	 3.131793
152	 9	 9	 1	 46.132654	 -1	 0.000000	 3.010259
154	 9	 9	 1	 43.390306	 -1	 0.000000	 3.097537
155	 9	 9	 1	 57.739847	 -1	 0.000000	 3.189941
156	 9	 9	 1	 46.409146	 -1	 0.000000	 3.030307
157	 9	 9	 1	 14.783925	 -1	 0.000000	 3.768103
158	 9	 9	 1	 18.106576	 -1	 0.000000	 3.422906
159	 9	 9	 1	 56.691024	 -1	 0.000000	 3.253983
160	 9	 9	 0	 430.674665	 -1	 0.000000	 3.705483
161	 9	 9	 0	 346.614776	 -1	 0.000000	 3.777699
162	 9	 9	 0	 268.825041	 -1	 0.000000	 3.820764
163	 9	 9	 1	 52.195783	 -1	 0.000000	 3.323696
164	 9	 9	 1	 72.012096	 -1	 0.000000	 3.304290
165	 9	 9	 1	 50.149147	 -1	 0.000000	 3.270224
166	 9	 9	 1	 19.432263	 -1	 0.000000	 3.494823
167	 9	 9	 1	 42.704216	 -1	 0.000000	 3.130892
168	 9	 9	 1	 59.595928	 -1	 0.000000	 3.143998
169	 9	 9	 0	 436.094997	 -1	 0.000000	 3.464935
170	 9	 9	 1	 46.053951	 -1	 0.000000	 3.305341
171	 9	 9	 1	 70.264999	 -1	 0.000000	 3.273678
172	 9	 9	 1	 62.712633	 -1	 0.000000	 3.203512
1996	 9	 9	 0	 443.793710	 -1	 0.000000	 8.825087
173	 9	 9	 1	 49.611411	 -1	 0.000000	 3.248231
174	 9	 9	 1	 55.201899	 -1	 0.000000	 3.355320
175	 9	 9	 1	 71.536926	 -1	 0.000000	 3.223273
176	 9	 9	 1	 55.820851	 -1	 0.000000	 3.147627
177	 9	 9	 0	 201.065159	 -1	 0.000000	 3.772172
178	 9	 9	 1	 71.280201	 -1	 0.000000	 3.185653
179	 9	 9	 0	 420.087398	 -1	 0.000000	 3.475067
180	 9	 9	 1	 22.711626	 -1	 0.000000	 3.553774
181	 9	 9	 1	 38.974715	 -1	 0.000000	 3.089186
182	 9	 9	 1	 57.343771	 -1	 0.000000	 3.237738
183	 9	 9	 0	 270.289621	 -1	 0.000000	 3.631826
184	 9	 9	 1	 48.965866	 -1	 0.000000	 3.314770
185	 9	 9	 1	 14.538032	 -1	 0.000000	 3.317519
186	 9	 9	 1	 55.044039	 -1	 0.000000	 3.286542
187	 9	 9	 1	 44.167793	 -1	 0.000000	 3.207026
188	 9	 9	 1	 56.842606	 -1	 0.000000	 3.151003
189	 9	 9	 1	 62.895071	 -1	 0.000000	 2.927913
187	 10	 10	 0	 477.968217	 -1	 0.000000	 11.028460
190	 9	 9	 1	 72.292591	 -1	 0.000000	 3.095909
191	 9	 9	 1	 26.074365	 -1	 0.000000	 3.875310
192	 9	 9	 0	 424.501964	 -1	 0.000000	 3.507353
193	 9	 9	 1	 33.809458	 -1	 0.000000	 3.060934
194	 9	 9	 1	 40.652197	 -1	 0.000000	 3.227643
195	 9	 9	 1	 11.102914	 -1	 0.000000	 3.146966
196	 9	 9	 1	 22.832633	 -1	 0.000000	 3.559513
197	 9	 9	 1	 20.262292	 -1	 0.000000	 3.255743
198	 9	 9	 1	 67.927565	 -1	 0.000000	 3.253583
199	 9	 9	 1	 87.180414	 -1	 0.000000	 3.078466
200	 9	 9	 1	 44.369913	 -1	 0.000000	 3.262958
201	 9	 9	 1	 30.530009	 -1	 0.000000	 3.453685
202	 9	 9	 1	 55.214675	 -1	 0.000000	 3.116144
203	 9	 9	 1	 69.000375	 -1	 0.000000	 3.154795
204	 9	 9	 0	 259.060219	 -1	 0.000000	 3.974509
205	 9	 9	 0	 419.834430	 -1	 0.000000	 3.878279
206	 9	 9	 0	 411.670887	 -1	 0.000000	 3.658184
207	 9	 9	 1	 42.813548	 -1	 0.000000	 2.904677
208	 9	 9	 1	 43.212163	 -1	 0.000000	 3.070925
209	 9	 9	 0	 344.778500	 -1	 0.000000	 3.860819
210	 9	 9	 1	 71.963648	 -1	 0.000000	 3.195436
211	 9	 9	 1	 48.989975	 -1	 0.000000	 3.067810
212	 9	 9	 1	 18.251699	 -1	 0.000000	 3.314420
2394	 15	 15	 0	 392.149811	 -1	 0.000000	 8.068363
213	 9	 9	 1	 67.544301	 -1	 0.000000	 3.048231
214	 9	 9	 1	 16.736534	 -1	 0.000000	 3.497200
215	 9	 9	 1	 53.710519	 -1	 0.000000	 3.303595
216	 9	 9	 1	 20.950542	 -1	 0.000000	 3.747868
217	 9	 9	 1	 47.354235	 -1	 0.000000	 3.200760
218	 9	 9	 1	 23.414006	 -1	 0.000000	 3.438188
219	 9	 9	 1	 46.807223	 -1	 0.000000	 3.293434
220	 9	 9	 1	 57.822863	 -1	 0.000000	 3.301967
221	 9	 9	 1	 39.822165	 -1	 0.000000	 3.034596
222	 9	 9	 1	 54.869256	 -1	 0.000000	 3.368655
223	 9	 9	 1	 42.915323	 -1	 0.000000	 2.989895
224	 9	 9	 1	 53.200609	 -1	 0.000000	 3.187276
225	 9	 9	 0	 336.267140	 -1	 0.000000	 3.741891
226	 9	 9	 0	 437.103384	 -1	 0.000000	 3.949686
227	 9	 9	 1	 58.044583	 -1	 0.000000	 3.049377
228	 9	 9	 1	 54.595773	 -1	 0.000000	 3.301548
229	 9	 9	 1	 82.153984	 -1	 0.000000	 3.174259
230	 9	 9	 0	 415.987489	 -1	 0.000000	 3.697313
231	 9	 9	 1	 44.266435	 -1	 0.000000	 3.041179
232	 9	 9	 1	 26.553904	 -1	 0.000000	 3.607074
233	 9	 9	 1	 69.632869	 -1	 0.000000	 3.192580
234	 9	 9	 1	 45.444703	 -1	 0.000000	 3.073889
235	 9	 9	 0	 405.295338	 -1	 0.000000	 3.635508
236	 9	 9	 1	 20.148027	 -1	 0.000000	 3.492435
237	 9	 9	 1	 9.334713	 -1	 0.000000	 3.228696
238	 9	 9	 1	 66.591855	 -1	 0.000000	 3.122217
239	 9	 9	 0	 336.485343	 -1	 0.000000	 4.035727
240	 9	 9	 1	 54.865611	 -1	 0.000000	 3.288771
241	 9	 9	 1	 46.519608	 -1	 0.000000	 3.039207
242	 9	 9	 1	 70.171674	 -1	 0.000000	 3.170987
243	 9	 9	 1	 56.861360	 -1	 0.000000	 3.125789
244	 9	 9	 1	 81.253068	 -1	 0.000000	 3.255103
87	 10	 10	 0	 481.811908	 -1	 0.000000	 2.952925
245	 9	 9	 1	 61.444135	 -1	 0.000000	 3.137939
246	 9	 9	 1	 49.566897	 -1	 0.000000	 3.355451
247	 9	 9	 1	 78.238087	 -1	 0.000000	 3.105467
248	 9	 9	 1	 67.071046	 -1	 0.000000	 3.208757
249	 9	 9	 1	 40.497423	 -1	 0.000000	 2.986555
250	 9	 9	 1	 65.960590	 -1	 0.000000	 3.318546
251	 9	 9	 1	 61.130996	 -1	 0.000000	 3.138746
252	 9	 9	 1	 16.695460	 -1	 0.000000	 3.493432
2259	 13	 13	 0	 368.523488	 -1	 0.000000	 5.005519
253	 9	 9	 1	 63.977751	 -1	 0.000000	 3.079281
254	 9	 9	 1	 71.515610	 -1	 0.000000	 3.286373
255	 9	 9	 1	 34.062917	 -1	 0.000000	 3.081650
256	 9	 9	 1	 50.739508	 -1	 0.000000	 3.345919
257	 9	 9	 1	 34.913327	 -1	 0.000000	 3.012774
258	 9	 9	 1	 56.224542	 -1	 0.000000	 3.280773
259	 9	 9	 1	 43.394999	 -1	 0.000000	 3.174262
260	 9	 9	 0	 372.909314	 -1	 0.000000	 3.776905
261	 9	 9	 0	 460.492011	 -1	 0.000000	 3.054190
262	 9	 9	 1	 192.449106	 -1	 0.000000	 3.644563
263	 9	 9	 1	 17.762909	 -1	 0.000000	 3.590595
264	 9	 9	 1	 76.167931	 -1	 0.000000	 3.123676
265	 9	 9	 1	 23.721986	 -1	 0.000000	 3.507649
266	 9	 9	 1	 65.977460	 -1	 0.000000	 3.571947
267	 9	 9	 1	 44.265610	 -1	 0.000000	 3.156599
268	 9	 9	 1	 46.196960	 -1	 0.000000	 3.094858
269	 9	 9	 1	 50.350246	 -1	 0.000000	 3.200293
270	 9	 9	 1	 67.238162	 -1	 0.000000	 3.353351
272	 9	 9	 1	 83.646160	 -1	 0.000000	 3.171733
273	 9	 9	 1	 30.071680	 -1	 0.000000	 3.115140
274	 9	 9	 1	 66.919162	 -1	 0.000000	 3.392553
275	 9	 9	 0	 444.143035	 -1	 0.000000	 3.364333
277	 9	 9	 1	 59.275287	 -1	 0.000000	 3.304123
278	 9	 9	 1	 19.740501	 -1	 0.000000	 3.603637
279	 9	 9	 1	 78.587221	 -1	 0.000000	 3.145365
280	 9	 9	 0	 462.344906	 -1	 0.000000	 3.158739
283	 9	 9	 1	 40.792026	 -1	 0.000000	 3.009790
284	 9	 9	 1	 66.581593	 -1	 0.000000	 3.272911
285	 9	 9	 1	 135.581642	 -1	 0.000000	 3.292751
286	 9	 9	 1	 38.035604	 -1	 0.000000	 3.282922
288	 9	 9	 1	 207.725741	 -1	 0.000000	 3.763940
289	 9	 9	 1	 18.148527	 -1	 0.000000	 3.579693
320	 9	 9	 1	 18.626112	 -1	 0.000000	 3.470923
321	 9	 9	 1	 54.268836	 -1	 0.000000	 3.110555
322	 9	 9	 1	 93.247317	 -1	 0.000000	 3.428824
323	 9	 9	 1	 58.440899	 -1	 0.000000	 3.269453
324	 9	 9	 1	 54.775686	 -1	 0.000000	 3.183793
325	 9	 9	 1	 70.301185	 -1	 0.000000	 3.179186
326	 9	 9	 1	 45.292796	 -1	 0.000000	 3.354602
327	 9	 9	 1	 20.964041	 -1	 0.000000	 3.670247
328	 9	 9	 1	 57.874827	 -1	 0.000000	 3.156610
329	 9	 9	 1	 64.960013	 -1	 0.000000	 2.919324
330	 9	 9	 1	 75.261698	 -1	 0.000000	 3.195071
331	 9	 9	 1	 17.562612	 -1	 0.000000	 3.598190
332	 9	 9	 1	 58.362922	 -1	 0.000000	 3.286084
2827	 11	 11	 0	 459.125658	 -1	 0.000000	 7.386394
333	 9	 9	 0	 259.838941	 -1	 0.000000	 4.049958
334	 9	 9	 1	 57.619479	 -1	 0.000000	 3.230574
335	 9	 9	 0	 257.659828	 -1	 0.000000	 3.973897
336	 9	 9	 1	 36.248471	 -1	 0.000000	 3.168239
337	 9	 9	 1	 51.909484	 -1	 0.000000	 3.182235
338	 9	 9	 1	 38.513550	 -1	 0.000000	 2.966971
172	 15	 15	 0	 414.806614	 -1	 0.000000	 7.892202
339	 9	 9	 1	 52.644935	 -1	 0.000000	 3.334006
2857	 10	 10	 0	 482.999891	 -1	 0.000000	 8.686233
352	 9	 9	 0	 444.303748	 -1	 0.000000	 3.819434
353	 9	 9	 1	 18.048243	 -1	 0.000000	 3.439558
354	 9	 9	 1	 54.271498	 -1	 0.000000	 3.189664
355	 9	 9	 1	 13.118367	 -1	 0.000000	 3.443740
356	 9	 9	 1	 196.449113	 -1	 0.000000	 3.665543
357	 9	 9	 1	 54.958049	 -1	 0.000000	 3.148032
358	 9	 9	 1	 52.610746	 -1	 0.000000	 3.332756
359	 9	 9	 1	 68.993164	 -1	 0.000000	 3.377251
360	 9	 9	 1	 18.923900	 -1	 0.000000	 3.675807
361	 9	 9	 1	 50.558318	 -1	 0.000000	 3.101809
362	 9	 9	 0	 419.658148	 -1	 0.000000	 3.680180
363	 9	 9	 1	 51.382294	 -1	 0.000000	 3.246737
364	 9	 9	 1	 22.366822	 -1	 0.000000	 3.346387
365	 9	 9	 1	 21.905219	 -1	 0.000000	 3.322806
366	 9	 9	 1	 52.883785	 -1	 0.000000	 3.124272
367	 9	 9	 1	 15.256090	 -1	 0.000000	 3.566789
368	 9	 9	 1	 58.228487	 -1	 0.000000	 3.171497
369	 9	 9	 1	 72.639924	 -1	 0.000000	 3.202870
370	 9	 9	 1	 74.443067	 -1	 0.000000	 3.153654
371	 9	 9	 0	 461.313200	 -1	 0.000000	 3.939362
372	 9	 9	 0	 393.826460	 -1	 0.000000	 3.772853
373	 9	 9	 1	 16.904804	 -1	 0.000000	 3.567134
374	 9	 9	 1	 62.458105	 -1	 0.000000	 3.178617
375	 9	 9	 1	 66.351891	 -1	 0.000000	 3.327244
376	 9	 9	 1	 57.305100	 -1	 0.000000	 3.222011
377	 9	 9	 0	 335.685685	 -1	 0.000000	 3.701347
378	 9	 9	 1	 78.196659	 -1	 0.000000	 3.153992
379	 9	 9	 0	 283.441938	 -1	 0.000000	 3.570261
347	 9	 9	 0	 445.699559	 -1	 0.000000	 3.131063
348	 9	 9	 0	 450.407376	 -1	 0.000000	 3.206103
349	 9	 9	 1	 134.180095	 -1	 0.000000	 3.206306
380	 9	 9	 1	 16.497062	 -1	 0.000000	 3.558225
381	 9	 9	 1	 87.770310	 -1	 0.000000	 3.657732
382	 9	 9	 1	 44.377354	 -1	 0.000000	 3.177670
383	 9	 9	 1	 71.262271	 -1	 0.000000	 3.239425
384	 9	 9	 1	 34.808503	 -1	 0.000000	 2.970358
385	 9	 9	 1	 44.835703	 -1	 0.000000	 3.034857
386	 9	 9	 1	 102.364037	 -1	 0.000000	 3.848457
387	 9	 9	 1	 37.234374	 -1	 0.000000	 3.226771
388	 9	 9	 1	 27.536872	 -1	 0.000000	 3.805128
389	 9	 9	 1	 63.363049	 -1	 0.000000	 3.218019
390	 9	 9	 0	 346.622587	 -1	 0.000000	 3.799220
391	 9	 9	 1	 21.175778	 -1	 0.000000	 3.653361
392	 9	 9	 1	 39.191316	 -1	 0.000000	 3.015206
393	 9	 9	 1	 55.072543	 -1	 0.000000	 3.154021
394	 9	 9	 1	 47.596830	 -1	 0.000000	 3.161045
395	 9	 9	 1	 63.662741	 -1	 0.000000	 3.255124
396	 9	 9	 1	 52.920941	 -1	 0.000000	 3.176002
397	 9	 9	 1	 16.865490	 -1	 0.000000	 3.778540
398	 9	 9	 1	 36.687562	 -1	 0.000000	 2.967788
399	 9	 9	 1	 45.408059	 -1	 0.000000	 2.997110
400	 9	 9	 1	 70.453272	 -1	 0.000000	 3.208546
401	 9	 9	 1	 58.923874	 -1	 0.000000	 3.151335
402	 9	 9	 1	 52.076260	 -1	 0.000000	 3.213907
403	 9	 9	 1	 56.644071	 -1	 0.000000	 3.254736
404	 9	 9	 1	 40.060051	 -1	 0.000000	 3.039001
405	 9	 9	 0	 312.605101	 -1	 0.000000	 3.814842
406	 9	 9	 1	 39.219267	 -1	 0.000000	 3.164995
407	 9	 9	 1	 62.495200	 -1	 0.000000	 3.069800
408	 9	 9	 1	 65.795532	 -1	 0.000000	 3.084104
420	 9	 9	 0	 440.409170	 -1	 0.000000	 3.596210
421	 9	 9	 0	 444.555917	 -1	 0.000000	 3.630903
422	 9	 9	 1	 15.841661	 -1	 0.000000	 3.663342
423	 9	 9	 1	 12.934934	 -1	 0.000000	 3.601761
424	 9	 9	 1	 46.852547	 -1	 0.000000	 3.271756
425	 9	 9	 1	 49.244328	 -1	 0.000000	 3.199681
426	 9	 9	 1	 19.806165	 -1	 0.000000	 3.565840
427	 9	 9	 1	 18.080011	 -1	 0.000000	 3.703390
428	 9	 9	 1	 57.420955	 -1	 0.000000	 3.077899
429	 9	 9	 1	 15.141702	 -1	 0.000000	 3.656019
430	 9	 9	 1	 58.495722	 -1	 0.000000	 3.015265
431	 9	 9	 1	 55.172560	 -1	 0.000000	 3.115544
2490	 7	 7	 0	 430.005715	 -1	 0.000000	 5.464431
432	 9	 9	 0	 438.416160	 -1	 0.000000	 3.562233
433	 9	 9	 1	 72.956017	 -1	 0.000000	 3.348966
434	 9	 9	 1	 54.903046	 -1	 0.000000	 3.207888
435	 9	 9	 1	 59.963511	 -1	 0.000000	 3.138189
436	 9	 9	 1	 55.119164	 -1	 0.000000	 3.245520
437	 9	 9	 0	 395.215475	 -1	 0.000000	 3.776792
438	 9	 9	 1	 15.212284	 -1	 0.000000	 3.825006
439	 9	 9	 1	 14.274189	 -1	 0.000000	 3.802356
446	 9	 9	 1	 48.110146	 -1	 0.000000	 3.408423
447	 9	 9	 1	 49.036859	 -1	 0.000000	 3.199543
448	 9	 9	 1	 31.972744	 -1	 0.000000	 3.010216
449	 9	 9	 1	 57.147907	 -1	 0.000000	 3.312724
450	 9	 9	 1	 28.907993	 -1	 0.000000	 3.827073
451	 9	 9	 1	 59.446837	 -1	 0.000000	 3.211189
452	 9	 9	 1	 25.950038	 -1	 0.000000	 3.752859
453	 9	 9	 1	 55.097298	 -1	 0.000000	 3.091727
454	 9	 9	 1	 53.230126	 -1	 0.000000	 3.091735
455	 9	 9	 1	 14.175939	 -1	 0.000000	 3.682855
456	 9	 9	 1	 34.655032	 -1	 0.000000	 3.099584
37	 9	 9	 0	 458.000692	 -1	 0.000000	 3.675393
457	 9	 9	 1	 55.494428	 -1	 0.000000	 3.216410
458	 9	 9	 1	 69.573571	 -1	 0.000000	 3.225130
459	 9	 9	 1	 64.373266	 -1	 0.000000	 2.958008
460	 9	 9	 1	 22.797238	 -1	 0.000000	 3.544359
461	 9	 9	 1	 77.531997	 -1	 0.000000	 3.274650
462	 9	 9	 1	 40.753412	 -1	 0.000000	 3.020058
463	 9	 9	 1	 52.120586	 -1	 0.000000	 3.167476
464	 9	 9	 1	 63.871056	 -1	 0.000000	 3.311970
465	 9	 9	 1	 21.908352	 -1	 0.000000	 3.413735
466	 9	 9	 1	 52.503669	 -1	 0.000000	 3.157092
467	 9	 9	 1	 70.274055	 -1	 0.000000	 3.198741
468	 9	 9	 0	 432.494657	 -1	 0.000000	 3.723834
469	 9	 9	 1	 23.000730	 -1	 0.000000	 3.558489
470	 9	 9	 1	 19.899341	 -1	 0.000000	 3.504442
471	 9	 9	 1	 73.991371	 -1	 0.000000	 3.250283
472	 9	 9	 1	 49.993702	 -1	 0.000000	 2.997046
473	 9	 9	 0	 438.794886	 -1	 0.000000	 3.508385
474	 9	 9	 1	 123.119390	 -1	 0.000000	 3.715662
475	 9	 9	 1	 58.123179	 -1	 0.000000	 3.096286
476	 9	 9	 1	 85.163023	 -1	 0.000000	 3.247418
477	 9	 9	 1	 59.642056	 -1	 0.000000	 3.306961
478	 9	 9	 1	 73.028781	 -1	 0.000000	 3.388899
479	 9	 9	 1	 43.783076	 -1	 0.000000	 3.208954
441	 9	 9	 0	 398.099682	 -1	 0.000000	 4.084305
442	 9	 9	 0	 346.810944	 -1	 0.000000	 3.423645
443	 9	 9	 1	 13.776613	 -1	 0.000000	 3.499345
480	 9	 9	 1	 17.564934	 -1	 0.000000	 3.566083
481	 9	 9	 1	 70.192858	 -1	 0.000000	 3.265016
482	 9	 9	 1	 14.150224	 -1	 0.000000	 3.640027
483	 9	 9	 1	 40.943961	 -1	 0.000000	 3.057796
484	 9	 9	 1	 17.412902	 -1	 0.000000	 3.602055
485	 9	 9	 1	 51.372432	 -1	 0.000000	 3.300149
486	 9	 9	 1	 75.597071	 -1	 0.000000	 3.300830
487	 9	 9	 0	 410.948241	 -1	 0.000000	 3.944361
488	 9	 9	 1	 29.271878	 -1	 0.000000	 3.640470
489	 9	 9	 0	 414.881433	 -1	 0.000000	 3.623968
490	 9	 9	 1	 17.477372	 -1	 0.000000	 3.602843
491	 9	 9	 1	 63.243577	 -1	 0.000000	 3.131375
492	 9	 9	 1	 50.379321	 -1	 0.000000	 3.269001
493	 9	 9	 1	 49.598853	 -1	 0.000000	 3.276391
494	 9	 9	 1	 74.221184	 -1	 0.000000	 3.160568
495	 9	 9	 1	 57.038545	 -1	 0.000000	 3.143595
496	 9	 9	 0	 436.264280	 -1	 0.000000	 3.250487
497	 9	 9	 1	 48.729360	 -1	 0.000000	 3.158358
498	 9	 9	 1	 48.018417	 -1	 0.000000	 3.141853
499	 9	 9	 1	 21.226576	 -1	 0.000000	 3.419509
0	 9	 9	 1	 74.262543	 -1	 0.000000	 3.265035
1	 9	 9	 1	 54.683433	 -1	 0.000000	 3.372976
2	 9	 9	 1	 38.701559	 -1	 0.000000	 3.114321
3	 9	 9	 1	 68.070263	 -1	 0.000000	 3.326664
4	 9	 9	 1	 56.929542	 -1	 0.000000	 3.095334
5	 9	 9	 1	 31.836807	 -1	 0.000000	 3.074335
6	 9	 9	 1	 41.126400	 -1	 0.000000	 2.965129
7	 9	 9	 0	 223.931039	 -1	 0.000000	 3.716863
8	 9	 9	 1	 78.126621	 -1	 0.000000	 3.142748
9	 9	 9	 1	 32.872064	 -1	 0.000000	 3.089757
10	 9	 9	 0	 403.319349	 -1	 0.000000	 3.695055
11	 9	 9	 1	 24.018999	 -1	 0.000000	 3.455418
12	 9	 9	 1	 75.145451	 -1	 0.000000	 3.302331
13	 9	 9	 0	 310.969171	 -1	 0.000000	 4.008046
14	 9	 9	 1	 68.646926	 -1	 0.000000	 3.160002
15	 9	 9	 1	 14.451771	 -1	 0.000000	 3.566875
>>> gr_fir_ccf: using E
>>> gr_fir_fff: using E
terminate called after throwing an instance of 'std::invalid_argument'
  what():  gr_ofdm_demod: Incorrect subcarriers allocated
>>> gr_fir_ccf: using E
>>> gr_fir_fff: using E
gr_buffer::allocate_buffer: warning: tried to allocate
   30 items of size 2160. Due to alignment requirements
   256 were allocated.  If this isn't OK, consider padding
   your structure to a power-of-two bytes.
   On this platform, our allocation granularity is 4096 bytes.
3887	 11	 11	 0	 456.058007	 -1	 0.000000	 2.293934
2294	 5	 5	 0	 414.785515	 -1	 0.000000	 0.936453
2690	 9	 9	 0	 457.804556	 -1	 0.000000	 4.424311
3207	 7	 7	 0	 433.056434	 -1	 0.000000	 1.436700
179	 15	 15	 0	 403.920196	 -1	 0.000000	 3.194027
1078	 7	 7	 0	 434.712645	 -1	 0.000000	 7.338086
1225	 9	 9	 0	 447.337912	 -1	 0.000000	 4.183300
0	 11	 11	 1	 120.183213	 -1	 0.000000	 3.081726
1	 11	 11	 1	 64.074671	 -1	 0.000000	 3.163398
2	 11	 11	 1	 94.663278	 -1	 0.000000	 3.064318
3	 11	 11	 1	 30.711960	 -1	 0.000000	 3.366333
4	 11	 11	 1	 29.470312	 -1	 0.000000	 3.526782
5	 11	 11	 1	 99.152592	 -1	 0.000000	 3.003756
6	 11	 11	 1	 60.377950	 -1	 0.000000	 3.341219
7	 11	 11	 1	 24.738688	 -1	 0.000000	 3.453838
8	 11	 11	 1	 88.358241	 -1	 0.000000	 3.246559
9	 11	 11	 1	 84.682933	 -1	 0.000000	 3.382027
10	 11	 11	 1	 27.792038	 -1	 0.000000	 3.384970
11	 11	 11	 1	 27.867993	 -1	 0.000000	 3.354071
12	 11	 11	 1	 32.601430	 -1	 0.000000	 3.389521
13	 11	 11	 1	 94.946569	 -1	 0.000000	 3.198022
14	 11	 11	 1	 104.737503	 -1	 0.000000	 3.044350
15	 11	 11	 1	 26.695397	 -1	 0.000000	 3.368459
16	 11	 11	 1	 31.048871	 -1	 0.000000	 3.414591
17	 11	 11	 1	 28.778447	 -1	 0.000000	 3.434076
18	 11	 11	 1	 22.958749	 -1	 0.000000	 3.053731
19	 11	 11	 1	 31.623856	 -1	 0.000000	 3.391860
20	 11	 11	 1	 79.441379	 -1	 0.000000	 3.162221
21	 11	 11	 1	 23.304839	 -1	 0.000000	 3.377741
33	 11	 11	 1	 111.011014	 -1	 0.000000	 3.102497
34	 11	 11	 1	 66.599697	 -1	 0.000000	 3.334662
38	 11	 11	 1	 74.709495	 -1	 0.000000	 3.192900
40	 11	 11	 1	 26.596658	 -1	 0.000000	 3.335822
41	 11	 11	 1	 18.850983	 -1	 0.000000	 3.599156
42	 11	 11	 1	 24.165261	 -1	 0.000000	 3.750165
43	 11	 11	 1	 86.571051	 -1	 0.000000	 3.233622
44	 11	 11	 1	 21.138933	 -1	 0.000000	 3.486697
45	 11	 11	 1	 103.170848	 -1	 0.000000	 3.029182
46	 11	 11	 1	 21.752951	 -1	 0.000000	 3.491885
47	 11	 11	 1	 64.612647	 -1	 0.000000	 3.306559
48	 11	 11	 1	 25.206737	 -1	 0.000000	 3.297509
49	 11	 11	 1	 19.836732	 -1	 0.000000	 3.533312
50	 11	 11	 1	 27.143265	 -1	 0.000000	 3.519400
51	 11	 11	 1	 108.112650	 -1	 0.000000	 3.027299
2509	 15	 15	 0	 409.794517	 -1	 0.000000	 4.444017
52	 11	 11	 1	 77.459237	 -1	 0.000000	 3.215676
53	 11	 11	 1	 75.106630	 -1	 0.000000	 3.211988
54	 11	 11	 1	 86.385667	 -1	 0.000000	 3.176922
>>> gr_fir_ccf: using E
>>> gr_fir_fff: using E
terminate called after throwing an instance of 'std::invalid_argument'
  what():  gr_ofdm_demod: Incorrect subcarriers allocated
>>> gr_fir_ccf: using E
>>> gr_fir_fff: using E
gr_buffer::allocate_buffer: warning: tried to allocate
   30 items of size 2160. Due to alignment requirements
   256 were allocated.  If this isn't OK, consider padding
   your structure to a power-of-two bytes.
   On this platform, our allocation granularity is 4096 bytes.
67	 10	 10	 0	 444.593665	 -1	 0.000000	 3.320572
68	 10	 10	 1	 386.235434	 -1	 0.000000	 3.573210
69	 10	 10	 0	 451.884677	 -1	 0.000000	 3.375819
70	 10	 10	 0	 426.378902	 -1	 0.000000	 3.644260
71	 10	 10	 0	 477.219347	 -1	 0.000000	 3.228379
73	 10	 10	 0	 436.563733	 -1	 0.000000	 3.409715
74	 10	 10	 0	 468.946855	 -1	 0.000000	 3.158982
75	 10	 10	 0	 450.729017	 -1	 0.000000	 3.328380
76	 10	 10	 0	 418.872899	 -1	 0.000000	 3.517531
77	 10	 10	 1	 189.339627	 -1	 0.000000	 3.179612
78	 10	 10	 0	 428.784546	 -1	 0.000000	 3.368342
79	 10	 10	 0	 450.716117	 -1	 0.000000	 3.285688
80	 10	 10	 0	 422.348205	 -1	 0.000000	 3.627016
81	 10	 10	 0	 416.025607	 -1	 0.000000	 3.598318
82	 10	 10	 0	 392.023528	 -1	 0.000000	 3.100390
83	 10	 10	 0	 396.653448	 -1	 0.000000	 3.507583
84	 10	 10	 0	 442.421228	 -1	 0.000000	 3.291213
85	 10	 10	 0	 422.797268	 -1	 0.000000	 3.462147
86	 10	 10	 0	 408.159217	 -1	 0.000000	 3.808947
87	 10	 10	 0	 433.125022	 -1	 0.000000	 3.502611
88	 10	 10	 0	 400.269179	 -1	 0.000000	 3.716620
89	 10	 10	 0	 437.127214	 -1	 0.000000	 3.522121
90	 10	 10	 0	 434.560442	 -1	 0.000000	 3.588463
91	 10	 10	 0	 439.558523	 -1	 0.000000	 3.490641
92	 10	 10	 0	 451.448700	 -1	 0.000000	 3.377932
93	 10	 10	 0	 423.429090	 -1	 0.000000	 3.555079
94	 10	 10	 0	 436.975062	 -1	 0.000000	 3.677257
95	 10	 10	 0	 429.740500	 -1	 0.000000	 3.433398
96	 10	 10	 0	 419.565453	 -1	 0.000000	 3.331237
97	 10	 10	 0	 425.975951	 -1	 0.000000	 3.347031
98	 10	 10	 0	 419.438398	 -1	 0.000000	 3.387593
99	 10	 10	 0	 444.170461	 -1	 0.000000	 3.518576
100	 10	 10	 0	 467.377473	 -1	 0.000000	 3.390633
101	 10	 10	 0	 464.381488	 -1	 0.000000	 3.265982
102	 10	 10	 0	 470.164258	 -1	 0.000000	 3.255193
104	 10	 10	 0	 422.555664	 -1	 0.000000	 3.248057
105	 10	 10	 0	 438.357353	 -1	 0.000000	 3.473516
106	 10	 10	 0	 472.332397	 -1	 0.000000	 3.306973
107	 10	 10	 0	 466.794134	 -1	 0.000000	 3.314700
108	 10	 10	 0	 474.722941	 -1	 0.000000	 3.048076
109	 10	 10	 0	 452.745893	 -1	 0.000000	 3.503174
111	 10	 10	 0	 441.754089	 -1	 0.000000	 3.277976
112	 10	 10	 0	 470.042349	 -1	 0.000000	 3.094274
113	 10	 10	 0	 428.342206	 -1	 0.000000	 3.586179
114	 10	 10	 0	 465.865466	 -1	 0.000000	 3.239704
115	 10	 10	 0	 432.368540	 -1	 0.000000	 3.292853
116	 10	 10	 0	 425.648175	 -1	 0.000000	 3.498808
117	 10	 10	 0	 446.364656	 -1	 0.000000	 3.516382
118	 10	 10	 0	 437.190927	 -1	 0.000000	 3.324618
119	 10	 10	 0	 473.511032	 -1	 0.000000	 3.142876
120	 10	 10	 1	 199.000827	 -1	 0.000000	 3.248092
121	 10	 10	 0	 429.488932	 -1	 0.000000	 3.390049
122	 10	 10	 0	 439.724519	 -1	 0.000000	 3.516252
123	 10	 10	 0	 438.190719	 -1	 0.000000	 3.296544
124	 10	 10	 0	 404.758746	 -1	 0.000000	 3.457784
125	 10	 10	 1	 182.354780	 -1	 0.000000	 3.249662
126	 10	 10	 0	 445.137949	 -1	 0.000000	 3.507888
127	 10	 10	 0	 433.978119	 -1	 0.000000	 3.269163
128	 10	 10	 0	 436.495152	 -1	 0.000000	 3.367229
129	 10	 10	 0	 423.554247	 -1	 0.000000	 3.536590
130	 10	 10	 0	 438.483799	 -1	 0.000000	 3.427201
131	 10	 10	 0	 429.077933	 -1	 0.000000	 3.523847
132	 10	 10	 0	 424.375162	 -1	 0.000000	 3.363272
133	 10	 10	 0	 423.522241	 -1	 0.000000	 3.400526
134	 10	 10	 0	 429.450878	 -1	 0.000000	 3.656324
135	 10	 10	 0	 447.350858	 -1	 0.000000	 3.539654
136	 10	 10	 0	 404.459606	 -1	 0.000000	 3.593223
138	 10	 10	 0	 429.889350	 -1	 0.000000	 3.370140
139	 10	 10	 0	 452.927801	 -1	 0.000000	 3.350403
140	 10	 10	 0	 423.013179	 -1	 0.000000	 3.463506
141	 10	 10	 0	 440.273181	 -1	 0.000000	 3.611085
142	 10	 10	 0	 426.728318	 -1	 0.000000	 3.600102
143	 10	 10	 0	 467.524987	 -1	 0.000000	 3.063643
145	 10	 10	 0	 471.375801	 -1	 0.000000	 3.264519
146	 10	 10	 0	 438.467384	 -1	 0.000000	 3.428212
147	 10	 10	 0	 460.804084	 -1	 0.000000	 3.096817
148	 10	 10	 0	 428.150710	 -1	 0.000000	 3.435330
149	 10	 10	 0	 454.610334	 -1	 0.000000	 3.266505
150	 10	 10	 0	 469.139529	 -1	 0.000000	 2.951640
151	 10	 10	 1	 178.202293	 -1	 0.000000	 3.100719
152	 10	 10	 0	 431.818906	 -1	 0.000000	 3.443603
153	 10	 10	 0	 438.577406	 -1	 0.000000	 3.624231
154	 10	 10	 0	 438.996565	 -1	 0.000000	 3.585506
155	 10	 10	 0	 437.080794	 -1	 0.000000	 3.502079
156	 10	 10	 0	 450.404799	 -1	 0.000000	 3.490924
157	 10	 10	 0	 475.340065	 -1	 0.000000	 3.241840
158	 10	 10	 0	 440.183437	 -1	 0.000000	 3.412396
159	 10	 10	 0	 380.883636	 -1	 0.000000	 3.105452
160	 10	 10	 0	 428.470738	 -1	 0.000000	 3.494236
161	 10	 10	 0	 431.431012	 -1	 0.000000	 3.341914
162	 10	 10	 0	 438.059775	 -1	 0.000000	 3.342031
163	 10	 10	 0	 468.655039	 -1	 0.000000	 3.141518
164	 10	 10	 0	 445.245841	 -1	 0.000000	 3.372917
165	 10	 10	 0	 423.299326	 -1	 0.000000	 3.572645
166	 10	 10	 0	 427.522349	 -1	 0.000000	 3.667438
167	 10	 10	 0	 450.626857	 -1	 0.000000	 3.382721
168	 10	 10	 0	 434.331367	 -1	 0.000000	 3.404081
169	 10	 10	 0	 415.533637	 -1	 0.000000	 3.080432
170	 10	 10	 1	 366.635778	 -1	 0.000000	 3.209149
171	 10	 10	 0	 446.263077	 -1	 0.000000	 3.481866
172	 10	 10	 1	 400.714454	 -1	 0.000000	 3.742189
173	 10	 10	 0	 443.920056	 -1	 0.000000	 3.270270
174	 10	 10	 1	 407.996165	 -1	 0.000000	 3.415862
175	 10	 10	 0	 428.481408	 -1	 0.000000	 3.307017
176	 10	 10	 0	 480.605023	 -1	 0.000000	 3.098995
177	 10	 10	 0	 407.418743	 -1	 0.000000	 3.346925
178	 10	 10	 0	 437.033860	 -1	 0.000000	 3.482143
179	 10	 10	 0	 475.031850	 -1	 0.000000	 3.414490
180	 10	 10	 0	 421.703105	 -1	 0.000000	 3.450727
182	 10	 10	 0	 403.052716	 -1	 0.000000	 3.596486
183	 10	 10	 0	 433.379485	 -1	 0.000000	 3.578332
184	 10	 10	 0	 455.829804	 -1	 0.000000	 3.245043
185	 10	 10	 0	 426.817872	 -1	 0.000000	 3.631054
187	 10	 10	 0	 441.325680	 -1	 0.000000	 3.444929
188	 10	 10	 0	 468.911845	 -1	 0.000000	 3.299815
189	 10	 10	 0	 430.400421	 -1	 0.000000	 3.581219
190	 10	 10	 0	 436.560587	 -1	 0.000000	 3.282448
191	 10	 10	 0	 436.472652	 -1	 0.000000	 3.497319
192	 10	 10	 0	 429.606492	 -1	 0.000000	 3.574110
193	 10	 10	 0	 451.591902	 -1	 0.000000	 3.251397
194	 10	 10	 0	 421.421753	 -1	 0.000000	 3.543073
195	 10	 10	 0	 429.933623	 -1	 0.000000	 3.573079
196	 10	 10	 0	 424.121676	 -1	 0.000000	 3.379083
197	 10	 10	 1	 208.435063	 -1	 0.000000	 3.242479
198	 10	 10	 0	 469.213521	 -1	 0.000000	 3.207223
199	 10	 10	 0	 470.069724	 -1	 0.000000	 3.314119
200	 10	 10	 0	 475.983973	 -1	 0.000000	 3.124785
201	 10	 10	 0	 469.895366	 -1	 0.000000	 3.394048
202	 10	 10	 1	 394.233800	 -1	 0.000000	 3.516185
203	 10	 10	 0	 425.548327	 -1	 0.000000	 3.408112
204	 10	 10	 0	 460.979929	 -1	 0.000000	 3.177399
205	 10	 10	 0	 430.058617	 -1	 0.000000	 3.533391
206	 10	 10	 0	 410.998903	 -1	 0.000000	 3.378093
207	 10	 10	 0	 417.785142	 -1	 0.000000	 3.481645
208	 10	 10	 0	 441.165998	 -1	 0.000000	 3.379164
209	 10	 10	 1	 359.642178	 -1	 0.000000	 3.595154
210	 10	 10	 0	 442.070936	 -1	 0.000000	 3.231076
212	 10	 10	 0	 456.106973	 -1	 0.000000	 3.580966
213	 10	 10	 1	 178.324271	 -1	 0.000000	 3.253206
214	 10	 10	 0	 453.535979	 -1	 0.000000	 3.446756
215	 10	 10	 0	 475.614516	 -1	 0.000000	 3.155035
216	 10	 10	 0	 426.822269	 -1	 0.000000	 3.266165
217	 10	 10	 0	 445.927653	 -1	 0.000000	 3.402775
218	 10	 10	 0	 439.569103	 -1	 0.000000	 3.666760
219	 10	 10	 0	 406.734290	 -1	 0.000000	 3.401514
220	 10	 10	 0	 465.279847	 -1	 0.000000	 3.215498
221	 10	 10	 0	 436.258937	 -1	 0.000000	 3.625004
222	 10	 10	 0	 437.839910	 -1	 0.000000	 3.434726
223	 10	 10	 1	 402.334246	 -1	 0.000000	 3.572282
224	 10	 10	 0	 479.266994	 -1	 0.000000	 3.196546
225	 10	 10	 0	 407.097030	 -1	 0.000000	 3.129709
226	 10	 10	 0	 458.644988	 -1	 0.000000	 3.393164
227	 10	 10	 0	 438.885138	 -1	 0.000000	 3.440550
228	 10	 10	 0	 464.367449	 -1	 0.000000	 3.198916
229	 10	 10	 0	 419.392480	 -1	 0.000000	 3.493166
230	 10	 10	 1	 392.582224	 -1	 0.000000	 3.579813
231	 10	 10	 0	 441.172075	 -1	 0.000000	 3.360179
232	 10	 10	 0	 433.322836	 -1	 0.000000	 3.442389
233	 10	 10	 0	 433.825119	 -1	 0.000000	 3.273199
234	 10	 10	 0	 451.466414	 -1	 0.000000	 3.495534
235	 10	 10	 0	 461.423135	 -1	 0.000000	 3.212452
236	 10	 10	 1	 371.558491	 -1	 0.000000	 3.730866
237	 10	 10	 0	 458.376695	 -1	 0.000000	 3.344460
238	 10	 10	 0	 366.411963	 -1	 0.000000	 3.054738
239	 10	 10	 0	 414.463090	 -1	 0.000000	 3.527282
271	 10	 10	 0	 454.525733	 -1	 0.000000	 3.425597
272	 10	 10	 0	 399.338414	 -1	 0.000000	 3.629260
273	 10	 10	 0	 473.967984	 -1	 0.000000	 3.524436
274	 10	 10	 0	 471.550453	 -1	 0.000000	 3.242271
275	 10	 10	 1	 400.114747	 -1	 0.000000	 3.792993
276	 10	 10	 0	 463.414407	 -1	 0.000000	 3.164557
277	 10	 10	 0	 471.922623	 -1	 0.000000	 3.217663
278	 10	 10	 0	 458.016593	 -1	 0.000000	 3.221254
280	 10	 10	 0	 471.864089	 -1	 0.000000	 3.105025
