>>> gr_fir_ccf: using E
>>> gr_fir_fff: using E
gr_buffer::allocate_buffer: warning: tried to allocate
   30 items of size 2160. Due to alignment requirements
   256 were allocated.  If this isn't OK, consider padding
   your structure to a power-of-two bytes.
   On this platform, our allocation granularity is 4096 bytes.
61	 13	 13	 1	 0.000001	 -1	 0.000000	 9.393835
62	 13	 13	 1	 0.000002	 -1	 0.000000	 7.596725
63	 13	 13	 1	 0.000001	 -1	 0.000000	 7.507200
64	 13	 13	 1	 0.000001	 -1	 0.000000	 9.717379
65	 13	 13	 1	 0.000001	 -1	 0.000000	 11.132226
66	 13	 13	 1	 0.000001	 -1	 0.000000	 7.382923
67	 13	 13	 1	 0.000001	 -1	 0.000000	 9.493068
68	 13	 13	 1	 0.000001	 -1	 0.000000	 8.913411
69	 13	 13	 1	 0.000001	 -1	 0.000000	 7.966436
70	 13	 13	 1	 0.000001	 -1	 0.000000	 9.671766
280	 11	 11	 0	 456.432840	 -1	 0.000000	 6.348203
71	 13	 13	 1	 0.000001	 -1	 0.000000	 11.122951
72	 13	 13	 1	 0.000001	 -1	 0.000000	 8.822801
73	 13	 13	 1	 0.000001	 -1	 0.000000	 13.309026
74	 13	 13	 1	 0.000001	 -1	 0.000000	 11.045859
75	 13	 13	 1	 0.000001	 -1	 0.000000	 9.899095
76	 13	 13	 1	 0.000001	 -1	 0.000000	 9.775447
77	 13	 13	 1	 0.000001	 -1	 0.000000	 11.199971
78	 13	 13	 1	 0.000001	 -1	 0.000000	 9.506706
79	 13	 13	 1	 0.000001	 -1	 0.000000	 7.799825
80	 13	 13	 1	 0.000001	 -1	 0.000000	 8.588490
81	 13	 13	 1	 0.000001	 -1	 0.000000	 9.511470
82	 13	 13	 1	 0.000001	 -1	 0.000000	 14.443244
83	 13	 13	 1	 0.000001	 -1	 0.000000	 7.877335
84	 13	 13	 1	 0.000001	 -1	 0.000000	 8.235622
85	 13	 13	 1	 0.000001	 -1	 0.000000	 8.684677
86	 13	 13	 1	 0.000001	 -1	 0.000000	 8.583697
87	 13	 13	 1	 0.000002	 -1	 0.000000	 8.028427
88	 13	 13	 1	 0.000001	 -1	 0.000000	 7.900729
89	 13	 13	 1	 0.000001	 -1	 0.000000	 8.060200
2504	 13	 13	 0	 385.892222	 -1	 0.000000	 5.835049
90	 13	 13	 1	 0.000001	 -1	 0.000000	 8.656001
91	 13	 13	 1	 0.000001	 -1	 0.000000	 9.786446
92	 13	 13	 1	 0.000001	 -1	 0.000000	 7.252516
93	 13	 13	 1	 0.000001	 -1	 0.000000	 11.181877
94	 13	 13	 1	 0.000001	 -1	 0.000000	 8.552176
95	 13	 13	 1	 0.000001	 -1	 0.000000	 9.385903
96	 13	 13	 1	 0.000001	 -1	 0.000000	 12.903380
97	 13	 13	 1	 0.000001	 -1	 0.000000	 7.852351
98	 13	 13	 1	 0.000001	 -1	 0.000000	 25.310658
99	 13	 13	 1	 0.000000	 -1	 0.000000	 8.703402
100	 13	 13	 1	 0.000001	 -1	 0.000000	 8.224282
101	 13	 13	 1	 0.000001	 -1	 0.000000	 11.627269
102	 13	 13	 1	 0.000001	 -1	 0.000000	 8.121973
103	 13	 13	 1	 0.000001	 -1	 0.000000	 9.992269
104	 13	 13	 1	 0.000001	 -1	 0.000000	 7.953825
105	 13	 13	 1	 0.752517	 -1	 0.000000	 11.302396
106	 13	 13	 1	 2.041960	 -1	 0.000000	 10.523777
107	 13	 13	 1	 0.000001	 -1	 0.000000	 8.484896
108	 13	 13	 1	 0.000001	 -1	 0.000000	 11.123453
109	 13	 13	 1	 0.000001	 -1	 0.000000	 8.524752
110	 13	 13	 1	 0.000001	 -1	 0.000000	 10.325520
111	 13	 13	 1	 0.000000	 -1	 0.000000	 9.609531
112	 13	 13	 1	 0.000001	 -1	 0.000000	 7.065245
113	 13	 13	 1	 0.000001	 -1	 0.000000	 10.854882
114	 13	 13	 1	 0.000001	 -1	 0.000000	 7.606976
2725	 15	 15	 0	 389.431652	 -1	 0.000000	 8.366974
115	 13	 13	 1	 0.000001	 -1	 0.000000	 8.632928
116	 13	 13	 1	 0.000001	 -1	 0.000000	 7.484064
117	 13	 13	 1	 0.000001	 -1	 0.000000	 9.352678
118	 13	 13	 1	 0.000001	 -1	 0.000000	 9.082060
119	 13	 13	 1	 0.000001	 -1	 0.000000	 7.887959
120	 13	 13	 1	 28.592987	 -1	 0.000000	 7.044588
121	 13	 13	 1	 0.000001	 -1	 0.000000	 7.052307
122	 13	 13	 1	 0.000002	 -1	 0.000000	 6.999254
123	 13	 13	 1	 0.000001	 -1	 0.000000	 8.088176
124	 13	 13	 1	 0.000001	 -1	 0.000000	 7.449144
125	 13	 13	 1	 0.000001	 -1	 0.000000	 10.752431
126	 13	 13	 1	 0.000001	 -1	 0.000000	 16.911217
127	 13	 13	 1	 0.000001	 -1	 0.000000	 8.723598
128	 13	 13	 1	 0.000001	 -1	 0.000000	 10.651651
129	 13	 13	 1	 0.000001	 -1	 0.000000	 9.481760
130	 13	 13	 1	 0.000001	 -1	 0.000000	 7.788278
131	 13	 13	 1	 0.000000	 -1	 0.000000	 9.414567
132	 13	 13	 1	 0.000001	 -1	 0.000000	 6.922186
133	 13	 13	 1	 0.000001	 -1	 0.000000	 7.295415
134	 13	 13	 1	 0.000001	 -1	 0.000000	 7.487209
135	 13	 13	 1	 0.000001	 -1	 0.000000	 7.933935
136	 13	 13	 1	 0.000001	 -1	 0.000000	 9.488872
137	 13	 13	 1	 0.000001	 -1	 0.000000	 10.055028
138	 13	 13	 1	 0.000001	 -1	 0.000000	 8.803522
139	 13	 13	 1	 0.000001	 -1	 0.000000	 15.597203
140	 13	 13	 1	 0.000001	 -1	 0.000000	 9.135257
141	 13	 13	 1	 0.000001	 -1	 0.000000	 8.597575
142	 13	 13	 1	 0.000001	 -1	 0.000000	 20.416258
143	 13	 13	 1	 0.000001	 -1	 0.000000	 12.021817
144	 13	 13	 1	 0.000001	 -1	 0.000000	 7.027063
145	 13	 13	 1	 0.000001	 -1	 0.000000	 9.095492
146	 13	 13	 1	 0.000001	 -1	 0.000000	 8.434962
147	 13	 13	 1	 0.000001	 -1	 0.000000	 9.552752
148	 13	 13	 1	 0.000001	 -1	 0.000000	 14.168309
149	 13	 13	 1	 0.000001	 -1	 0.000000	 9.369455
150	 13	 13	 1	 0.000001	 -1	 0.000000	 9.719645
151	 13	 13	 1	 0.000001	 -1	 0.000000	 7.522147
152	 13	 13	 1	 0.000001	 -1	 0.000000	 21.596062
154	 13	 13	 1	 0.000001	 -1	 0.000000	 9.973205
155	 13	 13	 1	 0.000001	 -1	 0.000000	 11.376977
156	 13	 13	 1	 0.000001	 -1	 0.000000	 7.197301
157	 13	 13	 1	 0.000001	 -1	 0.000000	 9.072576
158	 13	 13	 1	 0.000001	 -1	 0.000000	 8.139392
159	 13	 13	 1	 0.000001	 -1	 0.000000	 16.074444
160	 13	 13	 1	 0.000001	 -1	 0.000000	 9.224587
161	 13	 13	 1	 0.014043	 -1	 0.000000	 8.533487
162	 13	 13	 1	 0.000001	 -1	 0.000000	 7.979804
163	 13	 13	 1	 0.000001	 -1	 0.000000	 11.774314
164	 13	 13	 1	 0.000001	 -1	 0.000000	 16.247341
165	 13	 13	 1	 0.000001	 -1	 0.000000	 8.426203
166	 13	 13	 1	 0.000001	 -1	 0.000000	 11.508592
167	 13	 13	 1	 0.000001	 -1	 0.000000	 14.840984
168	 13	 13	 1	 3.231936	 -1	 0.000000	 11.243015
169	 13	 13	 1	 0.000001	 -1	 0.000000	 11.621846
170	 13	 13	 1	 0.000001	 -1	 0.000000	 8.086530
171	 13	 13	 1	 0.000001	 -1	 0.000000	 7.985257
173	 13	 13	 1	 0.000001	 -1	 0.000000	 8.304135
174	 13	 13	 1	 0.000001	 -1	 0.000000	 11.565180
175	 13	 13	 1	 0.000001	 -1	 0.000000	 8.041604
176	 13	 13	 1	 0.000001	 -1	 0.000000	 9.030742
177	 13	 13	 1	 0.000001	 -1	 0.000000	 8.621153
178	 13	 13	 1	 0.000001	 -1	 0.000000	 9.105107
179	 13	 13	 1	 0.000001	 -1	 0.000000	 7.583267
180	 13	 13	 1	 0.000001	 -1	 0.000000	 8.664242
181	 13	 13	 1	 0.000001	 -1	 0.000000	 10.335965
182	 13	 13	 1	 0.000002	 -1	 0.000000	 12.449370
183	 13	 13	 1	 0.000001	 -1	 0.000000	 6.905718
184	 13	 13	 1	 0.000001	 -1	 0.000000	 13.804208
185	 13	 13	 1	 0.000001	 -1	 0.000000	 9.274580
186	 13	 13	 1	 0.000001	 -1	 0.000000	 9.322854
187	 13	 13	 1	 0.000001	 -1	 0.000000	 9.479167
188	 13	 13	 1	 0.000001	 -1	 0.000000	 21.778095
189	 13	 13	 1	 0.000001	 -1	 0.000000	 8.755299
190	 13	 13	 1	 0.000001	 -1	 0.000000	 7.031529
191	 13	 13	 1	 0.000001	 -1	 0.000000	 8.685524
192	 13	 13	 1	 0.000001	 -1	 0.000000	 11.630401
193	 13	 13	 1	 0.000001	 -1	 0.000000	 9.265685
194	 13	 13	 1	 0.000001	 -1	 0.000000	 7.578240
195	 13	 13	 1	 0.000000	 -1	 0.000000	 9.530943
196	 13	 13	 1	 0.000001	 -1	 0.000000	 10.952826
197	 13	 13	 1	 0.000001	 -1	 0.000000	 7.988970
198	 13	 13	 1	 0.000001	 -1	 0.000000	 10.075203
199	 13	 13	 1	 0.000001	 -1	 0.000000	 9.657321
200	 13	 13	 1	 0.000001	 -1	 0.000000	 7.786437
201	 13	 13	 1	 0.000001	 -1	 0.000000	 7.248318
202	 13	 13	 1	 0.000001	 -1	 0.000000	 13.093654
203	 13	 13	 1	 0.000001	 -1	 0.000000	 9.303971
204	 13	 13	 1	 0.000001	 -1	 0.000000	 8.846458
205	 13	 13	 1	 0.000001	 -1	 0.000000	 8.472967
206	 13	 13	 1	 0.000001	 -1	 0.000000	 9.467485
207	 13	 13	 1	 0.000001	 -1	 0.000000	 8.104128
208	 13	 13	 1	 0.000001	 -1	 0.000000	 8.717752
209	 13	 13	 1	 0.000000	 -1	 0.000000	 10.064744
210	 13	 13	 1	 0.000001	 -1	 0.000000	 8.751813
211	 13	 13	 1	 0.000001	 -1	 0.000000	 10.202714
212	 13	 13	 1	 0.000001	 -1	 0.000000	 10.550825
213	 13	 13	 1	 0.000000	 -1	 0.000000	 14.744917
214	 13	 13	 1	 0.000001	 -1	 0.000000	 15.789490
215	 13	 13	 1	 0.000001	 -1	 0.000000	 9.750422
216	 13	 13	 1	 0.000001	 -1	 0.000000	 7.483850
217	 13	 13	 1	 0.000001	 -1	 0.000000	 8.029956
218	 13	 13	 1	 0.000001	 -1	 0.000000	 9.208730
219	 13	 13	 1	 0.000001	 -1	 0.000000	 8.567710
240	 13	 13	 1	 0.000001	 -1	 0.000000	 8.591539
241	 13	 13	 1	 0.000001	 -1	 0.000000	 8.553869
242	 13	 13	 1	 0.000001	 -1	 0.000000	 9.997581
243	 13	 13	 1	 0.000001	 -1	 0.000000	 8.157676
244	 13	 13	 1	 0.000001	 -1	 0.000000	 8.123318
245	 13	 13	 1	 0.310744	 -1	 0.000000	 13.637316
246	 13	 13	 1	 0.000001	 -1	 0.000000	 9.156135
248	 13	 13	 1	 0.000001	 -1	 0.000000	 9.505137
249	 13	 13	 1	 0.000001	 -1	 0.000000	 7.504101
250	 13	 13	 1	 0.000001	 -1	 0.000000	 7.970427
257	 13	 13	 1	 0.000001	 -1	 0.000000	 8.842837
258	 13	 13	 1	 0.000001	 -1	 0.000000	 9.507199
259	 13	 13	 1	 0.000001	 -1	 0.000000	 9.002681
260	 13	 13	 1	 0.000001	 -1	 0.000000	 8.571302
261	 13	 13	 1	 0.000001	 -1	 0.000000	 12.589482
262	 13	 13	 1	 0.000001	 -1	 0.000000	 7.627072
263	 13	 13	 1	 0.000001	 -1	 0.000000	 13.557968
264	 13	 13	 1	 0.000001	 -1	 0.000000	 8.819808
265	 13	 13	 1	 0.000001	 -1	 0.000000	 10.252532
266	 13	 13	 1	 0.000001	 -1	 0.000000	 11.863290
267	 13	 13	 1	 0.000001	 -1	 0.000000	 10.196115
268	 13	 13	 1	 0.000001	 -1	 0.000000	 9.517939
269	 13	 13	 1	 0.000001	 -1	 0.000000	 9.356497
270	 13	 13	 1	 0.000001	 -1	 0.000000	 9.230968
271	 13	 13	 1	 0.000001	 -1	 0.000000	 7.603221
272	 13	 13	 1	 0.000001	 -1	 0.000000	 7.552369
273	 13	 13	 1	 0.000000	 -1	 0.000000	 8.725366
274	 13	 13	 1	 0.000001	 -1	 0.000000	 9.974072
275	 13	 13	 1	 0.000001	 -1	 0.000000	 9.998172
280	 13	 13	 1	 0.000001	 -1	 0.000000	 7.579130
281	 13	 13	 1	 0.000001	 -1	 0.000000	 8.749347
282	 13	 13	 1	 0.000001	 -1	 0.000000	 9.586415
283	 13	 13	 1	 0.000001	 -1	 0.000000	 8.896985
284	 13	 13	 1	 0.000001	 -1	 0.000000	 8.417438
285	 13	 13	 1	 0.000001	 -1	 0.000000	 8.494940
286	 13	 13	 1	 0.000001	 -1	 0.000000	 11.589388
287	 13	 13	 1	 0.000001	 -1	 0.000000	 10.929968
289	 13	 13	 1	 0.000001	 -1	 0.000000	 8.342230
290	 13	 13	 1	 0.000001	 -1	 0.000000	 12.143641
291	 13	 13	 1	 0.000001	 -1	 0.000000	 9.382297
292	 13	 13	 1	 0.000001	 -1	 0.000000	 11.664894
293	 13	 13	 1	 0.000001	 -1	 0.000000	 9.539611
294	 13	 13	 1	 0.000001	 -1	 0.000000	 8.456560
295	 13	 13	 1	 0.000001	 -1	 0.000000	 11.000997
296	 13	 13	 1	 0.000001	 -1	 0.000000	 8.478876
297	 13	 13	 1	 0.000001	 -1	 0.000000	 11.319926
298	 13	 13	 1	 0.000001	 -1	 0.000000	 10.315369
299	 13	 13	 1	 0.000001	 -1	 0.000000	 8.265172
305	 13	 13	 1	 0.000001	 -1	 0.000000	 7.790608
306	 13	 13	 1	 24.892369	 -1	 0.000000	 9.001269
307	 13	 13	 1	 0.000000	 -1	 0.000000	 11.657408
308	 13	 13	 0	 400.808269	 -1	 0.000000	 10.474942
312	 13	 13	 0	 495.664236	 -1	 0.000000	 3.848476
314	 13	 13	 1	 0.000001	 -1	 0.000000	 10.064595
315	 13	 13	 1	 0.000001	 -1	 0.000000	 8.173215
316	 13	 13	 1	 0.000001	 -1	 0.000000	 11.298094
317	 13	 13	 1	 0.000001	 -1	 0.000000	 7.512948
318	 13	 13	 1	 0.000001	 -1	 0.000000	 12.074180
319	 13	 13	 1	 0.000001	 -1	 0.000000	 11.749122
320	 13	 13	 1	 0.000001	 -1	 0.000000	 6.855531
321	 13	 13	 1	 6.437793	 -1	 0.000000	 10.943147
322	 13	 13	 1	 0.000001	 -1	 0.000000	 7.946447
323	 13	 13	 1	 0.000001	 -1	 0.000000	 8.502954
324	 13	 13	 1	 0.000000	 -1	 0.000000	 9.437717
325	 13	 13	 1	 0.000001	 -1	 0.000000	 9.262548
326	 13	 13	 1	 0.000001	 -1	 0.000000	 10.336232
327	 13	 13	 1	 0.000001	 -1	 0.000000	 7.843483
328	 13	 13	 1	 0.000001	 -1	 0.000000	 9.189748
1137	 9	 9	 0	 444.976811	 -1	 0.000000	 8.104287
329	 13	 13	 1	 0.000001	 -1	 0.000000	 11.124497
330	 13	 13	 1	 0.000001	 -1	 0.000000	 8.411639
331	 13	 13	 1	 0.000001	 -1	 0.000000	 9.470752
333	 13	 13	 1	 0.000001	 -1	 0.000000	 7.995134
334	 13	 13	 1	 0.000001	 -1	 0.000000	 7.338228
335	 13	 13	 1	 0.000001	 -1	 0.000000	 7.788953
336	 13	 13	 1	 0.000001	 -1	 0.000000	 7.934752
337	 13	 13	 1	 0.000001	 -1	 0.000000	 11.494301
338	 13	 13	 1	 0.000001	 -1	 0.000000	 15.392278
340	 13	 13	 1	 0.000001	 -1	 0.000000	 10.031322
341	 13	 13	 1	 0.000001	 -1	 0.000000	 8.784134
342	 13	 13	 1	 0.000002	 -1	 0.000000	 8.559966
343	 13	 13	 1	 0.000000	 -1	 0.000000	 7.541624
344	 13	 13	 1	 0.000001	 -1	 0.000000	 8.448040
345	 13	 13	 1	 0.000001	 -1	 0.000000	 9.274668
346	 13	 13	 1	 0.000001	 -1	 0.000000	 8.349595
352	 13	 13	 1	 0.009249	 -1	 0.000000	 18.095413
353	 13	 13	 1	 0.000001	 -1	 0.000000	 10.283330
354	 13	 13	 1	 0.000001	 -1	 0.000000	 9.057641
1273	 13	 13	 0	 347.947018	 -1	 0.000000	 6.497463
355	 13	 13	 1	 0.000001	 -1	 0.000000	 9.541878
356	 13	 13	 1	 0.000001	 -1	 0.000000	 7.732465
357	 13	 13	 1	 0.000001	 -1	 0.000000	 10.084199
358	 13	 13	 1	 0.000001	 -1	 0.000000	 8.396905
359	 13	 13	 1	 0.000001	 -1	 0.000000	 8.323270
360	 13	 13	 1	 0.000000	 -1	 0.000000	 10.700407
361	 13	 13	 1	 0.000000	 -1	 0.000000	 12.806849
362	 13	 13	 1	 0.000001	 -1	 0.000000	 9.397212
363	 13	 13	 1	 0.000001	 -1	 0.000000	 7.729804
364	 13	 13	 1	 0.000001	 -1	 0.000000	 8.504683
365	 13	 13	 1	 0.000001	 -1	 0.000000	 8.293334
366	 13	 13	 1	 0.000001	 -1	 0.000000	 7.955769
367	 13	 13	 1	 0.000001	 -1	 0.000000	 10.464263
368	 13	 13	 1	 0.000000	 -1	 0.000000	 11.120315
369	 13	 13	 1	 0.000002	 -1	 0.000000	 8.332810
370	 13	 13	 1	 0.000001	 -1	 0.000000	 11.809077
371	 13	 13	 1	 0.000001	 -1	 0.000000	 10.772045
381	 13	 13	 1	 0.000001	 -1	 0.000000	 8.396847
382	 13	 13	 1	 0.000001	 -1	 0.000000	 7.935941
383	 13	 13	 1	 0.000001	 -1	 0.000000	 10.811807
384	 13	 13	 1	 0.000001	 -1	 0.000000	 19.603310
385	 13	 13	 1	 0.000001	 -1	 0.000000	 7.308855
386	 13	 13	 1	 0.000001	 -1	 0.000000	 8.210245
387	 13	 13	 1	 0.000001	 -1	 0.000000	 10.486780
388	 13	 13	 1	 0.000000	 -1	 0.000000	 14.827077
389	 13	 13	 1	 0.000001	 -1	 0.000000	 9.112761
390	 13	 13	 1	 0.000001	 -1	 0.000000	 8.971899
391	 13	 13	 1	 0.000001	 -1	 0.000000	 8.688031
392	 13	 13	 1	 0.000001	 -1	 0.000000	 8.246554
393	 13	 13	 1	 0.000000	 -1	 0.000000	 9.697410
394	 13	 13	 1	 0.000001	 -1	 0.000000	 9.272022
395	 13	 13	 1	 0.000001	 -1	 0.000000	 9.288354
60	 13	 13	 1	 0.000001	 -1	 0.000000	 10.042636
61	 13	 13	 1	 0.000001	 -1	 0.000000	 9.714864
62	 13	 13	 1	 0.000001	 -1	 0.000000	 10.886536
63	 13	 13	 1	 0.000001	 -1	 0.000000	 10.128061
64	 13	 13	 1	 0.000001	 -1	 0.000000	 10.273732
65	 13	 13	 1	 0.000001	 -1	 0.000000	 7.060531
66	 13	 13	 1	 0.000001	 -1	 0.000000	 8.373620
67	 13	 13	 1	 0.000001	 -1	 0.000000	 7.865540
68	 13	 13	 1	 0.000001	 -1	 0.000000	 8.108665
69	 13	 13	 1	 0.000001	 -1	 0.000000	 12.568089
70	 13	 13	 1	 0.000001	 -1	 0.000000	 8.428981
71	 13	 13	 1	 0.000001	 -1	 0.000000	 9.135100
72	 13	 13	 1	 0.000001	 -1	 0.000000	 9.746085
73	 13	 13	 1	 0.000001	 -1	 0.000000	 8.288396
74	 13	 13	 1	 0.000001	 -1	 0.000000	 7.389902
75	 13	 13	 1	 0.000001	 -1	 0.000000	 10.111751
76	 13	 13	 1	 0.000001	 -1	 0.000000	 8.658021
77	 13	 13	 1	 0.000001	 -1	 0.000000	 8.785378
78	 13	 13	 1	 0.000001	 -1	 0.000000	 9.809557
79	 13	 13	 1	 0.000001	 -1	 0.000000	 8.701294
80	 13	 13	 1	 0.000001	 -1	 0.000000	 8.815346
81	 13	 13	 1	 0.000001	 -1	 0.000000	 8.994298
82	 13	 13	 1	 0.000001	 -1	 0.000000	 10.622039
83	 13	 13	 1	 0.000001	 -1	 0.000000	 8.093754
84	 13	 13	 1	 0.000001	 -1	 0.000000	 7.701200
85	 13	 13	 1	 0.000001	 -1	 0.000000	 10.435309
86	 13	 13	 1	 0.000001	 -1	 0.000000	 9.524688
87	 13	 13	 1	 0.000001	 -1	 0.000000	 9.237660
88	 13	 13	 1	 0.000001	 -1	 0.000000	 8.466227
89	 13	 13	 1	 0.000001	 -1	 0.000000	 11.924749
90	 13	 13	 1	 0.000001	 -1	 0.000000	 9.237813
91	 13	 13	 1	 0.000001	 -1	 0.000000	 16.607405
92	 13	 13	 1	 0.000001	 -1	 0.000000	 8.363557
93	 13	 13	 1	 0.000001	 -1	 0.000000	 8.286851
94	 13	 13	 1	 0.000001	 -1	 0.000000	 9.244875
95	 13	 13	 1	 0.000001	 -1	 0.000000	 9.302964
96	 13	 13	 1	 0.000001	 -1	 0.000000	 9.587028
97	 13	 13	 1	 0.000001	 -1	 0.000000	 9.127707
98	 13	 13	 1	 0.000001	 -1	 0.000000	 8.214844
99	 13	 13	 1	 0.000001	 -1	 0.000000	 7.970030
100	 13	 13	 1	 0.000001	 -1	 0.000000	 13.794301
101	 13	 13	 1	 0.000001	 -1	 0.000000	 10.309046
102	 13	 13	 1	 0.000001	 -1	 0.000000	 13.383752
103	 13	 13	 1	 0.000001	 -1	 0.000000	 8.208237
104	 13	 13	 1	 0.000001	 -1	 0.000000	 8.501560
105	 13	 13	 1	 0.000001	 -1	 0.000000	 8.099587
106	 13	 13	 1	 0.000001	 -1	 0.000000	 6.936209
107	 13	 13	 1	 0.000001	 -1	 0.000000	 11.919371
108	 13	 13	 1	 0.000001	 -1	 0.000000	 9.328614
109	 13	 13	 1	 0.000001	 -1	 0.000000	 8.195570
110	 13	 13	 1	 0.000001	 -1	 0.000000	 12.830411
111	 13	 13	 1	 0.000001	 -1	 0.000000	 13.520802
112	 13	 13	 1	 0.000001	 -1	 0.000000	 8.166578
113	 13	 13	 1	 2.029295	 -1	 0.000000	 10.821530
114	 13	 13	 1	 0.000001	 -1	 0.000000	 11.264855
115	 13	 13	 1	 0.000001	 -1	 0.000000	 14.376427
116	 13	 13	 1	 0.000001	 -1	 0.000000	 10.602745
117	 13	 13	 1	 0.000001	 -1	 0.000000	 9.193787
118	 13	 13	 1	 0.000001	 -1	 0.000000	 7.460110
119	 13	 13	 1	 0.000001	 -1	 0.000000	 9.707436
120	 13	 13	 1	 0.000001	 -1	 0.000000	 8.773469
121	 13	 13	 1	 0.000001	 -1	 0.000000	 9.245385
122	 13	 13	 1	 0.000001	 -1	 0.000000	 7.422522
123	 13	 13	 1	 0.000001	 -1	 0.000000	 7.728586
124	 13	 13	 1	 0.000001	 -1	 0.000000	 8.284506
125	 13	 13	 1	 0.000001	 -1	 0.000000	 10.269293
126	 13	 13	 1	 0.000001	 -1	 0.000000	 13.198250
127	 13	 13	 1	 0.000001	 -1	 0.000000	 10.324791
128	 13	 13	 1	 0.000001	 -1	 0.000000	 8.406988
129	 13	 13	 1	 0.000001	 -1	 0.000000	 13.993720
130	 13	 13	 1	 22.366825	 -1	 0.000000	 7.459321
131	 13	 13	 1	 0.000001	 -1	 0.000000	 8.556510
132	 13	 13	 1	 0.000001	 -1	 0.000000	 12.827473
133	 13	 13	 1	 0.000001	 -1	 0.000000	 8.542328
134	 13	 13	 1	 0.000001	 -1	 0.000000	 9.700241
135	 13	 13	 1	 0.000001	 -1	 0.000000	 7.188192
136	 13	 13	 1	 0.000001	 -1	 0.000000	 7.681624
137	 13	 13	 1	 0.000001	 -1	 0.000000	 7.957130
138	 13	 13	 1	 0.000001	 -1	 0.000000	 10.489382
139	 13	 13	 1	 0.000001	 -1	 0.000000	 10.372252
140	 13	 13	 1	 0.000001	 -1	 0.000000	 10.757865
141	 13	 13	 1	 0.000001	 -1	 0.000000	 10.114841
142	 13	 13	 1	 0.000001	 -1	 0.000000	 8.898111
60	 15	 15	 1	 0.000004	 -1	 0.000000	 10.490403
61	 15	 15	 1	 0.000010	 -1	 0.000000	 11.786665
62	 15	 15	 1	 0.000016	 -1	 0.000000	 7.487358
63	 15	 15	 1	 0.000010	 -1	 0.000000	 7.009239
64	 15	 15	 1	 0.000012	 -1	 0.000000	 9.082241
65	 15	 15	 1	 0.000010	 -1	 0.000000	 9.933365
67	 15	 15	 1	 0.000015	 -1	 0.000000	 8.897988
68	 15	 15	 1	 0.000008	 -1	 0.000000	 8.610293
69	 15	 15	 1	 0.000011	 -1	 0.000000	 12.432194
70	 15	 15	 1	 0.000012	 -1	 0.000000	 11.781356
71	 15	 15	 1	 0.000015	 -1	 0.000000	 6.770023
72	 15	 15	 1	 0.000015	 -1	 0.000000	 11.022323
73	 15	 15	 1	 0.000011	 -1	 0.000000	 7.742838
74	 15	 15	 1	 0.000014	 -1	 0.000000	 9.285857
75	 15	 15	 1	 0.000011	 -1	 0.000000	 10.411257
76	 15	 15	 1	 0.000012	 -1	 0.000000	 7.723284
77	 15	 15	 1	 0.000011	 -1	 0.000000	 14.647989
78	 15	 15	 1	 0.000011	 -1	 0.000000	 8.613782
79	 15	 15	 1	 0.000013	 -1	 0.000000	 11.464711
80	 15	 15	 1	 0.000009	 -1	 0.000000	 8.954361
81	 15	 15	 1	 0.000013	 -1	 0.000000	 16.560865
686	 9	 9	 0	 454.609590	 -1	 0.000000	 6.830959
82	 15	 15	 1	 0.000014	 -1	 0.000000	 9.268112
83	 15	 15	 1	 0.000010	 -1	 0.000000	 16.897392
84	 15	 15	 1	 0.000011	 -1	 0.000000	 8.912826
85	 15	 15	 1	 0.000004	 -1	 0.000000	 13.758780
86	 15	 15	 1	 0.000011	 -1	 0.000000	 9.002037
87	 15	 15	 1	 0.000005	 -1	 0.000000	 8.563382
88	 15	 15	 1	 0.000012	 -1	 0.000000	 11.173521
89	 15	 15	 1	 0.000014	 -1	 0.000000	 7.576087
90	 15	 15	 1	 0.000013	 -1	 0.000000	 7.386283
91	 15	 15	 1	 0.000010	 -1	 0.000000	 7.354706
92	 15	 15	 1	 0.000004	 -1	 0.000000	 16.177988
93	 15	 15	 1	 0.000011	 -1	 0.000000	 9.687754
94	 15	 15	 1	 0.000012	 -1	 0.000000	 13.089864
95	 15	 15	 1	 0.000013	 -1	 0.000000	 8.326830
96	 15	 15	 1	 0.000012	 -1	 0.000000	 10.035495
97	 15	 15	 1	 0.000018	 -1	 0.000000	 8.201474
98	 15	 15	 1	 0.000011	 -1	 0.000000	 7.913832
2280	 13	 13	 0	 363.088586	 -1	 0.000000	 2.867831
99	 15	 15	 1	 0.000014	 -1	 0.000000	 6.908983
100	 15	 15	 1	 0.000018	 -1	 0.000000	 6.666569
101	 15	 15	 1	 0.000012	 -1	 0.000000	 10.442450
102	 15	 15	 1	 0.000014	 -1	 0.000000	 8.378514
103	 15	 15	 1	 0.000010	 -1	 0.000000	 8.311583
104	 15	 15	 1	 0.000015	 -1	 0.000000	 7.996482
105	 15	 15	 1	 0.000012	 -1	 0.000000	 13.099995
106	 15	 15	 1	 0.062595	 -1	 0.000000	 9.582623
107	 15	 15	 1	 0.042648	 -1	 0.000000	 11.593784
108	 15	 15	 1	 0.000009	 -1	 0.000000	 20.238899
109	 15	 15	 1	 0.000012	 -1	 0.000000	 9.082799
110	 15	 15	 1	 0.000012	 -1	 0.000000	 8.202271
111	 15	 15	 1	 0.000011	 -1	 0.000000	 14.625683
112	 15	 15	 1	 0.000018	 -1	 0.000000	 8.400204
113	 15	 15	 1	 0.000012	 -1	 0.000000	 8.578221
114	 15	 15	 1	 0.000012	 -1	 0.000000	 15.371697
1160	 11	 11	 0	 453.745835	 -1	 0.000000	 4.610958
115	 15	 15	 1	 0.043031	 -1	 0.000000	 11.208551
116	 15	 15	 1	 0.000014	 -1	 0.000000	 7.929302
117	 15	 15	 1	 0.000010	 -1	 0.000000	 12.919834
118	 15	 15	 1	 0.000010	 -1	 0.000000	 11.924252
119	 15	 15	 1	 0.000010	 -1	 0.000000	 11.774256
120	 15	 15	 1	 0.000012	 -1	 0.000000	 8.600577
121	 15	 15	 1	 0.000013	 -1	 0.000000	 9.559535
122	 15	 15	 1	 0.000014	 -1	 0.000000	 9.978265
123	 15	 15	 1	 0.000011	 -1	 0.000000	 7.545602
124	 15	 15	 1	 0.000010	 -1	 0.000000	 13.483737
125	 15	 15	 1	 0.000014	 -1	 0.000000	 9.618381
126	 15	 15	 1	 0.000010	 -1	 0.000000	 9.017702
127	 15	 15	 1	 0.000013	 -1	 0.000000	 9.349008
128	 15	 15	 1	 0.000010	 -1	 0.000000	 8.083858
129	 15	 15	 1	 0.000014	 -1	 0.000000	 10.479962
130	 15	 15	 1	 54.552141	 -1	 0.000000	 9.130494
131	 15	 15	 1	 0.000015	 -1	 0.000000	 7.977901
132	 15	 15	 1	 0.000014	 -1	 0.000000	 7.489268
133	 15	 15	 1	 0.000009	 -1	 0.000000	 8.469168
134	 15	 15	 1	 0.000013	 -1	 0.000000	 8.444725
135	 15	 15	 1	 0.000010	 -1	 0.000000	 14.185428
136	 15	 15	 1	 0.000004	 -1	 0.000000	 11.872408
137	 15	 15	 1	 1.326988	 -1	 0.000000	 9.416656
138	 15	 15	 1	 0.000012	 -1	 0.000000	 7.710052
139	 15	 15	 1	 0.000012	 -1	 0.000000	 8.415283
140	 15	 15	 1	 89.980515	 -1	 0.000000	 12.065052
141	 15	 15	 1	 0.000011	 -1	 0.000000	 8.959037
142	 15	 15	 1	 0.000011	 -1	 0.000000	 8.457017
143	 15	 15	 1	 0.000011	 -1	 0.000000	 8.146313
144	 15	 15	 1	 79.118471	 -1	 0.000000	 11.285954
145	 15	 15	 1	 0.000009	 -1	 0.000000	 9.981115
146	 15	 15	 1	 0.000016	 -1	 0.000000	 9.379776
147	 15	 15	 1	 0.000012	 -1	 0.000000	 8.233324
148	 15	 15	 1	 0.000010	 -1	 0.000000	 9.252419
149	 15	 15	 1	 0.000016	 -1	 0.000000	 11.707960
150	 15	 15	 1	 0.000011	 -1	 0.000000	 7.779217
151	 15	 15	 1	 0.000015	 -1	 0.000000	 9.023600
152	 15	 15	 1	 0.000010	 -1	 0.000000	 13.057376
153	 15	 15	 1	 66.667311	 -1	 0.000000	 7.632497
154	 15	 15	 1	 0.000018	 -1	 0.000000	 13.408429
155	 15	 15	 1	 0.000014	 -1	 0.000000	 8.399124
156	 15	 15	 1	 0.000013	 -1	 0.000000	 10.754428
157	 15	 15	 1	 0.000010	 -1	 0.000000	 8.458155
159	 15	 15	 1	 0.000015	 -1	 0.000000	 7.407135
160	 15	 15	 1	 0.000009	 -1	 0.000000	 9.434779
161	 15	 15	 1	 0.000016	 -1	 0.000000	 9.107754
162	 15	 15	 1	 0.000010	 -1	 0.000000	 17.520330
163	 15	 15	 1	 0.000011	 -1	 0.000000	 8.242479
165	 15	 15	 1	 0.000009	 -1	 0.000000	 10.648269
166	 15	 15	 1	 0.000013	 -1	 0.000000	 11.714184
167	 15	 15	 1	 0.000009	 -1	 0.000000	 10.826219
168	 15	 15	 1	 0.000012	 -1	 0.000000	 8.267191
169	 15	 15	 1	 0.000012	 -1	 0.000000	 7.467601
170	 15	 15	 1	 0.000010	 -1	 0.000000	 12.492714
171	 15	 15	 1	 0.000016	 -1	 0.000000	 7.907706
172	 15	 15	 1	 0.000011	 -1	 0.000000	 8.335960
173	 15	 15	 1	 0.000012	 -1	 0.000000	 7.294202
174	 15	 15	 1	 0.000013	 -1	 0.000000	 10.423512
175	 15	 15	 1	 0.000011	 -1	 0.000000	 9.345861
176	 15	 15	 1	 0.000013	 -1	 0.000000	 11.007297
177	 15	 15	 1	 0.000013	 -1	 0.000000	 8.806955
178	 15	 15	 1	 0.000010	 -1	 0.000000	 9.429067
179	 15	 15	 1	 0.000012	 -1	 0.000000	 10.272371
180	 15	 15	 1	 0.000009	 -1	 0.000000	 9.224300
181	 15	 15	 1	 0.000014	 -1	 0.000000	 12.390292
182	 15	 15	 1	 0.000011	 -1	 0.000000	 7.842165
183	 15	 15	 1	 0.081800	 -1	 0.000000	 10.408375
184	 15	 15	 1	 0.000015	 -1	 0.000000	 9.436165
185	 15	 15	 1	 0.000004	 -1	 0.000000	 7.298532
186	 15	 15	 1	 0.000014	 -1	 0.000000	 10.936786
187	 15	 15	 1	 0.000010	 -1	 0.000000	 14.076205
188	 15	 15	 1	 45.852578	 -1	 0.000000	 9.674370
189	 15	 15	 1	 0.000017	 -1	 0.000000	 8.777999
190	 15	 15	 1	 0.000014	 -1	 0.000000	 9.907303
2393	 7	 7	 0	 430.753374	 -1	 0.000000	 4.835207
191	 15	 15	 1	 0.000017	 -1	 0.000000	 11.197177
192	 15	 15	 1	 0.000010	 -1	 0.000000	 8.045648
193	 15	 15	 1	 0.000010	 -1	 0.000000	 11.067490
194	 15	 15	 1	 0.000014	 -1	 0.000000	 7.819631
196	 15	 15	 1	 0.000015	 -1	 0.000000	 10.484489
197	 15	 15	 1	 0.000015	 -1	 0.000000	 8.073723
198	 15	 15	 1	 0.000014	 -1	 0.000000	 9.065934
199	 15	 15	 1	 0.000011	 -1	 0.000000	 12.096298
200	 15	 15	 1	 0.000016	 -1	 0.000000	 7.232482
201	 15	 15	 1	 0.000020	 -1	 0.000000	 9.633688
202	 15	 15	 1	 0.000010	 -1	 0.000000	 9.136629
203	 15	 15	 1	 0.000013	 -1	 0.000000	 11.228014
204	 15	 15	 1	 0.000013	 -1	 0.000000	 7.314110
205	 15	 15	 1	 0.000004	 -1	 0.000000	 9.944833
206	 15	 15	 1	 0.000014	 -1	 0.000000	 8.241425
207	 15	 15	 1	 0.000008	 -1	 0.000000	 9.169111
208	 15	 15	 1	 0.000016	 -1	 0.000000	 12.127895
209	 15	 15	 1	 0.000013	 -1	 0.000000	 8.886744
210	 15	 15	 1	 0.000004	 -1	 0.000000	 10.072910
211	 15	 15	 1	 0.000016	 -1	 0.000000	 9.724866
212	 15	 15	 1	 0.000008	 -1	 0.000000	 9.233580
213	 15	 15	 1	 0.000015	 -1	 0.000000	 14.118084
214	 15	 15	 1	 0.000004	 -1	 0.000000	 9.580274
215	 15	 15	 1	 0.000021	 -1	 0.000000	 6.989601
216	 15	 15	 1	 0.000013	 -1	 0.000000	 10.193364
217	 15	 15	 1	 0.736498	 -1	 0.000000	 7.719713
218	 15	 15	 1	 0.000016	 -1	 0.000000	 13.167885
219	 15	 15	 1	 0.000010	 -1	 0.000000	 7.647249
220	 15	 15	 1	 0.000009	 -1	 0.000000	 11.066868
221	 15	 15	 1	 0.000012	 -1	 0.000000	 8.598307
222	 15	 15	 1	 0.000008	 -1	 0.000000	 7.674881
223	 15	 15	 1	 0.000012	 -1	 0.000000	 11.270223
224	 15	 15	 1	 0.000013	 -1	 0.000000	 9.803204
225	 15	 15	 1	 0.038069	 -1	 0.000000	 8.563838
226	 15	 15	 1	 0.000015	 -1	 0.000000	 7.175333
227	 15	 15	 1	 0.000012	 -1	 0.000000	 10.968395
228	 15	 15	 1	 0.000015	 -1	 0.000000	 11.592851
229	 15	 15	 1	 0.000012	 -1	 0.000000	 7.996732
230	 15	 15	 1	 0.000016	 -1	 0.000000	 10.677079
231	 15	 15	 1	 0.000009	 -1	 0.000000	 9.018504
232	 15	 15	 1	 0.000010	 -1	 0.000000	 10.600588
233	 15	 15	 1	 0.000011	 -1	 0.000000	 9.455917
234	 15	 15	 1	 0.000011	 -1	 0.000000	 8.754361
235	 15	 15	 1	 0.000015	 -1	 0.000000	 10.694842
236	 15	 15	 1	 0.000010	 -1	 0.000000	 13.552007
237	 15	 15	 0	 234.180787	 -1	 0.000000	 6.119536
238	 15	 15	 1	 0.000005	 -1	 0.000000	 7.880793
239	 15	 15	 1	 0.000011	 -1	 0.000000	 8.239717
240	 15	 15	 1	 0.000015	 -1	 0.000000	 8.925752
241	 15	 15	 1	 0.000011	 -1	 0.000000	 12.065418
242	 15	 15	 1	 0.000015	 -1	 0.000000	 9.351554
1618	 15	 15	 0	 411.640608	 -1	 0.000000	 5.876297
243	 15	 15	 1	 0.000014	 -1	 0.000000	 7.944201
244	 15	 15	 1	 0.000019	 -1	 0.000000	 7.404430
245	 15	 15	 1	 0.000013	 -1	 0.000000	 12.465256
246	 15	 15	 1	 0.000010	 -1	 0.000000	 8.334445
247	 15	 15	 1	 0.000012	 -1	 0.000000	 8.978760
248	 15	 15	 0	 332.416593	 -1	 0.000000	 7.540464
249	 15	 15	 0	 157.123333	 -1	 0.000000	 11.257900
250	 15	 15	 1	 69.010602	 -1	 0.000000	 7.535975
251	 15	 15	 1	 0.000011	 -1	 0.000000	 10.595361
253	 15	 15	 1	 0.000011	 -1	 0.000000	 8.785899
254	 15	 15	 1	 0.000014	 -1	 0.000000	 7.653770
255	 15	 15	 1	 0.000015	 -1	 0.000000	 13.867768
256	 15	 15	 1	 0.000009	 -1	 0.000000	 16.118782
257	 15	 15	 0	 7.636286	 -1	 0.000000	 9.629988
60	 15	 15	 1	 0.000010	 -1	 0.000000	 8.014507
61	 15	 15	 1	 0.000013	 -1	 0.000000	 9.418832
62	 15	 15	 1	 0.000009	 -1	 0.000000	 10.054266
63	 15	 15	 1	 0.000015	 -1	 0.000000	 11.828384
64	 15	 15	 1	 0.000016	 -1	 0.000000	 7.141585
65	 15	 15	 1	 0.000013	 -1	 0.000000	 25.084742
66	 15	 15	 0	 108.318329	 -1	 0.000000	 8.701011
67	 15	 15	 1	 0.000009	 -1	 0.000000	 9.380807
68	 15	 15	 1	 0.000004	 -1	 0.000000	 11.750266
69	 15	 15	 1	 0.000012	 -1	 0.000000	 10.123369
70	 15	 15	 1	 0.000013	 -1	 0.000000	 10.795829
71	 15	 15	 1	 0.000012	 -1	 0.000000	 11.880449
72	 15	 15	 1	 0.000011	 -1	 0.000000	 11.854681
73	 15	 15	 1	 0.000004	 -1	 0.000000	 9.026061
75	 15	 15	 1	 0.000018	 -1	 0.000000	 8.736750
76	 15	 15	 1	 0.000012	 -1	 0.000000	 9.472067
77	 15	 15	 1	 0.000008	 -1	 0.000000	 12.020867
78	 15	 15	 1	 0.000013	 -1	 0.000000	 16.585667
79	 15	 15	 1	 0.000011	 -1	 0.000000	 16.645948
80	 15	 15	 1	 0.000011	 -1	 0.000000	 9.060574
81	 15	 15	 1	 0.000021	 -1	 0.000000	 12.278230
82	 15	 15	 1	 0.000009	 -1	 0.000000	 7.954649
60	 5	 5	 1	 0.002592	 -1	 0.000000	 10.346353
61	 5	 5	 1	 0.001306	 -1	 0.000000	 13.683790
62	 5	 5	 1	 0.001791	 -1	 0.000000	 9.294788
63	 5	 5	 1	 0.001960	 -1	 0.000000	 10.457802
64	 5	 5	 1	 0.002937	 -1	 0.000000	 7.008033
65	 5	 5	 1	 0.001666	 -1	 0.000000	 12.682328
66	 5	 5	 1	 0.002643	 -1	 0.000000	 8.198344
67	 5	 5	 1	 0.002988	 -1	 0.000000	 8.065643
68	 5	 5	 1	 0.002401	 -1	 0.000000	 7.609382
69	 5	 5	 1	 0.002214	 -1	 0.000000	 7.680908
70	 5	 5	 1	 0.001428	 -1	 0.000000	 10.478349
71	 5	 5	 1	 0.002548	 -1	 0.000000	 7.712897
72	 5	 5	 1	 0.001365	 -1	 0.000000	 10.944094
73	 5	 5	 1	 0.001770	 -1	 0.000000	 16.693472
1010	 5	 5	 0	 398.803484	 -1	 0.000000	 7.557326
75	 5	 5	 1	 0.001899	 -1	 0.000000	 8.085479
76	 5	 5	 1	 0.000445	 -1	 0.000000	 8.224045
77	 5	 5	 1	 0.000628	 -1	 0.000000	 7.744497
78	 5	 5	 1	 0.000416	 -1	 0.000000	 11.018894
79	 5	 5	 1	 0.001364	 -1	 0.000000	 8.122451
80	 5	 5	 1	 0.001895	 -1	 0.000000	 8.654166
81	 5	 5	 1	 0.001734	 -1	 0.000000	 8.949282
82	 5	 5	 1	 0.001099	 -1	 0.000000	 8.384398
83	 5	 5	 1	 0.002147	 -1	 0.000000	 8.475879
845	 7	 7	 0	 395.059908	 -1	 0.000000	 5.556751
84	 5	 5	 0	 345.124110	 -1	 0.000000	 8.074399
85	 5	 5	 1	 0.001951	 -1	 0.000000	 7.683687
86	 5	 5	 0	 225.883725	 -1	 0.000000	 9.027725
87	 5	 5	 1	 0.001353	 -1	 0.000000	 15.098194
88	 5	 5	 1	 0.001421	 -1	 0.000000	 11.395464
89	 5	 5	 1	 0.001286	 -1	 0.000000	 10.135711
90	 5	 5	 1	 0.001389	 -1	 0.000000	 12.152392
91	 5	 5	 1	 0.001433	 -1	 0.000000	 12.795216
92	 5	 5	 1	 6.571759	 -1	 0.000000	 8.524567
93	 5	 5	 1	 64.659478	 -1	 0.000000	 11.677356
94	 5	 5	 1	 0.001962	 -1	 0.000000	 8.837995
95	 5	 5	 1	 0.001276	 -1	 0.000000	 10.302798
96	 5	 5	 1	 0.001300	 -1	 0.000000	 11.084809
97	 5	 5	 0	 341.283288	 -1	 0.000000	 6.770135
98	 5	 5	 1	 0.001576	 -1	 0.000000	 10.515782
99	 5	 5	 0	 420.404404	 -1	 0.000000	 7.342761
100	 5	 5	 1	 0.001356	 -1	 0.000000	 12.139688
101	 5	 5	 1	 0.001155	 -1	 0.000000	 14.280760
103	 5	 5	 1	 0.001958	 -1	 0.000000	 7.729056
104	 5	 5	 1	 91.044947	 -1	 0.000000	 11.160341
105	 5	 5	 1	 0.002034	 -1	 0.000000	 7.800526
106	 5	 5	 1	 0.001650	 -1	 0.000000	 8.326261
107	 5	 5	 1	 0.002049	 -1	 0.000000	 8.058807
108	 5	 5	 1	 0.002129	 -1	 0.000000	 7.657811
109	 5	 5	 1	 0.002727	 -1	 0.000000	 7.994155
110	 5	 5	 1	 0.001878	 -1	 0.000000	 7.651331
112	 5	 5	 0	 315.952418	 -1	 0.000000	 11.832540
113	 5	 5	 1	 0.001475	 -1	 0.000000	 11.692837
114	 5	 5	 1	 0.001639	 -1	 0.000000	 11.139991
115	 5	 5	 1	 0.001741	 -1	 0.000000	 8.939472
116	 5	 5	 0	 245.029938	 -1	 0.000000	 8.677331
117	 5	 5	 1	 0.001446	 -1	 0.000000	 10.111800
118	 5	 5	 1	 0.001309	 -1	 0.000000	 8.918147
119	 5	 5	 1	 0.001376	 -1	 0.000000	 13.654952
120	 5	 5	 1	 0.001111	 -1	 0.000000	 11.395047
121	 5	 5	 0	 223.767706	 -1	 0.000000	 16.142321
122	 5	 5	 1	 0.001750	 -1	 0.000000	 7.868440
123	 5	 5	 1	 0.002931	 -1	 0.000000	 6.823332
124	 5	 5	 1	 0.001453	 -1	 0.000000	 9.159867
125	 5	 5	 1	 0.001522	 -1	 0.000000	 8.187316
126	 5	 5	 1	 0.001875	 -1	 0.000000	 7.677794
127	 5	 5	 0	 374.335946	 -1	 0.000000	 12.985003
128	 5	 5	 1	 0.001408	 -1	 0.000000	 9.075233
129	 5	 5	 1	 0.002549	 -1	 0.000000	 8.631227
130	 5	 5	 1	 0.001400	 -1	 0.000000	 9.816601
131	 5	 5	 0	 347.937416	 -1	 0.000000	 8.788313
132	 5	 5	 1	 0.000350	 -1	 0.000000	 11.647927
133	 5	 5	 1	 0.001556	 -1	 0.000000	 11.255467
134	 5	 5	 1	 0.001195	 -1	 0.000000	 11.429688
135	 5	 5	 1	 0.001274	 -1	 0.000000	 8.894033
136	 5	 5	 1	 0.001884	 -1	 0.000000	 10.489334
137	 5	 5	 1	 0.001215	 -1	 0.000000	 12.892949
138	 5	 5	 1	 0.001620	 -1	 0.000000	 9.154675
139	 5	 5	 1	 0.001130	 -1	 0.000000	 8.740397
140	 5	 5	 1	 0.000927	 -1	 0.000000	 11.331913
141	 5	 5	 1	 0.001475	 -1	 0.000000	 8.953106
142	 5	 5	 1	 0.001741	 -1	 0.000000	 8.046561
143	 5	 5	 1	 0.002082	 -1	 0.000000	 8.306949
144	 5	 5	 1	 0.001665	 -1	 0.000000	 10.900598
145	 5	 5	 0	 226.517326	 -1	 0.000000	 8.270251
146	 5	 5	 1	 27.163828	 -1	 0.000000	 13.398240
147	 5	 5	 1	 0.001310	 -1	 0.000000	 10.207118
148	 5	 5	 1	 0.002460	 -1	 0.000000	 7.548787
149	 5	 5	 1	 0.003059	 -1	 0.000000	 6.591872
150	 5	 5	 1	 1.408307	 -1	 0.000000	 9.390920
151	 5	 5	 1	 0.001518	 -1	 0.000000	 7.921170
152	 5	 5	 1	 0.001601	 -1	 0.000000	 9.456045
153	 5	 5	 0	 183.954532	 -1	 0.000000	 9.900062
154	 5	 5	 1	 0.001407	 -1	 0.000000	 10.081280
155	 5	 5	 1	 0.001287	 -1	 0.000000	 10.178395
156	 5	 5	 0	 381.024213	 -1	 0.000000	 7.587946
157	 5	 5	 1	 0.001480	 -1	 0.000000	 11.004022
158	 5	 5	 1	 0.003389	 -1	 0.000000	 7.773991
159	 5	 5	 1	 0.001739	 -1	 0.000000	 7.480548
160	 5	 5	 1	 0.001662	 -1	 0.000000	 8.126792
161	 5	 5	 0	 294.446578	 -1	 0.000000	 7.881626
162	 5	 5	 1	 0.001560	 -1	 0.000000	 8.319419
164	 5	 5	 1	 0.000969	 -1	 0.000000	 13.035723
165	 5	 5	 0	 328.099879	 -1	 0.000000	 11.956006
166	 5	 5	 1	 0.002064	 -1	 0.000000	 7.253649
167	 5	 5	 1	 0.001262	 -1	 0.000000	 7.946131
169	 5	 5	 1	 5.914182	 -1	 0.000000	 8.686225
170	 5	 5	 1	 0.001989	 -1	 0.000000	 9.814905
171	 5	 5	 1	 0.003257	 -1	 0.000000	 7.651716
172	 5	 5	 1	 0.001428	 -1	 0.000000	 11.220129
173	 5	 5	 1	 0.001946	 -1	 0.000000	 11.528993
174	 5	 5	 1	 0.002707	 -1	 0.000000	 7.481445
175	 5	 5	 1	 0.001885	 -1	 0.000000	 16.561378
176	 5	 5	 1	 0.001264	 -1	 0.000000	 10.004969
177	 5	 5	 1	 0.003476	 -1	 0.000000	 7.105533
178	 5	 5	 1	 0.001805	 -1	 0.000000	 8.020815
179	 5	 5	 1	 62.828700	 -1	 0.000000	 8.588999
180	 5	 5	 1	 0.001769	 -1	 0.000000	 9.600772
181	 5	 5	 1	 0.001427	 -1	 0.000000	 13.271832
182	 5	 5	 1	 179.694823	 -1	 0.000000	 14.407218
183	 5	 5	 1	 0.001312	 -1	 0.000000	 9.455020
60	 7	 7	 1	 0.023646	 -1	 0.000000	 12.878302
61	 7	 7	 1	 0.022105	 -1	 0.000000	 7.180213
62	 7	 7	 1	 13.668548	 -1	 0.000000	 8.341367
63	 7	 7	 1	 0.018538	 -1	 0.000000	 10.987447
64	 7	 7	 1	 0.018151	 -1	 0.000000	 8.742153
65	 7	 7	 1	 0.002091	 -1	 0.000000	 10.289643
66	 7	 7	 1	 0.017249	 -1	 0.000000	 9.648006
67	 7	 7	 1	 0.001477	 -1	 0.000000	 11.882643
68	 7	 7	 1	 0.021735	 -1	 0.000000	 8.358253
69	 7	 7	 1	 0.001338	 -1	 0.000000	 11.022264
70	 7	 7	 1	 0.020068	 -1	 0.000000	 8.413969
71	 7	 7	 1	 0.019865	 -1	 0.000000	 8.243688
72	 7	 7	 1	 0.002279	 -1	 0.000000	 7.827457
73	 7	 7	 1	 0.023167	 -1	 0.000000	 9.211032
74	 7	 7	 1	 0.016333	 -1	 0.000000	 8.628024
75	 7	 7	 1	 0.017714	 -1	 0.000000	 8.338420
76	 7	 7	 1	 26.227808	 -1	 0.000000	 12.290058
77	 7	 7	 1	 0.002279	 -1	 0.000000	 8.068585
78	 7	 7	 1	 0.001550	 -1	 0.000000	 13.620151
79	 7	 7	 1	 0.014033	 -1	 0.000000	 10.462815
80	 7	 7	 1	 0.001611	 -1	 0.000000	 8.716155
81	 7	 7	 1	 0.017955	 -1	 0.000000	 7.701054
82	 7	 7	 1	 0.001590	 -1	 0.000000	 13.035160
83	 7	 7	 1	 0.021009	 -1	 0.000000	 7.957632
84	 7	 7	 1	 0.016864	 -1	 0.000000	 10.237400
85	 7	 7	 1	 0.014856	 -1	 0.000000	 9.248344
86	 7	 7	 1	 0.017113	 -1	 0.000000	 8.065419
87	 7	 7	 1	 0.021304	 -1	 0.000000	 8.863161
88	 7	 7	 1	 0.016882	 -1	 0.000000	 13.275165
89	 7	 7	 1	 0.017470	 -1	 0.000000	 11.400675
90	 7	 7	 1	 0.001532	 -1	 0.000000	 11.622960
91	 7	 7	 1	 0.020056	 -1	 0.000000	 6.872929
92	 7	 7	 1	 0.016188	 -1	 0.000000	 10.438393
93	 7	 7	 1	 1.644389	 -1	 0.000000	 8.588814
94	 7	 7	 1	 0.022836	 -1	 0.000000	 7.627647
95	 7	 7	 1	 0.001431	 -1	 0.000000	 17.784517
96	 7	 7	 1	 24.166299	 -1	 0.000000	 10.719213
97	 7	 7	 1	 0.016468	 -1	 0.000000	 10.990497
98	 7	 7	 1	 0.015770	 -1	 0.000000	 9.408648
99	 7	 7	 1	 0.018895	 -1	 0.000000	 11.720440
100	 7	 7	 1	 0.018574	 -1	 0.000000	 9.389421
101	 7	 7	 1	 0.019171	 -1	 0.000000	 9.807939
102	 7	 7	 1	 0.002546	 -1	 0.000000	 7.319611
103	 7	 7	 1	 1.493890	 -1	 0.000000	 8.693729
104	 7	 7	 1	 0.017680	 -1	 0.000000	 11.611775
105	 7	 7	 1	 0.016984	 -1	 0.000000	 9.368985
106	 7	 7	 1	 0.021250	 -1	 0.000000	 8.247009
107	 7	 7	 1	 0.016227	 -1	 0.000000	 10.079975
108	 7	 7	 1	 0.001879	 -1	 0.000000	 8.679516
109	 7	 7	 1	 0.001773	 -1	 0.000000	 9.525228
110	 7	 7	 1	 37.892194	 -1	 0.000000	 12.605289
111	 7	 7	 1	 2.431014	 -1	 0.000000	 10.536433
112	 7	 7	 1	 0.001616	 -1	 0.000000	 9.527467
113	 7	 7	 1	 0.001642	 -1	 0.000000	 17.963455
114	 7	 7	 1	 0.016010	 -1	 0.000000	 9.874373
115	 7	 7	 1	 0.015315	 -1	 0.000000	 12.899520
116	 7	 7	 1	 45.027106	 -1	 0.000000	 10.846689
117	 7	 7	 1	 0.001544	 -1	 0.000000	 9.935929
118	 7	 7	 1	 0.002342	 -1	 0.000000	 8.466440
119	 7	 7	 1	 0.017143	 -1	 0.000000	 11.133793
120	 7	 7	 1	 0.451648	 -1	 0.000000	 10.004070
121	 7	 7	 1	 5.060227	 -1	 0.000000	 9.897552
122	 7	 7	 1	 0.016276	 -1	 0.000000	 11.020628
123	 7	 7	 1	 0.026755	 -1	 0.000000	 7.380610
124	 7	 7	 1	 0.002697	 -1	 0.000000	 7.195715
125	 7	 7	 1	 0.017589	 -1	 0.000000	 9.473095
126	 7	 7	 1	 0.017364	 -1	 0.000000	 10.977618
127	 7	 7	 1	 0.182386	 -1	 0.000000	 9.317001
128	 7	 7	 1	 0.019997	 -1	 0.000000	 9.625272
129	 7	 7	 1	 0.001729	 -1	 0.000000	 9.426694
130	 7	 7	 1	 0.027007	 -1	 0.000000	 7.205889
131	 7	 7	 1	 0.001896	 -1	 0.000000	 8.483196
132	 7	 7	 1	 0.020498	 -1	 0.000000	 7.561204
133	 7	 7	 1	 0.018055	 -1	 0.000000	 10.248603
134	 7	 7	 1	 0.001418	 -1	 0.000000	 14.198550
135	 7	 7	 1	 0.019133	 -1	 0.000000	 9.401162
136	 7	 7	 1	 0.016070	 -1	 0.000000	 9.444274
137	 7	 7	 1	 0.018571	 -1	 0.000000	 10.492565
138	 7	 7	 1	 0.019149	 -1	 0.000000	 8.478518
139	 7	 7	 1	 0.012843	 -1	 0.000000	 10.270668
140	 7	 7	 1	 0.020556	 -1	 0.000000	 10.933770
141	 7	 7	 1	 0.016455	 -1	 0.000000	 10.075391
142	 7	 7	 1	 0.018299	 -1	 0.000000	 9.517325
143	 7	 7	 1	 0.022160	 -1	 0.000000	 7.801842
144	 7	 7	 1	 0.001822	 -1	 0.000000	 9.205849
145	 7	 7	 1	 0.001507	 -1	 0.000000	 13.258644
2043	 9	 9	 0	 452.805120	 -1	 0.000000	 6.895656
146	 7	 7	 1	 0.015872	 -1	 0.000000	 9.085043
147	 7	 7	 1	 0.023670	 -1	 0.000000	 9.279487
692	 3	 3	 0	 488.009004	 -1	 0.000000	 4.213592
148	 7	 7	 0	 472.374388	 -1	 0.000000	 8.170336
149	 7	 7	 1	 0.018535	 -1	 0.000000	 11.872764
60	 9	 9	 1	 32.486006	 -1	 0.000000	 9.095467
61	 9	 9	 1	 30.602212	 -1	 0.000000	 10.404586
62	 9	 9	 1	 22.013536	 -1	 0.000000	 11.406220
63	 9	 9	 1	 26.700483	 -1	 0.000000	 6.926053
64	 9	 9	 1	 2.590820	 -1	 0.000000	 11.140314
65	 9	 9	 1	 20.572116	 -1	 0.000000	 9.019908
66	 9	 9	 1	 2.467371	 -1	 0.000000	 11.385688
67	 9	 9	 1	 1.831783	 -1	 0.000000	 10.944947
61	 9	 9	 1	 30.186389	 -1	 0.000000	 10.288589
62	 9	 9	 1	 30.363123	 -1	 0.000000	 8.005536
63	 9	 9	 0	 404.366809	 -1	 0.000000	 11.570777
65	 9	 9	 1	 25.513870	 -1	 0.000000	 7.662771
66	 9	 9	 1	 2.260573	 -1	 0.000000	 8.641422
67	 9	 9	 1	 29.165566	 -1	 0.000000	 9.762068
68	 9	 9	 1	 2.101036	 -1	 0.000000	 11.168076
69	 9	 9	 0	 447.992456	 -1	 0.000000	 11.100472
70	 9	 9	 1	 2.531038	 -1	 0.000000	 8.973727
71	 9	 9	 1	 1.883772	 -1	 0.000000	 9.482865
72	 9	 9	 1	 36.053665	 -1	 0.000000	 14.663373
73	 9	 9	 1	 3.283945	 -1	 0.000000	 8.063060
74	 9	 9	 1	 106.076217	 -1	 0.000000	 13.427180
75	 9	 9	 1	 19.437606	 -1	 0.000000	 8.916660
1904	 9	 9	 0	 447.779338	 -1	 0.000000	 5.102462
76	 9	 9	 1	 26.565621	 -1	 0.000000	 9.643700
77	 9	 9	 1	 1.855003	 -1	 0.000000	 9.645254
78	 9	 9	 1	 1.832349	 -1	 0.000000	 12.947309
79	 9	 9	 1	 24.913256	 -1	 0.000000	 12.380544
80	 9	 9	 1	 2.743417	 -1	 0.000000	 9.007908
81	 9	 9	 1	 28.061510	 -1	 0.000000	 8.895882
82	 9	 9	 1	 3.644349	 -1	 0.000000	 7.393607
83	 9	 9	 1	 22.084568	 -1	 0.000000	 10.411941
84	 9	 9	 1	 38.315207	 -1	 0.000000	 7.845579
85	 9	 9	 1	 34.352650	 -1	 0.000000	 8.976830
86	 9	 9	 1	 2.542633	 -1	 0.000000	 9.306541
87	 9	 9	 1	 23.188099	 -1	 0.000000	 12.038245
88	 9	 9	 1	 32.344026	 -1	 0.000000	 7.898999
89	 9	 9	 0	 347.041944	 -1	 0.000000	 7.779535
90	 9	 9	 1	 31.978070	 -1	 0.000000	 7.320863
91	 9	 9	 1	 2.302483	 -1	 0.000000	 11.728972
92	 9	 9	 1	 25.205908	 -1	 0.000000	 12.884083
93	 9	 9	 1	 35.827248	 -1	 0.000000	 7.712152
94	 9	 9	 1	 34.297305	 -1	 0.000000	 9.402102
95	 9	 9	 1	 24.795956	 -1	 0.000000	 11.031423
96	 9	 9	 1	 1.903873	 -1	 0.000000	 11.219331
97	 9	 9	 1	 35.609510	 -1	 0.000000	 8.200788
98	 9	 9	 1	 40.615857	 -1	 0.000000	 7.227266
99	 9	 9	 1	 32.020343	 -1	 0.000000	 9.888612
100	 9	 9	 0	 246.356778	 -1	 0.000000	 8.113412
101	 9	 9	 1	 38.272360	 -1	 0.000000	 10.953152
102	 9	 9	 1	 28.040067	 -1	 0.000000	 9.400382
103	 9	 9	 1	 2.305865	 -1	 0.000000	 9.543370
104	 9	 9	 1	 26.457664	 -1	 0.000000	 9.192801
105	 9	 9	 1	 2.215279	 -1	 0.000000	 10.335629
106	 9	 9	 1	 37.103542	 -1	 0.000000	 9.212934
107	 9	 9	 1	 28.410162	 -1	 0.000000	 10.346137
108	 9	 9	 1	 30.629025	 -1	 0.000000	 10.707502
109	 9	 9	 1	 1.656270	 -1	 0.000000	 10.657078
111	 9	 9	 1	 21.959321	 -1	 0.000000	 9.116547
112	 9	 9	 0	 400.893339	 -1	 0.000000	 15.235665
113	 9	 9	 1	 2.600326	 -1	 0.000000	 9.227818
114	 9	 9	 1	 3.079261	 -1	 0.000000	 7.443554
115	 9	 9	 1	 34.233182	 -1	 0.000000	 10.072339
116	 9	 9	 1	 28.632909	 -1	 0.000000	 8.738016
117	 9	 9	 1	 30.247239	 -1	 0.000000	 10.116849
118	 9	 9	 1	 41.317918	 -1	 0.000000	 9.622331
119	 9	 9	 1	 1.523813	 -1	 0.000000	 10.330908
60	 11	 11	 1	 24.113160	 -1	 0.000000	 8.045140
61	 11	 11	 1	 2.814527	 -1	 0.000000	 9.901050
62	 11	 11	 1	 2.760918	 -1	 0.000000	 10.442086
>>> gr_fir_ccf: using E
>>> gr_fir_fff: using E
gr_buffer::allocate_buffer: warning: tried to allocate
   30 items of size 2160. Due to alignment requirements
   256 were allocated.  If this isn't OK, consider padding
   your structure to a power-of-two bytes.
   On this platform, our allocation granularity is 4096 bytes.
60	 11	 11	 1	 23.098481	 -1	 0.000000	 9.575332
61	 11	 11	 1	 26.534162	 -1	 0.000000	 10.906091
62	 11	 11	 1	 3.366690	 -1	 0.000000	 10.041685
64	 11	 11	 1	 2.388637	 -1	 0.000000	 17.024786
65	 11	 11	 1	 21.567276	 -1	 0.000000	 8.711080
66	 11	 11	 1	 3.425613	 -1	 0.000000	 9.369801
67	 11	 11	 1	 3.251493	 -1	 0.000000	 12.775558
68	 11	 11	 1	 3.065172	 -1	 0.000000	 12.476353
69	 11	 11	 1	 34.049201	 -1	 0.000000	 6.883389
70	 11	 11	 1	 2.860795	 -1	 0.000000	 11.057590
71	 11	 11	 1	 3.149361	 -1	 0.000000	 8.951087
72	 11	 11	 1	 3.240515	 -1	 0.000000	 11.375656
73	 11	 11	 1	 18.436240	 -1	 0.000000	 9.504975
74	 11	 11	 1	 3.263611	 -1	 0.000000	 9.501848
75	 11	 11	 1	 3.690905	 -1	 0.000000	 8.278840
76	 11	 11	 1	 25.838568	 -1	 0.000000	 8.663409
77	 11	 11	 1	 25.165104	 -1	 0.000000	 8.815019
78	 11	 11	 1	 2.879370	 -1	 0.000000	 9.847542
80	 11	 11	 1	 20.037281	 -1	 0.000000	 8.595468
81	 11	 11	 1	 23.302094	 -1	 0.000000	 8.063748
82	 11	 11	 1	 4.494174	 -1	 0.000000	 8.789713
83	 11	 11	 1	 2.694321	 -1	 0.000000	 12.773658
84	 11	 11	 1	 3.013155	 -1	 0.000000	 10.164006
85	 11	 11	 1	 28.169599	 -1	 0.000000	 7.496606
86	 11	 11	 1	 3.808686	 -1	 0.000000	 8.366422
87	 11	 11	 1	 6.611067	 -1	 0.000000	 7.450728
88	 11	 11	 1	 3.050001	 -1	 0.000000	 8.832564
89	 11	 11	 1	 3.703834	 -1	 0.000000	 9.158416
90	 11	 11	 1	 35.243611	 -1	 0.000000	 14.374434
91	 11	 11	 1	 2.586815	 -1	 0.000000	 12.291459
92	 11	 11	 1	 3.535843	 -1	 0.000000	 8.311192
93	 11	 11	 1	 18.773404	 -1	 0.000000	 9.439734
94	 11	 11	 1	 4.124808	 -1	 0.000000	 8.463288
95	 11	 11	 1	 2.897976	 -1	 0.000000	 11.785353
96	 11	 11	 1	 4.054574	 -1	 0.000000	 8.343641
97	 11	 11	 1	 3.003696	 -1	 0.000000	 11.821489
98	 11	 11	 1	 19.622144	 -1	 0.000000	 8.237678
99	 11	 11	 1	 3.959639	 -1	 0.000000	 8.653199
100	 11	 11	 1	 20.569546	 -1	 0.000000	 9.368164
101	 11	 11	 1	 23.332902	 -1	 0.000000	 15.221639
102	 11	 11	 1	 4.050677	 -1	 0.000000	 8.085756
103	 11	 11	 1	 3.106658	 -1	 0.000000	 8.281774
104	 11	 11	 1	 3.615646	 -1	 0.000000	 9.453965
105	 11	 11	 1	 19.182691	 -1	 0.000000	 10.745249
106	 11	 11	 1	 31.338085	 -1	 0.000000	 6.714766
107	 11	 11	 1	 4.751935	 -1	 0.000000	 8.272091
108	 11	 11	 1	 2.662873	 -1	 0.000000	 10.484092
109	 11	 11	 1	 5.130426	 -1	 0.000000	 7.903433
110	 11	 11	 1	 3.093957	 -1	 0.000000	 10.475040
111	 11	 11	 1	 2.860800	 -1	 0.000000	 9.915088
112	 11	 11	 1	 2.929137	 -1	 0.000000	 13.033636
113	 11	 11	 1	 2.906610	 -1	 0.000000	 9.202901
115	 11	 11	 1	 2.857931	 -1	 0.000000	 11.686214
116	 11	 11	 1	 3.198302	 -1	 0.000000	 10.871450
117	 11	 11	 1	 3.707664	 -1	 0.000000	 8.842729
118	 11	 11	 1	 2.736444	 -1	 0.000000	 9.042443
119	 11	 11	 1	 3.473223	 -1	 0.000000	 11.448317
120	 11	 11	 1	 2.714399	 -1	 0.000000	 10.476538
121	 11	 11	 1	 2.641749	 -1	 0.000000	 11.389904
122	 11	 11	 1	 2.648680	 -1	 0.000000	 16.557474
123	 11	 11	 1	 21.858228	 -1	 0.000000	 7.643538
124	 11	 11	 1	 20.456763	 -1	 0.000000	 9.488468
125	 11	 11	 1	 3.107679	 -1	 0.000000	 13.826135
126	 11	 11	 1	 3.117879	 -1	 0.000000	 9.120049
127	 11	 11	 1	 2.691875	 -1	 0.000000	 9.230730
128	 11	 11	 1	 2.647008	 -1	 0.000000	 10.803333
129	 11	 11	 1	 4.368881	 -1	 0.000000	 8.890543
130	 11	 11	 1	 3.360706	 -1	 0.000000	 13.578964
131	 11	 11	 1	 4.083451	 -1	 0.000000	 8.364144
132	 11	 11	 1	 24.100406	 -1	 0.000000	 8.953426
133	 11	 11	 1	 33.872920	 -1	 0.000000	 6.862886
135	 11	 11	 1	 3.990921	 -1	 0.000000	 7.822324
136	 11	 11	 1	 4.030186	 -1	 0.000000	 8.811688
137	 11	 11	 1	 3.561328	 -1	 0.000000	 8.416135
138	 11	 11	 1	 2.442982	 -1	 0.000000	 17.979271
139	 11	 11	 1	 2.533651	 -1	 0.000000	 15.568958
140	 11	 11	 1	 3.043439	 -1	 0.000000	 9.505110
141	 11	 11	 1	 28.248103	 -1	 0.000000	 7.985797
142	 11	 11	 1	 21.262099	 -1	 0.000000	 8.167418
143	 11	 11	 1	 18.357734	 -1	 0.000000	 15.476482
144	 11	 11	 1	 2.657130	 -1	 0.000000	 11.543068
145	 11	 11	 1	 20.384352	 -1	 0.000000	 10.631177
146	 11	 11	 1	 3.900600	 -1	 0.000000	 9.069919
147	 11	 11	 1	 2.683603	 -1	 0.000000	 11.700150
148	 11	 11	 1	 2.890130	 -1	 0.000000	 10.212194
149	 11	 11	 1	 18.199337	 -1	 0.000000	 14.187834
150	 11	 11	 1	 2.998605	 -1	 0.000000	 9.534637
151	 11	 11	 1	 7.232898	 -1	 0.000000	 6.860884
152	 11	 11	 1	 3.090526	 -1	 0.000000	 11.691728
153	 11	 11	 1	 20.537218	 -1	 0.000000	 13.279457
154	 11	 11	 1	 21.259589	 -1	 0.000000	 9.316204
155	 11	 11	 1	 2.507691	 -1	 0.000000	 10.127855
156	 11	 11	 1	 39.739682	 -1	 0.000000	 6.990903
157	 11	 11	 1	 2.932757	 -1	 0.000000	 9.757016
158	 11	 11	 1	 18.592289	 -1	 0.000000	 11.422776
159	 11	 11	 1	 3.897963	 -1	 0.000000	 7.949880
160	 11	 11	 1	 2.529006	 -1	 0.000000	 12.981501
161	 11	 11	 1	 5.435368	 -1	 0.000000	 7.672494
162	 11	 11	 1	 17.739128	 -1	 0.000000	 18.885937
163	 11	 11	 1	 40.584882	 -1	 0.000000	 9.847611
164	 11	 11	 1	 2.861966	 -1	 0.000000	 10.783611
165	 11	 11	 1	 2.881555	 -1	 0.000000	 9.322771
166	 11	 11	 1	 23.535905	 -1	 0.000000	 8.054296
168	 11	 11	 1	 3.318403	 -1	 0.000000	 9.119904
169	 11	 11	 1	 2.793494	 -1	 0.000000	 14.213837
170	 11	 11	 1	 3.048241	 -1	 0.000000	 10.128696
171	 11	 11	 1	 24.588748	 -1	 0.000000	 8.075993
172	 11	 11	 1	 20.910666	 -1	 0.000000	 14.701199
173	 11	 11	 1	 31.886135	 -1	 0.000000	 7.217812
174	 11	 11	 1	 3.017653	 -1	 0.000000	 9.158994
175	 11	 11	 1	 21.092771	 -1	 0.000000	 10.128298
176	 11	 11	 1	 5.466201	 -1	 0.000000	 7.540936
177	 11	 11	 1	 3.576389	 -1	 0.000000	 9.074748
178	 11	 11	 1	 3.156977	 -1	 0.000000	 10.369593
179	 11	 11	 1	 4.677039	 -1	 0.000000	 7.703585
180	 11	 11	 1	 2.725169	 -1	 0.000000	 9.187356
181	 11	 11	 1	 5.063147	 -1	 0.000000	 7.767272
182	 11	 11	 1	 21.518989	 -1	 0.000000	 15.507549
183	 11	 11	 1	 25.996690	 -1	 0.000000	 7.574843
184	 11	 11	 1	 20.171174	 -1	 0.000000	 9.404730
185	 11	 11	 1	 3.907970	 -1	 0.000000	 8.237669
186	 11	 11	 1	 3.398022	 -1	 0.000000	 12.283989
187	 11	 11	 1	 2.758656	 -1	 0.000000	 16.251003
3861	 5	 5	 0	 411.876019	 -1	 0.000000	 5.941035
188	 11	 11	 1	 21.861547	 -1	 0.000000	 8.908661
189	 11	 11	 1	 23.955354	 -1	 0.000000	 8.014446
190	 11	 11	 1	 2.567084	 -1	 0.000000	 14.305476
191	 11	 11	 1	 3.480606	 -1	 0.000000	 8.232338
192	 11	 11	 1	 23.830374	 -1	 0.000000	 7.922079
193	 11	 11	 1	 3.883897	 -1	 0.000000	 7.683101
194	 11	 11	 1	 3.001873	 -1	 0.000000	 13.484355
195	 11	 11	 1	 2.740048	 -1	 0.000000	 8.993123
196	 11	 11	 1	 3.318526	 -1	 0.000000	 8.653390
197	 11	 11	 1	 3.314467	 -1	 0.000000	 8.313897
198	 11	 11	 1	 3.554049	 -1	 0.000000	 8.554763
199	 11	 11	 1	 21.510073	 -1	 0.000000	 9.097035
200	 11	 11	 1	 2.972232	 -1	 0.000000	 8.640249
201	 11	 11	 1	 3.775699	 -1	 0.000000	 9.482157
202	 11	 11	 1	 2.847219	 -1	 0.000000	 11.219849
204	 11	 11	 1	 3.539735	 -1	 0.000000	 8.555885
205	 11	 11	 1	 3.438467	 -1	 0.000000	 8.426555
206	 11	 11	 1	 3.687078	 -1	 0.000000	 10.323375
207	 11	 11	 1	 4.051752	 -1	 0.000000	 8.076424
208	 11	 11	 1	 39.042130	 -1	 0.000000	 7.528188
209	 11	 11	 1	 3.490475	 -1	 0.000000	 9.018604
210	 11	 11	 1	 3.117380	 -1	 0.000000	 9.369965
211	 11	 11	 1	 41.769244	 -1	 0.000000	 8.177985
212	 11	 11	 1	 2.543540	 -1	 0.000000	 11.870066
213	 11	 11	 1	 6.211003	 -1	 0.000000	 7.053858
214	 11	 11	 1	 3.007955	 -1	 0.000000	 19.282476
215	 11	 11	 1	 2.709754	 -1	 0.000000	 10.449676
216	 11	 11	 1	 5.331354	 -1	 0.000000	 7.643131
217	 11	 11	 1	 2.986646	 -1	 0.000000	 9.029513
218	 11	 11	 1	 3.910364	 -1	 0.000000	 8.824523
219	 11	 11	 1	 2.932060	 -1	 0.000000	 11.459357
220	 11	 11	 1	 2.798220	 -1	 0.000000	 8.725668
221	 11	 11	 1	 3.072631	 -1	 0.000000	 10.095674
222	 11	 11	 1	 2.865489	 -1	 0.000000	 9.137793
223	 11	 11	 1	 3.070322	 -1	 0.000000	 19.005407
224	 11	 11	 1	 2.884580	 -1	 0.000000	 11.630069
225	 11	 11	 1	 17.132004	 -1	 0.000000	 10.520885
226	 11	 11	 1	 24.137253	 -1	 0.000000	 9.288172
227	 11	 11	 1	 3.381555	 -1	 0.000000	 9.061085
228	 11	 11	 1	 3.874956	 -1	 0.000000	 10.209451
229	 11	 11	 1	 21.205840	 -1	 0.000000	 16.806202
230	 11	 11	 1	 3.365687	 -1	 0.000000	 10.872012
231	 11	 11	 1	 3.032714	 -1	 0.000000	 9.740575
232	 11	 11	 1	 2.869633	 -1	 0.000000	 8.502748
233	 11	 11	 1	 24.036015	 -1	 0.000000	 7.719598
234	 11	 11	 1	 20.982154	 -1	 0.000000	 9.009917
235	 11	 11	 1	 3.059542	 -1	 0.000000	 12.760322
237	 11	 11	 1	 3.505072	 -1	 0.000000	 8.066542
238	 11	 11	 1	 2.636748	 -1	 0.000000	 10.854974
239	 11	 11	 1	 3.300512	 -1	 0.000000	 8.675261
240	 11	 11	 1	 3.274532	 -1	 0.000000	 10.269542
241	 11	 11	 1	 2.606879	 -1	 0.000000	 11.456392
242	 11	 11	 1	 22.408574	 -1	 0.000000	 7.806092
243	 11	 11	 1	 27.580412	 -1	 0.000000	 7.833016
244	 11	 11	 1	 19.281159	 -1	 0.000000	 10.422419
245	 11	 11	 1	 29.628977	 -1	 0.000000	 8.560932
246	 11	 11	 1	 3.267802	 -1	 0.000000	 9.289308
247	 11	 11	 1	 3.206910	 -1	 0.000000	 9.016988
248	 11	 11	 1	 3.366704	 -1	 0.000000	 10.455446
249	 11	 11	 1	 3.537632	 -1	 0.000000	 8.000949
251	 11	 11	 1	 16.280444	 -1	 0.000000	 9.898028
252	 11	 11	 1	 3.070696	 -1	 0.000000	 9.914327
253	 11	 11	 1	 3.169727	 -1	 0.000000	 8.865384
254	 11	 11	 1	 18.963075	 -1	 0.000000	 9.520853
255	 11	 11	 1	 27.501341	 -1	 0.000000	 9.347943
256	 11	 11	 1	 23.212217	 -1	 0.000000	 9.341485
257	 11	 11	 1	 4.450122	 -1	 0.000000	 7.937687
258	 11	 11	 1	 2.712258	 -1	 0.000000	 13.049127
259	 11	 11	 1	 3.015048	 -1	 0.000000	 8.729929
260	 11	 11	 1	 5.011340	 -1	 0.000000	 7.642880
261	 11	 11	 1	 2.847692	 -1	 0.000000	 9.929502
262	 11	 11	 1	 25.423422	 -1	 0.000000	 7.567432
263	 11	 11	 1	 35.310602	 -1	 0.000000	 8.218427
264	 11	 11	 1	 17.833995	 -1	 0.000000	 10.994737
265	 11	 11	 1	 3.341964	 -1	 0.000000	 8.736782
267	 11	 11	 1	 20.815007	 -1	 0.000000	 9.837559
269	 11	 11	 1	 2.443492	 -1	 0.000000	 11.043898
270	 11	 11	 0	 495.478233	 -1	 0.000000	 10.113431
271	 11	 11	 1	 29.457972	 -1	 0.000000	 7.678281
272	 11	 11	 1	 5.040381	 -1	 0.000000	 8.507255
273	 11	 11	 1	 32.406367	 -1	 0.000000	 7.553458
274	 11	 11	 1	 6.410903	 -1	 0.000000	 6.719174
275	 11	 11	 1	 3.580629	 -1	 0.000000	 9.979217
276	 11	 11	 1	 3.921478	 -1	 0.000000	 7.796098
277	 11	 11	 1	 30.484327	 -1	 0.000000	 7.349316
278	 11	 11	 1	 4.142984	 -1	 0.000000	 7.602697
279	 11	 11	 1	 3.140829	 -1	 0.000000	 8.456127
280	 11	 11	 1	 5.366673	 -1	 0.000000	 7.458823
282	 11	 11	 0	 495.614223	 -1	 0.000000	 10.404284
284	 11	 11	 1	 2.565923	 -1	 0.000000	 10.194833
285	 11	 11	 1	 4.349408	 -1	 0.000000	 8.481097
286	 11	 11	 0	 495.557721	 -1	 0.000000	 10.073299
287	 11	 11	 1	 3.313298	 -1	 0.000000	 8.890187
289	 11	 11	 1	 21.060810	 -1	 0.000000	 9.507622
290	 11	 11	 1	 3.247010	 -1	 0.000000	 17.265627
291	 11	 11	 1	 3.506609	 -1	 0.000000	 8.075054
1787	 13	 13	 0	 368.796518	 -1	 0.000000	 10.903951
292	 11	 11	 1	 3.529347	 -1	 0.000000	 9.988360
293	 11	 11	 0	 495.625459	 -1	 0.000000	 9.235765
294	 11	 11	 1	 3.213253	 -1	 0.000000	 8.613132
295	 11	 11	 1	 3.233008	 -1	 0.000000	 8.995723
296	 11	 11	 1	 3.805539	 -1	 0.000000	 7.948949
297	 11	 11	 1	 22.101585	 -1	 0.000000	 9.198527
298	 11	 11	 1	 3.200472	 -1	 0.000000	 13.161342
299	 11	 11	 1	 3.040850	 -1	 0.000000	 14.620479
302	 11	 11	 1	 3.622389	 -1	 0.000000	 8.314524
303	 11	 11	 1	 2.967754	 -1	 0.000000	 12.999253
304	 11	 11	 0	 418.765059	 -1	 0.000000	 18.363626
306	 11	 11	 1	 2.496061	 -1	 0.000000	 15.341703
1813	 11	 11	 0	 458.092602	 -1	 0.000000	 4.832877
308	 11	 11	 0	 466.507680	 -1	 0.000000	 7.547373
309	 11	 11	 1	 2.511857	 -1	 0.000000	 12.364407
310	 11	 11	 1	 3.114732	 -1	 0.000000	 7.843147
311	 11	 11	 1	 22.698808	 -1	 0.000000	 10.010565
312	 11	 11	 1	 3.435306	 -1	 0.000000	 14.341677
313	 11	 11	 1	 3.261797	 -1	 0.000000	 9.039785
314	 11	 11	 1	 4.909600	 -1	 0.000000	 7.484141
316	 11	 11	 1	 4.036164	 -1	 0.000000	 7.477073
112	 15	 15	 0	 392.951178	 -1	 0.000000	 8.108883
317	 11	 11	 1	 4.467653	 -1	 0.000000	 8.874406
318	 11	 11	 1	 2.806592	 -1	 0.000000	 11.986721
319	 11	 11	 1	 19.651891	 -1	 0.000000	 8.392952
320	 11	 11	 1	 21.276549	 -1	 0.000000	 9.410823
321	 11	 11	 0	 495.607338	 -1	 0.000000	 7.869802
323	 11	 11	 1	 2.913136	 -1	 0.000000	 11.554390
324	 11	 11	 1	 2.765436	 -1	 0.000000	 10.188663
326	 11	 11	 1	 23.403845	 -1	 0.000000	 7.304606
328	 11	 11	 0	 446.020719	 -1	 0.000000	 14.205788
329	 11	 11	 1	 2.915689	 -1	 0.000000	 9.778603
330	 11	 11	 1	 3.366513	 -1	 0.000000	 9.283123
331	 11	 11	 1	 3.452494	 -1	 0.000000	 9.038576
332	 11	 11	 1	 3.798943	 -1	 0.000000	 8.797735
333	 11	 11	 1	 2.872042	 -1	 0.000000	 11.583102
334	 11	 11	 1	 3.659647	 -1	 0.000000	 8.769440
335	 11	 11	 1	 21.170778	 -1	 0.000000	 8.461551
337	 11	 11	 1	 2.922897	 -1	 0.000000	 13.414820
339	 11	 11	 1	 4.503103	 -1	 0.000000	 8.034083
1528	 15	 15	 0	 384.831460	 -1	 0.000000	 8.621020
343	 11	 11	 1	 3.533918	 -1	 0.000000	 8.884654
346	 11	 11	 1	 16.858665	 -1	 0.000000	 12.466986
347	 11	 11	 1	 3.368121	 -1	 0.000000	 7.800950
348	 11	 11	 1	 3.328267	 -1	 0.000000	 8.989470
349	 11	 11	 1	 3.402384	 -1	 0.000000	 9.916986
350	 11	 11	 1	 23.229191	 -1	 0.000000	 8.563587
353	 11	 11	 1	 25.155616	 -1	 0.000000	 7.697684
355	 11	 11	 1	 3.549983	 -1	 0.000000	 8.374490
3518	 5	 5	 0	 417.496504	 -1	 0.000000	 5.541791
356	 11	 11	 1	 9.735254	 -1	 0.000000	 5.955503
357	 11	 11	 1	 2.863478	 -1	 0.000000	 10.778286
358	 11	 11	 1	 2.838344	 -1	 0.000000	 10.186501
359	 11	 11	 1	 3.490780	 -1	 0.000000	 9.076505
361	 11	 11	 1	 3.912394	 -1	 0.000000	 8.144319
365	 11	 11	 1	 3.031378	 -1	 0.000000	 10.670231
368	 11	 11	 1	 3.171005	 -1	 0.000000	 9.044449
369	 11	 11	 1	 22.880299	 -1	 0.000000	 9.660883
370	 11	 11	 1	 27.022050	 -1	 0.000000	 9.616654
371	 11	 11	 1	 3.308533	 -1	 0.000000	 8.136045
372	 11	 11	 1	 24.790077	 -1	 0.000000	 11.028630
374	 11	 11	 0	 451.544249	 -1	 0.000000	 4.502463
375	 11	 11	 1	 2.904363	 -1	 0.000000	 11.171478
376	 11	 11	 1	 17.319084	 -1	 0.000000	 11.603782
378	 11	 11	 1	 3.803992	 -1	 0.000000	 8.106506
379	 11	 11	 1	 2.946373	 -1	 0.000000	 13.435956
380	 11	 11	 0	 495.583384	 -1	 0.000000	 10.881098
381	 11	 11	 1	 2.602104	 -1	 0.000000	 9.186714
382	 11	 11	 0	 455.564362	 -1	 0.000000	 9.709800
385	 11	 11	 1	 2.920777	 -1	 0.000000	 10.561312
386	 11	 11	 1	 3.156395	 -1	 0.000000	 8.987810
388	 11	 11	 1	 3.373904	 -1	 0.000000	 9.785236
389	 11	 11	 1	 3.185277	 -1	 0.000000	 12.224935
390	 11	 11	 1	 2.764972	 -1	 0.000000	 10.176650
391	 11	 11	 1	 28.705762	 -1	 0.000000	 8.228985
393	 11	 11	 1	 14.578641	 -1	 0.000000	 9.447216
394	 11	 11	 1	 3.467018	 -1	 0.000000	 11.199081
395	 11	 11	 1	 23.487905	 -1	 0.000000	 7.943501
396	 11	 11	 1	 3.670437	 -1	 0.000000	 7.780661
397	 11	 11	 1	 3.560764	 -1	 0.000000	 8.712673
3717	 11	 11	 0	 448.726734	 -1	 0.000000	 5.059723
398	 11	 11	 1	 2.756532	 -1	 0.000000	 9.405707
436	 11	 11	 1	 2.655492	 -1	 0.000000	 10.270595
437	 11	 11	 1	 21.825048	 -1	 0.000000	 8.387421
438	 11	 11	 1	 3.296984	 -1	 0.000000	 10.014351
440	 11	 11	 1	 3.155900	 -1	 0.000000	 9.596563
441	 11	 11	 1	 19.394567	 -1	 0.000000	 8.557987
442	 11	 11	 1	 3.415420	 -1	 0.000000	 10.669724
443	 11	 11	 1	 2.793206	 -1	 0.000000	 10.981254
444	 11	 11	 1	 3.190037	 -1	 0.000000	 9.094284
445	 11	 11	 1	 3.450451	 -1	 0.000000	 9.294350
446	 11	 11	 1	 2.509691	 -1	 0.000000	 18.220173
447	 11	 11	 1	 4.286332	 -1	 0.000000	 8.575140
448	 11	 11	 1	 3.328554	 -1	 0.000000	 8.669446
453	 11	 11	 0	 363.036110	 -1	 0.000000	 3.861871
454	 11	 11	 1	 3.482879	 -1	 0.000000	 10.118417
455	 11	 11	 1	 3.268706	 -1	 0.000000	 8.817687
456	 11	 11	 1	 21.700623	 -1	 0.000000	 8.434324
457	 11	 11	 1	 3.131348	 -1	 0.000000	 10.077509
458	 11	 11	 1	 2.692456	 -1	 0.000000	 9.509514
459	 11	 11	 1	 3.562404	 -1	 0.000000	 8.863255
460	 11	 11	 1	 3.486121	 -1	 0.000000	 9.885779
461	 11	 11	 1	 2.759776	 -1	 0.000000	 11.700070
462	 11	 11	 1	 21.865054	 -1	 0.000000	 10.344248
463	 11	 11	 1	 4.887111	 -1	 0.000000	 7.718097
464	 11	 11	 1	 25.452668	 -1	 0.000000	 9.279498
466	 11	 11	 1	 2.520667	 -1	 0.000000	 10.939712
467	 11	 11	 1	 36.186416	 -1	 0.000000	 9.958566
468	 11	 11	 1	 19.161687	 -1	 0.000000	 9.641451
469	 11	 11	 1	 3.090479	 -1	 0.000000	 15.281020
470	 11	 11	 1	 4.006270	 -1	 0.000000	 8.409334
3981	 7	 7	 0	 446.709752	 -1	 0.000000	 4.765631
473	 11	 11	 1	 3.504002	 -1	 0.000000	 8.983935
474	 11	 11	 1	 3.841544	 -1	 0.000000	 9.748273
475	 11	 11	 1	 2.706122	 -1	 0.000000	 11.700374
1377	 13	 13	 0	 391.638845	 -1	 0.000000	 5.987695
476	 11	 11	 1	 18.135131	 -1	 0.000000	 9.215647
477	 11	 11	 1	 3.354469	 -1	 0.000000	 9.707419
478	 11	 11	 1	 3.540138	 -1	 0.000000	 8.427151
479	 11	 11	 1	 23.686726	 -1	 0.000000	 8.699160
480	 11	 11	 1	 3.074024	 -1	 0.000000	 10.742302
481	 11	 11	 1	 18.032117	 -1	 0.000000	 12.740509
482	 11	 11	 1	 26.584292	 -1	 0.000000	 10.242664
594	 9	 9	 0	 449.636374	 -1	 0.000000	 5.303739
484	 11	 11	 1	 4.277088	 -1	 0.000000	 8.547650
485	 11	 11	 1	 2.930087	 -1	 0.000000	 9.405198
>>> gr_fir_ccf: using E
>>> gr_fir_fff: using E
gr_buffer::allocate_buffer: warning: tried to allocate
   30 items of size 2160. Due to alignment requirements
   256 were allocated.  If this isn't OK, consider padding
   your structure to a power-of-two bytes.
   On this platform, our allocation granularity is 4096 bytes.
61	 10	 10	 1	 119.826946	 -1	 0.000000	 10.612424
64	 10	 10	 0	 386.942818	 -1	 0.000000	 9.308908
65	 10	 10	 1	 101.203076	 -1	 0.000000	 10.923950
66	 10	 10	 1	 115.996292	 -1	 0.000000	 9.598618
67	 10	 10	 1	 139.774524	 -1	 0.000000	 7.731989
68	 10	 10	 1	 100.892867	 -1	 0.000000	 9.135436
69	 10	 10	 0	 344.946301	 -1	 0.000000	 10.242009
70	 10	 10	 1	 134.231241	 -1	 0.000000	 8.827765
71	 10	 10	 1	 160.742255	 -1	 0.000000	 10.271873
72	 10	 10	 0	 369.002709	 -1	 0.000000	 8.453306
73	 10	 10	 1	 132.106311	 -1	 0.000000	 9.216119
74	 10	 10	 1	 340.455911	 -1	 0.000000	 12.698922
75	 10	 10	 0	 363.075063	 -1	 0.000000	 10.823806
76	 10	 10	 1	 125.154322	 -1	 0.000000	 10.320587
78	 10	 10	 1	 118.671981	 -1	 0.000000	 11.660633
79	 10	 10	 1	 156.070800	 -1	 0.000000	 8.039681
80	 10	 10	 0	 365.349001	 -1	 0.000000	 8.256495
81	 10	 10	 1	 94.954216	 -1	 0.000000	 16.931746
82	 10	 10	 0	 348.805892	 -1	 0.000000	 9.261280
83	 10	 10	 1	 119.917053	 -1	 0.000000	 9.114730
84	 10	 10	 1	 111.508451	 -1	 0.000000	 9.908422
85	 10	 10	 1	 125.892927	 -1	 0.000000	 10.147836
86	 10	 10	 0	 356.257249	 -1	 0.000000	 10.764965
87	 10	 10	 0	 367.432895	 -1	 0.000000	 13.848669
88	 10	 10	 1	 323.298758	 -1	 0.000000	 9.092780
89	 10	 10	 1	 100.393562	 -1	 0.000000	 11.213143
90	 10	 10	 1	 134.131917	 -1	 0.000000	 9.244468
91	 10	 10	 1	 138.395118	 -1	 0.000000	 8.230661
92	 10	 10	 0	 371.795069	 -1	 0.000000	 10.251690
93	 10	 10	 0	 375.067935	 -1	 0.000000	 9.384130
95	 10	 10	 1	 120.298300	 -1	 0.000000	 11.920869
96	 10	 10	 1	 143.911448	 -1	 0.000000	 7.761755
97	 10	 10	 1	 129.105068	 -1	 0.000000	 11.363149
98	 10	 10	 1	 165.549024	 -1	 0.000000	 8.261168
>>> gr_fir_ccf: using E
>>> gr_fir_fff: using E
gr_buffer::allocate_buffer: warning: tried to allocate
   30 items of size 2160. Due to alignment requirements
   256 were allocated.  If this isn't OK, consider padding
   your structure to a power-of-two bytes.
   On this platform, our allocation granularity is 4096 bytes.
55	 10	 10	 1	 159.497893	 -1	 0.000000	 8.436592
56	 10	 10	 1	 182.649567	 -1	 0.000000	 8.267735
57	 10	 10	 1	 158.653145	 -1	 0.000000	 7.924823
58	 10	 10	 1	 134.499745	 -1	 0.000000	 8.951180
59	 10	 10	 1	 135.905736	 -1	 0.000000	 9.366502
60	 10	 10	 1	 161.792875	 -1	 0.000000	 8.171310
61	 10	 10	 1	 180.517575	 -1	 0.000000	 7.572339
62	 10	 10	 1	 148.213371	 -1	 0.000000	 8.634267
63	 10	 10	 0	 366.020105	 -1	 0.000000	 8.418081
64	 10	 10	 1	 124.240430	 -1	 0.000000	 9.532146
65	 10	 10	 0	 372.332400	 -1	 0.000000	 9.088153
66	 10	 10	 1	 141.059140	 -1	 0.000000	 7.684608
67	 10	 10	 1	 132.198225	 -1	 0.000000	 11.151408
68	 10	 10	 0	 408.184933	 -1	 0.000000	 7.585520
69	 10	 10	 0	 375.536249	 -1	 0.000000	 10.822925
70	 10	 10	 1	 119.576383	 -1	 0.000000	 10.066203
71	 10	 10	 0	 381.230344	 -1	 0.000000	 12.366602
72	 10	 10	 1	 118.534798	 -1	 0.000000	 8.664472
73	 10	 10	 1	 129.387041	 -1	 0.000000	 8.880353
74	 10	 10	 1	 134.543271	 -1	 0.000000	 9.864964
75	 10	 10	 1	 115.164026	 -1	 0.000000	 9.953341
76	 10	 10	 1	 132.563993	 -1	 0.000000	 10.419643
77	 10	 10	 0	 376.846016	 -1	 0.000000	 8.274983
78	 10	 10	 1	 132.304829	 -1	 0.000000	 8.976521
79	 10	 10	 1	 99.636126	 -1	 0.000000	 13.920011
80	 10	 10	 0	 341.249674	 -1	 0.000000	 11.066747
81	 10	 10	 1	 194.687252	 -1	 0.000000	 7.416351
82	 10	 10	 0	 349.173659	 -1	 0.000000	 8.324882
83	 10	 10	 1	 138.575631	 -1	 0.000000	 8.121073
84	 10	 10	 0	 366.717002	 -1	 0.000000	 7.416474
85	 10	 10	 1	 117.977747	 -1	 0.000000	 8.951824
86	 10	 10	 0	 370.782711	 -1	 0.000000	 10.236545
87	 10	 10	 0	 365.391404	 -1	 0.000000	 12.487543
88	 10	 10	 1	 135.727407	 -1	 0.000000	 8.963648
89	 10	 10	 1	 112.992840	 -1	 0.000000	 10.017026
90	 10	 10	 1	 105.833141	 -1	 0.000000	 11.197495
91	 10	 10	 0	 359.275742	 -1	 0.000000	 8.609393
92	 10	 10	 0	 341.071754	 -1	 0.000000	 16.585705
93	 10	 10	 0	 359.846341	 -1	 0.000000	 11.881852
94	 10	 10	 1	 126.207170	 -1	 0.000000	 9.737844
95	 10	 10	 1	 127.834545	 -1	 0.000000	 10.456816
96	 10	 10	 1	 140.099675	 -1	 0.000000	 8.754700
97	 10	 10	 1	 181.637316	 -1	 0.000000	 7.902691
98	 10	 10	 1	 329.126168	 -1	 0.000000	 11.512541
99	 10	 10	 1	 123.234645	 -1	 0.000000	 10.042405
