>>> gr_fir_ccf: using E
>>> gr_fir_fff: using E
gr_buffer::allocate_buffer: warning: tried to allocate
   25 items of size 2544. Due to alignment requirements
   256 were allocated.  If this isn't OK, consider padding
   your structure to a power-of-two bytes.
   On this platform, our allocation granularity is 4096 bytes.
24	 13	 13	 1	 0.000020	 -1	 0.000000	 10.701377
25	 13	 13	 1	 0.000020	 -1	 0.000000	 8.138609
26	 13	 13	 1	 0.000018	 -1	 0.000000	 18.815498
27	 13	 13	 1	 0.000034	 -1	 0.000000	 7.863061
28	 13	 13	 1	 0.000019	 -1	 0.000000	 12.993738
>>> gr_fir_ccf: using E
>>> gr_fir_fff: using E
gr_buffer::allocate_buffer: warning: tried to allocate
   25 items of size 2544. Due to alignment requirements
   256 were allocated.  If this isn't OK, consider padding
   your structure to a power-of-two bytes.
   On this platform, our allocation granularity is 4096 bytes.
30	 13	 13	 1	 0.000022	 -1	 0.000000	 10.029716
31	 13	 13	 1	 0.004169	 -1	 0.000000	 6.722483
32	 13	 13	 1	 0.000017	 -1	 0.000000	 8.851398
33	 13	 13	 1	 0.000021	 -1	 0.000000	 9.781672
34	 13	 13	 1	 0.000011	 -1	 0.000000	 16.742508
36	 13	 13	 1	 0.000026	 -1	 0.000000	 11.871357
37	 13	 13	 1	 0.000024	 -1	 0.000000	 10.197958
38	 13	 13	 1	 0.000028	 -1	 0.000000	 10.761479
39	 13	 13	 1	 0.000023	 -1	 0.000000	 14.066213
40	 13	 13	 1	 0.000024	 -1	 0.000000	 8.739343
41	 13	 13	 1	 0.000023	 -1	 0.000000	 10.024972
42	 13	 13	 1	 0.000028	 -1	 0.000000	 10.094316
43	 13	 13	 1	 118.317454	 -1	 0.000000	 4.523088
44	 13	 13	 1	 0.000020	 -1	 0.000000	 13.120290
45	 13	 13	 1	 0.000017	 -1	 0.000000	 12.323676
46	 13	 13	 1	 0.000017	 -1	 0.000000	 9.475839
47	 13	 13	 1	 0.000035	 -1	 0.000000	 11.388139
48	 13	 13	 1	 0.000029	 -1	 0.000000	 14.985366
49	 13	 13	 1	 0.000027	 -1	 0.000000	 18.575188
50	 13	 13	 1	 0.000026	 -1	 0.000000	 12.031040
51	 13	 13	 1	 0.000021	 -1	 0.000000	 9.161981
52	 13	 13	 1	 0.000021	 -1	 0.000000	 9.447922
53	 13	 13	 1	 0.000029	 -1	 0.000000	 9.007277
54	 13	 13	 1	 0.000023	 -1	 0.000000	 12.507596
55	 13	 13	 1	 0.000024	 -1	 0.000000	 16.454103
56	 13	 13	 1	 0.000024	 -1	 0.000000	 11.088652
57	 13	 13	 1	 0.000022	 -1	 0.000000	 8.155933
58	 13	 13	 1	 0.000025	 -1	 0.000000	 11.453377
59	 13	 13	 1	 0.000025	 -1	 0.000000	 9.948647
60	 13	 13	 1	 0.000017	 -1	 0.000000	 9.524741
61	 13	 13	 1	 0.000026	 -1	 0.000000	 13.190568
62	 13	 13	 1	 0.000030	 -1	 0.000000	 11.037812
64	 13	 13	 1	 0.000027	 -1	 0.000000	 10.916734
65	 13	 13	 1	 0.000020	 -1	 0.000000	 10.760188
66	 13	 13	 1	 0.000027	 -1	 0.000000	 11.708762
67	 13	 13	 1	 0.000020	 -1	 0.000000	 16.683645
68	 13	 13	 1	 0.000030	 -1	 0.000000	 11.258217
69	 13	 13	 1	 0.000020	 -1	 0.000000	 13.733536
70	 13	 13	 1	 0.000023	 -1	 0.000000	 9.163343
72	 13	 13	 1	 0.000019	 -1	 0.000000	 9.974584
73	 13	 13	 1	 0.000024	 -1	 0.000000	 9.333953
74	 13	 13	 1	 0.000021	 -1	 0.000000	 10.374483
75	 13	 13	 1	 0.000045	 -1	 0.000000	 8.648128
76	 13	 13	 1	 0.000022	 -1	 0.000000	 11.512495
77	 13	 13	 1	 0.000015	 -1	 0.000000	 9.459764
78	 13	 13	 1	 0.000026	 -1	 0.000000	 8.874062
79	 13	 13	 1	 28.301178	 -1	 0.000000	 6.965517
80	 13	 13	 1	 0.000029	 -1	 0.000000	 9.264116
81	 13	 13	 1	 0.000019	 -1	 0.000000	 10.932456
82	 13	 13	 1	 0.000016	 -1	 0.000000	 9.679830
83	 13	 13	 1	 0.035773	 -1	 0.000000	 6.046895
84	 13	 13	 1	 0.000021	 -1	 0.000000	 8.673941
85	 13	 13	 1	 0.000021	 -1	 0.000000	 10.846971
86	 13	 13	 1	 0.000026	 -1	 0.000000	 9.095183
87	 13	 13	 1	 0.000016	 -1	 0.000000	 13.368685
88	 13	 13	 1	 0.000029	 -1	 0.000000	 14.868863
89	 13	 13	 1	 0.000025	 -1	 0.000000	 8.528528
1625	 3	 3	 0	 486.115908	 -1	 0.000000	 3.150915
>>> gr_fir_ccf: using E
>>> gr_fir_fff: using E
gr_buffer::allocate_buffer: warning: tried to allocate
   25 items of size 2544. Due to alignment requirements
   256 were allocated.  If this isn't OK, consider padding
   your structure to a power-of-two bytes.
   On this platform, our allocation granularity is 4096 bytes.
40	 15	 15	 1	 0.000137	 -1	 0.000000	 9.852684
41	 15	 15	 1	 0.000194	 -1	 0.000000	 7.456621
42	 15	 15	 1	 0.000131	 -1	 0.000000	 10.106500
43	 15	 15	 1	 0.000207	 -1	 0.000000	 18.133785
44	 15	 15	 0	 324.612031	 -1	 0.000000	 4.536003
509	 15	 15	 0	 406.648093	 -1	 0.000000	 4.075484
45	 15	 15	 1	 0.000136	 -1	 0.000000	 13.328144
46	 15	 15	 1	 0.000134	 -1	 0.000000	 11.201457
47	 15	 15	 1	 0.000113	 -1	 0.000000	 12.741787
48	 15	 15	 1	 0.000216	 -1	 0.000000	 9.280715
49	 15	 15	 0	 155.509839	 -1	 0.000000	 6.897015
50	 15	 15	 1	 0.000144	 -1	 0.000000	 9.039506
51	 15	 15	 1	 0.070855	 -1	 0.000000	 7.780561
52	 15	 15	 1	 0.000163	 -1	 0.000000	 9.678850
53	 15	 15	 1	 0.000137	 -1	 0.000000	 9.781705
54	 15	 15	 1	 0.000143	 -1	 0.000000	 9.305462
55	 15	 15	 1	 0.000145	 -1	 0.000000	 11.623701
56	 15	 15	 1	 0.000210	 -1	 0.000000	 13.179942
57	 15	 15	 1	 0.000142	 -1	 0.000000	 8.510162
58	 15	 15	 1	 0.000096	 -1	 0.000000	 7.645486
59	 15	 15	 1	 0.000153	 -1	 0.000000	 14.127806
60	 15	 15	 1	 0.000151	 -1	 0.000000	 9.421220
61	 15	 15	 1	 0.000126	 -1	 0.000000	 13.153711
62	 15	 15	 1	 0.000915	 -1	 0.000000	 7.528036
63	 15	 15	 1	 0.000128	 -1	 0.000000	 10.008700
64	 15	 15	 1	 0.000168	 -1	 0.000000	 9.482878
65	 15	 15	 1	 0.000150	 -1	 0.000000	 9.929134
66	 15	 15	 1	 0.000148	 -1	 0.000000	 9.331255
67	 15	 15	 1	 0.000130	 -1	 0.000000	 8.727908
68	 15	 15	 1	 0.000120	 -1	 0.000000	 8.787403
69	 15	 15	 1	 0.000141	 -1	 0.000000	 10.051388
70	 15	 15	 1	 0.000145	 -1	 0.000000	 10.118945
71	 15	 15	 1	 0.000171	 -1	 0.000000	 14.011905
72	 15	 15	 1	 0.000145	 -1	 0.000000	 7.774624
73	 15	 15	 1	 0.000145	 -1	 0.000000	 9.884064
74	 15	 15	 1	 0.000178	 -1	 0.000000	 8.351817
75	 15	 15	 1	 0.000146	 -1	 0.000000	 16.168640
76	 15	 15	 1	 0.000115	 -1	 0.000000	 9.473084
77	 15	 15	 0	 161.218154	 -1	 0.000000	 6.670495
78	 15	 15	 1	 0.000194	 -1	 0.000000	 11.786800
79	 15	 15	 1	 0.000254	 -1	 0.000000	 7.427873
80	 15	 15	 1	 42.210262	 -1	 0.000000	 6.320592
81	 15	 15	 1	 0.000129	 -1	 0.000000	 10.063253
82	 15	 15	 1	 0.000142	 -1	 0.000000	 14.375934
83	 15	 15	 1	 0.000165	 -1	 0.000000	 9.986448
84	 15	 15	 1	 0.000198	 -1	 0.000000	 10.959013
85	 15	 15	 1	 0.000123	 -1	 0.000000	 15.033026
86	 15	 15	 1	 0.000154	 -1	 0.000000	 10.632683
87	 15	 15	 1	 0.000130	 -1	 0.000000	 8.644650
1026	 13	 13	 0	 384.594414	 -1	 0.000000	 5.070739
88	 15	 15	 1	 0.000127	 -1	 0.000000	 8.370416
89	 15	 15	 1	 0.000214	 -1	 0.000000	 8.819770
90	 15	 15	 1	 13.864065	 -1	 0.000000	 8.009446
91	 15	 15	 1	 0.000158	 -1	 0.000000	 22.424932
92	 15	 15	 1	 0.000138	 -1	 0.000000	 9.117806
93	 15	 15	 0	 96.825599	 -1	 0.000000	 6.807670
94	 15	 15	 1	 0.000130	 -1	 0.000000	 11.134130
95	 15	 15	 1	 0.000177	 -1	 0.000000	 8.583738
96	 15	 15	 1	 0.000044	 -1	 0.000000	 10.703167
97	 15	 15	 1	 0.000157	 -1	 0.000000	 15.243989
98	 15	 15	 1	 0.000074	 -1	 0.000000	 9.190000
99	 15	 15	 0	 394.846038	 -1	 0.000000	 4.587631
100	 15	 15	 1	 0.000118	 -1	 0.000000	 18.512909
3509	 7	 7	 0	 411.964875	 -1	 0.000000	 8.996548
101	 15	 15	 1	 0.000074	 -1	 0.000000	 10.543793
102	 15	 15	 1	 0.000113	 -1	 0.000000	 15.071732
103	 15	 15	 1	 0.000107	 -1	 0.000000	 12.073120
104	 15	 15	 1	 0.000160	 -1	 0.000000	 20.093563
105	 15	 15	 1	 0.000144	 -1	 0.000000	 8.502963
106	 15	 15	 1	 0.000139	 -1	 0.000000	 8.168705
107	 15	 15	 0	 155.769927	 -1	 0.000000	 6.340286
108	 15	 15	 1	 0.000146	 -1	 0.000000	 8.526721
109	 15	 15	 1	 0.000132	 -1	 0.000000	 9.970907
110	 15	 15	 1	 0.000122	 -1	 0.000000	 14.503589
111	 15	 15	 1	 0.000153	 -1	 0.000000	 10.043900
112	 15	 15	 0	 202.426416	 -1	 0.000000	 5.739110
113	 15	 15	 0	 291.271113	 -1	 0.000000	 4.532195
114	 15	 15	 1	 0.000164	 -1	 0.000000	 8.925622
115	 15	 15	 1	 0.000097	 -1	 0.000000	 9.727699
116	 15	 15	 1	 0.000146	 -1	 0.000000	 9.768686
117	 15	 15	 1	 0.000099	 -1	 0.000000	 8.800699
118	 15	 15	 1	 35.482710	 -1	 0.000000	 8.311951
119	 15	 15	 1	 0.000179	 -1	 0.000000	 12.696982
120	 15	 15	 1	 0.000129	 -1	 0.000000	 14.199565
121	 15	 15	 1	 0.000140	 -1	 0.000000	 11.482677
122	 15	 15	 1	 0.000154	 -1	 0.000000	 12.827417
123	 15	 15	 1	 0.000135	 -1	 0.000000	 12.575265
124	 15	 15	 1	 0.000147	 -1	 0.000000	 8.815345
125	 15	 15	 1	 0.000124	 -1	 0.000000	 9.169349
126	 15	 15	 1	 0.000144	 -1	 0.000000	 11.980762
127	 15	 15	 1	 0.000130	 -1	 0.000000	 13.850677
>>> gr_fir_ccf: using E
>>> gr_fir_fff: using E
gr_buffer::allocate_buffer: warning: tried to allocate
   25 items of size 2544. Due to alignment requirements
   256 were allocated.  If this isn't OK, consider padding
   your structure to a power-of-two bytes.
   On this platform, our allocation granularity is 4096 bytes.
40	 15	 15	 1	 0.000168	 -1	 0.000000	 11.043352
41	 15	 15	 1	 0.000095	 -1	 0.000000	 16.708590
42	 15	 15	 1	 0.000216	 -1	 0.000000	 9.062956
43	 15	 15	 1	 0.000116	 -1	 0.000000	 15.376527
45	 15	 15	 1	 0.000135	 -1	 0.000000	 12.322156
46	 15	 15	 1	 0.000136	 -1	 0.000000	 10.489623
47	 15	 15	 1	 0.000149	 -1	 0.000000	 8.286331
48	 15	 15	 1	 0.000162	 -1	 0.000000	 9.494879
49	 15	 15	 1	 0.000172	 -1	 0.000000	 10.654364
50	 15	 15	 1	 0.000104	 -1	 0.000000	 11.029847
51	 15	 15	 1	 0.000131	 -1	 0.000000	 10.369511
52	 15	 15	 1	 0.000209	 -1	 0.000000	 10.654895
53	 15	 15	 1	 0.000128	 -1	 0.000000	 9.830212
54	 15	 15	 1	 0.000167	 -1	 0.000000	 12.353809
55	 15	 15	 1	 0.000119	 -1	 0.000000	 9.433002
56	 15	 15	 1	 0.000154	 -1	 0.000000	 10.736529
58	 15	 15	 1	 0.000145	 -1	 0.000000	 10.116861
59	 15	 15	 1	 0.000173	 -1	 0.000000	 8.875418
60	 15	 15	 1	 24.852316	 -1	 0.000000	 6.749961
61	 15	 15	 1	 0.000082	 -1	 0.000000	 9.313089
62	 15	 15	 1	 0.000146	 -1	 0.000000	 17.463079
63	 15	 15	 0	 134.237361	 -1	 0.000000	 6.290696
64	 15	 15	 1	 0.000135	 -1	 0.000000	 12.658551
65	 15	 15	 1	 2.893479	 -1	 0.000000	 6.029876
66	 15	 15	 1	 0.000124	 -1	 0.000000	 11.762209
67	 15	 15	 1	 0.000047	 -1	 0.000000	 10.405494
68	 15	 15	 1	 105.013933	 -1	 0.000000	 7.527351
69	 15	 15	 1	 0.000099	 -1	 0.000000	 8.810916
70	 15	 15	 1	 0.000182	 -1	 0.000000	 9.485597
71	 15	 15	 1	 0.000181	 -1	 0.000000	 9.603970
72	 15	 15	 0	 122.496831	 -1	 0.000000	 6.251757
73	 15	 15	 1	 0.000167	 -1	 0.000000	 14.032516
74	 15	 15	 1	 0.000126	 -1	 0.000000	 11.646552
75	 15	 15	 1	 0.014449	 -1	 0.000000	 6.650036
76	 15	 15	 1	 0.000161	 -1	 0.000000	 9.869437
77	 15	 15	 1	 0.000074	 -1	 0.000000	 7.933210
78	 15	 15	 1	 25.996722	 -1	 0.000000	 5.625925
79	 15	 15	 1	 0.000157	 -1	 0.000000	 9.794169
80	 15	 15	 1	 0.000062	 -1	 0.000000	 10.014917
81	 15	 15	 1	 0.000120	 -1	 0.000000	 14.963478
82	 15	 15	 1	 0.000160	 -1	 0.000000	 15.488758
83	 15	 15	 1	 0.000141	 -1	 0.000000	 8.527770
84	 15	 15	 1	 0.000158	 -1	 0.000000	 8.305874
86	 15	 15	 1	 0.000165	 -1	 0.000000	 7.741734
87	 15	 15	 1	 0.000118	 -1	 0.000000	 11.735354
88	 15	 15	 1	 0.000142	 -1	 0.000000	 9.183817
89	 15	 15	 1	 0.000178	 -1	 0.000000	 9.328145
90	 15	 15	 1	 0.000066	 -1	 0.000000	 7.906277
91	 15	 15	 1	 0.000145	 -1	 0.000000	 12.699972
92	 15	 15	 0	 288.372432	 -1	 0.000000	 5.233425
2490	 5	 5	 0	 413.076535	 -1	 0.000000	 2.691291
93	 15	 15	 1	 0.000132	 -1	 0.000000	 10.833375
94	 15	 15	 1	 0.000126	 -1	 0.000000	 8.348064
95	 15	 15	 0	 146.549284	 -1	 0.000000	 6.169699
96	 15	 15	 1	 0.000150	 -1	 0.000000	 8.460088
97	 15	 15	 1	 0.000154	 -1	 0.000000	 13.753029
98	 15	 15	 1	 0.000122	 -1	 0.000000	 10.347355
99	 15	 15	 0	 115.257714	 -1	 0.000000	 5.934534
100	 15	 15	 0	 203.354784	 -1	 0.000000	 6.237179
101	 15	 15	 1	 0.000127	 -1	 0.000000	 14.257114
274	 7	 7	 0	 398.545865	 -1	 0.000000	 7.279680
102	 15	 15	 1	 0.000117	 -1	 0.000000	 12.773133
103	 15	 15	 1	 0.000122	 -1	 0.000000	 10.600469
104	 15	 15	 1	 0.000175	 -1	 0.000000	 11.525907
105	 15	 15	 1	 0.000095	 -1	 0.000000	 12.536205
106	 15	 15	 1	 0.000128	 -1	 0.000000	 8.025205
107	 15	 15	 1	 0.000354	 -1	 0.000000	 8.554557
108	 15	 15	 1	 0.000161	 -1	 0.000000	 8.480986
109	 15	 15	 1	 0.000168	 -1	 0.000000	 18.046967
110	 15	 15	 0	 238.919199	 -1	 0.000000	 5.373559
111	 15	 15	 1	 0.000136	 -1	 0.000000	 8.177603
112	 15	 15	 1	 0.000106	 -1	 0.000000	 15.079610
113	 15	 15	 1	 0.000141	 -1	 0.000000	 11.600688
114	 15	 15	 1	 0.000122	 -1	 0.000000	 9.068349
115	 15	 15	 1	 0.000122	 -1	 0.000000	 10.153435
116	 15	 15	 1	 0.000123	 -1	 0.000000	 10.382757
117	 15	 15	 1	 0.000108	 -1	 0.000000	 11.978819
118	 15	 15	 1	 0.000128	 -1	 0.000000	 10.028526
119	 15	 15	 1	 0.000143	 -1	 0.000000	 9.438261
120	 15	 15	 1	 0.000215	 -1	 0.000000	 9.723240
121	 15	 15	 1	 0.074707	 -1	 0.000000	 7.069688
122	 15	 15	 1	 0.000152	 -1	 0.000000	 9.870945
123	 15	 15	 1	 0.000128	 -1	 0.000000	 11.175580
124	 15	 15	 1	 0.000161	 -1	 0.000000	 10.936244
125	 15	 15	 1	 0.000191	 -1	 0.000000	 11.589539
126	 15	 15	 1	 0.000117	 -1	 0.000000	 9.007861
127	 15	 15	 1	 0.047962	 -1	 0.000000	 6.849132
128	 15	 15	 1	 0.000186	 -1	 0.000000	 9.329304
129	 15	 15	 1	 0.000181	 -1	 0.000000	 9.257331
130	 15	 15	 1	 0.000234	 -1	 0.000000	 10.204988
131	 15	 15	 1	 0.000117	 -1	 0.000000	 10.323753
132	 15	 15	 0	 221.169131	 -1	 0.000000	 6.906855
133	 15	 15	 1	 0.000179	 -1	 0.000000	 9.411649
134	 15	 15	 1	 0.000123	 -1	 0.000000	 8.133679
135	 15	 15	 1	 0.000161	 -1	 0.000000	 12.758003
136	 15	 15	 0	 122.925886	 -1	 0.000000	 6.271163
137	 15	 15	 1	 0.000187	 -1	 0.000000	 20.654879
138	 15	 15	 1	 0.000125	 -1	 0.000000	 15.593906
139	 15	 15	 1	 0.000175	 -1	 0.000000	 13.770622
140	 15	 15	 1	 0.000139	 -1	 0.000000	 11.420534
141	 15	 15	 1	 0.000166	 -1	 0.000000	 13.415812
142	 15	 15	 1	 0.000145	 -1	 0.000000	 9.634641
143	 15	 15	 0	 128.806130	 -1	 0.000000	 6.105032
144	 15	 15	 1	 0.000219	 -1	 0.000000	 15.460180
145	 15	 15	 1	 0.059694	 -1	 0.000000	 7.983168
146	 15	 15	 1	 0.000166	 -1	 0.000000	 14.435334
148	 15	 15	 1	 0.000169	 -1	 0.000000	 12.017583
149	 15	 15	 1	 0.000146	 -1	 0.000000	 14.457887
150	 15	 15	 1	 0.000100	 -1	 0.000000	 9.049243
151	 15	 15	 1	 0.000152	 -1	 0.000000	 9.654137
152	 15	 15	 1	 0.000122	 -1	 0.000000	 12.500785
153	 15	 15	 1	 0.000148	 -1	 0.000000	 11.284103
154	 15	 15	 1	 0.000163	 -1	 0.000000	 11.397964
156	 15	 15	 1	 0.000161	 -1	 0.000000	 13.080027
157	 15	 15	 1	 0.000143	 -1	 0.000000	 9.345267
158	 15	 15	 1	 0.000144	 -1	 0.000000	 13.966969
159	 15	 15	 1	 0.000211	 -1	 0.000000	 13.142277
160	 15	 15	 1	 0.000117	 -1	 0.000000	 9.065307
161	 15	 15	 0	 140.146118	 -1	 0.000000	 5.608540
162	 15	 15	 1	 0.000117	 -1	 0.000000	 17.538258
163	 15	 15	 1	 0.000114	 -1	 0.000000	 8.668279
164	 15	 15	 0	 178.797639	 -1	 0.000000	 5.571172
165	 15	 15	 1	 0.000114	 -1	 0.000000	 9.759409
166	 15	 15	 1	 0.000266	 -1	 0.000000	 8.406984
167	 15	 15	 1	 0.000131	 -1	 0.000000	 23.949261
168	 15	 15	 1	 0.000187	 -1	 0.000000	 10.476647
169	 15	 15	 1	 0.000188	 -1	 0.000000	 8.951491
170	 15	 15	 1	 0.000118	 -1	 0.000000	 15.529875
171	 15	 15	 0	 166.084782	 -1	 0.000000	 6.336035
172	 15	 15	 1	 0.000165	 -1	 0.000000	 11.949327
173	 15	 15	 1	 0.000171	 -1	 0.000000	 10.077579
174	 15	 15	 1	 0.000145	 -1	 0.000000	 8.300228
175	 15	 15	 1	 0.000204	 -1	 0.000000	 10.586817
176	 15	 15	 1	 0.000117	 -1	 0.000000	 13.079350
177	 15	 15	 1	 0.000196	 -1	 0.000000	 10.930400
178	 15	 15	 1	 10.693885	 -1	 0.000000	 6.482572
179	 15	 15	 1	 0.000110	 -1	 0.000000	 12.955195
180	 15	 15	 1	 0.000159	 -1	 0.000000	 9.205751
181	 15	 15	 1	 0.000146	 -1	 0.000000	 9.566155
182	 15	 15	 1	 0.000156	 -1	 0.000000	 11.947087
183	 15	 15	 1	 0.000170	 -1	 0.000000	 9.566735
184	 15	 15	 1	 0.000136	 -1	 0.000000	 7.923931
185	 15	 15	 1	 0.000202	 -1	 0.000000	 8.967890
186	 15	 15	 1	 0.000142	 -1	 0.000000	 10.102254
187	 15	 15	 1	 0.000126	 -1	 0.000000	 9.047066
188	 15	 15	 0	 140.597018	 -1	 0.000000	 6.905803
189	 15	 15	 1	 0.000176	 -1	 0.000000	 7.479558
190	 15	 15	 1	 0.000181	 -1	 0.000000	 12.257856
191	 15	 15	 1	 0.000131	 -1	 0.000000	 11.578207
192	 15	 15	 1	 0.000105	 -1	 0.000000	 8.226349
193	 15	 15	 1	 6.609559	 -1	 0.000000	 5.751362
194	 15	 15	 1	 0.000168	 -1	 0.000000	 6.269285
195	 15	 15	 1	 0.000126	 -1	 0.000000	 10.336387
196	 15	 15	 1	 0.000137	 -1	 0.000000	 9.137760
197	 15	 15	 1	 0.000113	 -1	 0.000000	 8.186786
199	 15	 15	 1	 0.000117	 -1	 0.000000	 10.089983
200	 15	 15	 0	 181.314477	 -1	 0.000000	 6.067450
201	 15	 15	 1	 0.000170	 -1	 0.000000	 8.834759
202	 15	 15	 1	 0.000132	 -1	 0.000000	 9.933340
>>> gr_fir_ccf: using E
>>> gr_fir_fff: using E
gr_buffer::allocate_buffer: warning: tried to allocate
   25 items of size 2544. Due to alignment requirements
   256 were allocated.  If this isn't OK, consider padding
   your structure to a power-of-two bytes.
   On this platform, our allocation granularity is 4096 bytes.
40	 5	 5	 1	 0.006034	 -1	 0.000000	 17.906342
41	 5	 5	 1	 0.006173	 -1	 0.000000	 11.894308
42	 5	 5	 1	 0.003730	 -1	 0.000000	 9.588603
43	 5	 5	 0	 272.413900	 -1	 0.000000	 6.753909
45	 5	 5	 1	 0.016718	 -1	 0.000000	 7.400048
46	 5	 5	 1	 0.003263	 -1	 0.000000	 10.152672
47	 5	 5	 1	 0.003847	 -1	 0.000000	 9.218951
48	 5	 5	 0	 331.584805	 -1	 0.000000	 7.343063
49	 5	 5	 1	 0.004930	 -1	 0.000000	 9.445372
50	 5	 5	 1	 0.006656	 -1	 0.000000	 10.965922
51	 5	 5	 1	 0.003400	 -1	 0.000000	 13.808526
52	 5	 5	 1	 0.004449	 -1	 0.000000	 11.370852
53	 5	 5	 1	 0.004426	 -1	 0.000000	 10.442901
54	 5	 5	 1	 0.004479	 -1	 0.000000	 13.842879
55	 5	 5	 1	 0.011714	 -1	 0.000000	 19.347521
56	 5	 5	 0	 378.043744	 -1	 0.000000	 7.106328
57	 5	 5	 1	 38.755912	 -1	 0.000000	 8.048438
59	 5	 5	 1	 36.613701	 -1	 0.000000	 6.661118
60	 5	 5	 1	 0.005252	 -1	 0.000000	 13.237058
61	 5	 5	 1	 0.003160	 -1	 0.000000	 8.923716
62	 5	 5	 1	 0.004248	 -1	 0.000000	 19.359474
63	 5	 5	 1	 0.003884	 -1	 0.000000	 9.988755
64	 5	 5	 1	 0.006792	 -1	 0.000000	 7.645207
65	 5	 5	 1	 0.004000	 -1	 0.000000	 9.738239
66	 5	 5	 0	 353.554711	 -1	 0.000000	 6.238833
67	 5	 5	 1	 0.003808	 -1	 0.000000	 8.965240
68	 5	 5	 1	 0.004691	 -1	 0.000000	 8.832636
69	 5	 5	 1	 0.007137	 -1	 0.000000	 9.659097
70	 5	 5	 0	 368.027716	 -1	 0.000000	 5.984175
71	 5	 5	 0	 296.796974	 -1	 0.000000	 6.192631
72	 5	 5	 1	 0.005474	 -1	 0.000000	 9.983133
73	 5	 5	 1	 0.005043	 -1	 0.000000	 14.472936
74	 5	 5	 1	 0.025431	 -1	 0.000000	 8.510638
75	 5	 5	 1	 0.005397	 -1	 0.000000	 11.831118
76	 5	 5	 1	 0.005400	 -1	 0.000000	 9.962302
77	 5	 5	 0	 304.598252	 -1	 0.000000	 6.771330
78	 5	 5	 1	 0.004876	 -1	 0.000000	 17.074268
80	 5	 5	 1	 0.004284	 -1	 0.000000	 11.848187
81	 5	 5	 1	 0.003402	 -1	 0.000000	 16.466787
82	 5	 5	 1	 0.020282	 -1	 0.000000	 24.830519
83	 5	 5	 1	 0.003680	 -1	 0.000000	 11.914116
84	 5	 5	 0	 326.910461	 -1	 0.000000	 6.074117
85	 5	 5	 1	 0.003622	 -1	 0.000000	 10.924969
86	 5	 5	 1	 0.003101	 -1	 0.000000	 12.700374
87	 5	 5	 1	 0.004468	 -1	 0.000000	 11.783856
88	 5	 5	 1	 0.003238	 -1	 0.000000	 9.864410
89	 5	 5	 1	 0.008342	 -1	 0.000000	 6.874379
90	 5	 5	 1	 0.005503	 -1	 0.000000	 8.753960
91	 5	 5	 1	 0.004788	 -1	 0.000000	 11.788880
92	 5	 5	 0	 359.138698	 -1	 0.000000	 4.731017
93	 5	 5	 1	 0.012404	 -1	 0.000000	 8.686635
94	 5	 5	 1	 0.005563	 -1	 0.000000	 11.279075
95	 5	 5	 1	 0.003127	 -1	 0.000000	 7.655124
96	 5	 5	 1	 0.003053	 -1	 0.000000	 7.978992
97	 5	 5	 1	 0.008107	 -1	 0.000000	 10.194962
98	 5	 5	 1	 0.004965	 -1	 0.000000	 10.225415
99	 5	 5	 1	 0.007204	 -1	 0.000000	 9.919042
100	 5	 5	 1	 0.003793	 -1	 0.000000	 11.357431
101	 5	 5	 0	 251.841408	 -1	 0.000000	 5.940467
102	 5	 5	 1	 0.003747	 -1	 0.000000	 8.285172
103	 5	 5	 1	 0.004740	 -1	 0.000000	 9.537127
104	 5	 5	 1	 0.004039	 -1	 0.000000	 9.943000
105	 5	 5	 1	 0.003047	 -1	 0.000000	 10.363406
106	 5	 5	 0	 292.153860	 -1	 0.000000	 6.153831
107	 5	 5	 1	 0.004799	 -1	 0.000000	 8.455261
109	 5	 5	 1	 0.005837	 -1	 0.000000	 9.147986
110	 5	 5	 0	 368.228864	 -1	 0.000000	 6.269912
112	 5	 5	 0	 351.056488	 -1	 0.000000	 4.924138
113	 5	 5	 1	 0.011674	 -1	 0.000000	 12.444018
114	 5	 5	 1	 20.007164	 -1	 0.000000	 7.328940
116	 5	 5	 0	 298.085123	 -1	 0.000000	 7.067326
117	 5	 5	 1	 0.004067	 -1	 0.000000	 11.178873
118	 5	 5	 0	 407.376622	 -1	 0.000000	 6.202873
119	 5	 5	 1	 0.007320	 -1	 0.000000	 17.384628
120	 5	 5	 1	 0.004903	 -1	 0.000000	 10.158456
121	 5	 5	 1	 0.005177	 -1	 0.000000	 9.694829
122	 5	 5	 1	 0.004758	 -1	 0.000000	 8.525498
125	 5	 5	 0	 395.547062	 -1	 0.000000	 4.965446
126	 5	 5	 1	 0.004834	 -1	 0.000000	 10.683057
127	 5	 5	 0	 392.772114	 -1	 0.000000	 5.310779
3236	 5	 5	 0	 430.211476	 -1	 0.000000	 6.238631
128	 5	 5	 1	 0.005290	 -1	 0.000000	 11.833699
129	 5	 5	 1	 0.005357	 -1	 0.000000	 8.515317
130	 5	 5	 1	 0.003873	 -1	 0.000000	 10.099879
131	 5	 5	 1	 0.005822	 -1	 0.000000	 10.693309
133	 5	 5	 1	 0.009259	 -1	 0.000000	 9.505525
134	 5	 5	 0	 307.286720	 -1	 0.000000	 6.963954
135	 5	 5	 1	 0.005155	 -1	 0.000000	 8.577598
136	 5	 5	 1	 0.009792	 -1	 0.000000	 7.455124
137	 5	 5	 1	 0.004083	 -1	 0.000000	 7.609410
138	 5	 5	 1	 0.008101	 -1	 0.000000	 10.053895
139	 5	 5	 1	 0.004916	 -1	 0.000000	 13.601763
140	 5	 5	 0	 389.019248	 -1	 0.000000	 5.839113
141	 5	 5	 1	 0.003557	 -1	 0.000000	 9.347290
142	 5	 5	 1	 0.005427	 -1	 0.000000	 15.754364
143	 5	 5	 1	 62.197759	 -1	 0.000000	 6.544522
144	 5	 5	 0	 315.164005	 -1	 0.000000	 6.797229
145	 5	 5	 1	 3.654629	 -1	 0.000000	 8.165132
146	 5	 5	 1	 0.006320	 -1	 0.000000	 9.055754
147	 5	 5	 1	 0.002472	 -1	 0.000000	 11.937196
148	 5	 5	 1	 0.005426	 -1	 0.000000	 8.279239
149	 5	 5	 1	 0.004686	 -1	 0.000000	 8.085177
150	 5	 5	 1	 0.003140	 -1	 0.000000	 8.588804
151	 5	 5	 1	 0.794851	 -1	 0.000000	 6.613855
152	 5	 5	 1	 0.003437	 -1	 0.000000	 15.146545
2489	 9	 9	 0	 451.554839	 -1	 0.000000	 11.670735
153	 5	 5	 0	 337.484488	 -1	 0.000000	 6.627666
154	 5	 5	 1	 0.004889	 -1	 0.000000	 11.021482
155	 5	 5	 1	 0.007691	 -1	 0.000000	 7.467718
156	 5	 5	 0	 227.502882	 -1	 0.000000	 6.252756
157	 5	 5	 1	 0.005393	 -1	 0.000000	 8.577226
158	 5	 5	 1	 0.006501	 -1	 0.000000	 10.046807
201	 5	 5	 0	 415.826606	 -1	 0.000000	 10.284074
159	 5	 5	 1	 0.004574	 -1	 0.000000	 18.190180
160	 5	 5	 1	 0.012089	 -1	 0.000000	 12.027622
161	 5	 5	 1	 0.003753	 -1	 0.000000	 10.782829
162	 5	 5	 1	 0.003017	 -1	 0.000000	 12.730218
163	 5	 5	 1	 0.005844	 -1	 0.000000	 9.216645
164	 5	 5	 1	 0.003420	 -1	 0.000000	 12.010074
165	 5	 5	 1	 0.005298	 -1	 0.000000	 11.867675
166	 5	 5	 1	 0.004978	 -1	 0.000000	 12.802011
167	 5	 5	 1	 0.003031	 -1	 0.000000	 14.646960
168	 5	 5	 0	 421.107575	 -1	 0.000000	 5.725869
169	 5	 5	 1	 0.008405	 -1	 0.000000	 8.213137
170	 5	 5	 1	 0.007621	 -1	 0.000000	 9.736111
171	 5	 5	 1	 0.003858	 -1	 0.000000	 7.906209
172	 5	 5	 0	 313.375336	 -1	 0.000000	 7.314824
173	 5	 5	 1	 0.003893	 -1	 0.000000	 10.609015
174	 5	 5	 1	 0.004208	 -1	 0.000000	 12.911603
175	 5	 5	 1	 0.003932	 -1	 0.000000	 14.644134
176	 5	 5	 1	 0.004732	 -1	 0.000000	 11.657394
177	 5	 5	 0	 376.456002	 -1	 0.000000	 6.166553
178	 5	 5	 1	 0.004737	 -1	 0.000000	 10.963585
179	 5	 5	 1	 0.004045	 -1	 0.000000	 8.644128
180	 5	 5	 1	 0.005525	 -1	 0.000000	 10.682742
181	 5	 5	 1	 0.004082	 -1	 0.000000	 10.159220
183	 5	 5	 0	 351.808648	 -1	 0.000000	 7.548235
184	 5	 5	 1	 0.003309	 -1	 0.000000	 7.739208
185	 5	 5	 1	 0.005122	 -1	 0.000000	 9.812319
186	 5	 5	 1	 0.007959	 -1	 0.000000	 7.936983
187	 5	 5	 1	 0.019448	 -1	 0.000000	 7.313612
188	 5	 5	 0	 351.037146	 -1	 0.000000	 7.493244
189	 5	 5	 1	 0.003446	 -1	 0.000000	 9.972131
190	 5	 5	 1	 0.010224	 -1	 0.000000	 9.006615
191	 5	 5	 1	 0.003353	 -1	 0.000000	 11.449991
192	 5	 5	 0	 352.932715	 -1	 0.000000	 7.010173
193	 5	 5	 1	 0.004062	 -1	 0.000000	 9.773104
194	 5	 5	 1	 0.004524	 -1	 0.000000	 8.069287
195	 5	 5	 1	 0.005605	 -1	 0.000000	 9.588800
196	 5	 5	 1	 0.004340	 -1	 0.000000	 7.585443
197	 5	 5	 1	 1.447362	 -1	 0.000000	 6.280856
198	 5	 5	 1	 0.005587	 -1	 0.000000	 9.729722
199	 5	 5	 1	 0.003595	 -1	 0.000000	 10.002728
200	 5	 5	 1	 0.003333	 -1	 0.000000	 8.764616
201	 5	 5	 0	 389.216473	 -1	 0.000000	 5.296368
202	 5	 5	 1	 0.004463	 -1	 0.000000	 11.189376
203	 5	 5	 1	 0.005957	 -1	 0.000000	 7.275182
204	 5	 5	 1	 0.003519	 -1	 0.000000	 11.292509
205	 5	 5	 1	 0.003363	 -1	 0.000000	 11.736724
206	 5	 5	 1	 0.007646	 -1	 0.000000	 8.348107
207	 5	 5	 1	 0.005321	 -1	 0.000000	 12.064648
208	 5	 5	 1	 0.003369	 -1	 0.000000	 8.122220
209	 5	 5	 1	 0.003933	 -1	 0.000000	 14.872054
210	 5	 5	 1	 0.004057	 -1	 0.000000	 10.065079
211	 5	 5	 0	 403.163691	 -1	 0.000000	 5.505499
212	 5	 5	 0	 320.422980	 -1	 0.000000	 5.698455
213	 5	 5	 1	 0.008450	 -1	 0.000000	 10.218719
214	 5	 5	 1	 0.005776	 -1	 0.000000	 12.601645
215	 5	 5	 1	 0.004095	 -1	 0.000000	 16.512070
216	 5	 5	 1	 0.008194	 -1	 0.000000	 10.915277
217	 5	 5	 1	 0.009665	 -1	 0.000000	 11.634956
218	 5	 5	 1	 0.003358	 -1	 0.000000	 12.106569
219	 5	 5	 1	 0.009919	 -1	 0.000000	 8.595323
220	 5	 5	 1	 0.003831	 -1	 0.000000	 10.422482
221	 5	 5	 1	 0.004020	 -1	 0.000000	 9.936245
222	 5	 5	 1	 0.007281	 -1	 0.000000	 10.605400
223	 5	 5	 1	 49.536277	 -1	 0.000000	 7.914690
>>> gr_fir_ccf: using E
>>> gr_fir_fff: using E
gr_buffer::allocate_buffer: warning: tried to allocate
   25 items of size 2544. Due to alignment requirements
   256 were allocated.  If this isn't OK, consider padding
   your structure to a power-of-two bytes.
   On this platform, our allocation granularity is 4096 bytes.
40	 5	 5	 1	 0.004137	 -1	 0.000000	 14.262718
41	 5	 5	 0	 374.389918	 -1	 0.000000	 5.558669
42	 5	 5	 1	 0.004235	 -1	 0.000000	 12.299856
43	 5	 5	 1	 0.003120	 -1	 0.000000	 8.117732
44	 5	 5	 1	 0.003922	 -1	 0.000000	 11.137591
45	 5	 5	 1	 0.020000	 -1	 0.000000	 9.476244
46	 5	 5	 0	 368.000203	 -1	 0.000000	 5.923881
48	 5	 5	 1	 0.005394	 -1	 0.000000	 11.468858
49	 5	 5	 1	 0.003207	 -1	 0.000000	 8.086181
50	 5	 5	 1	 0.004931	 -1	 0.000000	 9.582297
51	 5	 5	 1	 0.004614	 -1	 0.000000	 10.570110
52	 5	 5	 1	 0.014399	 -1	 0.000000	 9.765650
53	 5	 5	 1	 4.265340	 -1	 0.000000	 6.953078
54	 5	 5	 1	 0.005195	 -1	 0.000000	 8.522831
55	 5	 5	 0	 395.230637	 -1	 0.000000	 4.603425
56	 5	 5	 1	 0.006810	 -1	 0.000000	 8.196773
57	 5	 5	 0	 386.244259	 -1	 0.000000	 5.600319
58	 5	 5	 1	 0.003468	 -1	 0.000000	 13.479717
59	 5	 5	 1	 0.004829	 -1	 0.000000	 8.581786
60	 5	 5	 1	 0.004245	 -1	 0.000000	 13.856550
61	 5	 5	 1	 0.005409	 -1	 0.000000	 8.455769
62	 5	 5	 1	 0.006363	 -1	 0.000000	 9.409332
63	 5	 5	 1	 0.004713	 -1	 0.000000	 8.599593
64	 5	 5	 1	 0.003902	 -1	 0.000000	 18.828661
65	 5	 5	 1	 0.009051	 -1	 0.000000	 8.994364
66	 5	 5	 1	 0.007859	 -1	 0.000000	 7.298551
67	 5	 5	 1	 0.003339	 -1	 0.000000	 11.559923
68	 5	 5	 1	 7.650000	 -1	 0.000000	 6.901231
69	 5	 5	 1	 0.007020	 -1	 0.000000	 8.700945
70	 5	 5	 1	 0.004529	 -1	 0.000000	 10.893865
71	 5	 5	 1	 0.005343	 -1	 0.000000	 8.561243
72	 5	 5	 1	 0.004629	 -1	 0.000000	 11.066051
73	 5	 5	 1	 115.018912	 -1	 0.000000	 7.546978
74	 5	 5	 1	 145.358197	 -1	 0.000000	 7.333611
75	 5	 5	 1	 0.003668	 -1	 0.000000	 9.716144
77	 5	 5	 1	 0.008296	 -1	 0.000000	 9.557163
78	 5	 5	 1	 0.004839	 -1	 0.000000	 12.942773
80	 5	 5	 1	 0.003628	 -1	 0.000000	 8.867935
1041	 5	 5	 0	 415.898789	 -1	 0.000000	 4.862018
82	 5	 5	 1	 0.005217	 -1	 0.000000	 10.103033
83	 5	 5	 1	 0.003410	 -1	 0.000000	 11.561507
84	 5	 5	 1	 0.003949	 -1	 0.000000	 16.219616
85	 5	 5	 1	 0.003233	 -1	 0.000000	 9.389352
86	 5	 5	 0	 420.355719	 -1	 0.000000	 6.220828
87	 5	 5	 1	 0.003705	 -1	 0.000000	 12.923703
88	 5	 5	 1	 0.009672	 -1	 0.000000	 17.316813
89	 5	 5	 1	 0.005438	 -1	 0.000000	 9.515415
90	 5	 5	 1	 0.006095	 -1	 0.000000	 8.946308
91	 5	 5	 0	 273.931172	 -1	 0.000000	 5.582599
92	 5	 5	 1	 0.004592	 -1	 0.000000	 11.652534
93	 5	 5	 1	 0.010326	 -1	 0.000000	 7.782910
94	 5	 5	 1	 0.004825	 -1	 0.000000	 12.151357
95	 5	 5	 0	 334.174195	 -1	 0.000000	 7.506948
96	 5	 5	 1	 0.003997	 -1	 0.000000	 10.995434
97	 5	 5	 1	 0.005121	 -1	 0.000000	 9.218355
98	 5	 5	 1	 0.012543	 -1	 0.000000	 11.167204
99	 5	 5	 1	 0.005853	 -1	 0.000000	 11.429588
100	 5	 5	 1	 0.003373	 -1	 0.000000	 11.125129
101	 5	 5	 1	 0.003076	 -1	 0.000000	 11.002648
102	 5	 5	 1	 0.004233	 -1	 0.000000	 11.165578
103	 5	 5	 0	 357.654461	 -1	 0.000000	 5.837004
104	 5	 5	 1	 0.011541	 -1	 0.000000	 10.123538
105	 5	 5	 1	 0.008538	 -1	 0.000000	 7.449583
106	 5	 5	 1	 0.003817	 -1	 0.000000	 9.070124
107	 5	 5	 0	 350.071428	 -1	 0.000000	 6.841029
108	 5	 5	 1	 0.004696	 -1	 0.000000	 13.921447
109	 5	 5	 1	 0.004119	 -1	 0.000000	 9.574359
110	 5	 5	 1	 0.004406	 -1	 0.000000	 11.586314
111	 5	 5	 1	 1.436497	 -1	 0.000000	 7.990932
112	 5	 5	 1	 0.003393	 -1	 0.000000	 13.221080
113	 5	 5	 1	 0.005893	 -1	 0.000000	 13.201796
114	 5	 5	 0	 401.943008	 -1	 0.000000	 5.698081
115	 5	 5	 1	 0.006660	 -1	 0.000000	 11.874044
116	 5	 5	 1	 0.006899	 -1	 0.000000	 13.463635
117	 5	 5	 0	 379.227801	 -1	 0.000000	 5.276277
118	 5	 5	 1	 0.003831	 -1	 0.000000	 11.973741
119	 5	 5	 0	 350.080672	 -1	 0.000000	 6.764794
120	 5	 5	 0	 275.437649	 -1	 0.000000	 6.913321
121	 5	 5	 1	 0.004778	 -1	 0.000000	 9.014030
122	 5	 5	 1	 0.002987	 -1	 0.000000	 9.739294
123	 5	 5	 1	 0.005778	 -1	 0.000000	 10.621140
124	 5	 5	 0	 362.432036	 -1	 0.000000	 5.747781
125	 5	 5	 1	 0.003703	 -1	 0.000000	 8.076350
126	 5	 5	 1	 0.006023	 -1	 0.000000	 10.675525
127	 5	 5	 0	 312.899150	 -1	 0.000000	 5.818537
128	 5	 5	 1	 0.003000	 -1	 0.000000	 8.533320
129	 5	 5	 1	 0.004070	 -1	 0.000000	 11.244228
130	 5	 5	 1	 0.003701	 -1	 0.000000	 9.620395
131	 5	 5	 1	 0.003751	 -1	 0.000000	 7.973703
132	 5	 5	 1	 0.003880	 -1	 0.000000	 9.211167
133	 5	 5	 1	 0.007306	 -1	 0.000000	 9.235987
134	 5	 5	 1	 0.004653	 -1	 0.000000	 8.706467
135	 5	 5	 1	 0.009271	 -1	 0.000000	 11.985142
136	 5	 5	 1	 0.003779	 -1	 0.000000	 10.791147
137	 5	 5	 1	 0.004349	 -1	 0.000000	 8.957398
138	 5	 5	 1	 0.004827	 -1	 0.000000	 10.768489
139	 5	 5	 1	 0.003237	 -1	 0.000000	 10.592491
140	 5	 5	 1	 0.012405	 -1	 0.000000	 11.013754
141	 5	 5	 1	 0.011665	 -1	 0.000000	 11.824515
142	 5	 5	 1	 0.009205	 -1	 0.000000	 7.791037
143	 5	 5	 0	 379.049785	 -1	 0.000000	 4.926066
144	 5	 5	 1	 0.003394	 -1	 0.000000	 8.091386
145	 5	 5	 1	 0.007298	 -1	 0.000000	 11.613990
146	 5	 5	 1	 0.004252	 -1	 0.000000	 9.558009
147	 5	 5	 1	 0.007787	 -1	 0.000000	 7.658005
148	 5	 5	 1	 0.006416	 -1	 0.000000	 8.646944
149	 5	 5	 1	 0.003491	 -1	 0.000000	 10.228705
150	 5	 5	 1	 0.004075	 -1	 0.000000	 10.836271
151	 5	 5	 1	 0.004355	 -1	 0.000000	 11.672891
152	 5	 5	 1	 0.004688	 -1	 0.000000	 11.280986
153	 5	 5	 1	 0.003631	 -1	 0.000000	 11.947948
154	 5	 5	 1	 0.004490	 -1	 0.000000	 10.296187
155	 5	 5	 1	 0.016101	 -1	 0.000000	 15.051550
156	 5	 5	 1	 0.003113	 -1	 0.000000	 8.308790
157	 5	 5	 1	 0.007817	 -1	 0.000000	 10.619678
158	 5	 5	 1	 0.044519	 -1	 0.000000	 7.185022
159	 5	 5	 1	 0.004879	 -1	 0.000000	 11.698329
160	 5	 5	 1	 0.015961	 -1	 0.000000	 9.960346
161	 5	 5	 1	 0.003325	 -1	 0.000000	 12.714520
162	 5	 5	 1	 0.003753	 -1	 0.000000	 8.310672
163	 5	 5	 1	 0.003744	 -1	 0.000000	 11.033103
164	 5	 5	 1	 63.067202	 -1	 0.000000	 6.917062
165	 5	 5	 1	 0.003703	 -1	 0.000000	 9.408407
166	 5	 5	 1	 0.003739	 -1	 0.000000	 18.383141
167	 5	 5	 1	 0.005023	 -1	 0.000000	 8.714673
168	 5	 5	 1	 0.003242	 -1	 0.000000	 11.348458
169	 5	 5	 1	 0.004576	 -1	 0.000000	 11.297386
170	 5	 5	 1	 0.014510	 -1	 0.000000	 11.718998
171	 5	 5	 1	 0.002967	 -1	 0.000000	 11.090904
172	 5	 5	 1	 0.006028	 -1	 0.000000	 9.045815
173	 5	 5	 1	 0.003874	 -1	 0.000000	 13.017180
174	 5	 5	 1	 0.007476	 -1	 0.000000	 15.573604
175	 5	 5	 0	 319.485762	 -1	 0.000000	 6.063947
176	 5	 5	 1	 0.003811	 -1	 0.000000	 10.293317
177	 5	 5	 0	 394.893129	 -1	 0.000000	 6.115489
178	 5	 5	 1	 0.004446	 -1	 0.000000	 9.359921
180	 5	 5	 1	 0.007374	 -1	 0.000000	 9.348455
181	 5	 5	 1	 0.003173	 -1	 0.000000	 11.013372
182	 5	 5	 1	 0.008432	 -1	 0.000000	 10.760680
183	 5	 5	 1	 0.010055	 -1	 0.000000	 8.891176
184	 5	 5	 1	 0.004829	 -1	 0.000000	 9.838956
185	 5	 5	 1	 2.782676	 -1	 0.000000	 6.101125
186	 5	 5	 1	 0.004830	 -1	 0.000000	 12.210126
187	 5	 5	 1	 0.012956	 -1	 0.000000	 10.575541
188	 5	 5	 1	 0.004466	 -1	 0.000000	 9.181560
189	 5	 5	 0	 319.039135	 -1	 0.000000	 6.805589
190	 5	 5	 1	 0.006413	 -1	 0.000000	 8.619246
191	 5	 5	 1	 0.003993	 -1	 0.000000	 11.839010
193	 5	 5	 1	 0.003652	 -1	 0.000000	 11.230313
194	 5	 5	 1	 0.007512	 -1	 0.000000	 8.205526
196	 5	 5	 0	 322.394341	 -1	 0.000000	 6.634286
197	 5	 5	 0	 338.113166	 -1	 0.000000	 6.241995
198	 5	 5	 0	 309.448528	 -1	 0.000000	 5.995581
199	 5	 5	 1	 0.004729	 -1	 0.000000	 9.889554
200	 5	 5	 1	 0.003550	 -1	 0.000000	 9.475306
201	 5	 5	 1	 0.004717	 -1	 0.000000	 10.322557
202	 5	 5	 1	 46.987662	 -1	 0.000000	 8.116445
203	 5	 5	 1	 0.002698	 -1	 0.000000	 13.134827
204	 5	 5	 1	 0.005464	 -1	 0.000000	 8.137896
205	 5	 5	 1	 0.003479	 -1	 0.000000	 13.011168
206	 5	 5	 1	 0.005228	 -1	 0.000000	 9.756030
207	 5	 5	 1	 0.003709	 -1	 0.000000	 10.045717
208	 5	 5	 1	 0.005452	 -1	 0.000000	 10.120280
209	 5	 5	 1	 0.003657	 -1	 0.000000	 14.294800
211	 5	 5	 1	 0.004084	 -1	 0.000000	 12.036141
212	 5	 5	 1	 44.277248	 -1	 0.000000	 7.061943
213	 5	 5	 1	 0.009235	 -1	 0.000000	 8.017273
214	 5	 5	 1	 0.004911	 -1	 0.000000	 9.178276
215	 5	 5	 0	 380.719619	 -1	 0.000000	 4.709779
216	 5	 5	 0	 417.554923	 -1	 0.000000	 6.475990
217	 5	 5	 1	 0.004690	 -1	 0.000000	 11.039450
218	 5	 5	 1	 0.004066	 -1	 0.000000	 11.059655
219	 5	 5	 1	 0.004189	 -1	 0.000000	 11.767994
220	 5	 5	 0	 345.958080	 -1	 0.000000	 5.827803
260	 5	 5	 1	 0.005453	 -1	 0.000000	 7.971583
261	 5	 5	 1	 0.009699	 -1	 0.000000	 8.758021
262	 5	 5	 1	 0.008455	 -1	 0.000000	 7.647349
263	 5	 5	 1	 0.006109	 -1	 0.000000	 11.944087
264	 5	 5	 1	 0.016548	 -1	 0.000000	 13.048586
265	 5	 5	 1	 0.005235	 -1	 0.000000	 11.893535
266	 5	 5	 1	 0.005581	 -1	 0.000000	 10.278502
267	 5	 5	 1	 0.019082	 -1	 0.000000	 11.406601
268	 5	 5	 1	 0.003308	 -1	 0.000000	 13.108412
269	 5	 5	 1	 0.010358	 -1	 0.000000	 13.265041
270	 5	 5	 1	 0.003068	 -1	 0.000000	 9.987106
271	 5	 5	 1	 0.005322	 -1	 0.000000	 10.274744
272	 5	 5	 1	 0.003667	 -1	 0.000000	 8.271251
273	 5	 5	 1	 0.003695	 -1	 0.000000	 16.828690
274	 5	 5	 1	 0.004751	 -1	 0.000000	 11.389261
275	 5	 5	 0	 264.079355	 -1	 0.000000	 7.082550
276	 5	 5	 1	 0.004921	 -1	 0.000000	 9.878718
280	 5	 5	 0	 353.040126	 -1	 0.000000	 4.814455
281	 5	 5	 1	 0.003847	 -1	 0.000000	 11.462053
282	 5	 5	 1	 0.010974	 -1	 0.000000	 9.128009
283	 5	 5	 0	 321.963779	 -1	 0.000000	 5.525027
284	 5	 5	 1	 0.011510	 -1	 0.000000	 9.059853
285	 5	 5	 1	 0.003395	 -1	 0.000000	 9.658546
286	 5	 5	 1	 0.004240	 -1	 0.000000	 12.865051
291	 5	 5	 1	 0.004433	 -1	 0.000000	 10.484694
292	 5	 5	 1	 0.012192	 -1	 0.000000	 8.336826
293	 5	 5	 1	 0.004569	 -1	 0.000000	 9.668661
294	 5	 5	 1	 0.002883	 -1	 0.000000	 11.418302
295	 5	 5	 1	 0.003946	 -1	 0.000000	 10.166468
296	 5	 5	 1	 0.003244	 -1	 0.000000	 11.331743
297	 5	 5	 1	 0.008507	 -1	 0.000000	 10.168531
298	 5	 5	 1	 0.003962	 -1	 0.000000	 11.202539
299	 5	 5	 1	 0.007496	 -1	 0.000000	 8.921867
304	 5	 5	 0	 287.635111	 -1	 0.000000	 6.810842
305	 5	 5	 1	 59.456278	 -1	 0.000000	 7.138496
306	 5	 5	 1	 0.003670	 -1	 0.000000	 11.916505
307	 5	 5	 1	 0.008021	 -1	 0.000000	 10.066776
308	 5	 5	 1	 0.004177	 -1	 0.000000	 14.287154
309	 5	 5	 0	 345.764208	 -1	 0.000000	 6.684648
310	 5	 5	 1	 0.007616	 -1	 0.000000	 13.503900
311	 5	 5	 1	 0.003385	 -1	 0.000000	 9.207105
312	 5	 5	 1	 0.005760	 -1	 0.000000	 12.742918
313	 5	 5	 1	 0.005304	 -1	 0.000000	 14.574697
314	 5	 5	 1	 0.003596	 -1	 0.000000	 11.420436
320	 5	 5	 0	 353.694231	 -1	 0.000000	 5.146442
321	 5	 5	 1	 0.003184	 -1	 0.000000	 11.187009
322	 5	 5	 1	 0.003667	 -1	 0.000000	 9.846001
323	 5	 5	 0	 325.754377	 -1	 0.000000	 5.885828
324	 5	 5	 1	 0.004478	 -1	 0.000000	 9.600719
325	 5	 5	 1	 0.003692	 -1	 0.000000	 10.935748
326	 5	 5	 0	 328.216139	 -1	 0.000000	 6.015750
327	 5	 5	 0	 351.264694	 -1	 0.000000	 9.035570
328	 5	 5	 1	 0.003723	 -1	 0.000000	 9.776835
329	 5	 5	 1	 0.011083	 -1	 0.000000	 13.861564
330	 5	 5	 1	 0.006492	 -1	 0.000000	 11.723815
331	 5	 5	 0	 320.402054	 -1	 0.000000	 6.846898
332	 5	 5	 1	 0.003236	 -1	 0.000000	 9.036124
333	 5	 5	 1	 0.006163	 -1	 0.000000	 11.589529
334	 5	 5	 1	 0.005533	 -1	 0.000000	 14.500998
335	 5	 5	 1	 0.004157	 -1	 0.000000	 10.154339
336	 5	 5	 1	 0.005395	 -1	 0.000000	 10.072845
338	 5	 5	 1	 0.004499	 -1	 0.000000	 9.878021
339	 5	 5	 0	 390.109035	 -1	 0.000000	 6.221453
340	 5	 5	 0	 235.130543	 -1	 0.000000	 18.443048
341	 5	 5	 1	 0.077147	 -1	 0.000000	 7.686180
342	 5	 5	 1	 0.005546	 -1	 0.000000	 9.680233
343	 5	 5	 1	 0.008017	 -1	 0.000000	 8.391656
344	 5	 5	 1	 0.003203	 -1	 0.000000	 11.469452
345	 5	 5	 1	 0.003917	 -1	 0.000000	 9.505777
346	 5	 5	 1	 0.006379	 -1	 0.000000	 11.148709
347	 5	 5	 1	 0.004855	 -1	 0.000000	 9.210711
348	 5	 5	 0	 276.171822	 -1	 0.000000	 5.716243
349	 5	 5	 1	 0.003962	 -1	 0.000000	 11.168759
350	 5	 5	 0	 407.694770	 -1	 0.000000	 5.340054
351	 5	 5	 1	 0.004354	 -1	 0.000000	 8.570539
352	 5	 5	 1	 0.005357	 -1	 0.000000	 10.445266
353	 5	 5	 0	 325.971558	 -1	 0.000000	 6.583266
354	 5	 5	 1	 0.005062	 -1	 0.000000	 9.195172
355	 5	 5	 1	 0.004288	 -1	 0.000000	 10.648442
356	 5	 5	 1	 0.006575	 -1	 0.000000	 7.831866
357	 5	 5	 1	 0.008212	 -1	 0.000000	 8.059944
358	 5	 5	 0	 338.618041	 -1	 0.000000	 6.331221
359	 5	 5	 0	 495.666907	 -1	 0.000000	 11.695851
360	 5	 5	 1	 0.013790	 -1	 0.000000	 7.820362
361	 5	 5	 1	 0.003801	 -1	 0.000000	 8.659829
362	 5	 5	 1	 0.003028	 -1	 0.000000	 19.753239
363	 5	 5	 1	 0.006011	 -1	 0.000000	 11.638406
364	 5	 5	 1	 0.005364	 -1	 0.000000	 13.358944
365	 5	 5	 1	 96.558944	 -1	 0.000000	 6.534103
3558	 5	 5	 0	 408.372415	 -1	 0.000000	 8.160303
366	 5	 5	 1	 0.015386	 -1	 0.000000	 11.141050
367	 5	 5	 1	 0.004334	 -1	 0.000000	 7.513230
368	 5	 5	 1	 0.004432	 -1	 0.000000	 11.902548
369	 5	 5	 0	 395.449314	 -1	 0.000000	 6.083861
370	 5	 5	 1	 0.005789	 -1	 0.000000	 10.150914
371	 5	 5	 1	 29.718125	 -1	 0.000000	 7.125529
372	 5	 5	 0	 339.730026	 -1	 0.000000	 6.738404
380	 5	 5	 1	 0.003898	 -1	 0.000000	 8.384099
381	 5	 5	 1	 0.004433	 -1	 0.000000	 11.566976
382	 5	 5	 1	 0.010499	 -1	 0.000000	 9.529204
383	 5	 5	 0	 342.163941	 -1	 0.000000	 6.991540
384	 5	 5	 1	 0.002836	 -1	 0.000000	 7.929295
385	 5	 5	 1	 0.005670	 -1	 0.000000	 8.905186
388	 5	 5	 1	 0.004985	 -1	 0.000000	 10.827138
389	 5	 5	 1	 0.006156	 -1	 0.000000	 11.413683
390	 5	 5	 1	 0.004678	 -1	 0.000000	 9.539583
391	 5	 5	 1	 12.747844	 -1	 0.000000	 7.364795
392	 5	 5	 1	 0.004431	 -1	 0.000000	 8.433923
393	 5	 5	 1	 0.005324	 -1	 0.000000	 9.032857
395	 5	 5	 1	 14.784463	 -1	 0.000000	 6.186363
396	 5	 5	 1	 47.186757	 -1	 0.000000	 6.346117
397	 5	 5	 1	 0.004498	 -1	 0.000000	 12.401980
398	 5	 5	 0	 382.917087	 -1	 0.000000	 4.489758
399	 5	 5	 1	 0.004109	 -1	 0.000000	 14.895953
402	 5	 5	 1	 0.004240	 -1	 0.000000	 12.936682
403	 5	 5	 1	 0.003353	 -1	 0.000000	 10.170260
404	 5	 5	 1	 0.004571	 -1	 0.000000	 14.269031
406	 5	 5	 1	 0.002891	 -1	 0.000000	 8.506697
407	 5	 5	 1	 0.004156	 -1	 0.000000	 9.881453
408	 5	 5	 1	 0.005733	 -1	 0.000000	 13.678337
409	 5	 5	 1	 0.004949	 -1	 0.000000	 12.471754
410	 5	 5	 1	 0.004027	 -1	 0.000000	 10.133400
411	 5	 5	 1	 0.002755	 -1	 0.000000	 8.940648
412	 5	 5	 1	 0.004018	 -1	 0.000000	 11.221711
413	 5	 5	 0	 397.018238	 -1	 0.000000	 5.733192
420	 5	 5	 1	 0.005232	 -1	 0.000000	 12.793317
421	 5	 5	 1	 0.006012	 -1	 0.000000	 9.636079
422	 5	 5	 1	 0.003766	 -1	 0.000000	 10.911898
423	 5	 5	 1	 0.003402	 -1	 0.000000	 13.066123
424	 5	 5	 1	 0.012167	 -1	 0.000000	 12.284533
425	 5	 5	 1	 0.005729	 -1	 0.000000	 10.022515
426	 5	 5	 0	 237.507067	 -1	 0.000000	 6.044087
427	 5	 5	 1	 0.010300	 -1	 0.000000	 11.153792
428	 5	 5	 0	 399.666269	 -1	 0.000000	 5.626262
429	 5	 5	 1	 0.006822	 -1	 0.000000	 8.634192
430	 5	 5	 1	 0.002894	 -1	 0.000000	 9.264919
431	 5	 5	 1	 0.005267	 -1	 0.000000	 20.098759
432	 5	 5	 0	 380.029947	 -1	 0.000000	 6.708349
433	 5	 5	 1	 0.003457	 -1	 0.000000	 12.595033
434	 5	 5	 1	 0.003957	 -1	 0.000000	 11.800731
435	 5	 5	 1	 0.003182	 -1	 0.000000	 8.916350
436	 5	 5	 1	 0.005302	 -1	 0.000000	 8.744751
437	 5	 5	 1	 0.003246	 -1	 0.000000	 9.693366
438	 5	 5	 1	 0.005610	 -1	 0.000000	 10.730463
439	 5	 5	 1	 0.003244	 -1	 0.000000	 8.315417
441	 5	 5	 0	 184.989645	 -1	 0.000000	 7.556378
442	 5	 5	 1	 0.004401	 -1	 0.000000	 8.853287
443	 5	 5	 1	 0.006169	 -1	 0.000000	 11.000183
444	 5	 5	 1	 0.004056	 -1	 0.000000	 8.532972
445	 5	 5	 1	 0.003342	 -1	 0.000000	 10.123543
2412	 5	 5	 0	 414.580268	 -1	 0.000000	 7.450358
446	 5	 5	 1	 0.004257	 -1	 0.000000	 8.927406
447	 5	 5	 1	 0.004502	 -1	 0.000000	 12.283909
448	 5	 5	 0	 293.642715	 -1	 0.000000	 6.629333
449	 5	 5	 1	 0.006553	 -1	 0.000000	 7.270708
450	 5	 5	 1	 0.002950	 -1	 0.000000	 13.732260
451	 5	 5	 1	 0.006164	 -1	 0.000000	 9.655769
452	 5	 5	 1	 0.003811	 -1	 0.000000	 8.989643
453	 5	 5	 1	 0.004753	 -1	 0.000000	 9.593997
454	 5	 5	 1	 0.003668	 -1	 0.000000	 8.301528
455	 5	 5	 1	 0.003530	 -1	 0.000000	 7.848457
2504	 9	 9	 0	 438.489503	 -1	 0.000000	 4.910272
457	 5	 5	 1	 0.003787	 -1	 0.000000	 8.870520
458	 5	 5	 1	 0.005898	 -1	 0.000000	 10.749804
461	 5	 5	 1	 0.003618	 -1	 0.000000	 11.478911
462	 5	 5	 1	 0.004441	 -1	 0.000000	 12.726174
463	 5	 5	 1	 0.013083	 -1	 0.000000	 12.453699
464	 5	 5	 1	 0.011021	 -1	 0.000000	 12.415993
465	 5	 5	 0	 343.676475	 -1	 0.000000	 6.046823
466	 5	 5	 1	 0.002960	 -1	 0.000000	 9.356441
467	 5	 5	 1	 0.004157	 -1	 0.000000	 10.914849
468	 5	 5	 1	 0.004832	 -1	 0.000000	 12.418451
469	 5	 5	 1	 0.009587	 -1	 0.000000	 9.463230
470	 5	 5	 0	 352.900438	 -1	 0.000000	 6.123276
471	 5	 5	 1	 0.005489	 -1	 0.000000	 12.184212
472	 5	 5	 1	 0.007513	 -1	 0.000000	 7.815311
480	 5	 5	 0	 353.160992	 -1	 0.000000	 6.241755
481	 5	 5	 1	 0.004699	 -1	 0.000000	 9.088494
482	 5	 5	 1	 0.005314	 -1	 0.000000	 10.206831
484	 5	 5	 1	 0.004713	 -1	 0.000000	 16.055679
485	 5	 5	 1	 0.004902	 -1	 0.000000	 10.022524
486	 5	 5	 1	 0.003745	 -1	 0.000000	 10.404428
487	 5	 5	 0	 235.777545	 -1	 0.000000	 6.592764
488	 5	 5	 1	 0.005463	 -1	 0.000000	 9.194040
489	 5	 5	 1	 0.006191	 -1	 0.000000	 9.360107
490	 5	 5	 1	 0.004439	 -1	 0.000000	 11.883929
491	 5	 5	 1	 0.003536	 -1	 0.000000	 10.971856
492	 5	 5	 1	 0.009752	 -1	 0.000000	 10.973767
493	 5	 5	 1	 0.003641	 -1	 0.000000	 11.449875
494	 5	 5	 1	 0.004258	 -1	 0.000000	 9.696603
495	 5	 5	 1	 0.004124	 -1	 0.000000	 16.583040
496	 5	 5	 1	 0.002985	 -1	 0.000000	 9.803370
497	 5	 5	 0	 412.072646	 -1	 0.000000	 6.172690
498	 5	 5	 0	 320.281100	 -1	 0.000000	 6.105428
>>> gr_fir_ccf: using E
>>> gr_fir_fff: using E
terminate called after throwing an instance of 'std::invalid_argument'
  what():  gr_ofdm_demod: Incorrect subcarriers allocated
>>> gr_fir_ccf: using E
>>> gr_fir_fff: using E
gr_buffer::allocate_buffer: warning: tried to allocate
   25 items of size 2544. Due to alignment requirements
   256 were allocated.  If this isn't OK, consider padding
   your structure to a power-of-two bytes.
   On this platform, our allocation granularity is 4096 bytes.
40	 7	 7	 1	 0.044061	 -1	 0.000000	 7.485114
41	 7	 7	 1	 0.020835	 -1	 0.000000	 9.299000
42	 7	 7	 1	 0.050683	 -1	 0.000000	 13.343331
43	 7	 7	 1	 25.447113	 -1	 0.000000	 7.414224
44	 7	 7	 1	 0.046323	 -1	 0.000000	 9.670369
45	 7	 7	 1	 0.032044	 -1	 0.000000	 9.439627
46	 7	 7	 1	 0.162424	 -1	 0.000000	 7.517795
47	 7	 7	 1	 0.030420	 -1	 0.000000	 9.510863
48	 7	 7	 1	 34.488931	 -1	 0.000000	 7.009488
49	 7	 7	 1	 0.051852	 -1	 0.000000	 9.391498
50	 7	 7	 0	 238.235373	 -1	 0.000000	 6.790469
51	 7	 7	 1	 0.041942	 -1	 0.000000	 9.414782
52	 7	 7	 0	 194.836236	 -1	 0.000000	 6.582759
53	 7	 7	 1	 0.036632	 -1	 0.000000	 14.853415
54	 7	 7	 1	 0.612449	 -1	 0.000000	 7.221316
55	 7	 7	 1	 0.077047	 -1	 0.000000	 10.065358
56	 7	 7	 1	 0.040577	 -1	 0.000000	 9.784450
57	 7	 7	 1	 1.663294	 -1	 0.000000	 7.400701
58	 7	 7	 1	 0.059593	 -1	 0.000000	 11.213644
59	 7	 7	 1	 0.065260	 -1	 0.000000	 10.432660
60	 7	 7	 1	 0.078653	 -1	 0.000000	 8.677599
61	 7	 7	 1	 0.061851	 -1	 0.000000	 10.530032
62	 7	 7	 1	 0.065445	 -1	 0.000000	 9.840427
63	 7	 7	 1	 0.067587	 -1	 0.000000	 15.621475
64	 7	 7	 1	 0.016935	 -1	 0.000000	 8.598083
65	 7	 7	 1	 0.080544	 -1	 0.000000	 12.207305
66	 7	 7	 1	 0.071458	 -1	 0.000000	 9.029978
67	 7	 7	 1	 0.044046	 -1	 0.000000	 9.928546
68	 7	 7	 1	 0.046961	 -1	 0.000000	 11.729125
69	 7	 7	 1	 0.052797	 -1	 0.000000	 9.773557
70	 7	 7	 1	 0.041910	 -1	 0.000000	 8.067618
71	 7	 7	 1	 0.047349	 -1	 0.000000	 9.359146
72	 7	 7	 1	 0.074335	 -1	 0.000000	 9.856012
73	 7	 7	 1	 0.057681	 -1	 0.000000	 11.271414
74	 7	 7	 1	 0.071677	 -1	 0.000000	 11.293926
75	 7	 7	 1	 3.439221	 -1	 0.000000	 6.875110
76	 7	 7	 1	 0.047991	 -1	 0.000000	 12.583684
77	 7	 7	 1	 0.062491	 -1	 0.000000	 11.343001
78	 7	 7	 1	 0.064285	 -1	 0.000000	 11.711115
79	 7	 7	 1	 0.051084	 -1	 0.000000	 12.847971
80	 7	 7	 1	 0.052789	 -1	 0.000000	 10.557032
81	 7	 7	 1	 0.424206	 -1	 0.000000	 6.818731
82	 7	 7	 1	 0.056164	 -1	 0.000000	 11.555930
83	 7	 7	 1	 0.055304	 -1	 0.000000	 8.362959
84	 7	 7	 1	 55.669462	 -1	 0.000000	 7.538316
85	 7	 7	 1	 0.095823	 -1	 0.000000	 9.247399
86	 7	 7	 1	 0.046803	 -1	 0.000000	 13.616982
87	 7	 7	 1	 0.083415	 -1	 0.000000	 8.574982
88	 7	 7	 1	 0.057932	 -1	 0.000000	 11.623476
89	 7	 7	 1	 0.089497	 -1	 0.000000	 8.337171
90	 7	 7	 1	 0.019346	 -1	 0.000000	 16.383337
91	 7	 7	 1	 0.046720	 -1	 0.000000	 10.244946
92	 7	 7	 1	 0.056529	 -1	 0.000000	 12.495988
94	 7	 7	 1	 0.051510	 -1	 0.000000	 14.065072
95	 7	 7	 1	 0.056455	 -1	 0.000000	 8.113976
96	 7	 7	 1	 0.051009	 -1	 0.000000	 11.526494
97	 7	 7	 1	 0.050616	 -1	 0.000000	 9.916432
98	 7	 7	 1	 0.056809	 -1	 0.000000	 17.928595
99	 7	 7	 1	 0.292723	 -1	 0.000000	 12.198351
100	 7	 7	 1	 0.058862	 -1	 0.000000	 13.543741
101	 7	 7	 1	 0.075304	 -1	 0.000000	 11.456843
102	 7	 7	 1	 0.041286	 -1	 0.000000	 13.826434
103	 7	 7	 1	 0.043976	 -1	 0.000000	 7.246592
104	 7	 7	 1	 0.066920	 -1	 0.000000	 12.316719
105	 7	 7	 1	 0.055560	 -1	 0.000000	 9.848659
106	 7	 7	 1	 0.071807	 -1	 0.000000	 12.446093
107	 7	 7	 1	 0.461052	 -1	 0.000000	 7.661356
108	 7	 7	 1	 0.077766	 -1	 0.000000	 8.375670
109	 7	 7	 1	 0.032763	 -1	 0.000000	 9.115362
110	 7	 7	 1	 0.043870	 -1	 0.000000	 9.951452
111	 7	 7	 1	 0.075720	 -1	 0.000000	 9.575110
112	 7	 7	 1	 0.123096	 -1	 0.000000	 10.128082
113	 7	 7	 1	 0.039685	 -1	 0.000000	 10.325264
114	 7	 7	 1	 0.055153	 -1	 0.000000	 9.864086
115	 7	 7	 1	 0.163188	 -1	 0.000000	 15.273357
116	 7	 7	 0	 350.025343	 -1	 0.000000	 7.548451
117	 7	 7	 1	 0.036720	 -1	 0.000000	 10.640338
118	 7	 7	 1	 0.085767	 -1	 0.000000	 7.764251
119	 7	 7	 1	 0.033137	 -1	 0.000000	 9.878924
120	 7	 7	 1	 32.571627	 -1	 0.000000	 6.977188
121	 7	 7	 1	 31.698967	 -1	 0.000000	 6.481270
122	 7	 7	 1	 0.060474	 -1	 0.000000	 11.820551
123	 7	 7	 1	 1.601032	 -1	 0.000000	 7.128271
124	 7	 7	 1	 0.049935	 -1	 0.000000	 13.193933
125	 7	 7	 1	 0.088007	 -1	 0.000000	 7.450792
126	 7	 7	 1	 0.056300	 -1	 0.000000	 10.255043
127	 7	 7	 1	 0.031642	 -1	 0.000000	 7.070145
128	 7	 7	 1	 0.061581	 -1	 0.000000	 11.939730
129	 7	 7	 1	 0.071377	 -1	 0.000000	 10.021167
130	 7	 7	 1	 66.925033	 -1	 0.000000	 7.137892
131	 7	 7	 1	 0.061060	 -1	 0.000000	 12.068134
132	 7	 7	 1	 0.065449	 -1	 0.000000	 10.232016
133	 7	 7	 1	 0.066916	 -1	 0.000000	 8.758220
134	 7	 7	 1	 0.034915	 -1	 0.000000	 8.693743
135	 7	 7	 1	 0.433282	 -1	 0.000000	 6.315687
136	 7	 7	 1	 0.082826	 -1	 0.000000	 11.206003
137	 7	 7	 1	 9.587398	 -1	 0.000000	 7.821423
138	 7	 7	 1	 0.057810	 -1	 0.000000	 10.556996
139	 7	 7	 1	 0.057894	 -1	 0.000000	 9.209749
140	 7	 7	 1	 0.418626	 -1	 0.000000	 9.224335
141	 7	 7	 1	 0.051951	 -1	 0.000000	 7.613202
142	 7	 7	 1	 13.411899	 -1	 0.000000	 6.873403
143	 7	 7	 1	 19.534651	 -1	 0.000000	 7.024656
144	 7	 7	 1	 114.518659	 -1	 0.000000	 7.735431
145	 7	 7	 1	 0.125816	 -1	 0.000000	 11.131235
146	 7	 7	 1	 0.061996	 -1	 0.000000	 11.204437
147	 7	 7	 1	 0.032813	 -1	 0.000000	 8.142172
148	 7	 7	 1	 79.739293	 -1	 0.000000	 7.284088
149	 7	 7	 1	 129.962164	 -1	 0.000000	 6.157482
150	 7	 7	 1	 0.067507	 -1	 0.000000	 9.144834
151	 7	 7	 1	 0.082491	 -1	 0.000000	 9.407871
152	 7	 7	 1	 0.049330	 -1	 0.000000	 9.438171
153	 7	 7	 1	 0.052543	 -1	 0.000000	 12.485228
154	 7	 7	 1	 0.069582	 -1	 0.000000	 10.212469
155	 7	 7	 1	 0.039466	 -1	 0.000000	 9.319147
560	 5	 5	 0	 412.060460	 -1	 0.000000	 7.941395
156	 7	 7	 1	 0.058843	 -1	 0.000000	 8.996194
157	 7	 7	 1	 0.045577	 -1	 0.000000	 12.561518
158	 7	 7	 1	 0.053570	 -1	 0.000000	 13.827874
159	 7	 7	 0	 302.539662	 -1	 0.000000	 6.273241
160	 7	 7	 1	 0.086734	 -1	 0.000000	 10.179461
161	 7	 7	 1	 0.079607	 -1	 0.000000	 8.435320
162	 7	 7	 1	 0.134261	 -1	 0.000000	 7.613761
163	 7	 7	 1	 0.057298	 -1	 0.000000	 10.904403
164	 7	 7	 1	 0.043830	 -1	 0.000000	 9.967603
165	 7	 7	 1	 0.030969	 -1	 0.000000	 10.183098
166	 7	 7	 1	 0.086027	 -1	 0.000000	 7.761501
167	 7	 7	 1	 0.038976	 -1	 0.000000	 9.627905
168	 7	 7	 1	 0.401826	 -1	 0.000000	 7.637471
169	 7	 7	 1	 0.052811	 -1	 0.000000	 10.842889
170	 7	 7	 1	 0.110307	 -1	 0.000000	 10.565582
171	 7	 7	 1	 0.090167	 -1	 0.000000	 9.170733
172	 7	 7	 1	 0.068467	 -1	 0.000000	 12.465265
173	 7	 7	 1	 0.062221	 -1	 0.000000	 12.116567
174	 7	 7	 1	 0.053741	 -1	 0.000000	 10.893659
175	 7	 7	 1	 0.049856	 -1	 0.000000	 8.209223
176	 7	 7	 1	 0.054587	 -1	 0.000000	 8.689264
177	 7	 7	 1	 0.065144	 -1	 0.000000	 7.997420
178	 7	 7	 1	 0.506238	 -1	 0.000000	 18.078650
179	 7	 7	 1	 0.077410	 -1	 0.000000	 6.871461
180	 7	 7	 1	 0.074957	 -1	 0.000000	 9.645676
181	 7	 7	 1	 0.032557	 -1	 0.000000	 10.245610
182	 7	 7	 1	 182.987296	 -1	 0.000000	 6.263638
183	 7	 7	 1	 0.059871	 -1	 0.000000	 11.450134
184	 7	 7	 1	 0.077023	 -1	 0.000000	 16.407946
185	 7	 7	 1	 0.082065	 -1	 0.000000	 10.088243
186	 7	 7	 1	 0.043256	 -1	 0.000000	 22.712980
187	 7	 7	 1	 0.056658	 -1	 0.000000	 11.250690
188	 7	 7	 1	 0.078128	 -1	 0.000000	 11.544550
189	 7	 7	 1	 0.037516	 -1	 0.000000	 7.875274
190	 7	 7	 1	 0.043196	 -1	 0.000000	 12.573453
191	 7	 7	 1	 0.022115	 -1	 0.000000	 7.215725
192	 7	 7	 1	 0.013672	 -1	 0.000000	 8.056691
193	 7	 7	 1	 0.038779	 -1	 0.000000	 10.145741
194	 7	 7	 1	 79.065565	 -1	 0.000000	 6.291157
195	 7	 7	 1	 0.059266	 -1	 0.000000	 16.221478
196	 7	 7	 1	 0.056326	 -1	 0.000000	 14.756444
197	 7	 7	 1	 0.015293	 -1	 0.000000	 14.736131
198	 7	 7	 1	 0.063941	 -1	 0.000000	 13.631406
199	 7	 7	 1	 0.088159	 -1	 0.000000	 11.539572
200	 7	 7	 1	 0.086952	 -1	 0.000000	 8.661021
201	 7	 7	 1	 0.027562	 -1	 0.000000	 9.322586
202	 7	 7	 1	 0.057168	 -1	 0.000000	 9.640924
203	 7	 7	 1	 10.098804	 -1	 0.000000	 6.908554
204	 7	 7	 1	 0.756121	 -1	 0.000000	 8.159181
205	 7	 7	 1	 0.060828	 -1	 0.000000	 11.756276
206	 7	 7	 1	 0.052387	 -1	 0.000000	 8.661528
207	 7	 7	 1	 0.037656	 -1	 0.000000	 10.242786
208	 7	 7	 1	 0.031972	 -1	 0.000000	 12.969403
209	 7	 7	 1	 0.069243	 -1	 0.000000	 9.537150
210	 7	 7	 1	 0.051227	 -1	 0.000000	 8.061285
211	 7	 7	 1	 0.051594	 -1	 0.000000	 12.088114
212	 7	 7	 1	 0.063393	 -1	 0.000000	 8.235762
213	 7	 7	 1	 0.060148	 -1	 0.000000	 12.357176
214	 7	 7	 1	 0.081220	 -1	 0.000000	 9.269659
215	 7	 7	 1	 0.053584	 -1	 0.000000	 15.025945
216	 7	 7	 1	 0.057021	 -1	 0.000000	 9.008696
217	 7	 7	 1	 0.042070	 -1	 0.000000	 8.198498
218	 7	 7	 1	 55.578621	 -1	 0.000000	 7.245779
219	 7	 7	 1	 0.054417	 -1	 0.000000	 9.233728
220	 7	 7	 1	 0.048680	 -1	 0.000000	 6.765403
221	 7	 7	 1	 0.047540	 -1	 0.000000	 10.781213
222	 7	 7	 1	 0.063008	 -1	 0.000000	 18.026913
223	 7	 7	 1	 0.050568	 -1	 0.000000	 11.385998
224	 7	 7	 1	 108.623086	 -1	 0.000000	 7.335902
225	 7	 7	 1	 159.866316	 -1	 0.000000	 9.228570
226	 7	 7	 1	 0.055567	 -1	 0.000000	 10.887206
227	 7	 7	 1	 0.057333	 -1	 0.000000	 12.756702
228	 7	 7	 1	 0.030620	 -1	 0.000000	 6.796121
229	 7	 7	 1	 0.076234	 -1	 0.000000	 8.423538
230	 7	 7	 1	 0.042855	 -1	 0.000000	 9.265776
231	 7	 7	 1	 0.051130	 -1	 0.000000	 13.166059
232	 7	 7	 1	 13.529316	 -1	 0.000000	 6.945454
233	 7	 7	 1	 0.060287	 -1	 0.000000	 8.085093
234	 7	 7	 1	 0.046750	 -1	 0.000000	 8.502569
235	 7	 7	 1	 7.081598	 -1	 0.000000	 6.093807
236	 7	 7	 1	 0.066464	 -1	 0.000000	 8.941882
237	 7	 7	 1	 3.753099	 -1	 0.000000	 6.164205
238	 7	 7	 1	 0.049652	 -1	 0.000000	 11.917433
239	 7	 7	 1	 0.059371	 -1	 0.000000	 11.299589
241	 7	 7	 1	 0.059806	 -1	 0.000000	 9.103680
242	 7	 7	 1	 0.055575	 -1	 0.000000	 10.272904
243	 7	 7	 1	 0.042880	 -1	 0.000000	 14.011514
244	 7	 7	 1	 0.100354	 -1	 0.000000	 10.651969
245	 7	 7	 1	 0.048861	 -1	 0.000000	 12.231884
246	 7	 7	 0	 430.329153	 -1	 0.000000	 7.235566
248	 7	 7	 1	 0.099425	 -1	 0.000000	 8.221509
249	 7	 7	 1	 0.069617	 -1	 0.000000	 10.007774
250	 7	 7	 1	 0.049288	 -1	 0.000000	 11.810837
251	 7	 7	 1	 0.494907	 -1	 0.000000	 6.547188
252	 7	 7	 1	 0.027063	 -1	 0.000000	 8.942797
253	 7	 7	 1	 0.052083	 -1	 0.000000	 9.577602
254	 7	 7	 1	 0.025284	 -1	 0.000000	 9.061147
255	 7	 7	 1	 7.525977	 -1	 0.000000	 7.018562
256	 7	 7	 1	 0.066319	 -1	 0.000000	 12.110743
258	 7	 7	 1	 0.069365	 -1	 0.000000	 10.321798
259	 7	 7	 1	 0.048592	 -1	 0.000000	 8.761194
260	 7	 7	 1	 0.055275	 -1	 0.000000	 10.836719
261	 7	 7	 0	 495.644182	 -1	 0.000000	 9.668703
262	 7	 7	 0	 317.073565	 -1	 0.000000	 3.936483
263	 7	 7	 1	 0.076560	 -1	 0.000000	 8.196054
264	 7	 7	 1	 8.618997	 -1	 0.000000	 7.569160
265	 7	 7	 1	 13.088172	 -1	 0.000000	 6.276067
300	 7	 7	 1	 2.257166	 -1	 0.000000	 5.910120
301	 7	 7	 1	 0.060819	 -1	 0.000000	 13.259282
302	 7	 7	 1	 0.053441	 -1	 0.000000	 12.700507
303	 7	 7	 1	 0.048163	 -1	 0.000000	 8.967181
307	 7	 7	 1	 177.819701	 -1	 0.000000	 3.487739
311	 7	 7	 1	 0.059770	 -1	 0.000000	 13.072680
313	 7	 7	 1	 0.056995	 -1	 0.000000	 9.018866
314	 7	 7	 1	 0.073626	 -1	 0.000000	 9.207033
315	 7	 7	 1	 0.057809	 -1	 0.000000	 8.284842
316	 7	 7	 1	 0.064296	 -1	 0.000000	 10.661450
317	 7	 7	 1	 0.050980	 -1	 0.000000	 14.582870
318	 7	 7	 1	 0.048173	 -1	 0.000000	 15.668012
319	 7	 7	 1	 0.050587	 -1	 0.000000	 9.690398
320	 7	 7	 1	 0.085723	 -1	 0.000000	 7.982497
321	 7	 7	 1	 32.596799	 -1	 0.000000	 6.997581
322	 7	 7	 1	 0.053935	 -1	 0.000000	 11.973949
323	 7	 7	 1	 0.188425	 -1	 0.000000	 7.764175
324	 7	 7	 1	 0.051837	 -1	 0.000000	 9.717511
325	 7	 7	 1	 0.078939	 -1	 0.000000	 9.577347
326	 7	 7	 1	 10.898307	 -1	 0.000000	 6.998122
327	 7	 7	 1	 0.050280	 -1	 0.000000	 9.120319
335	 7	 7	 1	 0.029663	 -1	 0.000000	 8.148388
336	 7	 7	 1	 5.723283	 -1	 0.000000	 5.997614
337	 7	 7	 1	 0.043080	 -1	 0.000000	 10.093438
338	 7	 7	 1	 0.069019	 -1	 0.000000	 9.060574
339	 7	 7	 1	 0.083276	 -1	 0.000000	 12.365204
309	 7	 7	 1	 0.075636	 -1	 0.000000	 9.888956
340	 7	 7	 1	 10.416667	 -1	 0.000000	 7.465097
341	 7	 7	 1	 0.061950	 -1	 0.000000	 9.395276
342	 7	 7	 1	 0.069558	 -1	 0.000000	 10.406771
343	 7	 7	 1	 0.062564	 -1	 0.000000	 9.958839
344	 7	 7	 1	 0.054456	 -1	 0.000000	 11.160842
345	 7	 7	 1	 0.043028	 -1	 0.000000	 8.296017
346	 7	 7	 1	 0.186464	 -1	 0.000000	 7.190964
347	 7	 7	 1	 0.085873	 -1	 0.000000	 8.498405
348	 7	 7	 1	 0.058843	 -1	 0.000000	 10.879667
349	 7	 7	 1	 21.412971	 -1	 0.000000	 6.589153
1099	 9	 9	 0	 456.199216	 -1	 0.000000	 8.076308
350	 7	 7	 1	 0.036078	 -1	 0.000000	 8.046011
351	 7	 7	 1	 0.877621	 -1	 0.000000	 7.408960
352	 7	 7	 1	 8.848853	 -1	 0.000000	 7.209963
353	 7	 7	 1	 0.039942	 -1	 0.000000	 8.514153
354	 7	 7	 1	 0.050737	 -1	 0.000000	 15.480114
355	 7	 7	 1	 0.078013	 -1	 0.000000	 8.412413
356	 7	 7	 1	 0.049679	 -1	 0.000000	 12.485948
357	 7	 7	 1	 0.102899	 -1	 0.000000	 9.762875
358	 7	 7	 1	 0.054113	 -1	 0.000000	 14.118284
359	 7	 7	 1	 0.061150	 -1	 0.000000	 7.884091
360	 7	 7	 1	 36.519199	 -1	 0.000000	 7.537737
361	 7	 7	 1	 0.058806	 -1	 0.000000	 9.564278
362	 7	 7	 1	 0.051802	 -1	 0.000000	 8.169753
363	 7	 7	 1	 0.059756	 -1	 0.000000	 9.613390
364	 7	 7	 1	 0.055972	 -1	 0.000000	 8.010249
365	 7	 7	 1	 34.129728	 -1	 0.000000	 6.514307
366	 7	 7	 1	 0.047942	 -1	 0.000000	 10.295136
367	 7	 7	 1	 0.054688	 -1	 0.000000	 11.045306
368	 7	 7	 1	 0.042442	 -1	 0.000000	 10.133350
369	 7	 7	 1	 11.631785	 -1	 0.000000	 6.490349
370	 7	 7	 1	 87.958673	 -1	 0.000000	 6.408491
371	 7	 7	 1	 0.164262	 -1	 0.000000	 17.724983
372	 7	 7	 1	 0.045253	 -1	 0.000000	 9.050017
373	 7	 7	 1	 0.076965	 -1	 0.000000	 17.689993
374	 7	 7	 1	 0.069032	 -1	 0.000000	 11.638038
375	 7	 7	 1	 0.223419	 -1	 0.000000	 10.965601
376	 7	 7	 1	 0.284963	 -1	 0.000000	 7.042197
380	 7	 7	 1	 0.075086	 -1	 0.000000	 9.016351
381	 7	 7	 1	 0.137790	 -1	 0.000000	 7.701241
382	 7	 7	 1	 0.052713	 -1	 0.000000	 9.345384
383	 7	 7	 1	 0.062399	 -1	 0.000000	 8.605995
384	 7	 7	 1	 0.051745	 -1	 0.000000	 8.051781
385	 7	 7	 1	 0.059022	 -1	 0.000000	 10.573936
386	 7	 7	 0	 137.449464	 -1	 0.000000	 6.303323
387	 7	 7	 1	 0.070950	 -1	 0.000000	 7.647219
388	 7	 7	 1	 0.092700	 -1	 0.000000	 8.841473
389	 7	 7	 1	 0.049957	 -1	 0.000000	 9.000912
60	 9	 9	 1	 88.827756	 -1	 0.000000	 10.071553
61	 9	 9	 1	 134.936127	 -1	 0.000000	 7.448709
62	 9	 9	 1	 99.979936	 -1	 0.000000	 9.376779
63	 9	 9	 1	 115.806290	 -1	 0.000000	 10.065271
64	 9	 9	 1	 116.034517	 -1	 0.000000	 10.985174
65	 9	 9	 1	 97.275840	 -1	 0.000000	 11.009275
66	 9	 9	 1	 89.738872	 -1	 0.000000	 8.587908
67	 9	 9	 1	 85.966902	 -1	 0.000000	 12.481378
68	 9	 9	 1	 84.648573	 -1	 0.000000	 10.508066
69	 9	 9	 1	 122.401072	 -1	 0.000000	 15.105977
70	 9	 9	 1	 76.536650	 -1	 0.000000	 10.052744
71	 9	 9	 0	 350.261804	 -1	 0.000000	 7.363795
72	 9	 9	 1	 225.844559	 -1	 0.000000	 8.169024
73	 9	 9	 1	 82.134417	 -1	 0.000000	 10.471202
74	 9	 9	 1	 211.696802	 -1	 0.000000	 8.320244
75	 9	 9	 1	 104.391383	 -1	 0.000000	 15.068646
76	 9	 9	 1	 81.487944	 -1	 0.000000	 11.592552
77	 9	 9	 1	 211.377366	 -1	 0.000000	 7.432889
78	 9	 9	 1	 73.990696	 -1	 0.000000	 8.891217
79	 9	 9	 1	 114.514136	 -1	 0.000000	 16.892065
80	 9	 9	 0	 436.950316	 -1	 0.000000	 6.837389
81	 9	 9	 1	 100.937851	 -1	 0.000000	 10.535175
82	 9	 9	 1	 96.090145	 -1	 0.000000	 9.185168
83	 9	 9	 1	 117.644530	 -1	 0.000000	 11.591249
84	 9	 9	 1	 88.253244	 -1	 0.000000	 11.116087
85	 9	 9	 0	 361.376094	 -1	 0.000000	 6.998487
86	 9	 9	 1	 168.702081	 -1	 0.000000	 7.175723
87	 9	 9	 1	 175.581461	 -1	 0.000000	 7.918613
88	 9	 9	 1	 139.492253	 -1	 0.000000	 10.620875
89	 9	 9	 1	 277.723883	 -1	 0.000000	 6.962067
90	 9	 9	 1	 221.970876	 -1	 0.000000	 8.197831
91	 9	 9	 1	 95.835462	 -1	 0.000000	 10.071550
92	 9	 9	 1	 105.944937	 -1	 0.000000	 9.518526
93	 9	 9	 1	 125.129659	 -1	 0.000000	 9.240690
94	 9	 9	 1	 102.990488	 -1	 0.000000	 8.758597
95	 9	 9	 0	 436.894158	 -1	 0.000000	 7.002199
96	 9	 9	 1	 96.452460	 -1	 0.000000	 11.687767
97	 9	 9	 0	 300.469969	 -1	 0.000000	 8.685468
1358	 11	 11	 0	 436.615817	 -1	 0.000000	 7.059097
98	 9	 9	 1	 248.754541	 -1	 0.000000	 8.541227
99	 9	 9	 1	 104.598377	 -1	 0.000000	 9.430728
100	 9	 9	 1	 84.425984	 -1	 0.000000	 8.630191
101	 9	 9	 0	 328.403645	 -1	 0.000000	 6.482547
102	 9	 9	 1	 109.937971	 -1	 0.000000	 8.088310
103	 9	 9	 1	 95.771495	 -1	 0.000000	 10.852682
104	 9	 9	 1	 106.370394	 -1	 0.000000	 8.359059
105	 9	 9	 1	 88.501486	 -1	 0.000000	 10.145988
106	 9	 9	 1	 236.539386	 -1	 0.000000	 8.464791
1085	 10	 10	 0	 479.420837	 -1	 0.000000	 7.373433
107	 9	 9	 1	 85.462873	 -1	 0.000000	 7.411934
108	 9	 9	 1	 105.241112	 -1	 0.000000	 8.756503
109	 9	 9	 1	 90.143608	 -1	 0.000000	 11.988683
110	 9	 9	 1	 94.389880	 -1	 0.000000	 11.166884
111	 9	 9	 1	 202.686272	 -1	 0.000000	 7.327541
112	 9	 9	 1	 77.092450	 -1	 0.000000	 10.168887
113	 9	 9	 1	 243.920404	 -1	 0.000000	 7.502483
114	 9	 9	 0	 450.662580	 -1	 0.000000	 7.067770
115	 9	 9	 1	 114.234925	 -1	 0.000000	 10.097293
116	 9	 9	 1	 94.084544	 -1	 0.000000	 8.857295
117	 9	 9	 1	 174.985196	 -1	 0.000000	 8.135448
118	 9	 9	 1	 111.425242	 -1	 0.000000	 8.490849
119	 9	 9	 1	 80.328587	 -1	 0.000000	 11.522189
120	 9	 9	 0	 398.691844	 -1	 0.000000	 7.686021
121	 9	 9	 0	 434.792256	 -1	 0.000000	 7.097658
122	 9	 9	 1	 236.046651	 -1	 0.000000	 7.345335
123	 9	 9	 1	 213.722489	 -1	 0.000000	 6.831804
124	 9	 9	 0	 362.869341	 -1	 0.000000	 6.103771
125	 9	 9	 0	 449.168192	 -1	 0.000000	 6.350644
126	 9	 9	 1	 105.305408	 -1	 0.000000	 8.846648
127	 9	 9	 1	 130.454789	 -1	 0.000000	 9.796828
128	 9	 9	 1	 214.272731	 -1	 0.000000	 7.989216
129	 9	 9	 1	 77.234186	 -1	 0.000000	 8.862049
130	 9	 9	 1	 110.243861	 -1	 0.000000	 10.782139
131	 9	 9	 1	 270.900464	 -1	 0.000000	 8.517279
132	 9	 9	 1	 108.164578	 -1	 0.000000	 8.349627
133	 9	 9	 1	 215.865911	 -1	 0.000000	 7.398082
134	 9	 9	 1	 70.834054	 -1	 0.000000	 10.586303
135	 9	 9	 1	 74.423293	 -1	 0.000000	 9.923999
136	 9	 9	 1	 187.396202	 -1	 0.000000	 8.468342
137	 9	 9	 0	 319.667816	 -1	 0.000000	 7.501642
138	 9	 9	 1	 79.027727	 -1	 0.000000	 11.226006
139	 9	 9	 1	 79.270848	 -1	 0.000000	 14.576975
140	 9	 9	 1	 93.135163	 -1	 0.000000	 11.609572
141	 9	 9	 1	 131.914122	 -1	 0.000000	 8.522788
142	 9	 9	 1	 116.126614	 -1	 0.000000	 8.597009
143	 9	 9	 1	 92.007503	 -1	 0.000000	 11.617337
144	 9	 9	 0	 401.186943	 -1	 0.000000	 6.791927
145	 9	 9	 0	 422.142606	 -1	 0.000000	 8.189811
146	 9	 9	 1	 115.907461	 -1	 0.000000	 9.258109
147	 9	 9	 1	 128.885625	 -1	 0.000000	 11.046645
148	 9	 9	 0	 393.720327	 -1	 0.000000	 7.400928
3848	 7	 7	 0	 425.545538	 -1	 0.000000	 7.531921
149	 9	 9	 1	 141.089502	 -1	 0.000000	 11.021182
150	 9	 9	 1	 99.738781	 -1	 0.000000	 15.372037
151	 9	 9	 1	 83.275868	 -1	 0.000000	 15.361065
152	 9	 9	 1	 106.069769	 -1	 0.000000	 10.496350
153	 9	 9	 1	 83.928043	 -1	 0.000000	 10.682077
154	 9	 9	 1	 116.384221	 -1	 0.000000	 12.337178
155	 9	 9	 1	 114.548751	 -1	 0.000000	 12.881524
156	 9	 9	 0	 356.252380	 -1	 0.000000	 7.257831
157	 9	 9	 1	 108.211064	 -1	 0.000000	 7.823753
158	 9	 9	 1	 270.736386	 -1	 0.000000	 9.267976
159	 9	 9	 1	 136.744388	 -1	 0.000000	 7.915494
160	 9	 9	 1	 92.550285	 -1	 0.000000	 8.957261
161	 9	 9	 1	 97.333062	 -1	 0.000000	 15.335118
162	 9	 9	 1	 102.682624	 -1	 0.000000	 7.275607
163	 9	 9	 1	 85.380783	 -1	 0.000000	 14.690147
164	 9	 9	 1	 104.426025	 -1	 0.000000	 10.771962
165	 9	 9	 1	 114.595087	 -1	 0.000000	 11.232717
166	 9	 9	 1	 108.241422	 -1	 0.000000	 9.736089
167	 9	 9	 1	 76.359604	 -1	 0.000000	 13.065205
168	 9	 9	 0	 321.659113	 -1	 0.000000	 6.044072
169	 9	 9	 1	 98.693467	 -1	 0.000000	 9.209884
170	 9	 9	 1	 103.566049	 -1	 0.000000	 10.889687
171	 9	 9	 0	 294.163827	 -1	 0.000000	 6.620570
60	 9	 9	 1	 112.459517	 -1	 0.000000	 8.207808
61	 9	 9	 1	 110.455673	 -1	 0.000000	 8.780972
62	 9	 9	 1	 92.914597	 -1	 0.000000	 12.290671
63	 9	 9	 1	 87.517974	 -1	 0.000000	 10.081275
64	 9	 9	 1	 132.455949	 -1	 0.000000	 10.913522
65	 9	 9	 0	 446.962575	 -1	 0.000000	 7.028613
66	 9	 9	 1	 103.675218	 -1	 0.000000	 10.854547
67	 9	 9	 1	 101.740674	 -1	 0.000000	 9.356967
68	 9	 9	 1	 91.503640	 -1	 0.000000	 9.163189
69	 9	 9	 1	 196.905574	 -1	 0.000000	 7.051333
70	 9	 9	 1	 90.762439	 -1	 0.000000	 11.162359
72	 9	 9	 1	 200.892666	 -1	 0.000000	 8.310916
73	 9	 9	 1	 126.747890	 -1	 0.000000	 11.583665
74	 9	 9	 1	 308.685144	 -1	 0.000000	 6.287211
75	 9	 9	 1	 100.419242	 -1	 0.000000	 11.810744
76	 9	 9	 1	 78.705548	 -1	 0.000000	 10.545552
77	 9	 9	 1	 79.685942	 -1	 0.000000	 10.635021
78	 9	 9	 1	 233.433125	 -1	 0.000000	 7.846650
79	 9	 9	 1	 219.229070	 -1	 0.000000	 7.372536
80	 9	 9	 1	 109.035153	 -1	 0.000000	 13.199784
81	 9	 9	 1	 118.242972	 -1	 0.000000	 7.955865
82	 9	 9	 1	 113.981310	 -1	 0.000000	 11.159936
83	 9	 9	 1	 128.852536	 -1	 0.000000	 14.827739
84	 9	 9	 1	 91.297083	 -1	 0.000000	 9.955883
85	 9	 9	 1	 86.354209	 -1	 0.000000	 10.273607
86	 9	 9	 1	 98.572477	 -1	 0.000000	 13.581376
87	 9	 9	 1	 102.678876	 -1	 0.000000	 11.650126
88	 9	 9	 1	 86.933747	 -1	 0.000000	 14.728601
89	 9	 9	 1	 111.976026	 -1	 0.000000	 8.498281
90	 9	 9	 1	 95.468083	 -1	 0.000000	 8.970897
91	 9	 9	 0	 415.023553	 -1	 0.000000	 6.336478
92	 9	 9	 1	 125.736608	 -1	 0.000000	 11.305734
93	 9	 9	 1	 98.053000	 -1	 0.000000	 9.641059
94	 9	 9	 1	 93.837295	 -1	 0.000000	 13.483426
95	 9	 9	 1	 99.828858	 -1	 0.000000	 9.517035
96	 9	 9	 0	 438.354328	 -1	 0.000000	 5.767441
97	 9	 9	 1	 79.548233	 -1	 0.000000	 9.578777
98	 9	 9	 1	 93.301018	 -1	 0.000000	 9.325252
99	 9	 9	 1	 124.503569	 -1	 0.000000	 11.301149
100	 9	 9	 1	 84.142643	 -1	 0.000000	 10.979836
101	 9	 9	 1	 114.726491	 -1	 0.000000	 9.282812
102	 9	 9	 1	 89.833973	 -1	 0.000000	 9.396991
103	 9	 9	 1	 106.865347	 -1	 0.000000	 11.003974
104	 9	 9	 0	 293.075922	 -1	 0.000000	 6.300984
105	 9	 9	 1	 93.496130	 -1	 0.000000	 18.770433
106	 9	 9	 1	 119.391709	 -1	 0.000000	 12.261453
107	 9	 9	 1	 283.793883	 -1	 0.000000	 6.898895
108	 9	 9	 0	 365.639090	 -1	 0.000000	 7.649829
109	 9	 9	 1	 96.467539	 -1	 0.000000	 9.380944
110	 9	 9	 1	 89.759269	 -1	 0.000000	 11.655234
111	 9	 9	 1	 104.050204	 -1	 0.000000	 9.517255
112	 9	 9	 1	 102.315639	 -1	 0.000000	 9.313943
113	 9	 9	 1	 89.963123	 -1	 0.000000	 14.435352
114	 9	 9	 1	 90.141402	 -1	 0.000000	 10.539054
115	 9	 9	 1	 87.475699	 -1	 0.000000	 11.059731
116	 9	 9	 1	 130.291027	 -1	 0.000000	 13.588420
117	 9	 9	 1	 86.636248	 -1	 0.000000	 10.105618
118	 9	 9	 1	 98.158601	 -1	 0.000000	 8.741604
119	 9	 9	 1	 84.633084	 -1	 0.000000	 12.591607
120	 9	 9	 1	 93.054382	 -1	 0.000000	 8.159636
121	 9	 9	 1	 103.139698	 -1	 0.000000	 11.826512
122	 9	 9	 0	 420.422168	 -1	 0.000000	 6.552501
123	 9	 9	 0	 430.725356	 -1	 0.000000	 6.074352
124	 9	 9	 1	 73.970865	 -1	 0.000000	 8.438916
125	 9	 9	 1	 108.915786	 -1	 0.000000	 8.111794
126	 9	 9	 1	 144.264855	 -1	 0.000000	 9.984007
127	 9	 9	 1	 114.168704	 -1	 0.000000	 7.231047
128	 9	 9	 1	 90.452169	 -1	 0.000000	 10.906119
129	 9	 9	 0	 411.312866	 -1	 0.000000	 6.533189
130	 9	 9	 1	 96.921992	 -1	 0.000000	 13.017300
131	 9	 9	 1	 124.485882	 -1	 0.000000	 10.931179
132	 9	 9	 1	 94.524679	 -1	 0.000000	 8.869809
133	 9	 9	 1	 115.322135	 -1	 0.000000	 7.676087
134	 9	 9	 1	 202.988606	 -1	 0.000000	 6.465083
135	 9	 9	 1	 104.546079	 -1	 0.000000	 14.858465
136	 9	 9	 1	 86.078430	 -1	 0.000000	 8.675820
137	 9	 9	 1	 134.349725	 -1	 0.000000	 16.573080
138	 9	 9	 1	 88.878746	 -1	 0.000000	 11.546185
139	 9	 9	 0	 337.189908	 -1	 0.000000	 6.996843
140	 9	 9	 1	 104.158294	 -1	 0.000000	 11.796435
141	 9	 9	 0	 449.450794	 -1	 0.000000	 5.800117
142	 9	 9	 1	 99.618066	 -1	 0.000000	 9.779264
143	 9	 9	 1	 252.520838	 -1	 0.000000	 8.823221
144	 9	 9	 1	 59.742756	 -1	 0.000000	 7.800931
145	 9	 9	 1	 98.434401	 -1	 0.000000	 9.287138
146	 9	 9	 1	 108.938726	 -1	 0.000000	 9.176790
147	 9	 9	 0	 403.432783	 -1	 0.000000	 6.809350
148	 9	 9	 1	 188.133560	 -1	 0.000000	 8.683429
149	 9	 9	 1	 104.328500	 -1	 0.000000	 7.978728
150	 9	 9	 0	 410.159337	 -1	 0.000000	 6.075150
151	 9	 9	 1	 112.691942	 -1	 0.000000	 9.689222
152	 9	 9	 1	 100.964040	 -1	 0.000000	 11.931811
153	 9	 9	 1	 293.674273	 -1	 0.000000	 6.662489
154	 9	 9	 1	 92.625270	 -1	 0.000000	 8.998865
155	 9	 9	 1	 110.853056	 -1	 0.000000	 12.531711
156	 9	 9	 0	 292.473108	 -1	 0.000000	 7.969144
157	 9	 9	 1	 103.683887	 -1	 0.000000	 9.724830
158	 9	 9	 1	 114.837790	 -1	 0.000000	 10.730721
159	 9	 9	 1	 94.852397	 -1	 0.000000	 10.922519
160	 9	 9	 0	 400.815839	 -1	 0.000000	 6.655880
161	 9	 9	 1	 95.189826	 -1	 0.000000	 8.534285
162	 9	 9	 1	 254.714302	 -1	 0.000000	 16.606415
163	 9	 9	 1	 280.948868	 -1	 0.000000	 7.517236
164	 9	 9	 1	 104.653229	 -1	 0.000000	 10.533547
165	 9	 9	 1	 90.368472	 -1	 0.000000	 19.992779
166	 9	 9	 1	 102.674839	 -1	 0.000000	 7.232378
167	 9	 9	 1	 105.588037	 -1	 0.000000	 7.792942
168	 9	 9	 1	 90.552205	 -1	 0.000000	 10.464602
169	 9	 9	 1	 86.720401	 -1	 0.000000	 11.148762
170	 9	 9	 1	 112.997396	 -1	 0.000000	 9.172015
171	 9	 9	 1	 104.297960	 -1	 0.000000	 9.020680
172	 9	 9	 1	 238.981348	 -1	 0.000000	 10.337493
173	 9	 9	 1	 110.691907	 -1	 0.000000	 9.085714
174	 9	 9	 0	 424.246113	 -1	 0.000000	 7.349199
175	 9	 9	 1	 86.720955	 -1	 0.000000	 11.141763
176	 9	 9	 1	 75.742675	 -1	 0.000000	 15.308849
177	 9	 9	 1	 91.251779	 -1	 0.000000	 7.915018
178	 9	 9	 1	 80.252768	 -1	 0.000000	 11.245645
179	 9	 9	 0	 442.827079	 -1	 0.000000	 5.903756
180	 9	 9	 1	 97.645892	 -1	 0.000000	 12.002427
181	 9	 9	 1	 163.189405	 -1	 0.000000	 7.612151
182	 9	 9	 1	 88.860938	 -1	 0.000000	 18.270033
183	 9	 9	 1	 187.202394	 -1	 0.000000	 8.020680
184	 9	 9	 1	 132.103254	 -1	 0.000000	 10.555367
185	 9	 9	 1	 87.560738	 -1	 0.000000	 14.843286
186	 9	 9	 1	 158.163619	 -1	 0.000000	 8.105061
187	 9	 9	 1	 95.286917	 -1	 0.000000	 10.355776
188	 9	 9	 1	 86.170571	 -1	 0.000000	 9.706697
189	 9	 9	 1	 100.888937	 -1	 0.000000	 14.839924
190	 9	 9	 1	 108.989288	 -1	 0.000000	 9.531500
191	 9	 9	 1	 111.012627	 -1	 0.000000	 12.320630
192	 9	 9	 1	 196.329207	 -1	 0.000000	 7.465017
193	 9	 9	 1	 205.722362	 -1	 0.000000	 8.169282
194	 9	 9	 1	 109.275985	 -1	 0.000000	 13.861362
195	 9	 9	 1	 75.284196	 -1	 0.000000	 13.309194
196	 9	 9	 1	 128.919560	 -1	 0.000000	 9.623678
197	 9	 9	 0	 383.210393	 -1	 0.000000	 10.551507
198	 9	 9	 1	 93.577284	 -1	 0.000000	 10.125109
199	 9	 9	 1	 111.188520	 -1	 0.000000	 10.329567
200	 9	 9	 1	 104.372436	 -1	 0.000000	 14.194601
201	 9	 9	 0	 438.973825	 -1	 0.000000	 6.842381
202	 9	 9	 1	 98.175858	 -1	 0.000000	 7.830766
203	 9	 9	 1	 140.543541	 -1	 0.000000	 9.353787
204	 9	 9	 1	 111.328431	 -1	 0.000000	 11.478940
205	 9	 9	 1	 97.655257	 -1	 0.000000	 9.560774
206	 9	 9	 1	 106.909138	 -1	 0.000000	 10.747564
207	 9	 9	 1	 202.273315	 -1	 0.000000	 6.716869
208	 9	 9	 1	 242.054632	 -1	 0.000000	 8.840907
209	 9	 9	 1	 104.160705	 -1	 0.000000	 8.226454
210	 9	 9	 1	 93.441977	 -1	 0.000000	 8.279414
211	 9	 9	 0	 414.450994	 -1	 0.000000	 6.701861
212	 9	 9	 1	 90.194376	 -1	 0.000000	 7.828127
213	 9	 9	 1	 212.938530	 -1	 0.000000	 6.654626
214	 9	 9	 1	 129.005804	 -1	 0.000000	 12.470859
215	 9	 9	 1	 103.870804	 -1	 0.000000	 8.751945
216	 9	 9	 1	 93.978901	 -1	 0.000000	 13.744929
217	 9	 9	 1	 75.260654	 -1	 0.000000	 9.396289
218	 9	 9	 1	 97.330111	 -1	 0.000000	 11.233140
219	 9	 9	 1	 86.186201	 -1	 0.000000	 10.658760
220	 9	 9	 1	 106.388693	 -1	 0.000000	 10.484948
221	 9	 9	 1	 105.972707	 -1	 0.000000	 13.697339
222	 9	 9	 1	 163.738072	 -1	 0.000000	 7.001622
223	 9	 9	 1	 95.691593	 -1	 0.000000	 9.655169
224	 9	 9	 1	 136.326600	 -1	 0.000000	 11.691411
225	 9	 9	 1	 250.950701	 -1	 0.000000	 7.374241
226	 9	 9	 1	 137.279868	 -1	 0.000000	 10.350721
227	 9	 9	 0	 311.226396	 -1	 0.000000	 6.348120
229	 9	 9	 1	 185.014541	 -1	 0.000000	 9.036513
230	 9	 9	 1	 170.223106	 -1	 0.000000	 8.521825
231	 9	 9	 1	 88.415269	 -1	 0.000000	 10.487149
232	 9	 9	 0	 436.411375	 -1	 0.000000	 6.481614
233	 9	 9	 1	 144.899289	 -1	 0.000000	 10.195059
260	 9	 9	 0	 386.968794	 -1	 0.000000	 8.121171
261	 9	 9	 1	 116.510185	 -1	 0.000000	 11.740563
262	 9	 9	 1	 110.273090	 -1	 0.000000	 9.338384
263	 9	 9	 1	 106.544023	 -1	 0.000000	 8.352071
264	 9	 9	 1	 115.220162	 -1	 0.000000	 9.908772
265	 9	 9	 1	 86.465102	 -1	 0.000000	 10.102015
266	 9	 9	 1	 84.369718	 -1	 0.000000	 11.219171
267	 9	 9	 1	 86.739187	 -1	 0.000000	 9.523145
268	 9	 9	 1	 90.845202	 -1	 0.000000	 9.260232
269	 9	 9	 1	 103.047314	 -1	 0.000000	 8.799367
270	 9	 9	 1	 235.276067	 -1	 0.000000	 8.269735
271	 9	 9	 1	 61.180735	 -1	 0.000000	 9.430993
279	 9	 9	 1	 96.505019	 -1	 0.000000	 10.917032
280	 9	 9	 1	 264.635901	 -1	 0.000000	 6.651614
281	 9	 9	 1	 109.274759	 -1	 0.000000	 13.895750
282	 9	 9	 1	 80.435685	 -1	 0.000000	 16.734566
283	 9	 9	 0	 361.297332	 -1	 0.000000	 6.743198
284	 9	 9	 1	 108.808821	 -1	 0.000000	 9.356008
285	 9	 9	 0	 291.024192	 -1	 0.000000	 7.645510
286	 9	 9	 1	 233.821199	 -1	 0.000000	 9.283153
287	 9	 9	 1	 113.840783	 -1	 0.000000	 12.354540
288	 9	 9	 1	 108.752042	 -1	 0.000000	 8.313058
289	 9	 9	 1	 91.865897	 -1	 0.000000	 8.584886
290	 9	 9	 1	 87.222820	 -1	 0.000000	 9.084152
291	 9	 9	 1	 106.523528	 -1	 0.000000	 13.576524
292	 9	 9	 0	 408.765134	 -1	 0.000000	 8.039293
293	 9	 9	 1	 90.599286	 -1	 0.000000	 14.387827
294	 9	 9	 1	 86.151905	 -1	 0.000000	 8.966837
300	 9	 9	 1	 132.229896	 -1	 0.000000	 9.367315
301	 9	 9	 1	 85.972426	 -1	 0.000000	 11.888533
302	 9	 9	 1	 87.240462	 -1	 0.000000	 9.758497
303	 9	 9	 1	 101.052130	 -1	 0.000000	 7.959230
304	 9	 9	 1	 97.330675	 -1	 0.000000	 10.360469
305	 9	 9	 1	 119.210899	 -1	 0.000000	 12.589770
306	 9	 9	 1	 100.951571	 -1	 0.000000	 9.323861
307	 9	 9	 0	 393.198377	 -1	 0.000000	 6.931077
308	 9	 9	 1	 93.996232	 -1	 0.000000	 10.183702
309	 9	 9	 1	 112.061776	 -1	 0.000000	 14.514668
310	 9	 9	 1	 129.015275	 -1	 0.000000	 8.219612
311	 9	 9	 1	 82.852168	 -1	 0.000000	 9.336736
312	 9	 9	 0	 334.506484	 -1	 0.000000	 6.867466
313	 9	 9	 1	 189.772262	 -1	 0.000000	 7.593381
314	 9	 9	 1	 122.168282	 -1	 0.000000	 8.844470
316	 9	 9	 1	 100.691285	 -1	 0.000000	 12.809312
317	 9	 9	 0	 399.666916	 -1	 0.000000	 6.125655
318	 9	 9	 0	 423.051228	 -1	 0.000000	 7.232564
2385	 13	 13	 0	 381.618364	 -1	 0.000000	 6.500885
319	 9	 9	 1	 76.490976	 -1	 0.000000	 13.798161
322	 9	 9	 1	 90.874409	 -1	 0.000000	 9.155119
323	 9	 9	 0	 446.321656	 -1	 0.000000	 6.432227
324	 9	 9	 1	 103.374496	 -1	 0.000000	 8.917065
325	 9	 9	 1	 118.207797	 -1	 0.000000	 8.750786
326	 9	 9	 1	 267.389112	 -1	 0.000000	 6.315807
327	 9	 9	 0	 442.842410	 -1	 0.000000	 6.185730
328	 9	 9	 0	 414.928479	 -1	 0.000000	 6.476765
329	 9	 9	 1	 92.200788	 -1	 0.000000	 10.740696
330	 9	 9	 0	 322.766489	 -1	 0.000000	 6.965562
331	 9	 9	 1	 94.445019	 -1	 0.000000	 10.274929
332	 9	 9	 1	 93.969957	 -1	 0.000000	 12.372925
333	 9	 9	 0	 396.600779	 -1	 0.000000	 6.538852
334	 9	 9	 1	 120.156340	 -1	 0.000000	 10.546399
335	 9	 9	 1	 88.150111	 -1	 0.000000	 8.089833
336	 9	 9	 1	 100.451624	 -1	 0.000000	 11.319352
337	 9	 9	 1	 110.105714	 -1	 0.000000	 9.832975
338	 9	 9	 0	 359.679784	 -1	 0.000000	 6.612082
339	 9	 9	 1	 83.836394	 -1	 0.000000	 9.113711
340	 9	 9	 1	 89.171239	 -1	 0.000000	 12.457543
341	 9	 9	 1	 90.706106	 -1	 0.000000	 8.622849
342	 9	 9	 1	 104.304554	 -1	 0.000000	 12.777873
343	 9	 9	 1	 80.457550	 -1	 0.000000	 16.277330
344	 9	 9	 1	 102.866575	 -1	 0.000000	 11.375983
345	 9	 9	 1	 92.363570	 -1	 0.000000	 9.038400
346	 9	 9	 1	 228.322594	 -1	 0.000000	 5.949852
347	 9	 9	 0	 371.109563	 -1	 0.000000	 6.654404
348	 9	 9	 1	 91.513386	 -1	 0.000000	 8.666371
349	 9	 9	 1	 89.103783	 -1	 0.000000	 12.888836
350	 9	 9	 1	 114.494076	 -1	 0.000000	 12.906775
351	 9	 9	 1	 77.810356	 -1	 0.000000	 12.141935
352	 9	 9	 1	 122.574611	 -1	 0.000000	 8.413650
353	 9	 9	 1	 115.122197	 -1	 0.000000	 10.107863
354	 9	 9	 1	 103.619675	 -1	 0.000000	 9.462123
355	 9	 9	 1	 187.958347	 -1	 0.000000	 9.156002
356	 9	 9	 1	 101.338875	 -1	 0.000000	 8.481970
357	 9	 9	 1	 93.716961	 -1	 0.000000	 10.262970
358	 9	 9	 0	 413.685081	 -1	 0.000000	 7.033322
359	 9	 9	 1	 117.936325	 -1	 0.000000	 9.989368
360	 9	 9	 1	 87.927377	 -1	 0.000000	 11.490780
361	 9	 9	 1	 120.020702	 -1	 0.000000	 10.005437
362	 9	 9	 0	 459.743731	 -1	 0.000000	 5.862234
363	 9	 9	 1	 93.369000	 -1	 0.000000	 10.639659
364	 9	 9	 1	 120.238691	 -1	 0.000000	 11.129657
365	 9	 9	 1	 199.340413	 -1	 0.000000	 7.735041
366	 9	 9	 1	 111.291305	 -1	 0.000000	 11.526645
367	 9	 9	 1	 97.785918	 -1	 0.000000	 9.707875
368	 9	 9	 0	 403.467066	 -1	 0.000000	 6.884025
369	 9	 9	 0	 366.487685	 -1	 0.000000	 6.920920
376	 9	 9	 1	 150.551623	 -1	 0.000000	 9.627921
377	 9	 9	 0	 312.605341	 -1	 0.000000	 8.587015
378	 9	 9	 0	 448.027426	 -1	 0.000000	 6.563298
379	 9	 9	 1	 91.843965	 -1	 0.000000	 10.915469
380	 9	 9	 1	 186.369219	 -1	 0.000000	 7.347946
381	 9	 9	 1	 145.386198	 -1	 0.000000	 8.907694
382	 9	 9	 1	 81.267158	 -1	 0.000000	 9.377751
383	 9	 9	 1	 115.643446	 -1	 0.000000	 10.814533
384	 9	 9	 1	 177.221149	 -1	 0.000000	 7.338343
385	 9	 9	 1	 151.601161	 -1	 0.000000	 8.585562
386	 9	 9	 1	 93.855756	 -1	 0.000000	 9.966747
387	 9	 9	 1	 86.161271	 -1	 0.000000	 8.573115
388	 9	 9	 1	 117.344436	 -1	 0.000000	 10.178372
389	 9	 9	 1	 136.749572	 -1	 0.000000	 10.129992
390	 9	 9	 1	 85.967382	 -1	 0.000000	 8.712577
391	 9	 9	 1	 283.626882	 -1	 0.000000	 7.748084
398	 9	 9	 1	 100.153766	 -1	 0.000000	 10.568077
399	 9	 9	 1	 114.479495	 -1	 0.000000	 10.082743
400	 9	 9	 1	 114.798333	 -1	 0.000000	 7.514500
401	 9	 9	 1	 130.433370	 -1	 0.000000	 9.749904
402	 9	 9	 1	 102.973594	 -1	 0.000000	 9.580835
403	 9	 9	 1	 130.531827	 -1	 0.000000	 13.258071
404	 9	 9	 1	 111.458015	 -1	 0.000000	 10.778090
405	 9	 9	 1	 212.423017	 -1	 0.000000	 8.546518
406	 9	 9	 1	 179.125995	 -1	 0.000000	 9.537613
407	 9	 9	 1	 113.463440	 -1	 0.000000	 11.421431
408	 9	 9	 1	 97.723752	 -1	 0.000000	 8.877618
409	 9	 9	 1	 94.298501	 -1	 0.000000	 11.249150
410	 9	 9	 1	 102.780146	 -1	 0.000000	 11.721776
411	 9	 9	 1	 110.239624	 -1	 0.000000	 9.404846
412	 9	 9	 1	 96.980745	 -1	 0.000000	 11.257805
413	 9	 9	 1	 91.626210	 -1	 0.000000	 10.334437
414	 9	 9	 1	 105.824045	 -1	 0.000000	 8.347489
415	 9	 9	 0	 409.099444	 -1	 0.000000	 7.632771
416	 9	 9	 1	 107.931995	 -1	 0.000000	 11.109239
417	 9	 9	 1	 120.952979	 -1	 0.000000	 8.570911
418	 9	 9	 1	 91.864155	 -1	 0.000000	 11.649081
419	 9	 9	 1	 124.138295	 -1	 0.000000	 10.658391
420	 9	 9	 1	 86.613368	 -1	 0.000000	 10.185444
421	 9	 9	 0	 428.994645	 -1	 0.000000	 6.766320
422	 9	 9	 1	 102.110549	 -1	 0.000000	 11.102915
423	 9	 9	 1	 114.468222	 -1	 0.000000	 9.174628
424	 9	 9	 1	 188.213027	 -1	 0.000000	 8.261413
425	 9	 9	 1	 110.663391	 -1	 0.000000	 9.288994
426	 9	 9	 1	 237.591645	 -1	 0.000000	 7.929858
427	 9	 9	 1	 105.088911	 -1	 0.000000	 8.210671
428	 9	 9	 1	 223.126645	 -1	 0.000000	 7.965437
429	 9	 9	 1	 130.214289	 -1	 0.000000	 7.928902
430	 9	 9	 1	 283.533076	 -1	 0.000000	 7.101755
431	 9	 9	 1	 100.346509	 -1	 0.000000	 13.544930
432	 9	 9	 1	 85.801446	 -1	 0.000000	 8.859301
433	 9	 9	 1	 83.647568	 -1	 0.000000	 12.144963
434	 9	 9	 1	 106.915315	 -1	 0.000000	 14.116117
435	 9	 9	 1	 108.675912	 -1	 0.000000	 10.098323
436	 9	 9	 0	 448.958830	 -1	 0.000000	 6.167679
437	 9	 9	 1	 108.239372	 -1	 0.000000	 13.009311
438	 9	 9	 1	 78.486757	 -1	 0.000000	 10.758471
439	 9	 9	 1	 222.307041	 -1	 0.000000	 8.420841
440	 9	 9	 1	 104.250428	 -1	 0.000000	 11.714482
441	 9	 9	 1	 98.752499	 -1	 0.000000	 12.269631
442	 9	 9	 0	 415.451322	 -1	 0.000000	 7.023086
443	 9	 9	 1	 108.721714	 -1	 0.000000	 8.364035
444	 9	 9	 1	 89.695537	 -1	 0.000000	 14.070584
445	 9	 9	 1	 85.017388	 -1	 0.000000	 9.269121
446	 9	 9	 1	 92.146186	 -1	 0.000000	 7.494538
447	 9	 9	 0	 413.125799	 -1	 0.000000	 6.816861
448	 9	 9	 1	 105.156877	 -1	 0.000000	 8.319373
449	 9	 9	 1	 201.038289	 -1	 0.000000	 7.586185
450	 9	 9	 1	 86.629029	 -1	 0.000000	 12.022534
451	 9	 9	 1	 127.815611	 -1	 0.000000	 13.609278
452	 9	 9	 1	 101.995670	 -1	 0.000000	 9.758832
453	 9	 9	 0	 381.268385	 -1	 0.000000	 7.235011
454	 9	 9	 1	 260.805293	 -1	 0.000000	 7.160806
455	 9	 9	 1	 93.973013	 -1	 0.000000	 7.554022
456	 9	 9	 1	 82.678112	 -1	 0.000000	 13.966193
457	 9	 9	 1	 111.160035	 -1	 0.000000	 12.101103
458	 9	 9	 1	 112.683154	 -1	 0.000000	 15.549402
459	 9	 9	 1	 109.051825	 -1	 0.000000	 10.465714
460	 9	 9	 1	 100.702732	 -1	 0.000000	 11.680820
461	 9	 9	 1	 99.061034	 -1	 0.000000	 9.779488
462	 9	 9	 0	 389.967038	 -1	 0.000000	 7.245914
463	 9	 9	 1	 138.204755	 -1	 0.000000	 9.783708
464	 9	 9	 1	 183.862738	 -1	 0.000000	 8.712026
465	 9	 9	 1	 104.008988	 -1	 0.000000	 9.639605
466	 9	 9	 1	 117.946107	 -1	 0.000000	 9.516132
467	 9	 9	 1	 83.077195	 -1	 0.000000	 9.791294
473	 9	 9	 1	 100.996451	 -1	 0.000000	 9.335068
474	 9	 9	 1	 110.941437	 -1	 0.000000	 10.522823
475	 9	 9	 1	 123.145171	 -1	 0.000000	 9.252514
476	 9	 9	 1	 99.836468	 -1	 0.000000	 14.605631
477	 9	 9	 1	 117.540089	 -1	 0.000000	 9.324887
478	 9	 9	 1	 271.671211	 -1	 0.000000	 7.180188
479	 9	 9	 1	 193.675004	 -1	 0.000000	 7.581370
480	 9	 9	 1	 157.457261	 -1	 0.000000	 10.637161
481	 9	 9	 1	 122.266202	 -1	 0.000000	 9.919374
482	 9	 9	 1	 181.542862	 -1	 0.000000	 7.557970
483	 9	 9	 1	 108.595449	 -1	 0.000000	 12.034144
484	 9	 9	 1	 73.808515	 -1	 0.000000	 13.204504
485	 9	 9	 1	 100.081345	 -1	 0.000000	 8.555095
486	 9	 9	 1	 83.218952	 -1	 0.000000	 13.444777
487	 9	 9	 1	 102.033550	 -1	 0.000000	 7.786929
488	 9	 9	 1	 145.936768	 -1	 0.000000	 9.115230
496	 9	 9	 1	 70.742208	 -1	 0.000000	 11.282501
497	 9	 9	 1	 170.055128	 -1	 0.000000	 8.678742
498	 9	 9	 1	 100.135433	 -1	 0.000000	 9.667108
499	 9	 9	 1	 113.438067	 -1	 0.000000	 8.848381
472	 9	 9	 1	 161.021190	 -1	 0.000000	 7.032868
0	 11	 11	 1	 126.704751	 -1	 0.000000	 7.373954
1	 11	 11	 1	 164.936050	 -1	 0.000000	 11.249935
2	 11	 11	 1	 121.410825	 -1	 0.000000	 10.485056
4	 11	 11	 1	 159.046436	 -1	 0.000000	 8.320016
5	 11	 11	 1	 172.261657	 -1	 0.000000	 14.633309
6	 11	 11	 1	 158.678999	 -1	 0.000000	 16.754404
7	 11	 11	 1	 140.729105	 -1	 0.000000	 10.125122
8	 11	 11	 1	 251.261948	 -1	 0.000000	 13.507318
9	 11	 11	 1	 118.327642	 -1	 0.000000	 9.325133
16	 11	 11	 1	 142.148783	 -1	 0.000000	 7.771395
17	 11	 11	 1	 87.413409	 -1	 0.000000	 7.424695
18	 11	 11	 1	 74.766873	 -1	 0.000000	 10.572701
19	 11	 11	 1	 152.880304	 -1	 0.000000	 9.033097
20	 11	 11	 1	 240.036808	 -1	 0.000000	 8.682633
21	 11	 11	 1	 171.803527	 -1	 0.000000	 16.307711
22	 11	 11	 1	 125.235066	 -1	 0.000000	 8.665896
23	 11	 11	 1	 143.742358	 -1	 0.000000	 23.970335
24	 11	 11	 1	 62.729057	 -1	 0.000000	 8.463954
25	 11	 11	 1	 86.299546	 -1	 0.000000	 12.028102
26	 11	 11	 1	 139.872634	 -1	 0.000000	 12.925264
27	 11	 11	 1	 38.565492	 -1	 0.000000	 8.808473
28	 11	 11	 1	 128.264122	 -1	 0.000000	 13.642534
29	 11	 11	 1	 93.963730	 -1	 0.000000	 7.925214
30	 11	 11	 1	 100.107736	 -1	 0.000000	 12.139730
31	 11	 11	 1	 61.553340	 -1	 0.000000	 10.763769
39	 11	 11	 1	 74.940958	 -1	 0.000000	 7.683180
14	 11	 11	 0	 495.612756	 -1	 0.000000	 9.573194
40	 11	 11	 1	 95.826237	 -1	 0.000000	 8.326308
41	 11	 11	 1	 173.648139	 -1	 0.000000	 8.877275
42	 11	 11	 1	 98.471108	 -1	 0.000000	 8.788856
43	 11	 11	 1	 137.900051	 -1	 0.000000	 10.348132
44	 11	 11	 1	 117.817002	 -1	 0.000000	 8.705966
45	 11	 11	 1	 161.196834	 -1	 0.000000	 8.484192
46	 11	 11	 1	 169.111882	 -1	 0.000000	 9.238824
47	 11	 11	 1	 168.497279	 -1	 0.000000	 10.638411
48	 11	 11	 1	 170.903050	 -1	 0.000000	 10.563534
49	 11	 11	 1	 179.530852	 -1	 0.000000	 8.839088
50	 11	 11	 1	 73.412222	 -1	 0.000000	 14.464471
51	 11	 11	 1	 133.522701	 -1	 0.000000	 9.631159
52	 11	 11	 1	 200.950506	 -1	 0.000000	 10.693780
53	 11	 11	 1	 178.666376	 -1	 0.000000	 9.001054
54	 11	 11	 1	 103.431434	 -1	 0.000000	 10.671555
55	 11	 11	 1	 133.671214	 -1	 0.000000	 6.804491
56	 11	 11	 1	 115.980406	 -1	 0.000000	 9.935205
57	 11	 11	 1	 74.126225	 -1	 0.000000	 11.830301
58	 11	 11	 1	 168.151975	 -1	 0.000000	 8.285641
>>> gr_fir_ccf: using E
>>> gr_fir_fff: using E
terminate called after throwing an instance of 'std::invalid_argument'
  what():  gr_ofdm_demod: Incorrect subcarriers allocated
>>> gr_fir_ccf: using E
>>> gr_fir_fff: using E
terminate called after throwing an instance of 'std::invalid_argument'
  what():  gr_ofdm_demod: Incorrect subcarriers allocated
>>> gr_fir_ccf: using E
>>> gr_fir_fff: using E
gr_buffer::allocate_buffer: warning: tried to allocate
   25 items of size 2544. Due to alignment requirements
   256 were allocated.  If this isn't OK, consider padding
   your structure to a power-of-two bytes.
   On this platform, our allocation granularity is 4096 bytes.
60	 10	 10	 0	 472.194580	 -1	 0.000000	 11.699180
61	 10	 10	 0	 470.794183	 -1	 0.000000	 8.539654
62	 10	 10	 0	 431.289531	 -1	 0.000000	 14.782160
63	 10	 10	 0	 422.509715	 -1	 0.000000	 11.527329
64	 10	 10	 1	 310.924571	 -1	 0.000000	 11.242525
65	 10	 10	 1	 352.990609	 -1	 0.000000	 8.332381
66	 10	 10	 0	 469.490426	 -1	 0.000000	 8.870813
67	 10	 10	 0	 399.838390	 -1	 0.000000	 7.980834
68	 10	 10	 0	 467.250951	 -1	 0.000000	 11.422493
69	 10	 10	 0	 446.293141	 -1	 0.000000	 17.108404
70	 10	 10	 1	 343.350396	 -1	 0.000000	 7.512346
71	 10	 10	 0	 453.830207	 -1	 0.000000	 18.355284
72	 10	 10	 0	 472.432558	 -1	 0.000000	 11.492534
74	 10	 10	 1	 373.493979	 -1	 0.000000	 11.575185
75	 10	 10	 0	 471.529195	 -1	 0.000000	 13.836795
76	 10	 10	 0	 441.848462	 -1	 0.000000	 9.942300
77	 10	 10	 1	 396.220776	 -1	 0.000000	 13.650376
78	 10	 10	 0	 434.880614	 -1	 0.000000	 15.200467
79	 10	 10	 0	 440.953085	 -1	 0.000000	 11.895430
80	 10	 10	 1	 362.324801	 -1	 0.000000	 8.440934
81	 10	 10	 1	 373.520650	 -1	 0.000000	 11.678541
82	 10	 10	 0	 425.161113	 -1	 0.000000	 12.440092
83	 10	 10	 1	 397.709787	 -1	 0.000000	 9.551185
85	 10	 10	 0	 419.917950	 -1	 0.000000	 10.520535
86	 10	 10	 0	 442.727660	 -1	 0.000000	 9.728968
87	 10	 10	 0	 477.325860	 -1	 0.000000	 7.874022
88	 10	 10	 0	 388.268083	 -1	 0.000000	 12.109870
89	 10	 10	 0	 474.136301	 -1	 0.000000	 12.184131
90	 10	 10	 0	 437.193217	 -1	 0.000000	 15.233508
91	 10	 10	 0	 437.321364	 -1	 0.000000	 11.883069
92	 10	 10	 0	 453.767425	 -1	 0.000000	 19.991554
93	 10	 10	 1	 379.290190	 -1	 0.000000	 9.293110
94	 10	 10	 0	 451.148554	 -1	 0.000000	 6.995551
95	 10	 10	 0	 422.447521	 -1	 0.000000	 7.485360
1625	 13	 13	 0	 375.635037	 -1	 0.000000	 13.144078
96	 10	 10	 1	 396.256574	 -1	 0.000000	 8.910951
98	 10	 10	 0	 415.357055	 -1	 0.000000	 11.513766
99	 10	 10	 1	 338.914983	 -1	 0.000000	 10.004446
100	 10	 10	 0	 448.780009	 -1	 0.000000	 9.368927
101	 10	 10	 1	 375.497198	 -1	 0.000000	 9.611659
102	 10	 10	 0	 476.063723	 -1	 0.000000	 9.067175
3523	 9	 9	 0	 450.199906	 -1	 0.000000	 5.396936
103	 10	 10	 0	 436.799707	 -1	 0.000000	 7.688780
104	 10	 10	 1	 362.127374	 -1	 0.000000	 8.046220
105	 10	 10	 0	 473.529766	 -1	 0.000000	 6.849366
106	 10	 10	 1	 351.317960	 -1	 0.000000	 12.394891
107	 10	 10	 1	 409.085332	 -1	 0.000000	 8.984574
108	 10	 10	 0	 454.582882	 -1	 0.000000	 8.893736
109	 10	 10	 0	 435.384861	 -1	 0.000000	 9.974172
110	 10	 10	 0	 474.623294	 -1	 0.000000	 9.448819
111	 10	 10	 0	 474.907591	 -1	 0.000000	 7.003003
112	 10	 10	 0	 440.427360	 -1	 0.000000	 8.970083
113	 10	 10	 0	 467.067815	 -1	 0.000000	 14.944596
114	 10	 10	 0	 452.892267	 -1	 0.000000	 12.920793
115	 10	 10	 0	 462.841619	 -1	 0.000000	 11.538647
116	 10	 10	 0	 457.580448	 -1	 0.000000	 8.875269
117	 10	 10	 1	 368.946601	 -1	 0.000000	 8.174208
118	 10	 10	 1	 374.273830	 -1	 0.000000	 10.907157
119	 10	 10	 0	 423.065769	 -1	 0.000000	 9.251999
120	 10	 10	 0	 426.687109	 -1	 0.000000	 9.684317
121	 10	 10	 1	 387.126626	 -1	 0.000000	 11.725591
122	 10	 10	 0	 432.028184	 -1	 0.000000	 9.363428
123	 10	 10	 0	 463.011117	 -1	 0.000000	 9.353936
124	 10	 10	 0	 445.395783	 -1	 0.000000	 12.070252
125	 10	 10	 0	 470.934757	 -1	 0.000000	 10.775848
126	 10	 10	 1	 405.841953	 -1	 0.000000	 10.575150
127	 10	 10	 0	 475.904767	 -1	 0.000000	 7.930064
128	 10	 10	 0	 419.315063	 -1	 0.000000	 8.803193
129	 10	 10	 0	 422.774966	 -1	 0.000000	 13.009761
130	 10	 10	 0	 403.414045	 -1	 0.000000	 10.802267
131	 10	 10	 0	 404.035268	 -1	 0.000000	 11.874652
132	 10	 10	 0	 467.870062	 -1	 0.000000	 12.428722
133	 10	 10	 0	 454.809753	 -1	 0.000000	 10.673591
134	 10	 10	 0	 467.190680	 -1	 0.000000	 9.392875
135	 10	 10	 0	 445.877774	 -1	 0.000000	 10.227321
136	 10	 10	 0	 419.255783	 -1	 0.000000	 9.246504
137	 10	 10	 0	 452.622150	 -1	 0.000000	 11.064519
138	 10	 10	 1	 357.769304	 -1	 0.000000	 8.321501
139	 10	 10	 1	 345.639097	 -1	 0.000000	 9.404711
140	 10	 10	 0	 414.187580	 -1	 0.000000	 10.506774
141	 10	 10	 1	 368.177609	 -1	 0.000000	 10.465786
142	 10	 10	 0	 477.094104	 -1	 0.000000	 8.990191
143	 10	 10	 1	 380.533814	 -1	 0.000000	 9.271658
144	 10	 10	 0	 447.857910	 -1	 0.000000	 9.209839
145	 10	 10	 0	 423.517029	 -1	 0.000000	 9.542248
146	 10	 10	 0	 420.345499	 -1	 0.000000	 14.273501
147	 10	 10	 0	 476.921106	 -1	 0.000000	 10.360814
148	 10	 10	 0	 454.650859	 -1	 0.000000	 8.977096
149	 10	 10	 1	 348.676962	 -1	 0.000000	 9.527296
150	 10	 10	 0	 455.255270	 -1	 0.000000	 8.094005
151	 10	 10	 0	 391.794727	 -1	 0.000000	 11.505561
152	 10	 10	 0	 467.837574	 -1	 0.000000	 10.894671
153	 10	 10	 1	 368.795315	 -1	 0.000000	 11.540871
154	 10	 10	 0	 422.342579	 -1	 0.000000	 9.811481
155	 10	 10	 1	 406.437874	 -1	 0.000000	 25.480349
156	 10	 10	 1	 385.905948	 -1	 0.000000	 8.428855
158	 10	 10	 0	 471.254088	 -1	 0.000000	 8.623524
159	 10	 10	 0	 450.194203	 -1	 0.000000	 9.282369
160	 10	 10	 0	 452.103535	 -1	 0.000000	 18.346027
161	 10	 10	 0	 463.111161	 -1	 0.000000	 8.572027
162	 10	 10	 0	 412.367063	 -1	 0.000000	 9.023285
163	 10	 10	 0	 479.180390	 -1	 0.000000	 9.536648
164	 10	 10	 0	 473.832057	 -1	 0.000000	 11.835800
165	 10	 10	 1	 392.592195	 -1	 0.000000	 8.345696
166	 10	 10	 1	 383.107164	 -1	 0.000000	 9.478706
167	 10	 10	 0	 427.228372	 -1	 0.000000	 8.996863
168	 10	 10	 0	 459.395184	 -1	 0.000000	 11.052512
169	 10	 10	 1	 404.228327	 -1	 0.000000	 12.765398
171	 10	 10	 1	 382.985184	 -1	 0.000000	 8.772441
172	 10	 10	 1	 356.996377	 -1	 0.000000	 14.964803
173	 10	 10	 0	 439.418793	 -1	 0.000000	 15.131504
174	 10	 10	 0	 467.642927	 -1	 0.000000	 17.835224
175	 10	 10	 0	 464.957178	 -1	 0.000000	 12.012676
176	 10	 10	 0	 469.370499	 -1	 0.000000	 9.152746
177	 10	 10	 0	 456.237715	 -1	 0.000000	 10.430733
178	 10	 10	 0	 460.778766	 -1	 0.000000	 9.938416
179	 10	 10	 0	 412.369981	 -1	 0.000000	 9.099482
180	 10	 10	 1	 331.079215	 -1	 0.000000	 8.739617
181	 10	 10	 1	 344.151129	 -1	 0.000000	 9.216859
182	 10	 10	 0	 468.960762	 -1	 0.000000	 8.715023
183	 10	 10	 1	 391.260727	 -1	 0.000000	 10.149384
184	 10	 10	 0	 407.866822	 -1	 0.000000	 7.393981
185	 10	 10	 0	 453.258069	 -1	 0.000000	 10.245289
186	 10	 10	 0	 462.417085	 -1	 0.000000	 9.285919
187	 10	 10	 0	 472.562899	 -1	 0.000000	 6.995193
188	 10	 10	 0	 426.534116	 -1	 0.000000	 10.527979
3300	 15	 15	 0	 382.249428	 -1	 0.000000	 11.223890
189	 10	 10	 1	 420.193395	 -1	 0.000000	 9.461635
190	 10	 10	 1	 339.058440	 -1	 0.000000	 7.895305
191	 10	 10	 0	 409.957299	 -1	 0.000000	 10.385426
192	 10	 10	 0	 478.279845	 -1	 0.000000	 15.059251
193	 10	 10	 0	 463.158842	 -1	 0.000000	 9.868977
194	 10	 10	 0	 424.352944	 -1	 0.000000	 9.968181
195	 10	 10	 0	 404.102050	 -1	 0.000000	 7.273965
197	 10	 10	 0	 413.631422	 -1	 0.000000	 8.485394
198	 10	 10	 0	 474.962892	 -1	 0.000000	 13.145440
199	 10	 10	 0	 478.411902	 -1	 0.000000	 8.830523
200	 10	 10	 0	 466.847240	 -1	 0.000000	 8.997124
201	 10	 10	 0	 466.471736	 -1	 0.000000	 9.345400
202	 10	 10	 0	 463.457731	 -1	 0.000000	 12.809359
203	 10	 10	 1	 379.457341	 -1	 0.000000	 7.693730
204	 10	 10	 1	 348.208417	 -1	 0.000000	 9.326149
205	 10	 10	 0	 476.963516	 -1	 0.000000	 12.548372
206	 10	 10	 0	 475.780707	 -1	 0.000000	 11.064812
207	 10	 10	 1	 363.641508	 -1	 0.000000	 11.745522
208	 10	 10	 0	 422.420605	 -1	 0.000000	 21.467228
209	 10	 10	 0	 460.853058	 -1	 0.000000	 10.968134
210	 10	 10	 1	 346.199201	 -1	 0.000000	 9.031132
211	 10	 10	 1	 382.374128	 -1	 0.000000	 10.653115
>>> gr_fir_ccf: using E
>>> gr_fir_fff: using E
gr_buffer::allocate_buffer: warning: tried to allocate
   25 items of size 2544. Due to alignment requirements
   256 were allocated.  If this isn't OK, consider padding
   your structure to a power-of-two bytes.
   On this platform, our allocation granularity is 4096 bytes.
