>>> gr_fir_ccf: using E
>>> gr_fir_fff: using E
gr_buffer::allocate_buffer: warning: tried to allocate
   25 items of size 2544. Due to alignment requirements
   256 were allocated.  If this isn't OK, consider padding
   your structure to a power-of-two bytes.
   On this platform, our allocation granularity is 4096 bytes.
40	 13	 13	 1	 0.000002	 -1	 0.000000	 3.453916
41	 13	 13	 1	 0.000003	 -1	 0.000000	 3.418831
42	 13	 13	 1	 0.000003	 -1	 0.000000	 3.505774
43	 13	 13	 1	 0.000003	 -1	 0.000000	 3.609859
44	 13	 13	 1	 0.000002	 -1	 0.000000	 3.560049
45	 13	 13	 1	 0.000002	 -1	 0.000000	 3.629466
46	 13	 13	 1	 0.000003	 -1	 0.000000	 3.606713
47	 13	 13	 1	 0.000002	 -1	 0.000000	 3.354142
48	 13	 13	 1	 0.000002	 -1	 0.000000	 3.495489
49	 13	 13	 1	 0.000003	 -1	 0.000000	 3.455051
50	 13	 13	 1	 0.000003	 -1	 0.000000	 3.324933
51	 13	 13	 1	 0.000003	 -1	 0.000000	 3.635191
52	 13	 13	 1	 0.000002	 -1	 0.000000	 3.405448
53	 13	 13	 1	 0.000002	 -1	 0.000000	 3.332543
962	 15	 15	 0	 418.509054	 -1	 0.000000	 2.703892
54	 13	 13	 1	 7.580171	 -1	 0.000000	 4.035234
55	 13	 13	 1	 0.000002	 -1	 0.000000	 3.521395
56	 13	 13	 1	 0.000003	 -1	 0.000000	 3.539967
57	 13	 13	 1	 0.000002	 -1	 0.000000	 3.611800
58	 13	 13	 1	 0.000004	 -1	 0.000000	 3.564492
59	 13	 13	 1	 0.000002	 -1	 0.000000	 3.486574
60	 13	 13	 1	 0.000002	 -1	 0.000000	 3.302991
63	 13	 13	 1	 0.000003	 -1	 0.000000	 3.466561
64	 13	 13	 1	 0.000002	 -1	 0.000000	 3.546072
1647	 13	 13	 0	 378.641085	 -1	 0.000000	 3.404003
65	 13	 13	 1	 0.000002	 -1	 0.000000	 3.632817
66	 13	 13	 1	 0.000002	 -1	 0.000000	 3.492888
67	 13	 13	 1	 0.000003	 -1	 0.000000	 3.568707
68	 13	 13	 1	 0.000002	 -1	 0.000000	 3.673555
69	 13	 13	 1	 0.000002	 -1	 0.000000	 3.655825
70	 13	 13	 1	 0.000003	 -1	 0.000000	 3.813746
71	 13	 13	 1	 0.000003	 -1	 0.000000	 3.660416
72	 13	 13	 1	 0.000003	 -1	 0.000000	 3.363184
73	 13	 13	 1	 0.000002	 -1	 0.000000	 3.602447
74	 13	 13	 1	 0.000002	 -1	 0.000000	 3.466746
75	 13	 13	 1	 0.000002	 -1	 0.000000	 3.558401
76	 13	 13	 1	 0.000002	 -1	 0.000000	 3.229901
77	 13	 13	 1	 0.000003	 -1	 0.000000	 3.118872
78	 13	 13	 1	 0.000002	 -1	 0.000000	 3.494382
79	 13	 13	 1	 0.000002	 -1	 0.000000	 3.624945
80	 13	 13	 1	 0.000002	 -1	 0.000000	 3.291723
81	 13	 13	 1	 0.000004	 -1	 0.000000	 3.549282
82	 13	 13	 1	 0.000003	 -1	 0.000000	 3.564952
83	 13	 13	 1	 0.000002	 -1	 0.000000	 3.248050
85	 13	 13	 1	 0.000002	 -1	 0.000000	 3.581371
86	 13	 13	 1	 0.000003	 -1	 0.000000	 3.508191
87	 13	 13	 1	 0.000003	 -1	 0.000000	 3.464112
88	 13	 13	 1	 0.000002	 -1	 0.000000	 3.480657
89	 13	 13	 1	 0.000002	 -1	 0.000000	 3.405335
90	 13	 13	 1	 0.000002	 -1	 0.000000	 3.384738
91	 13	 13	 1	 0.000003	 -1	 0.000000	 3.454206
92	 13	 13	 1	 0.000002	 -1	 0.000000	 4.013758
93	 13	 13	 1	 0.000002	 -1	 0.000000	 3.329558
94	 13	 13	 1	 0.000003	 -1	 0.000000	 3.477699
95	 13	 13	 1	 0.000003	 -1	 0.000000	 3.335063
96	 13	 13	 1	 0.019669	 -1	 0.000000	 4.170950
97	 13	 13	 1	 0.000003	 -1	 0.000000	 3.311731
99	 13	 13	 1	 0.000003	 -1	 0.000000	 3.449878
100	 13	 13	 1	 0.000002	 -1	 0.000000	 3.456958
101	 13	 13	 1	 0.000004	 -1	 0.000000	 3.626378
102	 13	 13	 1	 0.000002	 -1	 0.000000	 3.254565
103	 13	 13	 1	 0.000002	 -1	 0.000000	 3.486422
104	 13	 13	 1	 0.000002	 -1	 0.000000	 3.436697
105	 13	 13	 1	 0.000002	 -1	 0.000000	 3.458242
106	 13	 13	 1	 0.000002	 -1	 0.000000	 3.695771
107	 13	 13	 1	 0.000002	 -1	 0.000000	 3.644833
108	 13	 13	 1	 0.000003	 -1	 0.000000	 3.699528
109	 13	 13	 1	 0.000003	 -1	 0.000000	 3.649702
110	 13	 13	 1	 0.000003	 -1	 0.000000	 3.500955
111	 13	 13	 1	 0.000003	 -1	 0.000000	 3.475014
112	 13	 13	 1	 0.000003	 -1	 0.000000	 3.727736
113	 13	 13	 1	 0.000003	 -1	 0.000000	 3.337504
114	 13	 13	 1	 0.000003	 -1	 0.000000	 3.618908
115	 13	 13	 1	 0.000003	 -1	 0.000000	 3.571343
116	 13	 13	 1	 0.000003	 -1	 0.000000	 3.667623
117	 13	 13	 1	 0.000002	 -1	 0.000000	 3.423752
118	 13	 13	 1	 0.000002	 -1	 0.000000	 3.614170
119	 13	 13	 1	 0.000002	 -1	 0.000000	 3.400702
120	 13	 13	 1	 0.000002	 -1	 0.000000	 3.687843
121	 13	 13	 1	 0.000002	 -1	 0.000000	 3.921928
23	 15	 15	 0	 382.573764	 -1	 0.000000	 4.165356
122	 13	 13	 1	 0.000002	 -1	 0.000000	 3.359667
123	 13	 13	 1	 0.000003	 -1	 0.000000	 3.619493
124	 13	 13	 1	 0.000002	 -1	 0.000000	 3.337764
125	 13	 13	 1	 0.000004	 -1	 0.000000	 3.639373
126	 13	 13	 1	 0.053802	 -1	 0.000000	 4.018276
127	 13	 13	 1	 0.000002	 -1	 0.000000	 3.560417
128	 13	 13	 1	 0.000002	 -1	 0.000000	 3.371340
129	 13	 13	 1	 0.000002	 -1	 0.000000	 3.223298
130	 13	 13	 1	 0.000003	 -1	 0.000000	 3.366747
131	 13	 13	 1	 0.231046	 -1	 0.000000	 3.711562
132	 13	 13	 1	 0.000003	 -1	 0.000000	 3.519066
133	 13	 13	 1	 0.000002	 -1	 0.000000	 3.652316
134	 13	 13	 1	 0.000002	 -1	 0.000000	 3.531021
135	 13	 13	 1	 0.000002	 -1	 0.000000	 3.684192
136	 13	 13	 1	 0.000002	 -1	 0.000000	 3.432244
137	 13	 13	 1	 0.000002	 -1	 0.000000	 3.423798
139	 13	 13	 1	 0.000003	 -1	 0.000000	 3.436002
140	 13	 13	 1	 0.000002	 -1	 0.000000	 3.846470
141	 13	 13	 1	 0.000002	 -1	 0.000000	 3.743359
142	 13	 13	 1	 0.000002	 -1	 0.000000	 3.500669
143	 13	 13	 1	 0.000001	 -1	 0.000000	 3.810835
144	 13	 13	 1	 0.000002	 -1	 0.000000	 3.598693
145	 13	 13	 1	 0.000002	 -1	 0.000000	 3.376690
146	 13	 13	 1	 0.000002	 -1	 0.000000	 3.469822
147	 13	 13	 1	 0.000003	 -1	 0.000000	 3.637892
148	 13	 13	 1	 0.000003	 -1	 0.000000	 3.618481
149	 13	 13	 1	 0.000003	 -1	 0.000000	 3.499708
150	 13	 13	 1	 0.000002	 -1	 0.000000	 3.600119
151	 13	 13	 1	 0.000003	 -1	 0.000000	 3.574279
152	 13	 13	 1	 0.000004	 -1	 0.000000	 3.589238
153	 13	 13	 1	 0.000002	 -1	 0.000000	 3.359967
154	 13	 13	 1	 0.000003	 -1	 0.000000	 3.440828
155	 13	 13	 1	 0.000002	 -1	 0.000000	 3.535383
157	 13	 13	 1	 0.000003	 -1	 0.000000	 3.639494
158	 13	 13	 1	 0.000002	 -1	 0.000000	 3.412674
159	 13	 13	 1	 0.000002	 -1	 0.000000	 3.382941
160	 13	 13	 1	 0.000001	 -1	 0.000000	 3.697043
1802	 9	 9	 0	 447.955219	 -1	 0.000000	 3.885430
161	 13	 13	 1	 31.551860	 -1	 0.000000	 4.022507
162	 13	 13	 1	 0.000003	 -1	 0.000000	 3.463625
163	 13	 13	 1	 0.000002	 -1	 0.000000	 3.520797
164	 13	 13	 1	 0.000003	 -1	 0.000000	 3.346407
2326	 9	 9	 0	 450.097975	 -1	 0.000000	 8.872497
165	 13	 13	 1	 0.000002	 -1	 0.000000	 3.650318
167	 13	 13	 1	 0.000003	 -1	 0.000000	 3.611534
168	 13	 13	 1	 0.000002	 -1	 0.000000	 3.768381
169	 13	 13	 1	 0.000002	 -1	 0.000000	 3.407131
170	 13	 13	 1	 0.000001	 -1	 0.000000	 3.677208
171	 13	 13	 1	 0.000002	 -1	 0.000000	 3.739583
172	 13	 13	 1	 0.000002	 -1	 0.000000	 3.565623
173	 13	 13	 1	 0.000003	 -1	 0.000000	 3.705422
174	 13	 13	 1	 0.000003	 -1	 0.000000	 3.506021
175	 13	 13	 1	 0.000001	 -1	 0.000000	 3.440907
176	 13	 13	 1	 0.000003	 -1	 0.000000	 3.459652
177	 13	 13	 1	 0.000002	 -1	 0.000000	 3.493593
178	 13	 13	 1	 0.000003	 -1	 0.000000	 3.619646
179	 13	 13	 1	 0.000002	 -1	 0.000000	 3.571110
180	 13	 13	 1	 0.000002	 -1	 0.000000	 3.324736
181	 13	 13	 1	 0.000003	 -1	 0.000000	 3.347393
182	 13	 13	 1	 0.000003	 -1	 0.000000	 3.537595
183	 13	 13	 1	 0.000002	 -1	 0.000000	 4.007938
184	 13	 13	 1	 0.000002	 -1	 0.000000	 3.742779
185	 13	 13	 1	 0.000003	 -1	 0.000000	 3.582352
186	 13	 13	 1	 0.000003	 -1	 0.000000	 3.504271
187	 13	 13	 1	 0.000002	 -1	 0.000000	 3.733274
188	 13	 13	 1	 0.000002	 -1	 0.000000	 3.639640
189	 13	 13	 1	 0.000003	 -1	 0.000000	 3.662863
191	 13	 13	 1	 0.000002	 -1	 0.000000	 3.542003
192	 13	 13	 1	 0.000002	 -1	 0.000000	 3.353901
193	 13	 13	 1	 0.000004	 -1	 0.000000	 3.468862
194	 13	 13	 1	 0.000002	 -1	 0.000000	 3.344500
195	 13	 13	 1	 0.000003	 -1	 0.000000	 3.511902
196	 13	 13	 1	 0.000002	 -1	 0.000000	 3.601068
197	 13	 13	 1	 0.000002	 -1	 0.000000	 3.691493
198	 13	 13	 1	 0.000003	 -1	 0.000000	 3.398174
916	 15	 15	 0	 410.883834	 -1	 0.000000	 3.339934
199	 13	 13	 1	 0.000001	 -1	 0.000000	 3.828322
200	 13	 13	 1	 0.000002	 -1	 0.000000	 3.377173
201	 13	 13	 1	 0.000003	 -1	 0.000000	 3.315270
202	 13	 13	 1	 0.000002	 -1	 0.000000	 3.632385
203	 13	 13	 1	 0.000003	 -1	 0.000000	 3.738648
204	 13	 13	 1	 0.000002	 -1	 0.000000	 3.712827
205	 13	 13	 1	 0.000002	 -1	 0.000000	 3.498743
206	 13	 13	 1	 0.000003	 -1	 0.000000	 3.616170
208	 13	 13	 1	 0.000002	 -1	 0.000000	 3.653186
209	 13	 13	 1	 0.000002	 -1	 0.000000	 3.438853
210	 13	 13	 1	 0.000002	 -1	 0.000000	 3.520334
211	 13	 13	 1	 0.000003	 -1	 0.000000	 3.432792
212	 13	 13	 1	 0.000002	 -1	 0.000000	 4.064332
213	 13	 13	 1	 0.000001	 -1	 0.000000	 3.836227
214	 13	 13	 1	 0.000003	 -1	 0.000000	 3.557626
215	 13	 13	 1	 0.000002	 -1	 0.000000	 3.399259
216	 13	 13	 1	 0.000002	 -1	 0.000000	 3.608060
217	 13	 13	 1	 0.000002	 -1	 0.000000	 4.142196
218	 13	 13	 1	 0.000002	 -1	 0.000000	 3.599077
219	 13	 13	 1	 0.000002	 -1	 0.000000	 3.545208
222	 13	 13	 1	 0.000002	 -1	 0.000000	 3.329210
224	 13	 13	 0	 182.531278	 -1	 0.000000	 3.298364
225	 13	 13	 1	 47.366822	 -1	 0.000000	 3.472582
226	 13	 13	 1	 0.000002	 -1	 0.000000	 3.423773
228	 13	 13	 1	 0.000003	 -1	 0.000000	 3.486622
229	 13	 13	 1	 0.000004	 -1	 0.000000	 3.371623
230	 13	 13	 1	 0.000002	 -1	 0.000000	 3.714319
231	 13	 13	 1	 0.000002	 -1	 0.000000	 3.959304
232	 13	 13	 1	 0.000003	 -1	 0.000000	 3.647529
234	 13	 13	 1	 0.000002	 -1	 0.000000	 3.225482
235	 13	 13	 0	 336.884011	 -1	 0.000000	 3.501625
236	 13	 13	 1	 0.000004	 -1	 0.000000	 3.686852
237	 13	 13	 1	 0.000003	 -1	 0.000000	 3.419363
238	 13	 13	 1	 0.000002	 -1	 0.000000	 3.608274
239	 13	 13	 1	 0.000003	 -1	 0.000000	 3.366248
240	 13	 13	 1	 0.000003	 -1	 0.000000	 3.467540
241	 13	 13	 0	 271.493274	 -1	 0.000000	 3.379527
244	 13	 13	 0	 353.236358	 -1	 0.000000	 3.478840
246	 13	 13	 1	 0.000003	 -1	 0.000000	 3.293930
247	 13	 13	 0	 312.499404	 -1	 0.000000	 3.565937
250	 13	 13	 1	 0.000002	 -1	 0.000000	 3.486110
251	 13	 13	 1	 138.542119	 -1	 0.000000	 3.591941
252	 13	 13	 1	 159.351896	 -1	 0.000000	 3.677706
253	 13	 13	 1	 0.000002	 -1	 0.000000	 3.969443
254	 13	 13	 1	 0.000003	 -1	 0.000000	 3.532575
255	 13	 13	 1	 0.000002	 -1	 0.000000	 3.392822
256	 13	 13	 1	 0.000002	 -1	 0.000000	 3.339832
257	 13	 13	 1	 0.000003	 -1	 0.000000	 3.493636
258	 13	 13	 1	 0.000003	 -1	 0.000000	 3.552806
259	 13	 13	 1	 0.000002	 -1	 0.000000	 3.541914
263	 13	 13	 0	 372.095908	 -1	 0.000000	 3.315178
264	 13	 13	 0	 250.712522	 -1	 0.000000	 3.469090
265	 13	 13	 0	 371.475083	 -1	 0.000000	 3.742528
266	 13	 13	 1	 0.000003	 -1	 0.000000	 3.542179
268	 13	 13	 1	 126.411036	 -1	 0.000000	 3.576203
269	 13	 13	 1	 47.574329	 -1	 0.000000	 3.534570
270	 13	 13	 1	 0.000001	 -1	 0.000000	 3.776858
271	 13	 13	 0	 259.382736	 -1	 0.000000	 3.655873
273	 13	 13	 1	 0.000002	 -1	 0.000000	 3.539587
274	 13	 13	 1	 0.000003	 -1	 0.000000	 3.960274
275	 13	 13	 1	 0.000002	 -1	 0.000000	 3.319839
276	 13	 13	 1	 0.000003	 -1	 0.000000	 3.673456
278	 13	 13	 1	 0.000002	 -1	 0.000000	 3.745481
279	 13	 13	 1	 0.000002	 -1	 0.000000	 3.426096
280	 13	 13	 0	 279.580698	 -1	 0.000000	 3.570585
281	 13	 13	 1	 0.000002	 -1	 0.000000	 3.526125
282	 13	 13	 0	 215.173351	 -1	 0.000000	 3.417678
283	 13	 13	 0	 236.960409	 -1	 0.000000	 3.579479
284	 13	 13	 1	 47.635592	 -1	 0.000000	 3.560606
285	 13	 13	 1	 49.122076	 -1	 0.000000	 3.428827
287	 13	 13	 1	 0.000002	 -1	 0.000000	 3.343633
288	 13	 13	 1	 0.000002	 -1	 0.000000	 3.558548
289	 13	 13	 1	 0.000002	 -1	 0.000000	 3.404961
540	 13	 13	 0	 386.291211	 -1	 0.000000	 4.691692
290	 13	 13	 1	 0.000002	 -1	 0.000000	 3.393603
292	 13	 13	 1	 0.000002	 -1	 0.000000	 3.452989
294	 13	 13	 1	 0.000002	 -1	 0.000000	 3.523912
295	 13	 13	 0	 230.128098	 -1	 0.000000	 3.503771
296	 13	 13	 1	 0.000002	 -1	 0.000000	 3.611755
297	 13	 13	 1	 0.000002	 -1	 0.000000	 3.772686
298	 13	 13	 1	 0.000003	 -1	 0.000000	 3.279001
299	 13	 13	 1	 53.748930	 -1	 0.000000	 2.922921
302	 13	 13	 1	 0.718529	 -1	 0.000000	 3.125416
303	 13	 13	 1	 0.000002	 -1	 0.000000	 3.596767
304	 13	 13	 1	 0.000001	 -1	 0.000000	 3.657617
305	 13	 13	 1	 0.000003	 -1	 0.000000	 3.433225
306	 13	 13	 1	 5.772933	 -1	 0.000000	 3.724786
308	 13	 13	 1	 0.000002	 -1	 0.000000	 3.542877
309	 13	 13	 0	 223.491200	 -1	 0.000000	 3.541307
310	 13	 13	 1	 0.000002	 -1	 0.000000	 3.553530
311	 13	 13	 1	 0.000003	 -1	 0.000000	 3.526518
313	 13	 13	 1	 0.000003	 -1	 0.000000	 3.456714
314	 13	 13	 1	 0.000002	 -1	 0.000000	 3.435766
315	 13	 13	 1	 0.000003	 -1	 0.000000	 3.380676
316	 13	 13	 1	 0.000002	 -1	 0.000000	 3.479348
317	 13	 13	 1	 0.000002	 -1	 0.000000	 3.481615
318	 13	 13	 1	 0.000003	 -1	 0.000000	 3.337920
319	 13	 13	 1	 0.000001	 -1	 0.000000	 3.794080
320	 13	 13	 1	 47.478147	 -1	 0.000000	 3.473270
321	 13	 13	 0	 433.152176	 -1	 0.000000	 3.450117
323	 13	 13	 1	 0.000003	 -1	 0.000000	 3.641598
324	 13	 13	 0	 205.864162	 -1	 0.000000	 3.402931
326	 13	 13	 0	 397.700894	 -1	 0.000000	 3.500514
327	 13	 13	 1	 0.000003	 -1	 0.000000	 3.511240
329	 13	 13	 0	 355.205833	 -1	 0.000000	 3.603117
330	 13	 13	 1	 0.000004	 -1	 0.000000	 3.299937
331	 13	 13	 1	 0.000002	 -1	 0.000000	 3.705981
332	 13	 13	 1	 0.000002	 -1	 0.000000	 3.197975
333	 13	 13	 1	 0.000003	 -1	 0.000000	 3.422694
2944	 9	 9	 0	 453.676501	 -1	 0.000000	 7.648217
334	 13	 13	 1	 0.000004	 -1	 0.000000	 3.678589
335	 13	 13	 1	 0.000003	 -1	 0.000000	 3.677939
336	 13	 13	 1	 0.000002	 -1	 0.000000	 3.550063
337	 13	 13	 1	 0.000003	 -1	 0.000000	 3.479675
338	 13	 13	 1	 0.000001	 -1	 0.000000	 3.760173
339	 13	 13	 1	 0.000002	 -1	 0.000000	 3.697145
340	 13	 13	 1	 0.000003	 -1	 0.000000	 3.464200
341	 13	 13	 1	 0.000001	 -1	 0.000000	 2.617042
342	 13	 13	 1	 88.985163	 -1	 0.000000	 3.071183
344	 13	 13	 0	 271.475061	 -1	 0.000000	 3.314039
345	 13	 13	 1	 0.000002	 -1	 0.000000	 3.422480
346	 13	 13	 1	 0.000001	 -1	 0.000000	 3.638334
347	 13	 13	 0	 286.833605	 -1	 0.000000	 3.578863
348	 13	 13	 1	 0.000002	 -1	 0.000000	 3.396492
349	 13	 13	 0	 269.319173	 -1	 0.000000	 4.083529
350	 13	 13	 0	 200.864189	 -1	 0.000000	 3.474473
351	 13	 13	 1	 0.000003	 -1	 0.000000	 3.579183
352	 13	 13	 1	 0.000003	 -1	 0.000000	 3.505969
354	 13	 13	 1	 0.000003	 -1	 0.000000	 3.722427
355	 13	 13	 1	 0.000002	 -1	 0.000000	 3.368411
356	 13	 13	 1	 113.263972	 -1	 0.000000	 3.404751
357	 13	 13	 1	 0.000002	 -1	 0.000000	 3.828286
358	 13	 13	 1	 0.000002	 -1	 0.000000	 3.442450
359	 13	 13	 1	 0.000003	 -1	 0.000000	 3.761213
362	 13	 13	 1	 0.000003	 -1	 0.000000	 3.360438
364	 13	 13	 1	 55.870840	 -1	 0.000000	 3.424409
366	 13	 13	 0	 248.414693	 -1	 0.000000	 3.669819
371	 13	 13	 1	 0.000002	 -1	 0.000000	 3.602181
374	 13	 13	 1	 0.000002	 -1	 0.000000	 3.561579
375	 13	 13	 1	 0.000003	 -1	 0.000000	 3.558339
376	 13	 13	 1	 0.000003	 -1	 0.000000	 3.412369
377	 13	 13	 1	 0.000002	 -1	 0.000000	 3.459410
378	 13	 13	 1	 0.000003	 -1	 0.000000	 3.692075
379	 13	 13	 1	 0.000002	 -1	 0.000000	 3.326805
380	 13	 13	 1	 159.361928	 -1	 0.000000	 3.728664
381	 13	 13	 1	 0.000003	 -1	 0.000000	 3.577639
382	 13	 13	 0	 264.139977	 -1	 0.000000	 3.725308
383	 13	 13	 0	 216.589796	 -1	 0.000000	 4.308152
384	 13	 13	 1	 0.000002	 -1	 0.000000	 3.455463
386	 13	 13	 0	 252.541909	 -1	 0.000000	 3.611290
389	 13	 13	 0	 351.083231	 -1	 0.000000	 3.615902
391	 13	 13	 1	 0.214180	 -1	 0.000000	 3.652671
392	 13	 13	 1	 0.000002	 -1	 0.000000	 3.796821
393	 13	 13	 0	 299.954138	 -1	 0.000000	 3.462841
394	 13	 13	 0	 409.329800	 -1	 0.000000	 3.452867
395	 13	 13	 1	 0.000003	 -1	 0.000000	 3.398047
396	 13	 13	 1	 0.000003	 -1	 0.000000	 3.786483
397	 13	 13	 1	 0.000004	 -1	 0.000000	 3.454807
398	 13	 13	 1	 0.000003	 -1	 0.000000	 3.561169
399	 13	 13	 1	 0.000002	 -1	 0.000000	 3.588356
400	 13	 13	 0	 301.495840	 -1	 0.000000	 3.500014
401	 13	 13	 1	 0.004261	 -1	 0.000000	 3.371751
404	 13	 13	 0	 247.053780	 -1	 0.000000	 3.748320
408	 13	 13	 1	 0.000002	 -1	 0.000000	 3.384950
409	 13	 13	 1	 0.000002	 -1	 0.000000	 3.468888
410	 13	 13	 1	 0.000003	 -1	 0.000000	 3.518848
411	 13	 13	 1	 0.000002	 -1	 0.000000	 3.505230
412	 13	 13	 1	 0.000003	 -1	 0.000000	 3.599126
413	 13	 13	 1	 0.000002	 -1	 0.000000	 3.559735
414	 13	 13	 1	 0.000002	 -1	 0.000000	 3.440495
415	 13	 13	 1	 0.000001	 -1	 0.000000	 3.722009
416	 13	 13	 1	 0.000002	 -1	 0.000000	 3.549287
417	 13	 13	 1	 0.000003	 -1	 0.000000	 3.636309
418	 13	 13	 1	 0.000002	 -1	 0.000000	 3.779534
419	 13	 13	 1	 0.000003	 -1	 0.000000	 3.336087
420	 13	 13	 1	 0.000003	 -1	 0.000000	 3.483683
422	 13	 13	 1	 0.000003	 -1	 0.000000	 3.740367
424	 13	 13	 1	 0.000001	 -1	 0.000000	 3.774105
426	 13	 13	 1	 0.000002	 -1	 0.000000	 3.281769
428	 13	 13	 0	 139.291397	 -1	 0.000000	 4.102943
429	 13	 13	 1	 0.000003	 -1	 0.000000	 3.358874
430	 13	 13	 1	 0.000002	 -1	 0.000000	 3.413626
431	 13	 13	 1	 0.000003	 -1	 0.000000	 3.595653
432	 13	 13	 1	 0.000002	 -1	 0.000000	 3.343424
433	 13	 13	 1	 0.000003	 -1	 0.000000	 3.481557
434	 13	 13	 1	 0.000003	 -1	 0.000000	 3.491147
435	 13	 13	 1	 0.000002	 -1	 0.000000	 3.373178
436	 13	 13	 1	 0.000002	 -1	 0.000000	 3.745916
437	 13	 13	 1	 0.000002	 -1	 0.000000	 3.431953
438	 13	 13	 1	 12.300585	 -1	 0.000000	 4.045386
439	 13	 13	 1	 0.000010	 -1	 0.000000	 3.540774
463	 13	 13	 1	 0.000003	 -1	 0.000000	 3.702983
464	 13	 13	 0	 271.440174	 -1	 0.000000	 3.738576
465	 13	 13	 1	 0.000004	 -1	 0.000000	 3.369461
466	 13	 13	 1	 0.000002	 -1	 0.000000	 3.666572
467	 13	 13	 1	 0.000002	 -1	 0.000000	 3.425366
468	 13	 13	 1	 0.000003	 -1	 0.000000	 3.717119
469	 13	 13	 1	 0.000002	 -1	 0.000000	 3.445501
470	 13	 13	 1	 0.000003	 -1	 0.000000	 3.528194
471	 13	 13	 1	 0.000002	 -1	 0.000000	 3.348175
472	 13	 13	 1	 0.000002	 -1	 0.000000	 3.803422
473	 13	 13	 1	 0.000003	 -1	 0.000000	 3.416336
474	 13	 13	 1	 0.000003	 -1	 0.000000	 3.503584
475	 13	 13	 1	 0.000004	 -1	 0.000000	 3.584671
476	 13	 13	 1	 0.000002	 -1	 0.000000	 3.467441
478	 13	 13	 1	 0.000003	 -1	 0.000000	 3.546561
479	 13	 13	 1	 0.000002	 -1	 0.000000	 3.374711
447	 13	 13	 0	 251.625879	 -1	 0.000000	 3.687725
480	 13	 13	 1	 0.000003	 -1	 0.000000	 3.530383
482	 13	 13	 1	 0.000003	 -1	 0.000000	 3.696901
483	 13	 13	 1	 0.000002	 -1	 0.000000	 3.587945
484	 13	 13	 1	 0.000003	 -1	 0.000000	 3.557224
485	 13	 13	 1	 0.000003	 -1	 0.000000	 3.543694
486	 13	 13	 1	 0.000003	 -1	 0.000000	 3.571076
487	 13	 13	 1	 0.000002	 -1	 0.000000	 3.706474
488	 13	 13	 1	 0.000003	 -1	 0.000000	 3.404833
489	 13	 13	 1	 0.000003	 -1	 0.000000	 3.474075
490	 13	 13	 1	 0.000002	 -1	 0.000000	 3.568448
491	 13	 13	 1	 0.000002	 -1	 0.000000	 3.444386
492	 13	 13	 1	 0.000003	 -1	 0.000000	 3.422156
493	 13	 13	 1	 0.000002	 -1	 0.000000	 3.540278
494	 13	 13	 1	 0.000002	 -1	 0.000000	 3.747336
495	 13	 13	 1	 0.000002	 -1	 0.000000	 3.447452
496	 13	 13	 1	 0.000002	 -1	 0.000000	 4.067585
497	 13	 13	 1	 0.000003	 -1	 0.000000	 3.455974
498	 13	 13	 1	 0.000002	 -1	 0.000000	 3.161753
499	 13	 13	 1	 0.000003	 -1	 0.000000	 3.723422
0	 13	 13	 1	 0.000002	 -1	 0.000000	 3.761655
1	 13	 13	 1	 0.000003	 -1	 0.000000	 3.597594
2	 13	 13	 1	 0.000003	 -1	 0.000000	 3.329963
3	 13	 13	 1	 0.000002	 -1	 0.000000	 3.364277
4	 13	 13	 1	 0.000003	 -1	 0.000000	 3.450060
5	 13	 13	 1	 0.000002	 -1	 0.000000	 3.372092
6	 13	 13	 1	 0.000002	 -1	 0.000000	 3.505714
7	 13	 13	 1	 0.000001	 -1	 0.000000	 3.725469
8	 13	 13	 1	 0.000002	 -1	 0.000000	 3.444340
14	 13	 13	 1	 0.000003	 -1	 0.000000	 3.568583
15	 13	 13	 1	 0.000002	 -1	 0.000000	 3.244121
17	 13	 13	 1	 0.000002	 -1	 0.000000	 3.702863
>>> gr_fir_ccf: using E
>>> gr_fir_fff: using E
gr_buffer::allocate_buffer: warning: tried to allocate
   25 items of size 2544. Due to alignment requirements
   256 were allocated.  If this isn't OK, consider padding
   your structure to a power-of-two bytes.
   On this platform, our allocation granularity is 4096 bytes.
40	 13	 13	 1	 0.000001	 -1	 0.000000	 3.843013
41	 13	 13	 1	 0.000003	 -1	 0.000000	 3.532960
42	 13	 13	 1	 0.000003	 -1	 0.000000	 3.731836
43	 13	 13	 1	 0.000003	 -1	 0.000000	 3.358766
44	 13	 13	 1	 0.000002	 -1	 0.000000	 3.654472
45	 13	 13	 1	 0.000002	 -1	 0.000000	 3.522070
46	 13	 13	 1	 0.000003	 -1	 0.000000	 3.439474
47	 13	 13	 1	 0.000002	 -1	 0.000000	 3.587417
49	 13	 13	 1	 0.000002	 -1	 0.000000	 3.430336
50	 13	 13	 1	 0.000003	 -1	 0.000000	 3.431864
51	 13	 13	 1	 0.000002	 -1	 0.000000	 4.017212
52	 13	 13	 1	 0.000002	 -1	 0.000000	 3.406477
53	 13	 13	 1	 77.468363	 -1	 0.000000	 4.182603
54	 13	 13	 1	 0.000002	 -1	 0.000000	 3.411781
55	 13	 13	 1	 0.000002	 -1	 0.000000	 3.531641
56	 13	 13	 1	 0.000004	 -1	 0.000000	 3.571402
57	 13	 13	 1	 0.000003	 -1	 0.000000	 3.645233
58	 13	 13	 1	 0.000002	 -1	 0.000000	 3.283738
59	 13	 13	 1	 0.000003	 -1	 0.000000	 3.418637
60	 13	 13	 1	 0.000002	 -1	 0.000000	 3.540969
61	 13	 13	 1	 0.000003	 -1	 0.000000	 3.585020
62	 13	 13	 1	 0.000002	 -1	 0.000000	 3.514010
64	 13	 13	 1	 0.000002	 -1	 0.000000	 3.397425
65	 13	 13	 1	 0.000002	 -1	 0.000000	 3.544993
66	 13	 13	 1	 0.000002	 -1	 0.000000	 3.712362
67	 13	 13	 1	 0.000002	 -1	 0.000000	 3.302351
68	 13	 13	 1	 0.000003	 -1	 0.000000	 3.155752
69	 13	 13	 1	 0.000002	 -1	 0.000000	 3.610468
70	 13	 13	 1	 0.000002	 -1	 0.000000	 3.560366
71	 13	 13	 1	 0.000003	 -1	 0.000000	 3.390080
72	 13	 13	 1	 0.000002	 -1	 0.000000	 3.307239
73	 13	 13	 1	 0.000003	 -1	 0.000000	 3.384843
74	 13	 13	 1	 0.000002	 -1	 0.000000	 3.613326
75	 13	 13	 1	 0.000002	 -1	 0.000000	 3.458735
76	 13	 13	 1	 0.063845	 -1	 0.000000	 3.867105
77	 13	 13	 1	 0.000002	 -1	 0.000000	 3.134045
78	 13	 13	 1	 0.000003	 -1	 0.000000	 3.444684
80	 13	 13	 1	 0.000002	 -1	 0.000000	 3.931880
81	 13	 13	 1	 0.000003	 -1	 0.000000	 3.618945
82	 13	 13	 1	 0.000003	 -1	 0.000000	 3.452560
83	 13	 13	 1	 0.000003	 -1	 0.000000	 3.461101
84	 13	 13	 1	 0.000002	 -1	 0.000000	 3.310048
85	 13	 13	 1	 0.000003	 -1	 0.000000	 3.458728
86	 13	 13	 1	 0.000003	 -1	 0.000000	 3.263988
87	 13	 13	 1	 0.000002	 -1	 0.000000	 3.826355
88	 13	 13	 1	 0.000003	 -1	 0.000000	 3.578089
89	 13	 13	 1	 0.000002	 -1	 0.000000	 3.563403
90	 13	 13	 1	 0.000002	 -1	 0.000000	 3.663296
91	 13	 13	 1	 0.000003	 -1	 0.000000	 3.552520
92	 13	 13	 1	 0.000003	 -1	 0.000000	 3.577798
93	 13	 13	 1	 0.000003	 -1	 0.000000	 3.469868
94	 13	 13	 1	 0.000002	 -1	 0.000000	 3.302698
95	 13	 13	 1	 0.000003	 -1	 0.000000	 3.453858
96	 13	 13	 1	 0.000001	 -1	 0.000000	 3.924464
97	 13	 13	 1	 0.000003	 -1	 0.000000	 3.446686
98	 13	 13	 1	 0.000002	 -1	 0.000000	 3.612664
99	 13	 13	 1	 0.000003	 -1	 0.000000	 3.382147
100	 13	 13	 1	 0.000003	 -1	 0.000000	 3.648003
101	 13	 13	 1	 0.000002	 -1	 0.000000	 3.561653
102	 13	 13	 1	 0.000003	 -1	 0.000000	 3.569221
103	 13	 13	 1	 0.000127	 -1	 0.000000	 4.060210
104	 13	 13	 1	 0.000002	 -1	 0.000000	 3.440870
105	 13	 13	 1	 0.000003	 -1	 0.000000	 3.456549
106	 13	 13	 1	 0.000002	 -1	 0.000000	 3.496156
107	 13	 13	 1	 0.000003	 -1	 0.000000	 3.622186
108	 13	 13	 1	 0.000002	 -1	 0.000000	 3.403296
109	 13	 13	 1	 0.000002	 -1	 0.000000	 3.593294
110	 13	 13	 1	 0.000003	 -1	 0.000000	 3.514383
111	 13	 13	 1	 0.000003	 -1	 0.000000	 3.482713
112	 13	 13	 1	 0.000002	 -1	 0.000000	 3.377672
113	 13	 13	 1	 0.000002	 -1	 0.000000	 3.648791
114	 13	 13	 1	 0.000003	 -1	 0.000000	 3.619296
115	 13	 13	 1	 0.000003	 -1	 0.000000	 3.509550
116	 13	 13	 1	 0.000002	 -1	 0.000000	 3.414795
117	 13	 13	 1	 0.000003	 -1	 0.000000	 3.653316
118	 13	 13	 1	 0.000002	 -1	 0.000000	 3.943015
1086	 15	 15	 0	 424.874855	 -1	 0.000000	 4.927564
119	 13	 13	 1	 0.000002	 -1	 0.000000	 4.002251
120	 13	 13	 1	 0.000003	 -1	 0.000000	 3.397256
121	 13	 13	 1	 0.000003	 -1	 0.000000	 3.372845
122	 13	 13	 1	 0.000002	 -1	 0.000000	 3.488155
123	 13	 13	 1	 0.000002	 -1	 0.000000	 3.238207
124	 13	 13	 1	 0.000003	 -1	 0.000000	 3.511136
125	 13	 13	 1	 0.000003	 -1	 0.000000	 3.436597
126	 13	 13	 1	 0.000003	 -1	 0.000000	 3.268449
127	 13	 13	 1	 0.000003	 -1	 0.000000	 3.466389
128	 13	 13	 1	 0.000002	 -1	 0.000000	 3.581738
129	 13	 13	 1	 0.000002	 -1	 0.000000	 3.423217
130	 13	 13	 1	 0.000003	 -1	 0.000000	 3.402932
131	 13	 13	 1	 0.000002	 -1	 0.000000	 3.809445
132	 13	 13	 1	 0.000004	 -1	 0.000000	 3.472870
133	 13	 13	 1	 0.000003	 -1	 0.000000	 3.441441
134	 13	 13	 1	 0.000003	 -1	 0.000000	 3.380138
136	 13	 13	 1	 0.000003	 -1	 0.000000	 3.587113
137	 13	 13	 1	 0.000003	 -1	 0.000000	 3.731512
138	 13	 13	 1	 0.000001	 -1	 0.000000	 3.943974
139	 13	 13	 1	 0.000004	 -1	 0.000000	 3.632927
141	 13	 13	 1	 0.000002	 -1	 0.000000	 3.401051
142	 13	 13	 1	 0.000002	 -1	 0.000000	 3.454280
143	 13	 13	 1	 0.000002	 -1	 0.000000	 3.456751
144	 13	 13	 1	 0.000003	 -1	 0.000000	 3.443991
145	 13	 13	 1	 0.000002	 -1	 0.000000	 3.430625
146	 13	 13	 1	 0.000002	 -1	 0.000000	 3.883733
147	 13	 13	 1	 0.000002	 -1	 0.000000	 3.535724
148	 13	 13	 1	 0.000002	 -1	 0.000000	 3.455454
149	 13	 13	 1	 0.000003	 -1	 0.000000	 3.466010
150	 13	 13	 1	 24.148168	 -1	 0.000000	 3.891264
4043	 10	 10	 0	 476.365842	 -1	 0.000000	 22.999271
151	 13	 13	 1	 0.000002	 -1	 0.000000	 3.427721
152	 13	 13	 1	 0.000002	 -1	 0.000000	 3.469561
2555	 5	 5	 0	 425.849349	 -1	 0.000000	 2.332069
153	 13	 13	 1	 0.000003	 -1	 0.000000	 3.330884
155	 13	 13	 1	 0.000002	 -1	 0.000000	 3.322167
156	 13	 13	 1	 0.000002	 -1	 0.000000	 3.472797
157	 13	 13	 1	 0.000002	 -1	 0.000000	 3.578469
158	 13	 13	 1	 0.000003	 -1	 0.000000	 3.342592
159	 13	 13	 1	 0.000003	 -1	 0.000000	 3.544900
160	 13	 13	 1	 0.000002	 -1	 0.000000	 3.326357
161	 13	 13	 1	 0.000003	 -1	 0.000000	 3.541419
162	 13	 13	 1	 0.000002	 -1	 0.000000	 3.625289
163	 13	 13	 1	 0.000003	 -1	 0.000000	 3.665685
164	 13	 13	 1	 0.000003	 -1	 0.000000	 3.687412
165	 13	 13	 1	 0.000002	 -1	 0.000000	 3.617950
166	 13	 13	 1	 0.000003	 -1	 0.000000	 3.630691
167	 13	 13	 1	 0.000002	 -1	 0.000000	 3.550609
168	 13	 13	 1	 0.000003	 -1	 0.000000	 3.516525
169	 13	 13	 1	 0.000002	 -1	 0.000000	 3.399722
170	 13	 13	 1	 0.000003	 -1	 0.000000	 3.635331
171	 13	 13	 1	 0.000003	 -1	 0.000000	 3.700916
172	 13	 13	 1	 0.000002	 -1	 0.000000	 3.393047
173	 13	 13	 1	 0.000002	 -1	 0.000000	 3.518301
174	 13	 13	 1	 0.000002	 -1	 0.000000	 3.418483
175	 13	 13	 1	 0.000002	 -1	 0.000000	 3.492962
176	 13	 13	 1	 0.000003	 -1	 0.000000	 3.566314
177	 13	 13	 1	 0.000002	 -1	 0.000000	 3.378899
178	 13	 13	 1	 0.000003	 -1	 0.000000	 3.479929
179	 13	 13	 1	 0.003764	 -1	 0.000000	 3.963427
180	 13	 13	 1	 0.000004	 -1	 0.000000	 3.493304
181	 13	 13	 1	 0.000002	 -1	 0.000000	 3.678818
182	 13	 13	 1	 0.000001	 -1	 0.000000	 3.732734
183	 13	 13	 1	 24.925194	 -1	 0.000000	 3.652722
184	 13	 13	 1	 0.000003	 -1	 0.000000	 3.670587
185	 13	 13	 1	 0.000003	 -1	 0.000000	 3.480075
187	 13	 13	 1	 0.000002	 -1	 0.000000	 3.405258
188	 13	 13	 1	 0.000003	 -1	 0.000000	 3.582275
189	 13	 13	 1	 0.000003	 -1	 0.000000	 3.495624
190	 13	 13	 1	 0.064986	 -1	 0.000000	 3.474352
191	 13	 13	 1	 0.000001	 -1	 0.000000	 3.818202
192	 13	 13	 1	 0.000002	 -1	 0.000000	 3.337400
193	 13	 13	 1	 0.000003	 -1	 0.000000	 3.431003
194	 13	 13	 1	 0.000002	 -1	 0.000000	 3.439158
195	 13	 13	 1	 0.000003	 -1	 0.000000	 3.541219
196	 13	 13	 1	 0.000002	 -1	 0.000000	 3.592068
197	 13	 13	 1	 0.000002	 -1	 0.000000	 3.702252
198	 13	 13	 1	 0.000003	 -1	 0.000000	 3.563721
199	 13	 13	 1	 0.000002	 -1	 0.000000	 3.302205
202	 13	 13	 1	 0.000002	 -1	 0.000000	 3.313965
204	 13	 13	 1	 0.000002	 -1	 0.000000	 3.519233
205	 13	 13	 1	 0.000002	 -1	 0.000000	 3.573507
206	 13	 13	 1	 0.000002	 -1	 0.000000	 3.569374
209	 13	 13	 1	 0.000003	 -1	 0.000000	 3.293007
210	 13	 13	 1	 0.000003	 -1	 0.000000	 3.603855
211	 13	 13	 1	 0.000002	 -1	 0.000000	 3.171967
212	 13	 13	 1	 0.000003	 -1	 0.000000	 3.508498
213	 13	 13	 1	 0.000002	 -1	 0.000000	 3.388571
214	 13	 13	 1	 0.000003	 -1	 0.000000	 3.442175
215	 13	 13	 1	 0.000003	 -1	 0.000000	 3.567630
216	 13	 13	 1	 125.640518	 -1	 0.000000	 3.361117
217	 13	 13	 1	 0.000003	 -1	 0.000000	 3.407214
218	 13	 13	 1	 0.000002	 -1	 0.000000	 3.410633
220	 13	 13	 1	 0.000004	 -1	 0.000000	 3.502712
3069	 15	 15	 0	 380.016557	 -1	 0.000000	 5.125426
223	 13	 13	 0	 276.921107	 -1	 0.000000	 3.231964
224	 13	 13	 1	 0.000003	 -1	 0.000000	 3.820283
225	 13	 13	 1	 0.000003	 -1	 0.000000	 3.538482
226	 13	 13	 1	 0.000002	 -1	 0.000000	 3.579894
227	 13	 13	 1	 0.000003	 -1	 0.000000	 3.574240
228	 13	 13	 1	 0.000003	 -1	 0.000000	 3.577717
229	 13	 13	 1	 0.000003	 -1	 0.000000	 3.521226
230	 13	 13	 1	 0.000002	 -1	 0.000000	 3.560073
231	 13	 13	 1	 0.000002	 -1	 0.000000	 3.426721
234	 13	 13	 0	 199.596502	 -1	 0.000000	 3.380542
235	 13	 13	 1	 0.000002	 -1	 0.000000	 4.055537
236	 13	 13	 0	 376.902401	 -1	 0.000000	 3.471119
237	 13	 13	 1	 0.000003	 -1	 0.000000	 3.492223
238	 13	 13	 1	 0.000002	 -1	 0.000000	 3.614297
239	 13	 13	 1	 0.000002	 -1	 0.000000	 3.910429
240	 13	 13	 1	 159.259006	 -1	 0.000000	 3.519420
241	 13	 13	 1	 0.000002	 -1	 0.000000	 3.427433
245	 13	 13	 1	 0.000002	 -1	 0.000000	 3.232206
249	 13	 13	 0	 330.310438	 -1	 0.000000	 3.495645
250	 13	 13	 1	 37.971296	 -1	 0.000000	 3.256070
252	 13	 13	 1	 0.000003	 -1	 0.000000	 3.525489
253	 13	 13	 1	 0.000002	 -1	 0.000000	 3.700225
280	 13	 13	 1	 0.000003	 -1	 0.000000	 3.599495
281	 13	 13	 1	 0.000003	 -1	 0.000000	 3.497588
282	 13	 13	 1	 0.000002	 -1	 0.000000	 3.312654
283	 13	 13	 1	 0.000003	 -1	 0.000000	 3.439763
284	 13	 13	 1	 0.016877	 -1	 0.000000	 4.106749
285	 13	 13	 1	 0.000003	 -1	 0.000000	 3.663045
286	 13	 13	 1	 0.000003	 -1	 0.000000	 3.317803
287	 13	 13	 1	 0.000003	 -1	 0.000000	 3.531684
288	 13	 13	 1	 0.000003	 -1	 0.000000	 3.592716
289	 13	 13	 1	 0.000002	 -1	 0.000000	 3.293051
290	 13	 13	 1	 0.000003	 -1	 0.000000	 3.294429
291	 13	 13	 1	 0.000003	 -1	 0.000000	 3.445159
292	 13	 13	 1	 0.002883	 -1	 0.000000	 3.768490
293	 13	 13	 1	 0.000002	 -1	 0.000000	 3.709895
294	 13	 13	 1	 0.000003	 -1	 0.000000	 3.412126
295	 13	 13	 1	 0.000001	 -1	 0.000000	 3.861441
296	 13	 13	 1	 0.000003	 -1	 0.000000	 3.428207
297	 13	 13	 1	 0.000003	 -1	 0.000000	 3.338219
298	 13	 13	 1	 0.000003	 -1	 0.000000	 3.586139
299	 13	 13	 1	 0.000002	 -1	 0.000000	 3.502711
300	 13	 13	 1	 0.000002	 -1	 0.000000	 3.525901
301	 13	 13	 1	 0.000003	 -1	 0.000000	 3.342313
302	 13	 13	 1	 0.000002	 -1	 0.000000	 3.347650
303	 13	 13	 1	 0.000003	 -1	 0.000000	 3.649156
304	 13	 13	 1	 0.237695	 -1	 0.000000	 4.005244
305	 13	 13	 1	 0.000003	 -1	 0.000000	 3.548657
306	 13	 13	 1	 0.000002	 -1	 0.000000	 4.008740
307	 13	 13	 1	 0.000003	 -1	 0.000000	 3.493288
308	 13	 13	 1	 0.056505	 -1	 0.000000	 4.451182
309	 13	 13	 1	 0.000002	 -1	 0.000000	 3.562694
310	 13	 13	 1	 0.000002	 -1	 0.000000	 3.407042
311	 13	 13	 1	 0.000003	 -1	 0.000000	 3.428189
312	 13	 13	 1	 0.000002	 -1	 0.000000	 3.555443
313	 13	 13	 1	 0.000003	 -1	 0.000000	 3.715483
1020	 7	 7	 0	 428.432115	 -1	 0.000000	 3.711270
320	 13	 13	 1	 0.000004	 -1	 0.000000	 3.566947
321	 13	 13	 1	 0.000003	 -1	 0.000000	 3.740647
322	 13	 13	 1	 0.000004	 -1	 0.000000	 3.707650
323	 13	 13	 1	 0.000003	 -1	 0.000000	 3.471944
324	 13	 13	 1	 0.000002	 -1	 0.000000	 3.677243
325	 13	 13	 1	 0.000002	 -1	 0.000000	 3.518406
326	 13	 13	 1	 0.000001	 -1	 0.000000	 3.926690
327	 13	 13	 1	 0.000002	 -1	 0.000000	 3.322503
328	 13	 13	 1	 0.000003	 -1	 0.000000	 3.809448
329	 13	 13	 1	 0.000002	 -1	 0.000000	 3.372804
330	 13	 13	 1	 0.000002	 -1	 0.000000	 3.272231
331	 13	 13	 1	 0.000002	 -1	 0.000000	 3.416409
332	 13	 13	 1	 0.000002	 -1	 0.000000	 3.376291
333	 13	 13	 1	 0.000002	 -1	 0.000000	 3.356606
334	 13	 13	 1	 0.000003	 -1	 0.000000	 3.552449
335	 13	 13	 1	 0.000003	 -1	 0.000000	 3.677477
336	 13	 13	 1	 0.000002	 -1	 0.000000	 3.456417
337	 13	 13	 1	 0.000004	 -1	 0.000000	 3.457228
338	 13	 13	 1	 0.000003	 -1	 0.000000	 3.414847
339	 13	 13	 1	 0.000003	 -1	 0.000000	 3.437087
351	 13	 13	 1	 0.000002	 -1	 0.000000	 3.459390
352	 13	 13	 1	 0.000003	 -1	 0.000000	 3.535257
353	 13	 13	 1	 0.000003	 -1	 0.000000	 3.420067
354	 13	 13	 1	 0.000003	 -1	 0.000000	 3.389473
355	 13	 13	 1	 0.000003	 -1	 0.000000	 3.731445
356	 13	 13	 1	 0.000002	 -1	 0.000000	 3.493992
357	 13	 13	 1	 0.000002	 -1	 0.000000	 3.703260
358	 13	 13	 1	 0.000002	 -1	 0.000000	 3.494855
359	 13	 13	 1	 0.000002	 -1	 0.000000	 3.665545
360	 13	 13	 1	 0.000002	 -1	 0.000000	 3.572119
361	 13	 13	 1	 0.000003	 -1	 0.000000	 3.623575
362	 13	 13	 1	 0.000003	 -1	 0.000000	 3.615025
363	 13	 13	 1	 0.000002	 -1	 0.000000	 3.473988
3111	 11	 11	 0	 452.082909	 -1	 0.000000	 1.827108
364	 13	 13	 1	 0.000004	 -1	 0.000000	 3.681491
365	 13	 13	 1	 0.000003	 -1	 0.000000	 3.467278
366	 13	 13	 1	 0.000003	 -1	 0.000000	 3.562914
367	 13	 13	 1	 0.000003	 -1	 0.000000	 3.277148
368	 13	 13	 1	 0.000003	 -1	 0.000000	 3.651675
369	 13	 13	 1	 0.000003	 -1	 0.000000	 3.279509
370	 13	 13	 1	 0.000001	 -1	 0.000000	 3.741149
371	 13	 13	 1	 0.000003	 -1	 0.000000	 3.502990
372	 13	 13	 1	 0.000002	 -1	 0.000000	 3.406930
373	 13	 13	 1	 0.000003	 -1	 0.000000	 3.601990
374	 13	 13	 1	 0.000003	 -1	 0.000000	 3.345777
375	 13	 13	 1	 0.000003	 -1	 0.000000	 3.377876
376	 13	 13	 1	 0.000004	 -1	 0.000000	 3.677745
377	 13	 13	 1	 0.000002	 -1	 0.000000	 3.528525
378	 13	 13	 1	 11.986919	 -1	 0.000000	 3.777262
379	 13	 13	 1	 0.000003	 -1	 0.000000	 3.428389
380	 13	 13	 1	 0.000003	 -1	 0.000000	 3.726318
1923	 10	 10	 0	 477.179127	 -1	 0.000000	 8.009660
381	 13	 13	 1	 0.000003	 -1	 0.000000	 3.756174
382	 13	 13	 1	 0.000002	 -1	 0.000000	 3.622439
383	 13	 13	 1	 0.000002	 -1	 0.000000	 3.719454
384	 13	 13	 1	 0.000004	 -1	 0.000000	 3.610401
385	 13	 13	 1	 0.000003	 -1	 0.000000	 3.602596
386	 13	 13	 1	 0.001118	 -1	 0.000000	 3.831793
387	 13	 13	 1	 0.000002	 -1	 0.000000	 3.452079
388	 13	 13	 1	 0.000002	 -1	 0.000000	 3.664079
389	 13	 13	 1	 0.000003	 -1	 0.000000	 3.512644
390	 13	 13	 1	 0.000002	 -1	 0.000000	 3.580510
391	 13	 13	 1	 0.000003	 -1	 0.000000	 3.700982
392	 13	 13	 1	 0.000002	 -1	 0.000000	 3.451607
393	 13	 13	 1	 0.000003	 -1	 0.000000	 3.712828
394	 13	 13	 1	 0.000002	 -1	 0.000000	 3.393686
395	 13	 13	 1	 0.000002	 -1	 0.000000	 3.474080
396	 13	 13	 1	 0.000003	 -1	 0.000000	 3.716991
397	 13	 13	 1	 0.000002	 -1	 0.000000	 3.522306
398	 13	 13	 1	 0.000003	 -1	 0.000000	 3.379939
399	 13	 13	 1	 0.000003	 -1	 0.000000	 3.607525
400	 13	 13	 1	 0.000002	 -1	 0.000000	 3.648193
401	 13	 13	 1	 0.000003	 -1	 0.000000	 3.568675
402	 13	 13	 1	 0.000002	 -1	 0.000000	 3.479298
403	 13	 13	 1	 0.000003	 -1	 0.000000	 3.572636
4	 13	 13	 0	 367.320186	 -1	 0.000000	 4.568294
404	 13	 13	 1	 0.000002	 -1	 0.000000	 5.553279
405	 13	 13	 1	 0.000002	 -1	 0.000000	 3.410035
406	 13	 13	 1	 0.000003	 -1	 0.000000	 3.494813
407	 13	 13	 1	 0.000002	 -1	 0.000000	 3.573937
408	 13	 13	 1	 0.000002	 -1	 0.000000	 3.477442
409	 13	 13	 1	 0.000003	 -1	 0.000000	 3.471520
410	 13	 13	 1	 0.000002	 -1	 0.000000	 3.503998
411	 13	 13	 1	 0.000002	 -1	 0.000000	 3.484985
412	 13	 13	 1	 0.000002	 -1	 0.000000	 3.468757
3865	 5	 5	 0	 404.251821	 -1	 0.000000	 1.866735
413	 13	 13	 1	 0.000003	 -1	 0.000000	 3.504452
420	 13	 13	 1	 0.000002	 -1	 0.000000	 3.789735
421	 13	 13	 1	 0.000003	 -1	 0.000000	 3.576593
423	 13	 13	 1	 0.000004	 -1	 0.000000	 3.579860
424	 13	 13	 1	 0.000003	 -1	 0.000000	 3.502361
425	 13	 13	 1	 0.000003	 -1	 0.000000	 3.247980
426	 13	 13	 1	 0.000002	 -1	 0.000000	 3.979858
427	 13	 13	 1	 0.000001	 -1	 0.000000	 3.928139
428	 13	 13	 1	 0.016175	 -1	 0.000000	 3.679812
429	 13	 13	 1	 0.000002	 -1	 0.000000	 3.418527
430	 13	 13	 1	 0.000004	 -1	 0.000000	 3.575710
431	 13	 13	 1	 0.000002	 -1	 0.000000	 3.386047
432	 13	 13	 1	 0.000003	 -1	 0.000000	 3.583745
2584	 7	 7	 0	 430.315188	 -1	 0.000000	 3.622720
433	 13	 13	 1	 0.000003	 -1	 0.000000	 3.461566
434	 13	 13	 1	 0.000003	 -1	 0.000000	 3.455742
436	 13	 13	 1	 0.000002	 -1	 0.000000	 3.458628
437	 13	 13	 1	 0.000002	 -1	 0.000000	 3.517095
438	 13	 13	 1	 0.000003	 -1	 0.000000	 3.706994
439	 13	 13	 1	 0.000002	 -1	 0.000000	 3.348445
440	 13	 13	 1	 0.000002	 -1	 0.000000	 3.440165
441	 13	 13	 1	 0.000002	 -1	 0.000000	 3.218134
457	 13	 13	 1	 0.000002	 -1	 0.000000	 3.331654
458	 13	 13	 1	 0.000003	 -1	 0.000000	 3.523704
459	 13	 13	 1	 0.000003	 -1	 0.000000	 3.441043
460	 13	 13	 1	 0.000002	 -1	 0.000000	 3.563046
461	 13	 13	 1	 0.000002	 -1	 0.000000	 3.654758
462	 13	 13	 1	 0.000003	 -1	 0.000000	 3.345486
463	 13	 13	 1	 0.000003	 -1	 0.000000	 3.530123
464	 13	 13	 1	 0.000002	 -1	 0.000000	 3.799006
465	 13	 13	 1	 0.000003	 -1	 0.000000	 3.340837
466	 13	 13	 1	 0.000002	 -1	 0.000000	 3.419466
467	 13	 13	 1	 0.000002	 -1	 0.000000	 3.472007
468	 13	 13	 1	 0.000002	 -1	 0.000000	 3.566557
470	 13	 13	 1	 0.000001	 -1	 0.000000	 3.629999
471	 13	 13	 1	 0.000002	 -1	 0.000000	 3.609002
472	 13	 13	 1	 0.000003	 -1	 0.000000	 3.545286
473	 13	 13	 1	 0.000004	 -1	 0.000000	 3.378895
474	 13	 13	 1	 0.000003	 -1	 0.000000	 3.407837
475	 13	 13	 1	 0.000003	 -1	 0.000000	 3.396621
476	 13	 13	 1	 0.000002	 -1	 0.000000	 3.497021
477	 13	 13	 1	 0.000003	 -1	 0.000000	 3.636345
478	 13	 13	 1	 0.000002	 -1	 0.000000	 3.636894
479	 13	 13	 1	 0.000002	 -1	 0.000000	 3.666629
480	 13	 13	 1	 0.000003	 -1	 0.000000	 3.592418
481	 13	 13	 1	 0.000001	 -1	 0.000000	 3.379363
482	 13	 13	 1	 0.000003	 -1	 0.000000	 3.569664
483	 13	 13	 1	 0.000002	 -1	 0.000000	 3.276141
484	 13	 13	 1	 0.000003	 -1	 0.000000	 3.580186
485	 13	 13	 1	 0.000003	 -1	 0.000000	 3.525219
486	 13	 13	 1	 0.000002	 -1	 0.000000	 3.545223
487	 13	 13	 1	 0.000003	 -1	 0.000000	 3.498384
488	 13	 13	 1	 0.000001	 -1	 0.000000	 3.572610
489	 13	 13	 1	 0.000003	 -1	 0.000000	 3.424142
490	 13	 13	 1	 0.000002	 -1	 0.000000	 3.576726
491	 13	 13	 1	 0.000002	 -1	 0.000000	 3.394894
492	 13	 13	 1	 0.000003	 -1	 0.000000	 3.517894
493	 13	 13	 1	 0.000002	 -1	 0.000000	 3.608957
494	 13	 13	 1	 0.000002	 -1	 0.000000	 3.324851
495	 13	 13	 1	 0.000003	 -1	 0.000000	 3.645684
496	 13	 13	 1	 0.000002	 -1	 0.000000	 3.289407
497	 13	 13	 1	 0.000002	 -1	 0.000000	 3.567998
498	 13	 13	 1	 0.000003	 -1	 0.000000	 3.504176
471	 7	 7	 0	 430.429984	 -1	 0.000000	 2.840641
499	 13	 13	 1	 0.000003	 -1	 0.000000	 3.292566
0	 15	 15	 1	 0.000063	 -1	 0.000000	 3.525166
1	 15	 15	 1	 0.000073	 -1	 0.000000	 3.703727
2	 15	 15	 1	 0.000060	 -1	 0.000000	 3.333370
3	 15	 15	 1	 0.000009	 -1	 0.000000	 3.780709
4	 15	 15	 1	 0.000108	 -1	 0.000000	 3.448398
6	 15	 15	 1	 33.355892	 -1	 0.000000	 3.836667
7	 15	 15	 1	 0.000063	 -1	 0.000000	 3.485574
8	 15	 15	 1	 0.000069	 -1	 0.000000	 3.406752
9	 15	 15	 1	 0.000126	 -1	 0.000000	 3.604593
10	 15	 15	 1	 0.000079	 -1	 0.000000	 3.633156
11	 15	 15	 1	 0.000042	 -1	 0.000000	 3.405993
12	 15	 15	 1	 0.000080	 -1	 0.000000	 3.563543
13	 15	 15	 1	 0.000007	 -1	 0.000000	 3.863381
14	 15	 15	 1	 0.000091	 -1	 0.000000	 3.456881
15	 15	 15	 1	 0.000078	 -1	 0.000000	 3.485832
16	 15	 15	 1	 0.000088	 -1	 0.000000	 3.320616
17	 15	 15	 1	 0.000078	 -1	 0.000000	 3.394793
19	 15	 15	 1	 0.000106	 -1	 0.000000	 3.477310
24	 15	 15	 1	 0.000095	 -1	 0.000000	 3.634488
25	 15	 15	 1	 0.000074	 -1	 0.000000	 3.528943
26	 15	 15	 1	 0.755914	 -1	 0.000000	 3.733872
27	 15	 15	 1	 13.123148	 -1	 0.000000	 3.608468
28	 15	 15	 1	 0.000055	 -1	 0.000000	 3.694994
29	 15	 15	 1	 0.000059	 -1	 0.000000	 3.467103
30	 15	 15	 1	 24.933692	 -1	 0.000000	 3.905233
31	 15	 15	 1	 0.000102	 -1	 0.000000	 3.604938
32	 15	 15	 1	 0.000075	 -1	 0.000000	 3.424470
33	 15	 15	 1	 0.000070	 -1	 0.000000	 3.468946
34	 15	 15	 1	 0.000081	 -1	 0.000000	 3.797023
35	 15	 15	 1	 4.861493	 -1	 0.000000	 3.605079
36	 15	 15	 1	 0.000116	 -1	 0.000000	 3.589763
37	 15	 15	 1	 0.000067	 -1	 0.000000	 3.433300
38	 15	 15	 1	 2.148994	 -1	 0.000000	 4.063637
>>> gr_fir_ccf: using E
>>> gr_fir_fff: using E
terminate called after throwing an instance of 'std::invalid_argument'
  what():  gr_ofdm_demod: Incorrect subcarriers allocated
>>> gr_fir_ccf: using E
>>> gr_fir_fff: using E
terminate called after throwing an instance of 'std::invalid_argument'
  what():  gr_ofdm_demod: Incorrect subcarriers allocated
>>> gr_fir_ccf: using E
>>> gr_fir_fff: using E
gr_buffer::allocate_buffer: warning: tried to allocate
   25 items of size 2544. Due to alignment requirements
   256 were allocated.  If this isn't OK, consider padding
   your structure to a power-of-two bytes.
   On this platform, our allocation granularity is 4096 bytes.
57	 5	 5	 0	 294.480638	 -1	 0.000000	 3.999864
58	 5	 5	 1	 0.004461	 -1	 0.000000	 3.469000
60	 5	 5	 1	 0.008290	 -1	 0.000000	 3.552796
61	 5	 5	 1	 0.007052	 -1	 0.000000	 3.432851
62	 5	 5	 1	 0.005139	 -1	 0.000000	 3.463627
63	 5	 5	 0	 260.799800	 -1	 0.000000	 3.935932
64	 5	 5	 0	 319.197959	 -1	 0.000000	 4.065663
65	 5	 5	 1	 0.004278	 -1	 0.000000	 3.411344
66	 5	 5	 1	 0.007238	 -1	 0.000000	 4.039021
67	 5	 5	 1	 0.008272	 -1	 0.000000	 3.703265
68	 5	 5	 1	 0.008138	 -1	 0.000000	 3.596853
69	 5	 5	 1	 0.004834	 -1	 0.000000	 3.400960
1516	 7	 7	 0	 432.046280	 -1	 0.000000	 3.496549
70	 5	 5	 1	 0.004590	 -1	 0.000000	 3.573745
71	 5	 5	 0	 317.617702	 -1	 0.000000	 3.793739
72	 5	 5	 1	 2.630145	 -1	 0.000000	 3.811256
73	 5	 5	 1	 0.007221	 -1	 0.000000	 3.533543
938	 13	 13	 0	 368.268592	 -1	 0.000000	 5.075801
74	 5	 5	 1	 0.005669	 -1	 0.000000	 3.718668
75	 5	 5	 1	 0.010329	 -1	 0.000000	 3.632416
76	 5	 5	 0	 255.316187	 -1	 0.000000	 4.035694
77	 5	 5	 1	 0.007843	 -1	 0.000000	 3.725564
78	 5	 5	 1	 0.009130	 -1	 0.000000	 3.464136
79	 5	 5	 1	 0.003688	 -1	 0.000000	 4.012265
80	 5	 5	 1	 0.008498	 -1	 0.000000	 3.406190
81	 5	 5	 1	 0.005141	 -1	 0.000000	 3.506250
82	 5	 5	 1	 0.004225	 -1	 0.000000	 3.721644
83	 5	 5	 1	 0.006067	 -1	 0.000000	 3.560228
84	 5	 5	 1	 0.005509	 -1	 0.000000	 3.602726
85	 5	 5	 0	 333.073917	 -1	 0.000000	 3.741825
86	 5	 5	 0	 354.231587	 -1	 0.000000	 3.881629
87	 5	 5	 1	 0.004374	 -1	 0.000000	 3.471240
88	 5	 5	 1	 0.005256	 -1	 0.000000	 3.554841
89	 5	 5	 1	 0.003063	 -1	 0.000000	 3.817200
90	 5	 5	 1	 0.004444	 -1	 0.000000	 3.483887
2274	 9	 9	 0	 461.040192	 -1	 0.000000	 3.663274
91	 5	 5	 1	 0.004516	 -1	 0.000000	 3.601810
92	 5	 5	 1	 0.005440	 -1	 0.000000	 3.958466
93	 5	 5	 0	 270.044940	 -1	 0.000000	 3.788306
94	 5	 5	 0	 268.596465	 -1	 0.000000	 3.916389
95	 5	 5	 0	 318.132317	 -1	 0.000000	 3.977774
96	 5	 5	 1	 0.007339	 -1	 0.000000	 3.624195
97	 5	 5	 1	 0.008537	 -1	 0.000000	 3.619508
98	 5	 5	 1	 0.003322	 -1	 0.000000	 3.750709
99	 5	 5	 1	 0.004290	 -1	 0.000000	 3.498069
100	 5	 5	 1	 0.007354	 -1	 0.000000	 3.578283
101	 5	 5	 1	 0.004181	 -1	 0.000000	 3.841334
102	 5	 5	 1	 0.007984	 -1	 0.000000	 3.399145
104	 5	 5	 0	 289.934636	 -1	 0.000000	 3.834079
105	 5	 5	 1	 77.816341	 -1	 0.000000	 3.977331
106	 5	 5	 1	 0.007498	 -1	 0.000000	 3.539445
107	 5	 5	 1	 0.011438	 -1	 0.000000	 3.538200
108	 5	 5	 1	 35.934221	 -1	 0.000000	 3.614164
109	 5	 5	 0	 365.722305	 -1	 0.000000	 3.906153
110	 5	 5	 1	 0.004448	 -1	 0.000000	 3.284168
111	 5	 5	 1	 0.005641	 -1	 0.000000	 3.679873
112	 5	 5	 1	 0.005872	 -1	 0.000000	 3.662919
113	 5	 5	 0	 249.452636	 -1	 0.000000	 3.692557
114	 5	 5	 1	 0.004402	 -1	 0.000000	 3.458524
115	 5	 5	 1	 0.004313	 -1	 0.000000	 3.602256
116	 5	 5	 0	 273.718629	 -1	 0.000000	 4.005114
117	 5	 5	 1	 0.004396	 -1	 0.000000	 3.688811
118	 5	 5	 1	 0.004221	 -1	 0.000000	 3.792399
2371	 13	 13	 0	 364.269775	 -1	 0.000000	 5.213522
119	 5	 5	 1	 0.009393	 -1	 0.000000	 3.588310
120	 5	 5	 1	 0.002711	 -1	 0.000000	 3.757874
121	 5	 5	 1	 0.004246	 -1	 0.000000	 3.561658
122	 5	 5	 1	 0.005167	 -1	 0.000000	 3.446189
123	 5	 5	 1	 0.004740	 -1	 0.000000	 3.578947
124	 5	 5	 1	 0.003464	 -1	 0.000000	 3.452818
125	 5	 5	 0	 363.356358	 -1	 0.000000	 3.743317
2318	 5	 5	 0	 402.837319	 -1	 0.000000	 1.919639
126	 5	 5	 1	 0.005205	 -1	 0.000000	 3.404472
127	 5	 5	 1	 0.005205	 -1	 0.000000	 3.822575
128	 5	 5	 0	 156.341780	 -1	 0.000000	 4.127292
129	 5	 5	 0	 387.251253	 -1	 0.000000	 3.856123
130	 5	 5	 1	 0.004567	 -1	 0.000000	 3.425408
131	 5	 5	 1	 0.007960	 -1	 0.000000	 3.599937
132	 5	 5	 1	 0.006310	 -1	 0.000000	 3.430387
133	 5	 5	 1	 0.006898	 -1	 0.000000	 3.374415
134	 5	 5	 1	 0.012532	 -1	 0.000000	 3.834663
135	 5	 5	 1	 0.006863	 -1	 0.000000	 3.517928
136	 5	 5	 1	 0.003886	 -1	 0.000000	 3.682844
137	 5	 5	 1	 0.004095	 -1	 0.000000	 3.303722
138	 5	 5	 1	 0.013052	 -1	 0.000000	 3.524328
139	 5	 5	 1	 0.008104	 -1	 0.000000	 3.536581
140	 5	 5	 1	 0.006455	 -1	 0.000000	 3.545203
141	 5	 5	 1	 0.004850	 -1	 0.000000	 3.303906
142	 5	 5	 1	 0.007547	 -1	 0.000000	 3.682321
143	 5	 5	 1	 0.003912	 -1	 0.000000	 3.451073
145	 5	 5	 1	 0.004971	 -1	 0.000000	 3.402883
146	 5	 5	 1	 0.005846	 -1	 0.000000	 3.492928
147	 5	 5	 0	 327.977505	 -1	 0.000000	 3.806395
148	 5	 5	 1	 0.005683	 -1	 0.000000	 3.605338
149	 5	 5	 1	 0.003547	 -1	 0.000000	 3.481305
150	 5	 5	 0	 232.739498	 -1	 0.000000	 4.130854
151	 5	 5	 1	 0.005838	 -1	 0.000000	 3.569174
152	 5	 5	 1	 0.004708	 -1	 0.000000	 3.578116
153	 5	 5	 1	 0.007095	 -1	 0.000000	 3.700229
154	 5	 5	 1	 0.004204	 -1	 0.000000	 3.297275
155	 5	 5	 1	 0.006576	 -1	 0.000000	 3.671784
156	 5	 5	 1	 0.009687	 -1	 0.000000	 3.512385
157	 5	 5	 1	 0.009572	 -1	 0.000000	 3.407450
158	 5	 5	 1	 0.006929	 -1	 0.000000	 3.708865
159	 5	 5	 1	 0.008409	 -1	 0.000000	 3.275997
161	 5	 5	 1	 0.004653	 -1	 0.000000	 3.543643
162	 5	 5	 1	 0.005276	 -1	 0.000000	 3.552267
163	 5	 5	 0	 351.695165	 -1	 0.000000	 3.759276
164	 5	 5	 0	 244.272769	 -1	 0.000000	 3.917861
165	 5	 5	 1	 0.008618	 -1	 0.000000	 3.648880
166	 5	 5	 1	 0.004391	 -1	 0.000000	 3.988750
167	 5	 5	 0	 326.157433	 -1	 0.000000	 3.900553
168	 5	 5	 0	 249.157791	 -1	 0.000000	 3.748780
169	 5	 5	 1	 0.005563	 -1	 0.000000	 3.385292
170	 5	 5	 0	 317.167464	 -1	 0.000000	 3.903388
171	 5	 5	 0	 281.729593	 -1	 0.000000	 3.596081
172	 5	 5	 1	 0.011236	 -1	 0.000000	 3.399136
173	 5	 5	 1	 0.002902	 -1	 0.000000	 3.784207
174	 5	 5	 0	 391.717077	 -1	 0.000000	 3.852534
175	 5	 5	 1	 0.004499	 -1	 0.000000	 3.351107
176	 5	 5	 1	 0.006022	 -1	 0.000000	 3.360277
177	 5	 5	 1	 0.005092	 -1	 0.000000	 3.383621
178	 5	 5	 0	 373.736141	 -1	 0.000000	 3.914466
179	 5	 5	 0	 255.163038	 -1	 0.000000	 4.088775
180	 5	 5	 1	 0.004546	 -1	 0.000000	 3.273953
1841	 7	 7	 0	 419.973694	 -1	 0.000000	 8.585680
181	 5	 5	 1	 0.005379	 -1	 0.000000	 3.736192
182	 5	 5	 1	 0.006129	 -1	 0.000000	 3.452751
183	 5	 5	 1	 0.004898	 -1	 0.000000	 4.102345
184	 5	 5	 1	 0.003746	 -1	 0.000000	 3.516832
186	 5	 5	 0	 373.838241	 -1	 0.000000	 4.132520
187	 5	 5	 1	 0.005939	 -1	 0.000000	 3.910266
188	 5	 5	 1	 0.004250	 -1	 0.000000	 3.700531
185	 7	 7	 0	 430.222130	 -1	 0.000000	 2.339164
189	 5	 5	 1	 0.005345	 -1	 0.000000	 3.426033
190	 5	 5	 0	 403.480418	 -1	 0.000000	 3.744280
191	 5	 5	 1	 11.213337	 -1	 0.000000	 4.246942
192	 5	 5	 1	 9.781427	 -1	 0.000000	 3.832802
193	 5	 5	 1	 0.003219	 -1	 0.000000	 3.442390
194	 5	 5	 1	 0.010097	 -1	 0.000000	 3.614976
195	 5	 5	 1	 0.011253	 -1	 0.000000	 3.852758
196	 5	 5	 1	 0.012351	 -1	 0.000000	 3.495327
197	 5	 5	 1	 0.004585	 -1	 0.000000	 3.384376
206	 5	 5	 0	 378.204976	 -1	 0.000000	 4.438300
199	 5	 5	 1	 0.009188	 -1	 0.000000	 3.605174
200	 5	 5	 0	 350.556014	 -1	 0.000000	 3.936292
201	 5	 5	 1	 0.006983	 -1	 0.000000	 3.655863
202	 5	 5	 1	 0.002742	 -1	 0.000000	 3.767420
203	 5	 5	 1	 0.005238	 -1	 0.000000	 3.505617
204	 5	 5	 1	 0.005908	 -1	 0.000000	 3.430524
205	 5	 5	 1	 0.004413	 -1	 0.000000	 3.365627
206	 5	 5	 1	 0.003260	 -1	 0.000000	 3.742613
207	 5	 5	 0	 262.815989	 -1	 0.000000	 3.984727
208	 5	 5	 1	 0.018026	 -1	 0.000000	 3.576939
209	 5	 5	 1	 0.010005	 -1	 0.000000	 3.628965
210	 5	 5	 1	 0.004422	 -1	 0.000000	 3.437853
211	 5	 5	 1	 0.006162	 -1	 0.000000	 3.564156
212	 5	 5	 1	 0.006860	 -1	 0.000000	 3.650816
213	 5	 5	 1	 0.005470	 -1	 0.000000	 3.405956
215	 5	 5	 1	 0.006894	 -1	 0.000000	 3.525939
216	 5	 5	 1	 0.006874	 -1	 0.000000	 3.974782
218	 5	 5	 1	 0.003651	 -1	 0.000000	 4.022186
219	 5	 5	 1	 0.005768	 -1	 0.000000	 3.243853
220	 5	 5	 1	 0.003247	 -1	 0.000000	 3.764548
221	 5	 5	 0	 274.714867	 -1	 0.000000	 3.763333
222	 5	 5	 0	 330.760347	 -1	 0.000000	 3.989579
223	 5	 5	 0	 371.642941	 -1	 0.000000	 3.854244
224	 5	 5	 1	 0.009159	 -1	 0.000000	 3.441339
225	 5	 5	 1	 0.002473	 -1	 0.000000	 3.782882
226	 5	 5	 1	 0.007948	 -1	 0.000000	 3.423256
227	 5	 5	 1	 0.005061	 -1	 0.000000	 3.474115
228	 5	 5	 1	 0.014384	 -1	 0.000000	 3.409414
229	 5	 5	 1	 0.004123	 -1	 0.000000	 3.441858
230	 5	 5	 1	 0.008523	 -1	 0.000000	 3.534871
231	 5	 5	 0	 334.705009	 -1	 0.000000	 3.680751
232	 5	 5	 1	 0.004932	 -1	 0.000000	 3.462497
233	 5	 5	 1	 0.006121	 -1	 0.000000	 3.424087
234	 5	 5	 1	 0.007777	 -1	 0.000000	 3.333617
235	 5	 5	 1	 0.006249	 -1	 0.000000	 3.306662
236	 5	 5	 0	 325.138341	 -1	 0.000000	 3.970730
237	 5	 5	 1	 0.005605	 -1	 0.000000	 3.472224
238	 5	 5	 1	 0.004956	 -1	 0.000000	 3.582510
239	 5	 5	 1	 0.004146	 -1	 0.000000	 3.867386
240	 5	 5	 1	 0.005379	 -1	 0.000000	 3.422004
241	 5	 5	 1	 0.003789	 -1	 0.000000	 3.555850
242	 5	 5	 1	 0.004095	 -1	 0.000000	 3.402803
243	 5	 5	 1	 0.008342	 -1	 0.000000	 3.251196
244	 5	 5	 0	 294.096035	 -1	 0.000000	 3.875076
245	 5	 5	 1	 0.003591	 -1	 0.000000	 3.513674
247	 5	 5	 1	 0.006890	 -1	 0.000000	 3.318073
248	 5	 5	 1	 0.004662	 -1	 0.000000	 3.704145
249	 5	 5	 1	 0.010453	 -1	 0.000000	 3.381013
250	 5	 5	 1	 0.007497	 -1	 0.000000	 3.829357
251	 5	 5	 1	 0.004027	 -1	 0.000000	 3.452895
253	 5	 5	 1	 0.005491	 -1	 0.000000	 3.722503
254	 5	 5	 1	 0.016611	 -1	 0.000000	 3.497563
255	 5	 5	 0	 292.537613	 -1	 0.000000	 3.808534
256	 5	 5	 1	 0.003300	 -1	 0.000000	 3.537323
258	 5	 5	 1	 0.008606	 -1	 0.000000	 3.753345
259	 5	 5	 0	 328.980276	 -1	 0.000000	 3.894024
260	 5	 5	 0	 202.354822	 -1	 0.000000	 3.711008
261	 5	 5	 1	 0.004534	 -1	 0.000000	 3.559343
262	 5	 5	 0	 311.093497	 -1	 0.000000	 3.473982
263	 5	 5	 0	 238.816513	 -1	 0.000000	 3.537500
265	 5	 5	 0	 233.506551	 -1	 0.000000	 3.739415
268	 5	 5	 1	 0.006158	 -1	 0.000000	 3.640688
269	 5	 5	 1	 0.008511	 -1	 0.000000	 3.505297
270	 5	 5	 0	 357.882844	 -1	 0.000000	 3.742668
271	 5	 5	 1	 0.005367	 -1	 0.000000	 3.346132
272	 5	 5	 1	 71.742639	 -1	 0.000000	 3.747516
159	 15	 15	 0	 391.602537	 -1	 0.000000	 2.508643
273	 5	 5	 1	 0.009218	 -1	 0.000000	 3.540306
275	 5	 5	 1	 0.008167	 -1	 0.000000	 3.541059
2319	 11	 11	 0	 457.383219	 -1	 0.000000	 1.555958
277	 5	 5	 1	 0.007108	 -1	 0.000000	 3.916836
278	 5	 5	 1	 0.018704	 -1	 0.000000	 3.567703
279	 5	 5	 1	 0.008038	 -1	 0.000000	 3.615293
281	 5	 5	 0	 273.327583	 -1	 0.000000	 4.131480
282	 5	 5	 0	 271.672479	 -1	 0.000000	 3.495782
283	 5	 5	 0	 268.145175	 -1	 0.000000	 3.929383
284	 5	 5	 0	 301.038015	 -1	 0.000000	 3.860146
285	 5	 5	 0	 271.551786	 -1	 0.000000	 3.307385
286	 5	 5	 0	 325.826079	 -1	 0.000000	 4.117407
288	 5	 5	 1	 0.715993	 -1	 0.000000	 4.510374
290	 5	 5	 1	 0.005624	 -1	 0.000000	 3.769049
291	 5	 5	 1	 0.003588	 -1	 0.000000	 3.670175
292	 5	 5	 1	 0.005471	 -1	 0.000000	 3.524193
293	 5	 5	 1	 0.003257	 -1	 0.000000	 3.681940
294	 5	 5	 1	 0.004430	 -1	 0.000000	 3.660854
295	 5	 5	 0	 330.184767	 -1	 0.000000	 3.728388
296	 5	 5	 0	 225.438585	 -1	 0.000000	 3.934142
297	 5	 5	 0	 150.211307	 -1	 0.000000	 3.722843
298	 5	 5	 1	 0.007668	 -1	 0.000000	 3.574060
299	 5	 5	 0	 241.813335	 -1	 0.000000	 3.816594
306	 5	 5	 0	 495.423778	 -1	 0.000000	 4.137699
308	 5	 5	 0	 452.683933	 -1	 0.000000	 3.616131
309	 5	 5	 1	 0.002279	 -1	 0.000000	 2.679440
310	 5	 5	 1	 0.003993	 -1	 0.000000	 3.432328
311	 5	 5	 0	 325.529680	 -1	 0.000000	 3.922139
312	 5	 5	 1	 0.007055	 -1	 0.000000	 3.315005
313	 5	 5	 1	 0.002884	 -1	 0.000000	 3.489334
314	 5	 5	 1	 0.009274	 -1	 0.000000	 3.595227
315	 5	 5	 1	 0.007576	 -1	 0.000000	 3.603130
316	 5	 5	 1	 0.910308	 -1	 0.000000	 3.732353
317	 5	 5	 1	 0.004467	 -1	 0.000000	 3.336748
318	 5	 5	 1	 0.006947	 -1	 0.000000	 3.412431
320	 5	 5	 1	 0.004046	 -1	 0.000000	 3.404737
321	 5	 5	 1	 0.006470	 -1	 0.000000	 3.466713
322	 5	 5	 1	 0.005564	 -1	 0.000000	 3.647455
323	 5	 5	 0	 250.741110	 -1	 0.000000	 3.127806
325	 5	 5	 1	 0.004767	 -1	 0.000000	 3.317803
327	 5	 5	 1	 47.520813	 -1	 0.000000	 3.543228
329	 5	 5	 1	 0.005489	 -1	 0.000000	 3.530092
331	 5	 5	 0	 233.479743	 -1	 0.000000	 3.725454
332	 5	 5	 1	 0.025542	 -1	 0.000000	 3.632426
333	 5	 5	 1	 0.004131	 -1	 0.000000	 3.417277
334	 5	 5	 1	 0.006664	 -1	 0.000000	 3.682224
335	 5	 5	 1	 0.002958	 -1	 0.000000	 3.683380
336	 5	 5	 1	 0.004606	 -1	 0.000000	 3.904528
338	 5	 5	 0	 287.336759	 -1	 0.000000	 3.676367
339	 5	 5	 1	 0.006135	 -1	 0.000000	 3.498331
340	 5	 5	 1	 0.005111	 -1	 0.000000	 3.468560
343	 5	 5	 1	 0.012628	 -1	 0.000000	 3.506238
346	 5	 5	 1	 0.007646	 -1	 0.000000	 3.535030
347	 5	 5	 1	 0.006695	 -1	 0.000000	 3.395673
348	 5	 5	 0	 214.658423	 -1	 0.000000	 3.320467
349	 5	 5	 1	 18.208634	 -1	 0.000000	 3.788183
2060	 10	 10	 0	 474.826845	 -1	 0.000000	 7.463436
351	 5	 5	 1	 0.008087	 -1	 0.000000	 3.396851
1278	 7	 7	 0	 426.464925	 -1	 0.000000	 8.854496
352	 5	 5	 0	 257.558926	 -1	 0.000000	 3.993306
353	 5	 5	 1	 0.010781	 -1	 0.000000	 3.513956
354	 5	 5	 0	 323.767398	 -1	 0.000000	 3.886968
355	 5	 5	 1	 0.003807	 -1	 0.000000	 3.306544
357	 5	 5	 0	 194.520464	 -1	 0.000000	 3.700243
358	 5	 5	 1	 53.969575	 -1	 0.000000	 3.816766
359	 5	 5	 1	 0.004145	 -1	 0.000000	 3.474041
360	 5	 5	 0	 495.461367	 -1	 0.000000	 3.919157
361	 5	 5	 1	 0.004723	 -1	 0.000000	 3.813016
364	 5	 5	 0	 412.668927	 -1	 0.000000	 4.009106
367	 5	 5	 1	 0.008527	 -1	 0.000000	 3.438201
368	 5	 5	 0	 142.545485	 -1	 0.000000	 3.769759
369	 5	 5	 1	 0.004664	 -1	 0.000000	 3.684602
370	 5	 5	 1	 0.006152	 -1	 0.000000	 3.453767
371	 5	 5	 1	 0.006647	 -1	 0.000000	 3.609191
372	 5	 5	 1	 0.004759	 -1	 0.000000	 3.292055
373	 5	 5	 1	 0.004872	 -1	 0.000000	 3.630609
400	 5	 5	 1	 0.004839	 -1	 0.000000	 3.454077
401	 5	 5	 1	 0.003566	 -1	 0.000000	 3.630158
402	 5	 5	 1	 0.004049	 -1	 0.000000	 3.866909
406	 5	 5	 1	 0.014709	 -1	 0.000000	 3.621749
407	 5	 5	 0	 255.503342	 -1	 0.000000	 3.533557
408	 5	 5	 1	 0.005534	 -1	 0.000000	 3.639204
409	 5	 5	 1	 0.003048	 -1	 0.000000	 3.698200
410	 5	 5	 1	 0.005267	 -1	 0.000000	 3.504778
411	 5	 5	 1	 0.005095	 -1	 0.000000	 3.605334
413	 5	 5	 0	 365.030454	 -1	 0.000000	 3.819432
414	 5	 5	 1	 0.005898	 -1	 0.000000	 3.508143
415	 5	 5	 1	 0.015159	 -1	 0.000000	 3.437759
416	 5	 5	 1	 1.384030	 -1	 0.000000	 4.242790
417	 5	 5	 1	 0.005640	 -1	 0.000000	 3.586256
418	 5	 5	 1	 0.011092	 -1	 0.000000	 3.409695
419	 5	 5	 1	 0.007166	 -1	 0.000000	 3.458726
392	 5	 5	 1	 0.004091	 -1	 0.000000	 3.999791
420	 5	 5	 1	 35.861741	 -1	 0.000000	 3.975235
421	 5	 5	 1	 0.007523	 -1	 0.000000	 3.406328
422	 5	 5	 0	 282.509061	 -1	 0.000000	 3.680417
423	 5	 5	 1	 0.005657	 -1	 0.000000	 3.602917
424	 5	 5	 1	 0.004400	 -1	 0.000000	 3.876024
425	 5	 5	 1	 0.008692	 -1	 0.000000	 3.635236
426	 5	 5	 1	 0.004254	 -1	 0.000000	 3.538643
427	 5	 5	 1	 0.006370	 -1	 0.000000	 3.385113
428	 5	 5	 1	 0.007975	 -1	 0.000000	 3.462811
430	 5	 5	 1	 0.004342	 -1	 0.000000	 3.437720
432	 5	 5	 1	 0.004928	 -1	 0.000000	 3.730939
433	 5	 5	 1	 0.004900	 -1	 0.000000	 3.837291
435	 5	 5	 1	 0.003975	 -1	 0.000000	 3.634563
436	 5	 5	 1	 0.005651	 -1	 0.000000	 3.482236
437	 5	 5	 0	 239.474417	 -1	 0.000000	 3.930075
438	 5	 5	 0	 281.023111	 -1	 0.000000	 3.919361
439	 5	 5	 1	 0.004964	 -1	 0.000000	 3.811296
405	 5	 5	 1	 0.007751	 -1	 0.000000	 3.321572
440	 5	 5	 1	 0.003358	 -1	 0.000000	 3.506850
441	 5	 5	 1	 0.004256	 -1	 0.000000	 3.737468
442	 5	 5	 0	 284.372161	 -1	 0.000000	 3.967924
443	 5	 5	 0	 310.485476	 -1	 0.000000	 4.004056
445	 5	 5	 1	 0.011008	 -1	 0.000000	 3.458433
446	 5	 5	 1	 0.008015	 -1	 0.000000	 3.767736
447	 5	 5	 1	 0.005025	 -1	 0.000000	 3.531343
448	 5	 5	 0	 284.933563	 -1	 0.000000	 3.824958
449	 5	 5	 0	 330.344357	 -1	 0.000000	 4.320091
450	 5	 5	 1	 0.005098	 -1	 0.000000	 3.447899
451	 5	 5	 1	 0.007871	 -1	 0.000000	 3.412938
452	 5	 5	 1	 0.008527	 -1	 0.000000	 3.580565
453	 5	 5	 0	 318.151146	 -1	 0.000000	 3.666954
454	 5	 5	 1	 0.004216	 -1	 0.000000	 3.479641
455	 5	 5	 1	 0.004413	 -1	 0.000000	 3.936691
456	 5	 5	 1	 0.008871	 -1	 0.000000	 3.512303
457	 5	 5	 1	 0.005661	 -1	 0.000000	 3.598471
458	 5	 5	 1	 0.004370	 -1	 0.000000	 3.715522
459	 5	 5	 1	 0.007597	 -1	 0.000000	 3.553543
460	 5	 5	 1	 0.005390	 -1	 0.000000	 3.534601
461	 5	 5	 1	 0.006216	 -1	 0.000000	 3.788235
462	 5	 5	 1	 0.006018	 -1	 0.000000	 3.493337
463	 5	 5	 1	 0.006441	 -1	 0.000000	 3.504161
464	 5	 5	 1	 0.005990	 -1	 0.000000	 3.553006
465	 5	 5	 1	 0.007199	 -1	 0.000000	 3.417759
466	 5	 5	 1	 0.006462	 -1	 0.000000	 3.291174
468	 5	 5	 1	 0.006342	 -1	 0.000000	 3.421021
473	 5	 5	 1	 0.005629	 -1	 0.000000	 3.491068
474	 5	 5	 1	 0.008796	 -1	 0.000000	 3.396785
475	 5	 5	 1	 0.005353	 -1	 0.000000	 3.560049
476	 5	 5	 1	 0.005796	 -1	 0.000000	 3.440313
477	 5	 5	 0	 384.659479	 -1	 0.000000	 4.279418
478	 5	 5	 1	 0.005670	 -1	 0.000000	 3.527098
479	 5	 5	 1	 0.004251	 -1	 0.000000	 3.398664
480	 5	 5	 1	 0.004012	 -1	 0.000000	 3.599149
481	 5	 5	 1	 0.003973	 -1	 0.000000	 3.500449
482	 5	 5	 1	 0.004419	 -1	 0.000000	 3.617241
483	 5	 5	 1	 0.003524	 -1	 0.000000	 3.357833
484	 5	 5	 1	 0.002813	 -1	 0.000000	 3.561399
489	 5	 5	 1	 0.004696	 -1	 0.000000	 3.486604
490	 5	 5	 1	 0.006538	 -1	 0.000000	 3.461643
493	 5	 5	 1	 0.005449	 -1	 0.000000	 3.615881
494	 5	 5	 1	 0.006103	 -1	 0.000000	 3.821414
495	 5	 5	 1	 17.175601	 -1	 0.000000	 3.771355
496	 5	 5	 1	 0.004964	 -1	 0.000000	 3.713464
497	 5	 5	 1	 0.007146	 -1	 0.000000	 3.599272
498	 5	 5	 0	 292.003269	 -1	 0.000000	 3.946774
499	 5	 5	 1	 0.006449	 -1	 0.000000	 3.435036
0	 5	 5	 1	 0.004112	 -1	 0.000000	 3.627097
1	 5	 5	 1	 0.006472	 -1	 0.000000	 3.396372
2	 5	 5	 1	 0.006524	 -1	 0.000000	 3.677811
3	 5	 5	 1	 0.006547	 -1	 0.000000	 3.451030
4	 5	 5	 1	 0.014310	 -1	 0.000000	 3.485872
5	 5	 5	 1	 0.006967	 -1	 0.000000	 3.687814
6	 5	 5	 0	 219.388555	 -1	 0.000000	 3.832272
7	 5	 5	 1	 0.004756	 -1	 0.000000	 3.459957
8	 5	 5	 1	 0.004918	 -1	 0.000000	 3.445611
9	 5	 5	 1	 0.006985	 -1	 0.000000	 3.707199
1410	 10	 10	 0	 479.847294	 -1	 0.000000	 5.356180
10	 5	 5	 1	 0.003535	 -1	 0.000000	 3.470775
11	 5	 5	 1	 0.003501	 -1	 0.000000	 3.564708
18	 5	 5	 1	 0.003448	 -1	 0.000000	 3.409833
19	 5	 5	 1	 0.004530	 -1	 0.000000	 3.535601
20	 5	 5	 1	 0.004163	 -1	 0.000000	 3.384305
21	 5	 5	 1	 0.005071	 -1	 0.000000	 3.373747
22	 5	 5	 1	 0.006626	 -1	 0.000000	 3.522105
23	 5	 5	 1	 0.011651	 -1	 0.000000	 3.309520
24	 5	 5	 0	 255.315443	 -1	 0.000000	 4.122848
25	 5	 5	 1	 0.006383	 -1	 0.000000	 3.574986
26	 5	 5	 1	 0.007956	 -1	 0.000000	 3.426759
27	 5	 5	 1	 0.006412	 -1	 0.000000	 3.327619
28	 5	 5	 1	 0.020064	 -1	 0.000000	 3.699239
35	 5	 5	 1	 0.007524	 -1	 0.000000	 3.520433
36	 5	 5	 1	 0.004181	 -1	 0.000000	 3.383350
39	 5	 5	 0	 275.212387	 -1	 0.000000	 3.560698
40	 5	 5	 1	 0.004556	 -1	 0.000000	 3.412211
41	 5	 5	 0	 322.445350	 -1	 0.000000	 3.546586
42	 5	 5	 1	 0.005081	 -1	 0.000000	 3.392707
46	 5	 5	 1	 0.014972	 -1	 0.000000	 3.427253
47	 5	 5	 1	 0.002715	 -1	 0.000000	 3.495789
48	 5	 5	 1	 0.006125	 -1	 0.000000	 3.446378
49	 5	 5	 1	 0.003130	 -1	 0.000000	 3.692457
50	 5	 5	 1	 0.009556	 -1	 0.000000	 3.603499
>>> gr_fir_ccf: using E
>>> gr_fir_fff: using E
gr_buffer::allocate_buffer: warning: tried to allocate
   25 items of size 2544. Due to alignment requirements
   256 were allocated.  If this isn't OK, consider padding
   your structure to a power-of-two bytes.
   On this platform, our allocation granularity is 4096 bytes.
60	 5	 5	 1	 0.007014	 -1	 0.000000	 3.752365
61	 5	 5	 1	 49.962859	 -1	 0.000000	 3.895489
62	 5	 5	 1	 48.043990	 -1	 0.000000	 3.987651
63	 5	 5	 1	 0.004569	 -1	 0.000000	 3.435433
64	 5	 5	 0	 318.329235	 -1	 0.000000	 3.491786
65	 5	 5	 1	 0.007209	 -1	 0.000000	 3.694385
66	 5	 5	 0	 349.419537	 -1	 0.000000	 4.003997
67	 5	 5	 1	 0.006749	 -1	 0.000000	 3.439011
68	 5	 5	 1	 0.019817	 -1	 0.000000	 3.887956
69	 5	 5	 1	 0.004508	 -1	 0.000000	 3.758692
70	 5	 5	 1	 0.005823	 -1	 0.000000	 3.551928
71	 5	 5	 1	 0.004615	 -1	 0.000000	 3.567054
72	 5	 5	 0	 255.975746	 -1	 0.000000	 4.255138
73	 5	 5	 1	 0.005649	 -1	 0.000000	 3.570798
74	 5	 5	 1	 0.005992	 -1	 0.000000	 3.929703
75	 5	 5	 1	 0.007337	 -1	 0.000000	 3.397338
76	 5	 5	 1	 0.004746	 -1	 0.000000	 3.203594
77	 5	 5	 1	 0.007260	 -1	 0.000000	 3.418062
79	 5	 5	 1	 0.006873	 -1	 0.000000	 3.740292
80	 5	 5	 1	 0.009782	 -1	 0.000000	 3.254189
82	 5	 5	 1	 0.010162	 -1	 0.000000	 3.627141
83	 5	 5	 1	 0.003935	 -1	 0.000000	 3.319575
84	 5	 5	 1	 0.005305	 -1	 0.000000	 3.413461
85	 5	 5	 0	 375.810570	 -1	 0.000000	 4.178702
86	 5	 5	 0	 336.328804	 -1	 0.000000	 3.899581
87	 5	 5	 1	 0.005575	 -1	 0.000000	 3.491025
88	 5	 5	 1	 0.003917	 -1	 0.000000	 3.386452
89	 5	 5	 1	 0.008626	 -1	 0.000000	 3.407743
90	 5	 5	 0	 359.084435	 -1	 0.000000	 3.831369
91	 5	 5	 0	 341.295156	 -1	 0.000000	 3.926916
92	 5	 5	 0	 264.112410	 -1	 0.000000	 4.018208
93	 5	 5	 1	 0.008246	 -1	 0.000000	 3.537076
94	 5	 5	 1	 0.009047	 -1	 0.000000	 3.358052
95	 5	 5	 1	 0.003722	 -1	 0.000000	 3.304955
96	 5	 5	 1	 0.006971	 -1	 0.000000	 3.550866
97	 5	 5	 1	 0.005011	 -1	 0.000000	 3.407698
98	 5	 5	 1	 0.010757	 -1	 0.000000	 3.461285
99	 5	 5	 1	 0.008723	 -1	 0.000000	 3.558097
100	 5	 5	 1	 0.004765	 -1	 0.000000	 3.363461
102	 5	 5	 0	 342.536148	 -1	 0.000000	 3.955861
103	 5	 5	 1	 0.004126	 -1	 0.000000	 3.557029
104	 5	 5	 1	 0.008223	 -1	 0.000000	 3.761603
105	 5	 5	 1	 0.006493	 -1	 0.000000	 3.417286
106	 5	 5	 1	 0.011448	 -1	 0.000000	 3.406765
107	 5	 5	 1	 42.411030	 -1	 0.000000	 3.745621
110	 5	 5	 1	 0.007157	 -1	 0.000000	 3.449757
111	 5	 5	 1	 0.005386	 -1	 0.000000	 4.077370
112	 5	 5	 1	 0.006423	 -1	 0.000000	 3.674088
113	 5	 5	 1	 0.007694	 -1	 0.000000	 3.669165
114	 5	 5	 1	 0.003739	 -1	 0.000000	 3.742129
116	 5	 5	 1	 5.984681	 -1	 0.000000	 3.832495
117	 5	 5	 1	 0.009232	 -1	 0.000000	 3.828088
118	 5	 5	 1	 0.003871	 -1	 0.000000	 3.452244
119	 5	 5	 1	 0.008883	 -1	 0.000000	 3.259682
120	 5	 5	 1	 0.011380	 -1	 0.000000	 3.321522
121	 5	 5	 1	 0.004905	 -1	 0.000000	 4.157097
122	 5	 5	 1	 0.095639	 -1	 0.000000	 4.327686
123	 5	 5	 1	 0.003219	 -1	 0.000000	 3.440931
124	 5	 5	 1	 0.005461	 -1	 0.000000	 3.284861
125	 5	 5	 0	 384.024532	 -1	 0.000000	 4.029919
126	 5	 5	 1	 0.008905	 -1	 0.000000	 3.497540
127	 5	 5	 1	 0.009510	 -1	 0.000000	 3.560261
128	 5	 5	 0	 372.503027	 -1	 0.000000	 4.421428
129	 5	 5	 0	 274.409065	 -1	 0.000000	 4.095791
130	 5	 5	 0	 306.149677	 -1	 0.000000	 3.818435
131	 5	 5	 1	 0.007824	 -1	 0.000000	 3.662721
133	 5	 5	 1	 0.002593	 -1	 0.000000	 3.831662
134	 5	 5	 1	 0.008189	 -1	 0.000000	 3.408221
135	 5	 5	 1	 0.005512	 -1	 0.000000	 3.500226
136	 5	 5	 0	 362.227445	 -1	 0.000000	 3.991263
137	 5	 5	 1	 0.003732	 -1	 0.000000	 3.608209
138	 5	 5	 1	 0.007092	 -1	 0.000000	 3.461266
139	 5	 5	 1	 0.004446	 -1	 0.000000	 3.543590
140	 5	 5	 0	 348.624093	 -1	 0.000000	 4.207544
141	 5	 5	 1	 0.006471	 -1	 0.000000	 3.538249
142	 5	 5	 1	 0.006327	 -1	 0.000000	 3.734482
143	 5	 5	 1	 0.010560	 -1	 0.000000	 3.506946
144	 5	 5	 1	 0.006975	 -1	 0.000000	 3.434254
145	 5	 5	 1	 0.002881	 -1	 0.000000	 3.658275
146	 5	 5	 1	 0.012161	 -1	 0.000000	 3.508373
147	 5	 5	 1	 0.005846	 -1	 0.000000	 3.563370
148	 5	 5	 1	 0.005218	 -1	 0.000000	 3.514524
149	 5	 5	 1	 0.004117	 -1	 0.000000	 3.323793
150	 5	 5	 0	 139.275062	 -1	 0.000000	 3.932163
151	 5	 5	 1	 0.005380	 -1	 0.000000	 3.640748
152	 5	 5	 1	 0.009824	 -1	 0.000000	 3.389383
153	 5	 5	 1	 0.006156	 -1	 0.000000	 3.458831
154	 5	 5	 1	 0.008425	 -1	 0.000000	 3.866255
155	 5	 5	 1	 0.008692	 -1	 0.000000	 3.507456
156	 5	 5	 1	 0.006804	 -1	 0.000000	 3.698274
158	 5	 5	 1	 0.007774	 -1	 0.000000	 3.716672
159	 5	 5	 1	 0.008986	 -1	 0.000000	 3.376075
160	 5	 5	 0	 288.255056	 -1	 0.000000	 3.797622
161	 5	 5	 0	 318.904932	 -1	 0.000000	 3.944186
162	 5	 5	 1	 0.003467	 -1	 0.000000	 3.479508
163	 5	 5	 1	 0.012661	 -1	 0.000000	 3.341249
164	 5	 5	 1	 0.004136	 -1	 0.000000	 3.502993
165	 5	 5	 0	 362.501143	 -1	 0.000000	 4.017086
166	 5	 5	 0	 359.436155	 -1	 0.000000	 3.868446
168	 5	 5	 1	 0.006364	 -1	 0.000000	 3.760803
169	 5	 5	 1	 23.621839	 -1	 0.000000	 3.731229
170	 5	 5	 1	 0.005534	 -1	 0.000000	 3.436247
171	 5	 5	 0	 270.962548	 -1	 0.000000	 3.814642
172	 5	 5	 1	 0.004559	 -1	 0.000000	 3.576181
173	 5	 5	 0	 311.912699	 -1	 0.000000	 4.139493
174	 5	 5	 1	 0.012562	 -1	 0.000000	 3.781004
175	 5	 5	 0	 242.026750	 -1	 0.000000	 3.941869
176	 5	 5	 1	 0.005501	 -1	 0.000000	 3.758097
177	 5	 5	 1	 0.003171	 -1	 0.000000	 3.756868
178	 5	 5	 0	 239.592187	 -1	 0.000000	 3.962545
179	 5	 5	 1	 0.007445	 -1	 0.000000	 3.575237
180	 5	 5	 1	 0.007423	 -1	 0.000000	 3.561123
181	 5	 5	 0	 276.764091	 -1	 0.000000	 4.048826
182	 5	 5	 1	 0.003287	 -1	 0.000000	 3.714808
183	 5	 5	 1	 0.003814	 -1	 0.000000	 3.687863
184	 5	 5	 1	 0.004242	 -1	 0.000000	 3.441352
185	 5	 5	 1	 0.008166	 -1	 0.000000	 3.631104
186	 5	 5	 1	 0.005482	 -1	 0.000000	 3.817879
187	 5	 5	 1	 0.005846	 -1	 0.000000	 3.447243
188	 5	 5	 1	 0.012026	 -1	 0.000000	 3.789898
189	 5	 5	 1	 36.555128	 -1	 0.000000	 3.670221
191	 5	 5	 0	 193.780996	 -1	 0.000000	 4.308057
192	 5	 5	 1	 0.007740	 -1	 0.000000	 3.178451
193	 5	 5	 1	 118.058385	 -1	 0.000000	 4.416261
194	 5	 5	 1	 0.013542	 -1	 0.000000	 3.559937
195	 5	 5	 0	 358.370578	 -1	 0.000000	 3.949234
196	 5	 5	 1	 0.004476	 -1	 0.000000	 4.009372
198	 5	 5	 1	 0.006681	 -1	 0.000000	 3.610175
199	 5	 5	 1	 0.022460	 -1	 0.000000	 4.055020
1640	 15	 15	 0	 391.984027	 -1	 0.000000	 3.275758
200	 5	 5	 1	 0.003557	 -1	 0.000000	 3.655712
201	 5	 5	 1	 0.007436	 -1	 0.000000	 3.720673
202	 5	 5	 1	 0.006121	 -1	 0.000000	 3.440387
203	 5	 5	 1	 0.002755	 -1	 0.000000	 3.639363
204	 5	 5	 1	 0.007031	 -1	 0.000000	 3.277538
205	 5	 5	 1	 0.005235	 -1	 0.000000	 3.553939
206	 5	 5	 1	 0.008587	 -1	 0.000000	 3.455927
207	 5	 5	 1	 0.003228	 -1	 0.000000	 3.855493
208	 5	 5	 1	 0.016182	 -1	 0.000000	 3.385486
209	 5	 5	 1	 0.008204	 -1	 0.000000	 3.526676
210	 5	 5	 1	 0.005763	 -1	 0.000000	 3.382926
211	 5	 5	 1	 0.003518	 -1	 0.000000	 3.601954
212	 5	 5	 1	 0.006040	 -1	 0.000000	 3.601061
213	 5	 5	 1	 0.005668	 -1	 0.000000	 3.405688
214	 5	 5	 1	 3.634828	 -1	 0.000000	 3.736514
215	 5	 5	 1	 0.009253	 -1	 0.000000	 3.611205
216	 5	 5	 1	 0.003765	 -1	 0.000000	 3.467414
217	 5	 5	 1	 0.005536	 -1	 0.000000	 3.571613
218	 5	 5	 1	 0.003540	 -1	 0.000000	 3.703839
219	 5	 5	 1	 0.008436	 -1	 0.000000	 3.519536
220	 5	 5	 0	 340.690699	 -1	 0.000000	 3.934216
221	 5	 5	 1	 0.004196	 -1	 0.000000	 3.407710
222	 5	 5	 1	 0.004662	 -1	 0.000000	 3.877467
224	 5	 5	 1	 0.004679	 -1	 0.000000	 3.645106
225	 5	 5	 1	 0.005163	 -1	 0.000000	 3.826117
226	 5	 5	 1	 0.007519	 -1	 0.000000	 3.220364
227	 5	 5	 1	 0.005274	 -1	 0.000000	 3.250403
228	 5	 5	 0	 264.671329	 -1	 0.000000	 3.980631
229	 5	 5	 1	 0.003960	 -1	 0.000000	 3.566258
230	 5	 5	 1	 0.004509	 -1	 0.000000	 3.634297
231	 5	 5	 1	 0.005631	 -1	 0.000000	 3.782146
232	 5	 5	 1	 0.004194	 -1	 0.000000	 3.324654
233	 5	 5	 1	 0.005357	 -1	 0.000000	 3.505769
234	 5	 5	 1	 0.006888	 -1	 0.000000	 3.414278
235	 5	 5	 0	 264.846299	 -1	 0.000000	 3.986792
236	 5	 5	 1	 0.003942	 -1	 0.000000	 3.253232
237	 5	 5	 1	 0.003368	 -1	 0.000000	 3.454168
238	 5	 5	 1	 0.006649	 -1	 0.000000	 3.255310
239	 5	 5	 1	 0.005218	 -1	 0.000000	 3.414788
240	 5	 5	 1	 0.004898	 -1	 0.000000	 3.816795
241	 5	 5	 1	 0.003105	 -1	 0.000000	 3.307343
243	 5	 5	 1	 0.006438	 -1	 0.000000	 3.585528
244	 5	 5	 1	 0.005282	 -1	 0.000000	 3.405248
245	 5	 5	 0	 336.933854	 -1	 0.000000	 4.349439
246	 5	 5	 0	 248.225073	 -1	 0.000000	 4.062220
280	 5	 5	 1	 0.008874	 -1	 0.000000	 3.468563
281	 5	 5	 1	 0.008986	 -1	 0.000000	 3.729142
282	 5	 5	 1	 0.003523	 -1	 0.000000	 3.929317
283	 5	 5	 1	 0.004623	 -1	 0.000000	 3.605718
284	 5	 5	 1	 0.006982	 -1	 0.000000	 3.691899
285	 5	 5	 1	 0.004233	 -1	 0.000000	 3.597768
286	 5	 5	 1	 0.004793	 -1	 0.000000	 3.700443
287	 5	 5	 1	 0.006806	 -1	 0.000000	 3.280172
288	 5	 5	 1	 0.007970	 -1	 0.000000	 3.362536
289	 5	 5	 0	 304.996820	 -1	 0.000000	 3.897645
290	 5	 5	 1	 0.006113	 -1	 0.000000	 3.436117
291	 5	 5	 0	 358.996363	 -1	 0.000000	 4.494999
292	 5	 5	 0	 364.408901	 -1	 0.000000	 4.029716
293	 5	 5	 1	 0.006573	 -1	 0.000000	 3.570234
294	 5	 5	 1	 0.005375	 -1	 0.000000	 3.465552
295	 5	 5	 1	 0.005367	 -1	 0.000000	 3.580468
296	 5	 5	 0	 322.870531	 -1	 0.000000	 3.644611
297	 5	 5	 1	 0.006882	 -1	 0.000000	 3.502865
298	 5	 5	 1	 0.006070	 -1	 0.000000	 3.555604
299	 5	 5	 1	 0.003422	 -1	 0.000000	 3.725485
300	 5	 5	 0	 239.860536	 -1	 0.000000	 4.109227
301	 5	 5	 1	 0.011958	 -1	 0.000000	 3.815020
302	 5	 5	 1	 0.004608	 -1	 0.000000	 3.590345
303	 5	 5	 1	 0.007558	 -1	 0.000000	 3.588002
304	 5	 5	 1	 0.005386	 -1	 0.000000	 3.615878
305	 5	 5	 1	 0.004640	 -1	 0.000000	 3.545252
306	 5	 5	 1	 0.005282	 -1	 0.000000	 3.483913
3793	 15	 15	 0	 380.572025	 -1	 0.000000	 2.201981
307	 5	 5	 1	 0.006144	 -1	 0.000000	 3.497176
308	 5	 5	 1	 0.010808	 -1	 0.000000	 3.609680
309	 5	 5	 1	 0.006337	 -1	 0.000000	 3.588782
310	 5	 5	 1	 0.004018	 -1	 0.000000	 3.495466
311	 5	 5	 1	 0.004165	 -1	 0.000000	 3.425624
312	 5	 5	 1	 0.003503	 -1	 0.000000	 3.593395
313	 5	 5	 0	 327.078262	 -1	 0.000000	 3.930606
314	 5	 5	 1	 0.004104	 -1	 0.000000	 3.400991
315	 5	 5	 1	 0.003051	 -1	 0.000000	 3.587596
316	 5	 5	 1	 0.003966	 -1	 0.000000	 3.616404
317	 5	 5	 1	 0.004747	 -1	 0.000000	 3.641124
318	 5	 5	 1	 0.009223	 -1	 0.000000	 3.624908
319	 5	 5	 1	 0.003889	 -1	 0.000000	 3.691876
320	 5	 5	 1	 0.005437	 -1	 0.000000	 3.660821
124	 13	 13	 0	 370.767433	 -1	 0.000000	 11.916553
321	 5	 5	 1	 0.005741	 -1	 0.000000	 4.127957
322	 5	 5	 1	 0.007064	 -1	 0.000000	 3.435127
323	 5	 5	 0	 390.942898	 -1	 0.000000	 4.213014
324	 5	 5	 1	 0.004639	 -1	 0.000000	 3.631847
325	 5	 5	 1	 0.005177	 -1	 0.000000	 3.459040
326	 5	 5	 1	 0.006544	 -1	 0.000000	 3.418354
327	 5	 5	 1	 0.005112	 -1	 0.000000	 3.297860
328	 5	 5	 1	 0.003458	 -1	 0.000000	 3.518619
329	 5	 5	 1	 0.004456	 -1	 0.000000	 3.468263
330	 5	 5	 0	 365.695848	 -1	 0.000000	 4.000544
331	 5	 5	 1	 0.013367	 -1	 0.000000	 3.479943
332	 5	 5	 1	 0.005004	 -1	 0.000000	 3.649714
333	 5	 5	 1	 0.005665	 -1	 0.000000	 3.316599
334	 5	 5	 1	 0.003406	 -1	 0.000000	 3.855274
335	 5	 5	 1	 0.005707	 -1	 0.000000	 3.437274
336	 5	 5	 1	 0.004696	 -1	 0.000000	 3.520121
337	 5	 5	 1	 0.004523	 -1	 0.000000	 3.507226
338	 5	 5	 1	 0.008374	 -1	 0.000000	 3.456137
339	 5	 5	 1	 0.004413	 -1	 0.000000	 3.561243
340	 5	 5	 1	 0.006289	 -1	 0.000000	 3.600344
341	 5	 5	 1	 0.008340	 -1	 0.000000	 3.558114
342	 5	 5	 1	 0.008084	 -1	 0.000000	 3.484516
343	 5	 5	 1	 0.011039	 -1	 0.000000	 3.602760
344	 5	 5	 1	 0.004913	 -1	 0.000000	 3.875955
345	 5	 5	 1	 0.004791	 -1	 0.000000	 3.938239
346	 5	 5	 1	 0.005615	 -1	 0.000000	 3.331142
347	 5	 5	 0	 321.430832	 -1	 0.000000	 3.674932
348	 5	 5	 1	 0.006709	 -1	 0.000000	 3.309446
349	 5	 5	 1	 0.005790	 -1	 0.000000	 3.385894
350	 5	 5	 1	 0.006197	 -1	 0.000000	 3.647991
351	 5	 5	 1	 0.004834	 -1	 0.000000	 3.415221
352	 5	 5	 1	 10.515002	 -1	 0.000000	 3.899179
353	 5	 5	 1	 0.005519	 -1	 0.000000	 3.933437
354	 5	 5	 1	 0.005396	 -1	 0.000000	 3.458505
355	 5	 5	 1	 0.003831	 -1	 0.000000	 3.777085
356	 5	 5	 1	 0.009288	 -1	 0.000000	 3.673399
357	 5	 5	 1	 0.013017	 -1	 0.000000	 3.761097
359	 5	 5	 1	 0.003149	 -1	 0.000000	 3.503920
360	 5	 5	 1	 0.007470	 -1	 0.000000	 3.526416
361	 5	 5	 1	 0.008185	 -1	 0.000000	 3.272551
362	 5	 5	 1	 0.005504	 -1	 0.000000	 3.320608
363	 5	 5	 0	 374.308735	 -1	 0.000000	 3.777428
364	 5	 5	 1	 5.192242	 -1	 0.000000	 4.072061
365	 5	 5	 1	 0.003854	 -1	 0.000000	 3.970466
366	 5	 5	 0	 250.494114	 -1	 0.000000	 4.025477
367	 5	 5	 1	 0.006261	 -1	 0.000000	 3.588208
368	 5	 5	 1	 0.005606	 -1	 0.000000	 3.573289
257	 11	 11	 0	 449.560234	 -1	 0.000000	 2.173060
369	 5	 5	 1	 0.004364	 -1	 0.000000	 3.582423
370	 5	 5	 0	 260.149345	 -1	 0.000000	 3.656290
371	 5	 5	 0	 328.912001	 -1	 0.000000	 3.695825
372	 5	 5	 1	 0.005996	 -1	 0.000000	 3.281150
373	 5	 5	 1	 0.004960	 -1	 0.000000	 3.711223
374	 5	 5	 1	 45.040768	 -1	 0.000000	 3.784354
375	 5	 5	 1	 0.004667	 -1	 0.000000	 3.500241
376	 5	 5	 1	 0.013529	 -1	 0.000000	 3.271574
377	 5	 5	 1	 0.011007	 -1	 0.000000	 3.372191
378	 5	 5	 0	 379.319284	 -1	 0.000000	 3.897746
379	 5	 5	 1	 16.487158	 -1	 0.000000	 4.060943
380	 5	 5	 1	 0.003530	 -1	 0.000000	 3.423346
381	 5	 5	 0	 229.727847	 -1	 0.000000	 3.755688
382	 5	 5	 0	 315.262761	 -1	 0.000000	 3.807366
383	 5	 5	 1	 0.004910	 -1	 0.000000	 3.363732
384	 5	 5	 1	 0.008310	 -1	 0.000000	 3.426721
386	 5	 5	 0	 313.524675	 -1	 0.000000	 3.357018
387	 5	 5	 1	 0.005568	 -1	 0.000000	 3.646436
388	 5	 5	 1	 0.005881	 -1	 0.000000	 3.599768
389	 5	 5	 1	 0.006132	 -1	 0.000000	 3.921783
390	 5	 5	 1	 0.005074	 -1	 0.000000	 3.586455
391	 5	 5	 1	 0.003655	 -1	 0.000000	 3.740494
392	 5	 5	 1	 0.005827	 -1	 0.000000	 3.630302
393	 5	 5	 0	 387.285817	 -1	 0.000000	 3.863745
394	 5	 5	 1	 0.006166	 -1	 0.000000	 3.708817
395	 5	 5	 1	 0.016420	 -1	 0.000000	 3.414032
396	 5	 5	 1	 0.008538	 -1	 0.000000	 3.404167
397	 5	 5	 1	 0.003807	 -1	 0.000000	 3.860584
398	 5	 5	 1	 0.004385	 -1	 0.000000	 3.892152
399	 5	 5	 1	 0.003936	 -1	 0.000000	 3.347808
400	 5	 5	 1	 0.006184	 -1	 0.000000	 3.501698
401	 5	 5	 1	 0.003762	 -1	 0.000000	 3.692893
402	 5	 5	 1	 0.007630	 -1	 0.000000	 3.601297
403	 5	 5	 1	 0.005113	 -1	 0.000000	 3.234185
404	 5	 5	 1	 0.007522	 -1	 0.000000	 3.475357
405	 5	 5	 1	 0.010285	 -1	 0.000000	 3.554954
406	 5	 5	 1	 0.010357	 -1	 0.000000	 3.348068
407	 5	 5	 1	 0.003741	 -1	 0.000000	 3.677217
408	 5	 5	 1	 0.003766	 -1	 0.000000	 3.473025
409	 5	 5	 1	 0.528836	 -1	 0.000000	 4.244365
410	 5	 5	 1	 0.004202	 -1	 0.000000	 3.326670
411	 5	 5	 1	 0.005652	 -1	 0.000000	 3.662102
412	 5	 5	 1	 0.007283	 -1	 0.000000	 3.482198
413	 5	 5	 1	 0.002963	 -1	 0.000000	 3.301095
414	 5	 5	 1	 0.005130	 -1	 0.000000	 3.500274
415	 5	 5	 1	 0.003726	 -1	 0.000000	 3.779166
416	 5	 5	 1	 0.005249	 -1	 0.000000	 3.376268
417	 5	 5	 1	 48.882702	 -1	 0.000000	 4.075217
418	 5	 5	 1	 0.013166	 -1	 0.000000	 3.490845
419	 5	 5	 1	 0.005287	 -1	 0.000000	 3.727395
420	 5	 5	 1	 0.003351	 -1	 0.000000	 3.460524
421	 5	 5	 1	 0.004398	 -1	 0.000000	 3.301177
422	 5	 5	 1	 56.836245	 -1	 0.000000	 3.883927
423	 5	 5	 0	 181.681561	 -1	 0.000000	 3.714424
424	 5	 5	 1	 0.009887	 -1	 0.000000	 3.502682
425	 5	 5	 1	 0.008594	 -1	 0.000000	 3.447159
426	 5	 5	 1	 0.008301	 -1	 0.000000	 3.785608
427	 5	 5	 1	 0.005628	 -1	 0.000000	 3.594692
428	 5	 5	 1	 0.007753	 -1	 0.000000	 3.519925
429	 5	 5	 1	 0.003140	 -1	 0.000000	 3.567609
430	 5	 5	 1	 0.003899	 -1	 0.000000	 3.418343
431	 5	 5	 1	 0.007683	 -1	 0.000000	 3.564958
491	 3	 3	 0	 487.855165	 -1	 0.000000	 3.004038
432	 5	 5	 0	 483.898259	 -1	 0.000000	 3.472535
433	 5	 5	 1	 0.003423	 -1	 0.000000	 4.136816
434	 5	 5	 0	 360.682948	 -1	 0.000000	 3.876146
435	 5	 5	 0	 215.670941	 -1	 0.000000	 3.880905
436	 5	 5	 0	 299.500928	 -1	 0.000000	 3.373358
437	 5	 5	 1	 0.008824	 -1	 0.000000	 3.476783
438	 5	 5	 1	 0.007152	 -1	 0.000000	 3.589994
2066	 5	 5	 1	 238.639878	 -1	 0.000000	 5.027335
439	 5	 5	 0	 389.361249	 -1	 0.000000	 3.645789
440	 5	 5	 1	 0.004595	 -1	 0.000000	 3.471894
441	 5	 5	 1	 0.003450	 -1	 0.000000	 3.438349
442	 5	 5	 1	 0.003373	 -1	 0.000000	 3.432518
447	 5	 5	 1	 0.004868	 -1	 0.000000	 3.428471
480	 5	 5	 1	 66.922912	 -1	 0.000000	 3.990661
481	 5	 5	 0	 255.671444	 -1	 0.000000	 3.452313
482	 5	 5	 1	 0.003164	 -1	 0.000000	 4.128829
483	 5	 5	 0	 228.707976	 -1	 0.000000	 3.637468
484	 5	 5	 1	 0.008394	 -1	 0.000000	 3.467216
485	 5	 5	 1	 0.004800	 -1	 0.000000	 3.809675
486	 5	 5	 1	 0.007127	 -1	 0.000000	 3.457898
487	 5	 5	 1	 0.004523	 -1	 0.000000	 3.749450
488	 5	 5	 1	 0.009770	 -1	 0.000000	 4.154231
489	 5	 5	 0	 163.757235	 -1	 0.000000	 3.553799
490	 5	 5	 1	 0.004429	 -1	 0.000000	 4.191784
491	 5	 5	 1	 0.074425	 -1	 0.000000	 3.449141
492	 5	 5	 1	 0.004957	 -1	 0.000000	 3.792375
493	 5	 5	 1	 0.005670	 -1	 0.000000	 3.546693
494	 5	 5	 1	 0.006830	 -1	 0.000000	 3.587853
496	 5	 5	 1	 0.006040	 -1	 0.000000	 3.685404
497	 5	 5	 1	 0.005080	 -1	 0.000000	 3.948670
498	 5	 5	 0	 362.384521	 -1	 0.000000	 3.422885
0	 7	 7	 1	 0.000002	 -1	 0.000000	 3.626415
1	 7	 7	 1	 0.017790	 -1	 0.000000	 3.381331
2	 7	 7	 1	 0.199076	 -1	 0.000000	 3.678654
3	 7	 7	 1	 0.257572	 -1	 0.000000	 3.927875
4	 7	 7	 1	 4.926861	 -1	 0.000000	 3.701921
5	 7	 7	 1	 0.013690	 -1	 0.000000	 3.982892
6	 7	 7	 1	 13.713346	 -1	 0.000000	 4.034242
7	 7	 7	 1	 0.142549	 -1	 0.000000	 3.517267
8	 7	 7	 1	 0.107438	 -1	 0.000000	 3.500879
9	 7	 7	 1	 0.109908	 -1	 0.000000	 3.522281
15	 7	 7	 1	 0.239207	 -1	 0.000000	 3.536418
16	 7	 7	 1	 0.246736	 -1	 0.000000	 3.522225
17	 7	 7	 1	 0.091778	 -1	 0.000000	 3.388588
20	 7	 7	 1	 0.146038	 -1	 0.000000	 3.664406
21	 7	 7	 1	 0.013463	 -1	 0.000000	 3.975506
22	 7	 7	 0	 307.777460	 -1	 0.000000	 3.944433
23	 7	 7	 1	 2.963692	 -1	 0.000000	 3.881925
24	 7	 7	 1	 0.017319	 -1	 0.000000	 3.271567
25	 7	 7	 1	 0.202530	 -1	 0.000000	 3.333946
26	 7	 7	 1	 0.116686	 -1	 0.000000	 3.630925
27	 7	 7	 1	 0.202119	 -1	 0.000000	 3.706659
28	 7	 7	 1	 0.094224	 -1	 0.000000	 3.344901
29	 7	 7	 1	 0.074180	 -1	 0.000000	 4.327882
30	 7	 7	 1	 0.019136	 -1	 0.000000	 4.019000
31	 7	 7	 1	 0.985161	 -1	 0.000000	 3.691161
32	 7	 7	 1	 0.137027	 -1	 0.000000	 3.910507
33	 7	 7	 1	 0.011053	 -1	 0.000000	 3.433222
34	 7	 7	 1	 0.073706	 -1	 0.000000	 3.739955
35	 7	 7	 1	 0.014117	 -1	 0.000000	 3.915739
36	 7	 7	 1	 0.054577	 -1	 0.000000	 3.876999
37	 7	 7	 1	 0.022215	 -1	 0.000000	 3.560973
1091	 15	 15	 1	 247.313518	 -1	 0.000000	 0.900967
19	 7	 7	 0	 334.109716	 -1	 0.000000	 4.037884
41	 7	 7	 0	 495.488546	 -1	 0.000000	 3.815863
42	 7	 7	 1	 16.986593	 -1	 0.000000	 3.656100
43	 7	 7	 1	 0.015759	 -1	 0.000000	 3.884840
44	 7	 7	 1	 0.019512	 -1	 0.000000	 3.430205
45	 7	 7	 1	 0.050746	 -1	 0.000000	 3.606938
46	 7	 7	 1	 0.131687	 -1	 0.000000	 3.627975
47	 7	 7	 1	 0.079997	 -1	 0.000000	 3.971375
48	 7	 7	 1	 0.020641	 -1	 0.000000	 3.451631
>>> gr_fir_ccf: using E
>>> gr_fir_fff: using E
gr_buffer::allocate_buffer: warning: tried to allocate
   25 items of size 2544. Due to alignment requirements
   256 were allocated.  If this isn't OK, consider padding
   your structure to a power-of-two bytes.
   On this platform, our allocation granularity is 4096 bytes.
1549	 11	 11	 0	 463.676097	 -1	 0.000000	 6.852726
1731	 13	 13	 0	 380.398719	 -1	 0.000000	 5.203524
2494	 3	 3	 0	 488.163465	 -1	 0.000000	 3.803633
3690	 11	 11	 0	 471.100644	 -1	 0.000000	 2.076120
617	 15	 15	 0	 386.577580	 -1	 0.000000	 2.595411
>>> gr_fir_ccf: using E
>>> gr_fir_fff: using E
gr_buffer::allocate_buffer: warning: tried to allocate
   25 items of size 2544. Due to alignment requirements
   256 were allocated.  If this isn't OK, consider padding
   your structure to a power-of-two bytes.
   On this platform, our allocation granularity is 4096 bytes.
1610	 13	 13	 0	 399.818973	 -1	 0.000000	 2.979344
60	 9	 9	 0	 293.722727	 -1	 0.000000	 3.943441
61	 9	 9	 1	 31.906020	 -1	 0.000000	 3.657354
62	 9	 9	 1	 31.841234	 -1	 0.000000	 3.545730
63	 9	 9	 1	 24.894920	 -1	 0.000000	 3.435216
64	 9	 9	 0	 375.471622	 -1	 0.000000	 3.746772
65	 9	 9	 1	 47.165697	 -1	 0.000000	 3.549222
66	 9	 9	 1	 33.823509	 -1	 0.000000	 3.418049
67	 9	 9	 1	 29.105475	 -1	 0.000000	 3.417647
68	 9	 9	 1	 27.649013	 -1	 0.000000	 3.413710
69	 9	 9	 1	 65.343711	 -1	 0.000000	 3.420707
70	 9	 9	 1	 20.660440	 -1	 0.000000	 3.517782
71	 9	 9	 1	 20.960492	 -1	 0.000000	 3.478812
72	 9	 9	 1	 20.142782	 -1	 0.000000	 3.525179
73	 9	 9	 1	 43.045655	 -1	 0.000000	 3.391540
74	 9	 9	 1	 40.481028	 -1	 0.000000	 3.508648
75	 9	 9	 1	 30.910341	 -1	 0.000000	 3.398175
76	 9	 9	 1	 22.978300	 -1	 0.000000	 3.798347
77	 9	 9	 0	 236.511830	 -1	 0.000000	 3.954858
78	 9	 9	 1	 31.702699	 -1	 0.000000	 3.588503
79	 9	 9	 1	 26.110671	 -1	 0.000000	 3.636300
80	 9	 9	 1	 14.686929	 -1	 0.000000	 3.553504
81	 9	 9	 1	 19.810655	 -1	 0.000000	 3.471632
1263	 9	 9	 0	 458.051986	 -1	 0.000000	 3.115208
82	 9	 9	 1	 15.956152	 -1	 0.000000	 3.705841
83	 9	 9	 1	 21.804578	 -1	 0.000000	 3.464291
84	 9	 9	 1	 19.244347	 -1	 0.000000	 3.630213
85	 9	 9	 0	 285.033419	 -1	 0.000000	 3.486262
86	 9	 9	 1	 25.078425	 -1	 0.000000	 4.042804
87	 9	 9	 1	 30.173487	 -1	 0.000000	 3.819801
88	 9	 9	 1	 26.635061	 -1	 0.000000	 3.564134
89	 9	 9	 1	 272.373192	 -1	 0.000000	 3.781901
90	 9	 9	 1	 31.390947	 -1	 0.000000	 3.958775
91	 9	 9	 1	 16.008823	 -1	 0.000000	 3.620049
92	 9	 9	 0	 219.667477	 -1	 0.000000	 3.925556
93	 9	 9	 1	 39.474767	 -1	 0.000000	 3.411715
94	 9	 9	 1	 31.748319	 -1	 0.000000	 3.500966
95	 9	 9	 1	 14.913456	 -1	 0.000000	 3.523984
96	 9	 9	 1	 26.689819	 -1	 0.000000	 3.572907
97	 9	 9	 1	 15.460545	 -1	 0.000000	 3.257968
98	 9	 9	 1	 33.598522	 -1	 0.000000	 3.609914
99	 9	 9	 1	 157.961678	 -1	 0.000000	 3.725581
100	 9	 9	 1	 27.012440	 -1	 0.000000	 3.436830
101	 9	 9	 1	 32.668076	 -1	 0.000000	 3.576090
102	 9	 9	 1	 11.376363	 -1	 0.000000	 3.550450
103	 9	 9	 1	 21.313001	 -1	 0.000000	 3.711232
104	 9	 9	 1	 23.588372	 -1	 0.000000	 3.494178
105	 9	 9	 1	 28.781710	 -1	 0.000000	 3.425141
106	 9	 9	 1	 38.713175	 -1	 0.000000	 3.405177
107	 9	 9	 0	 296.946716	 -1	 0.000000	 3.715035
108	 9	 9	 0	 267.806188	 -1	 0.000000	 3.854809
109	 9	 9	 1	 18.940518	 -1	 0.000000	 3.426401
110	 9	 9	 1	 24.296527	 -1	 0.000000	 3.384589
111	 9	 9	 1	 185.205835	 -1	 0.000000	 4.001253
112	 9	 9	 1	 23.287725	 -1	 0.000000	 3.601445
113	 9	 9	 1	 26.213356	 -1	 0.000000	 3.490818
114	 9	 9	 1	 26.961970	 -1	 0.000000	 3.445356
115	 9	 9	 1	 24.962053	 -1	 0.000000	 3.387802
116	 9	 9	 1	 28.464399	 -1	 0.000000	 3.516383
117	 9	 9	 0	 239.868386	 -1	 0.000000	 4.117803
118	 9	 9	 1	 180.231530	 -1	 0.000000	 4.124508
119	 9	 9	 1	 12.300835	 -1	 0.000000	 3.917966
120	 9	 9	 1	 25.075496	 -1	 0.000000	 3.814719
121	 9	 9	 1	 26.943519	 -1	 0.000000	 3.600016
122	 9	 9	 1	 21.959536	 -1	 0.000000	 3.618951
123	 9	 9	 1	 30.143166	 -1	 0.000000	 3.864096
124	 9	 9	 1	 31.218495	 -1	 0.000000	 3.787892
125	 9	 9	 1	 20.020705	 -1	 0.000000	 3.860336
126	 9	 9	 1	 38.035253	 -1	 0.000000	 3.479997
127	 9	 9	 1	 16.492290	 -1	 0.000000	 3.726565
128	 9	 9	 0	 372.134280	 -1	 0.000000	 3.696025
129	 9	 9	 1	 11.626501	 -1	 0.000000	 3.782090
130	 9	 9	 1	 10.805508	 -1	 0.000000	 3.713856
131	 9	 9	 0	 237.071714	 -1	 0.000000	 3.826819
132	 9	 9	 1	 37.401233	 -1	 0.000000	 3.383540
133	 9	 9	 0	 293.898310	 -1	 0.000000	 3.718225
134	 9	 9	 1	 16.645925	 -1	 0.000000	 3.865658
135	 9	 9	 1	 19.040442	 -1	 0.000000	 3.529018
136	 9	 9	 1	 16.869387	 -1	 0.000000	 3.724910
137	 9	 9	 1	 18.245820	 -1	 0.000000	 3.944768
138	 9	 9	 1	 189.040853	 -1	 0.000000	 4.073004
139	 9	 9	 1	 16.178516	 -1	 0.000000	 3.484360
140	 9	 9	 1	 23.104624	 -1	 0.000000	 3.572185
141	 9	 9	 1	 87.505571	 -1	 0.000000	 4.160640
142	 9	 9	 1	 18.258967	 -1	 0.000000	 3.609180
143	 9	 9	 1	 39.695862	 -1	 0.000000	 3.288571
144	 9	 9	 1	 25.905095	 -1	 0.000000	 3.404186
145	 9	 9	 1	 25.724356	 -1	 0.000000	 3.596089
62	 9	 9	 1	 24.745395	 -1	 0.000000	 3.331475
63	 9	 9	 1	 42.861890	 -1	 0.000000	 3.556150
64	 9	 9	 1	 17.479849	 -1	 0.000000	 3.539986
65	 9	 9	 1	 16.735753	 -1	 0.000000	 3.764523
66	 9	 9	 1	 13.939765	 -1	 0.000000	 3.614586
67	 9	 9	 1	 30.568607	 -1	 0.000000	 3.669490
68	 9	 9	 1	 29.808925	 -1	 0.000000	 3.514320
69	 9	 9	 1	 27.063041	 -1	 0.000000	 3.793339
70	 9	 9	 1	 20.731199	 -1	 0.000000	 3.516468
71	 9	 9	 0	 253.403355	 -1	 0.000000	 4.151124
72	 9	 9	 1	 13.227786	 -1	 0.000000	 3.426655
73	 9	 9	 1	 33.191511	 -1	 0.000000	 3.602316
74	 9	 9	 1	 13.061433	 -1	 0.000000	 3.975427
75	 9	 9	 1	 19.555504	 -1	 0.000000	 4.018439
76	 9	 9	 1	 21.323467	 -1	 0.000000	 3.567609
77	 9	 9	 1	 16.407176	 -1	 0.000000	 3.588580
78	 9	 9	 1	 34.798852	 -1	 0.000000	 3.400249
79	 9	 9	 1	 19.224591	 -1	 0.000000	 3.458470
80	 9	 9	 1	 15.175268	 -1	 0.000000	 4.196644
81	 9	 9	 1	 28.392449	 -1	 0.000000	 3.777077
82	 9	 9	 1	 14.974726	 -1	 0.000000	 3.931853
83	 9	 9	 1	 51.901980	 -1	 0.000000	 3.434330
84	 9	 9	 1	 14.363451	 -1	 0.000000	 3.542980
>>> gr_fir_ccf: using E
>>> gr_fir_fff: using E
gr_buffer::allocate_buffer: warning: tried to allocate
   25 items of size 2544. Due to alignment requirements
   256 were allocated.  If this isn't OK, consider padding
   your structure to a power-of-two bytes.
   On this platform, our allocation granularity is 4096 bytes.
0	 11	 11	 0	 350.160031	 -1	 0.000000	 3.236233
1	 11	 11	 0	 350.387664	 -1	 0.000000	 3.386553
2	 11	 11	 1	 51.419969	 -1	 0.000000	 4.019208
3	 11	 11	 1	 28.185800	 -1	 0.000000	 3.756944
4	 11	 11	 1	 29.179546	 -1	 0.000000	 3.829913
5	 11	 11	 1	 49.808953	 -1	 0.000000	 3.640457
6	 11	 11	 0	 314.798522	 -1	 0.000000	 3.502234
7	 11	 11	 0	 359.640319	 -1	 0.000000	 3.303734
8	 11	 11	 1	 48.961332	 -1	 0.000000	 3.878576
9	 11	 11	 0	 308.385119	 -1	 0.000000	 3.701193
10	 11	 11	 1	 43.680596	 -1	 0.000000	 4.070059
12	 11	 11	 1	 50.158002	 -1	 0.000000	 3.542702
13	 11	 11	 1	 44.563393	 -1	 0.000000	 3.719620
14	 11	 11	 1	 61.623706	 -1	 0.000000	 3.926022
15	 11	 11	 1	 221.483438	 -1	 0.000000	 3.576421
16	 11	 11	 1	 47.859960	 -1	 0.000000	 3.896076
17	 11	 11	 0	 263.050356	 -1	 0.000000	 3.409209
19	 11	 11	 1	 60.467471	 -1	 0.000000	 3.760398
20	 11	 11	 0	 369.138720	 -1	 0.000000	 3.556534
21	 11	 11	 1	 202.906898	 -1	 0.000000	 3.574954
22	 11	 11	 0	 318.470997	 -1	 0.000000	 3.477781
23	 11	 11	 1	 30.260060	 -1	 0.000000	 3.860431
24	 11	 11	 1	 73.839259	 -1	 0.000000	 3.765555
25	 11	 11	 1	 44.385115	 -1	 0.000000	 3.468848
26	 11	 11	 1	 32.367521	 -1	 0.000000	 3.727944
27	 11	 11	 1	 31.478169	 -1	 0.000000	 3.439388
28	 11	 11	 1	 36.743175	 -1	 0.000000	 3.800852
29	 11	 11	 1	 32.051878	 -1	 0.000000	 3.826294
30	 11	 11	 1	 298.939985	 -1	 0.000000	 3.334094
31	 11	 11	 0	 397.346133	 -1	 0.000000	 3.553057
32	 11	 11	 1	 54.551014	 -1	 0.000000	 4.112715
33	 11	 11	 1	 45.969331	 -1	 0.000000	 3.483986
34	 11	 11	 1	 36.760130	 -1	 0.000000	 3.498982
35	 11	 11	 1	 40.825135	 -1	 0.000000	 3.709008
36	 11	 11	 1	 62.905963	 -1	 0.000000	 3.847054
37	 11	 11	 0	 370.875141	 -1	 0.000000	 3.684056
38	 11	 11	 1	 30.979682	 -1	 0.000000	 3.870071
39	 11	 11	 1	 51.075574	 -1	 0.000000	 3.618853
40	 11	 11	 1	 36.906132	 -1	 0.000000	 3.664106
41	 11	 11	 1	 28.272797	 -1	 0.000000	 3.795848
42	 11	 11	 1	 276.580452	 -1	 0.000000	 3.470124
43	 11	 11	 1	 41.373230	 -1	 0.000000	 3.690550
45	 11	 11	 1	 37.469797	 -1	 0.000000	 3.798680
46	 11	 11	 1	 37.350307	 -1	 0.000000	 3.891716
47	 11	 11	 1	 66.281168	 -1	 0.000000	 3.810159
48	 11	 11	 0	 392.292407	 -1	 0.000000	 3.513362
49	 11	 11	 1	 39.128936	 -1	 0.000000	 3.493888
50	 11	 11	 1	 31.823714	 -1	 0.000000	 3.818161
51	 11	 11	 1	 227.868141	 -1	 0.000000	 3.607929
52	 11	 11	 1	 55.173578	 -1	 0.000000	 3.660099
53	 11	 11	 1	 283.686667	 -1	 0.000000	 3.393923
54	 11	 11	 1	 69.936162	 -1	 0.000000	 3.893552
55	 11	 11	 1	 27.699980	 -1	 0.000000	 3.681079
56	 11	 11	 1	 32.479907	 -1	 0.000000	 3.810620
58	 11	 11	 1	 69.862745	 -1	 0.000000	 3.827791
>>> gr_fir_ccf: using E
>>> gr_fir_fff: using E
gr_buffer::allocate_buffer: warning: tried to allocate
   25 items of size 2544. Due to alignment requirements
   256 were allocated.  If this isn't OK, consider padding
   your structure to a power-of-two bytes.
   On this platform, our allocation granularity is 4096 bytes.
70	 11	 11	 1	 37.048638	 -1	 0.000000	 3.632294
71	 11	 11	 1	 62.346973	 -1	 0.000000	 3.657843
72	 11	 11	 0	 340.388523	 -1	 0.000000	 3.441654
73	 11	 11	 0	 289.134535	 -1	 0.000000	 3.449483
74	 11	 11	 1	 34.821738	 -1	 0.000000	 3.709916
75	 11	 11	 1	 43.381595	 -1	 0.000000	 3.493170
76	 11	 11	 0	 395.691437	 -1	 0.000000	 3.618711
77	 11	 11	 1	 25.392224	 -1	 0.000000	 3.683001
78	 11	 11	 1	 44.095796	 -1	 0.000000	 3.581593
79	 11	 11	 1	 49.261515	 -1	 0.000000	 3.424735
80	 11	 11	 1	 85.216099	 -1	 0.000000	 3.625229
81	 11	 11	 1	 42.871806	 -1	 0.000000	 3.609236
82	 11	 11	 1	 50.242567	 -1	 0.000000	 3.853362
83	 11	 11	 0	 372.059139	 -1	 0.000000	 3.571166
84	 11	 11	 0	 341.410972	 -1	 0.000000	 3.630511
85	 11	 11	 0	 310.274558	 -1	 0.000000	 3.326561
86	 11	 11	 0	 327.581012	 -1	 0.000000	 3.420592
87	 11	 11	 0	 285.067281	 -1	 0.000000	 3.486945
88	 11	 11	 1	 34.268509	 -1	 0.000000	 3.804621
89	 11	 11	 0	 296.085714	 -1	 0.000000	 3.502750
90	 11	 11	 1	 28.990748	 -1	 0.000000	 3.794517
91	 11	 11	 0	 427.057626	 -1	 0.000000	 3.426806
92	 11	 11	 1	 81.101452	 -1	 0.000000	 3.724587
93	 11	 11	 1	 259.809024	 -1	 0.000000	 3.373642
94	 11	 11	 1	 47.892786	 -1	 0.000000	 3.973156
95	 11	 11	 1	 21.686846	 -1	 0.000000	 3.732601
96	 11	 11	 1	 60.730658	 -1	 0.000000	 3.774983
97	 11	 11	 1	 44.279730	 -1	 0.000000	 3.896413
98	 11	 11	 1	 310.663867	 -1	 0.000000	 3.449418
99	 11	 11	 1	 68.288745	 -1	 0.000000	 3.685910
100	 11	 11	 1	 254.608792	 -1	 0.000000	 3.530452
101	 11	 11	 1	 57.101579	 -1	 0.000000	 3.986131
103	 11	 11	 1	 45.518864	 -1	 0.000000	 3.903656
104	 11	 11	 1	 221.482692	 -1	 0.000000	 3.548814
105	 11	 11	 1	 33.892316	 -1	 0.000000	 3.640328
106	 11	 11	 1	 45.784012	 -1	 0.000000	 4.080245
107	 11	 11	 1	 51.696094	 -1	 0.000000	 3.910666
108	 11	 11	 1	 71.808700	 -1	 0.000000	 3.875181
109	 11	 11	 0	 251.988800	 -1	 0.000000	 3.487067
110	 11	 11	 1	 213.234174	 -1	 0.000000	 3.451145
111	 11	 11	 1	 47.644839	 -1	 0.000000	 3.990679
112	 11	 11	 1	 52.590161	 -1	 0.000000	 4.092953
113	 11	 11	 1	 44.862599	 -1	 0.000000	 3.578535
114	 11	 11	 1	 36.248105	 -1	 0.000000	 3.580031
115	 11	 11	 1	 61.446882	 -1	 0.000000	 3.793215
116	 11	 11	 1	 61.142520	 -1	 0.000000	 3.976456
117	 11	 11	 1	 60.071968	 -1	 0.000000	 3.817930
118	 11	 11	 1	 53.842363	 -1	 0.000000	 3.509436
119	 11	 11	 1	 36.197842	 -1	 0.000000	 3.566635
120	 11	 11	 0	 293.435369	 -1	 0.000000	 3.374295
121	 11	 11	 1	 66.338721	 -1	 0.000000	 3.794884
122	 11	 11	 1	 42.359163	 -1	 0.000000	 3.862417
123	 11	 11	 1	 46.794577	 -1	 0.000000	 3.733089
124	 11	 11	 1	 42.052112	 -1	 0.000000	 3.650645
125	 11	 11	 1	 58.106780	 -1	 0.000000	 3.777796
126	 11	 11	 1	 24.190811	 -1	 0.000000	 3.902207
127	 11	 11	 1	 34.022920	 -1	 0.000000	 3.776584
128	 11	 11	 1	 40.588587	 -1	 0.000000	 3.766023
129	 11	 11	 0	 244.849886	 -1	 0.000000	 3.470428
130	 11	 11	 1	 27.213332	 -1	 0.000000	 3.707008
131	 11	 11	 1	 219.172070	 -1	 0.000000	 3.518045
132	 11	 11	 1	 60.901922	 -1	 0.000000	 3.744697
133	 11	 11	 1	 36.987850	 -1	 0.000000	 3.727591
134	 11	 11	 1	 72.205671	 -1	 0.000000	 3.855563
135	 11	 11	 1	 50.130474	 -1	 0.000000	 3.905554
136	 11	 11	 1	 40.592570	 -1	 0.000000	 3.622484
137	 11	 11	 1	 51.977255	 -1	 0.000000	 3.914166
138	 11	 11	 0	 273.472686	 -1	 0.000000	 3.434784
139	 11	 11	 1	 60.612156	 -1	 0.000000	 3.970888
140	 11	 11	 1	 36.282336	 -1	 0.000000	 3.735132
141	 11	 11	 1	 32.255814	 -1	 0.000000	 3.901687
142	 11	 11	 1	 47.185284	 -1	 0.000000	 4.069356
143	 11	 11	 1	 42.748675	 -1	 0.000000	 3.570468
144	 11	 11	 1	 31.839654	 -1	 0.000000	 3.766139
145	 11	 11	 1	 53.236715	 -1	 0.000000	 3.525934
146	 11	 11	 1	 49.463961	 -1	 0.000000	 3.458092
147	 11	 11	 1	 34.491074	 -1	 0.000000	 4.191026
148	 11	 11	 1	 269.281637	 -1	 0.000000	 3.459371
>>> gr_fir_ccf: using E
>>> gr_fir_fff: using E
terminate called after throwing an instance of 'std::invalid_argument'
  what():  gr_ofdm_demod: Incorrect subcarriers allocated
>>> gr_fir_ccf: using E
>>> gr_fir_fff: using E
terminate called after throwing an instance of 'std::invalid_argument'
  what():  gr_ofdm_demod: Incorrect subcarriers allocated
