>>> gr_fir_ccf: using E
>>> gr_fir_fff: using E
terminate called after throwing an instance of 'std::invalid_argument'
  what():  gr_ofdm_demod: Incorrect subcarriers allocated
>>> gr_fir_ccf: using E
>>> gr_fir_fff: using E
gr_buffer::allocate_buffer: warning: tried to allocate
   25 items of size 2544. Due to alignment requirements
   256 were allocated.  If this isn't OK, consider padding
   your structure to a power-of-two bytes.
   On this platform, our allocation granularity is 4096 bytes.
28	 13	 13	 1	 0.000002	 -1	 0.000000	 8.771178
29	 13	 13	 1	 0.000001	 -1	 0.000000	 11.225523
30	 13	 13	 1	 0.000001	 -1	 0.000000	 9.386892
31	 13	 13	 1	 0.000001	 -1	 0.000000	 8.641521
32	 13	 13	 1	 0.000001	 -1	 0.000000	 10.015248
33	 13	 13	 1	 0.000001	 -1	 0.000000	 12.578157
34	 13	 13	 1	 0.000000	 -1	 0.000000	 11.204109
36	 13	 13	 1	 0.000001	 -1	 0.000000	 7.685489
37	 13	 13	 1	 0.000001	 -1	 0.000000	 8.556869
38	 13	 13	 1	 0.000001	 -1	 0.000000	 13.538516
39	 13	 13	 1	 0.000001	 -1	 0.000000	 9.204634
40	 13	 13	 1	 0.000001	 -1	 0.000000	 8.460578
41	 13	 13	 1	 0.000001	 -1	 0.000000	 14.816252
42	 13	 13	 1	 0.062122	 -1	 0.000000	 7.703707
43	 13	 13	 1	 0.000001	 -1	 0.000000	 9.676769
44	 13	 13	 1	 0.000001	 -1	 0.000000	 9.147804
45	 13	 13	 1	 0.000001	 -1	 0.000000	 12.652977
48	 13	 13	 1	 0.000001	 -1	 0.000000	 8.840558
49	 13	 13	 1	 0.000001	 -1	 0.000000	 9.349136
50	 13	 13	 1	 0.000001	 -1	 0.000000	 7.914670
51	 13	 13	 1	 0.000001	 -1	 0.000000	 10.613457
52	 13	 13	 1	 0.000001	 -1	 0.000000	 10.978373
53	 13	 13	 1	 0.000001	 -1	 0.000000	 9.520821
54	 13	 13	 1	 0.000001	 -1	 0.000000	 10.278301
55	 13	 13	 1	 0.000001	 -1	 0.000000	 8.660707
56	 13	 13	 1	 0.000001	 -1	 0.000000	 8.942360
57	 13	 13	 1	 0.000001	 -1	 0.000000	 7.623346
58	 13	 13	 1	 0.000001	 -1	 0.000000	 9.204536
59	 13	 13	 1	 0.000001	 -1	 0.000000	 10.249253
60	 13	 13	 1	 0.000001	 -1	 0.000000	 12.675079
61	 13	 13	 1	 0.000001	 -1	 0.000000	 19.116783
62	 13	 13	 1	 0.000001	 -1	 0.000000	 10.640006
63	 13	 13	 1	 0.000001	 -1	 0.000000	 13.138236
64	 13	 13	 1	 0.000001	 -1	 0.000000	 14.212960
65	 13	 13	 1	 0.000001	 -1	 0.000000	 16.178915
66	 13	 13	 1	 0.000001	 -1	 0.000000	 7.522489
67	 13	 13	 1	 0.000002	 -1	 0.000000	 9.462874
68	 13	 13	 1	 0.000001	 -1	 0.000000	 10.628046
144	 7	 7	 0	 421.966061	 -1	 0.000000	 5.720897
69	 13	 13	 1	 0.000001	 -1	 0.000000	 11.270496
70	 13	 13	 1	 0.000002	 -1	 0.000000	 7.397341
71	 13	 13	 1	 0.000001	 -1	 0.000000	 7.761498
72	 13	 13	 1	 30.232654	 -1	 0.000000	 7.765692
73	 13	 13	 1	 28.450716	 -1	 0.000000	 8.146000
74	 13	 13	 1	 0.000001	 -1	 0.000000	 18.756903
75	 13	 13	 1	 0.000001	 -1	 0.000000	 10.246516
77	 13	 13	 1	 0.000001	 -1	 0.000000	 8.946758
78	 13	 13	 1	 0.000000	 -1	 0.000000	 8.110037
79	 13	 13	 1	 0.000001	 -1	 0.000000	 9.496199
80	 13	 13	 1	 0.000001	 -1	 0.000000	 9.209895
82	 13	 13	 1	 0.000001	 -1	 0.000000	 11.123457
83	 13	 13	 1	 0.000001	 -1	 0.000000	 8.970629
84	 13	 13	 1	 0.000001	 -1	 0.000000	 9.552682
85	 13	 13	 1	 0.000001	 -1	 0.000000	 10.435633
86	 13	 13	 1	 0.000001	 -1	 0.000000	 13.127148
87	 13	 13	 1	 0.000001	 -1	 0.000000	 8.729564
88	 13	 13	 1	 0.000001	 -1	 0.000000	 7.353432
89	 13	 13	 1	 0.000001	 -1	 0.000000	 12.007148
90	 13	 13	 1	 0.000001	 -1	 0.000000	 8.896367
91	 13	 13	 1	 0.000001	 -1	 0.000000	 14.493793
92	 13	 13	 1	 0.000001	 -1	 0.000000	 8.850513
93	 13	 13	 1	 0.000001	 -1	 0.000000	 10.171587
94	 13	 13	 1	 0.000001	 -1	 0.000000	 9.338927
260	 11	 11	 0	 458.279502	 -1	 0.000000	 3.928337
95	 13	 13	 1	 0.000001	 -1	 0.000000	 7.677968
96	 13	 13	 1	 0.000002	 -1	 0.000000	 10.318640
97	 13	 13	 1	 0.000001	 -1	 0.000000	 10.933214
98	 13	 13	 1	 0.000001	 -1	 0.000000	 9.111398
99	 13	 13	 1	 0.000001	 -1	 0.000000	 10.984549
100	 13	 13	 1	 0.000001	 -1	 0.000000	 8.823069
101	 13	 13	 1	 0.049889	 -1	 0.000000	 6.804928
102	 13	 13	 1	 0.000001	 -1	 0.000000	 11.303322
103	 13	 13	 1	 0.000001	 -1	 0.000000	 8.395961
104	 13	 13	 1	 0.000001	 -1	 0.000000	 8.219625
105	 13	 13	 1	 0.000001	 -1	 0.000000	 9.508392
106	 13	 13	 1	 0.000001	 -1	 0.000000	 7.627954
107	 13	 13	 1	 0.000001	 -1	 0.000000	 16.384499
108	 13	 13	 1	 0.000001	 -1	 0.000000	 9.887039
109	 13	 13	 1	 0.000001	 -1	 0.000000	 9.210030
110	 13	 13	 1	 0.000001	 -1	 0.000000	 8.028740
111	 13	 13	 1	 0.000001	 -1	 0.000000	 8.938678
112	 13	 13	 1	 0.000001	 -1	 0.000000	 9.211962
113	 13	 13	 1	 0.000001	 -1	 0.000000	 7.659060
114	 13	 13	 1	 0.000001	 -1	 0.000000	 9.757363
115	 13	 13	 1	 0.000001	 -1	 0.000000	 7.502686
116	 13	 13	 1	 0.000001	 -1	 0.000000	 9.131085
117	 13	 13	 1	 0.000001	 -1	 0.000000	 8.256751
118	 13	 13	 1	 0.000001	 -1	 0.000000	 11.724339
119	 13	 13	 1	 0.000001	 -1	 0.000000	 8.980677
120	 13	 13	 1	 0.000002	 -1	 0.000000	 8.276497
121	 13	 13	 1	 0.000001	 -1	 0.000000	 8.743543
122	 13	 13	 1	 0.000001	 -1	 0.000000	 10.562449
123	 13	 13	 1	 0.000001	 -1	 0.000000	 9.233145
124	 13	 13	 1	 0.000000	 -1	 0.000000	 11.116842
125	 13	 13	 1	 0.000001	 -1	 0.000000	 9.925553
126	 13	 13	 1	 0.000001	 -1	 0.000000	 11.927872
127	 13	 13	 1	 0.000001	 -1	 0.000000	 8.447591
128	 13	 13	 1	 0.000001	 -1	 0.000000	 8.899032
129	 13	 13	 1	 0.000001	 -1	 0.000000	 10.282395
130	 13	 13	 1	 0.000001	 -1	 0.000000	 8.184200
131	 13	 13	 1	 0.000001	 -1	 0.000000	 12.089685
132	 13	 13	 1	 40.739808	 -1	 0.000000	 7.991460
133	 13	 13	 1	 0.000001	 -1	 0.000000	 8.506914
137	 13	 13	 1	 0.000001	 -1	 0.000000	 8.503504
138	 13	 13	 1	 0.000001	 -1	 0.000000	 8.128077
139	 13	 13	 1	 0.000001	 -1	 0.000000	 9.271937
141	 13	 13	 1	 0.000001	 -1	 0.000000	 8.284819
142	 13	 13	 1	 0.000001	 -1	 0.000000	 8.680243
143	 13	 13	 1	 0.000001	 -1	 0.000000	 9.521054
144	 13	 13	 1	 0.000001	 -1	 0.000000	 8.538098
145	 13	 13	 1	 0.000001	 -1	 0.000000	 11.238869
146	 13	 13	 1	 0.000001	 -1	 0.000000	 9.981920
147	 13	 13	 1	 0.000001	 -1	 0.000000	 8.756783
148	 13	 13	 1	 0.000001	 -1	 0.000000	 9.183725
149	 13	 13	 1	 0.000002	 -1	 0.000000	 7.897589
150	 13	 13	 1	 0.068311	 -1	 0.000000	 8.791293
151	 13	 13	 1	 0.000001	 -1	 0.000000	 7.530967
152	 13	 13	 1	 0.000001	 -1	 0.000000	 6.884973
153	 13	 13	 1	 0.000001	 -1	 0.000000	 9.884550
3715	 15	 15	 0	 413.689901	 -1	 0.000000	 2.872004
154	 13	 13	 1	 0.000001	 -1	 0.000000	 13.872264
155	 13	 13	 1	 0.000001	 -1	 0.000000	 7.858356
156	 13	 13	 1	 0.000001	 -1	 0.000000	 8.451876
157	 13	 13	 1	 0.000001	 -1	 0.000000	 7.161273
158	 13	 13	 1	 0.000001	 -1	 0.000000	 9.887302
159	 13	 13	 1	 0.000001	 -1	 0.000000	 10.217397
160	 13	 13	 1	 0.000001	 -1	 0.000000	 9.310896
161	 13	 13	 1	 0.000001	 -1	 0.000000	 14.847974
344	 5	 5	 0	 400.972075	 -1	 0.000000	 2.917990
162	 13	 13	 1	 0.000001	 -1	 0.000000	 9.482009
163	 13	 13	 1	 0.000001	 -1	 0.000000	 7.791493
164	 13	 13	 1	 0.000001	 -1	 0.000000	 10.027816
165	 13	 13	 1	 31.622015	 -1	 0.000000	 7.745744
166	 13	 13	 1	 0.000001	 -1	 0.000000	 11.155336
167	 13	 13	 1	 0.000001	 -1	 0.000000	 10.566130
168	 13	 13	 1	 0.001119	 -1	 0.000000	 9.419118
169	 13	 13	 1	 0.000001	 -1	 0.000000	 13.658776
170	 13	 13	 1	 0.000001	 -1	 0.000000	 7.466712
171	 13	 13	 1	 0.000002	 -1	 0.000000	 8.548495
172	 13	 13	 1	 0.000001	 -1	 0.000000	 11.853841
173	 13	 13	 1	 0.000001	 -1	 0.000000	 9.851029
174	 13	 13	 1	 0.000001	 -1	 0.000000	 7.295679
175	 13	 13	 1	 0.000001	 -1	 0.000000	 7.480864
176	 13	 13	 1	 0.000001	 -1	 0.000000	 9.624083
177	 13	 13	 1	 0.000001	 -1	 0.000000	 9.560669
178	 13	 13	 1	 0.000001	 -1	 0.000000	 13.305578
179	 13	 13	 1	 0.000001	 -1	 0.000000	 9.863134
180	 13	 13	 1	 0.000001	 -1	 0.000000	 11.371146
181	 13	 13	 1	 0.000001	 -1	 0.000000	 9.028139
182	 13	 13	 1	 0.000001	 -1	 0.000000	 7.787988
183	 13	 13	 1	 0.000001	 -1	 0.000000	 10.928875
184	 13	 13	 1	 0.000001	 -1	 0.000000	 12.060244
174	 15	 15	 0	 361.061743	 -1	 0.000000	 5.737728
185	 13	 13	 1	 0.000001	 -1	 0.000000	 9.498267
186	 13	 13	 1	 0.000001	 -1	 0.000000	 10.806769
187	 13	 13	 1	 0.000001	 -1	 0.000000	 10.465400
188	 13	 13	 1	 0.000002	 -1	 0.000000	 7.449121
189	 13	 13	 1	 0.000001	 -1	 0.000000	 9.600019
190	 13	 13	 1	 0.000001	 -1	 0.000000	 9.356634
191	 13	 13	 1	 0.000001	 -1	 0.000000	 9.275086
192	 13	 13	 1	 0.000002	 -1	 0.000000	 7.619228
193	 13	 13	 1	 0.000001	 -1	 0.000000	 8.482076
194	 13	 13	 1	 0.000001	 -1	 0.000000	 7.637418
195	 13	 13	 1	 0.000001	 -1	 0.000000	 10.354926
196	 13	 13	 1	 0.000001	 -1	 0.000000	 8.706800
197	 13	 13	 1	 0.000001	 -1	 0.000000	 8.822367
198	 13	 13	 1	 0.000001	 -1	 0.000000	 10.214542
199	 13	 13	 1	 0.000001	 -1	 0.000000	 12.364077
200	 13	 13	 1	 0.873021	 -1	 0.000000	 4.191585
201	 13	 13	 1	 0.000001	 -1	 0.000000	 11.685020
202	 13	 13	 1	 0.000001	 -1	 0.000000	 12.757195
2254	 7	 7	 0	 386.227737	 -1	 0.000000	 6.454633
203	 13	 13	 1	 0.000001	 -1	 0.000000	 9.569199
204	 13	 13	 1	 0.000001	 -1	 0.000000	 8.053940
205	 13	 13	 1	 0.000001	 -1	 0.000000	 18.308561
207	 13	 13	 1	 0.000001	 -1	 0.000000	 10.888674
208	 13	 13	 1	 0.000001	 -1	 0.000000	 11.439080
210	 13	 13	 1	 0.000001	 -1	 0.000000	 9.155142
211	 13	 13	 1	 0.000001	 -1	 0.000000	 10.697592
212	 13	 13	 1	 0.000001	 -1	 0.000000	 7.207670
213	 13	 13	 1	 0.000001	 -1	 0.000000	 8.714537
321	 7	 7	 0	 433.937597	 -1	 0.000000	 2.903452
214	 13	 13	 1	 0.000001	 -1	 0.000000	 12.257953
216	 13	 13	 1	 0.000002	 -1	 0.000000	 7.680594
217	 13	 13	 1	 0.000001	 -1	 0.000000	 8.694787
218	 13	 13	 1	 0.000001	 -1	 0.000000	 12.018909
219	 13	 13	 0	 215.566693	 -1	 0.000000	 9.388275
220	 13	 13	 1	 30.475477	 -1	 0.000000	 10.181161
221	 13	 13	 0	 383.616568	 -1	 0.000000	 8.193534
222	 13	 13	 0	 196.686893	 -1	 0.000000	 11.925414
226	 13	 13	 1	 0.000002	 -1	 0.000000	 11.749449
227	 13	 13	 1	 0.000001	 -1	 0.000000	 8.828642
228	 13	 13	 1	 0.000001	 -1	 0.000000	 8.497705
229	 13	 13	 1	 0.000001	 -1	 0.000000	 8.645143
4010	 7	 7	 0	 423.005145	 -1	 0.000000	 3.663634
233	 13	 13	 1	 0.000001	 -1	 0.000000	 9.641261
234	 13	 13	 1	 0.000001	 -1	 0.000000	 9.213571
235	 13	 13	 1	 0.000001	 -1	 0.000000	 9.252474
236	 13	 13	 1	 0.000001	 -1	 0.000000	 12.458855
237	 13	 13	 1	 0.000001	 -1	 0.000000	 18.028671
238	 13	 13	 1	 0.000001	 -1	 0.000000	 10.389263
239	 13	 13	 1	 0.000001	 -1	 0.000000	 8.707000
240	 13	 13	 1	 41.561121	 -1	 0.000000	 7.281380
245	 13	 13	 1	 0.000001	 -1	 0.000000	 8.983446
246	 13	 13	 0	 495.641574	 -1	 0.000000	 10.320243
248	 13	 13	 1	 0.000001	 -1	 0.000000	 9.337366
787	 7	 7	 0	 434.791649	 -1	 0.000000	 5.314623
250	 13	 13	 1	 0.000001	 -1	 0.000000	 9.783380
251	 13	 13	 0	 366.233672	 -1	 0.000000	 9.131520
252	 13	 13	 1	 0.000001	 -1	 0.000000	 8.462009
254	 13	 13	 1	 0.000001	 -1	 0.000000	 9.939602
255	 13	 13	 1	 0.000001	 -1	 0.000000	 8.577630
256	 13	 13	 1	 0.033766	 -1	 0.000000	 4.181136
257	 13	 13	 1	 0.000001	 -1	 0.000000	 11.399752
258	 13	 13	 0	 374.305798	 -1	 0.000000	 11.713469
259	 13	 13	 1	 0.000001	 -1	 0.000000	 13.997381
261	 13	 13	 1	 0.000001	 -1	 0.000000	 8.868300
271	 13	 13	 1	 0.000001	 -1	 0.000000	 9.317573
272	 13	 13	 1	 0.000001	 -1	 0.000000	 8.105356
273	 13	 13	 0	 277.601090	 -1	 0.000000	 7.329039
274	 13	 13	 1	 0.000001	 -1	 0.000000	 10.488716
275	 13	 13	 1	 0.000001	 -1	 0.000000	 7.446652
276	 13	 13	 1	 0.009805	 -1	 0.000000	 8.560673
278	 13	 13	 1	 0.000001	 -1	 0.000000	 7.972428
115	 10	 10	 0	 477.917749	 -1	 0.000000	 6.287138
279	 13	 13	 1	 0.000002	 -1	 0.000000	 8.635498
284	 13	 13	 1	 0.000001	 -1	 0.000000	 12.796217
286	 13	 13	 0	 374.550362	 -1	 0.000000	 8.594512
290	 13	 13	 1	 0.000001	 -1	 0.000000	 8.216113
291	 13	 13	 1	 0.000001	 -1	 0.000000	 8.347570
293	 13	 13	 1	 0.000001	 -1	 0.000000	 7.930173
295	 13	 13	 1	 0.000001	 -1	 0.000000	 9.552976
296	 13	 13	 1	 0.000001	 -1	 0.000000	 8.442060
297	 13	 13	 1	 0.000001	 -1	 0.000000	 8.744926
298	 13	 13	 1	 0.000001	 -1	 0.000000	 10.821483
299	 13	 13	 1	 0.000001	 -1	 0.000000	 8.761024
300	 13	 13	 1	 0.000001	 -1	 0.000000	 10.006845
302	 13	 13	 1	 0.000001	 -1	 0.000000	 8.619898
303	 13	 13	 1	 0.000001	 -1	 0.000000	 10.255740
304	 13	 13	 1	 0.000001	 -1	 0.000000	 10.762952
305	 13	 13	 1	 91.037591	 -1	 0.000000	 10.441720
307	 13	 13	 1	 0.000001	 -1	 0.000000	 15.942227
308	 13	 13	 1	 0.000001	 -1	 0.000000	 10.407607
309	 13	 13	 1	 0.000001	 -1	 0.000000	 8.742758
310	 13	 13	 1	 0.000001	 -1	 0.000000	 10.936479
311	 13	 13	 1	 0.000001	 -1	 0.000000	 9.198816
312	 13	 13	 1	 0.000001	 -1	 0.000000	 9.483431
313	 13	 13	 1	 0.000001	 -1	 0.000000	 10.388807
314	 13	 13	 1	 0.000001	 -1	 0.000000	 8.489386
315	 13	 13	 1	 0.000001	 -1	 0.000000	 7.999343
316	 13	 13	 1	 0.000001	 -1	 0.000000	 11.359105
317	 13	 13	 1	 0.000001	 -1	 0.000000	 11.099879
318	 13	 13	 1	 0.000001	 -1	 0.000000	 9.439959
319	 13	 13	 0	 210.363223	 -1	 0.000000	 11.836224
321	 13	 13	 1	 136.743508	 -1	 0.000000	 10.048337
322	 13	 13	 1	 47.431422	 -1	 0.000000	 9.163446
325	 13	 13	 1	 0.000001	 -1	 0.000000	 9.109429
327	 13	 13	 1	 0.000001	 -1	 0.000000	 11.139551
328	 13	 13	 1	 0.000001	 -1	 0.000000	 8.443990
329	 13	 13	 1	 0.000001	 -1	 0.000000	 9.807773
330	 13	 13	 1	 0.000001	 -1	 0.000000	 13.887403
331	 13	 13	 1	 0.000001	 -1	 0.000000	 9.792826
333	 13	 13	 1	 0.000001	 -1	 0.000000	 9.052241
334	 13	 13	 1	 0.000001	 -1	 0.000000	 13.919021
335	 13	 13	 1	 0.000001	 -1	 0.000000	 9.095924
336	 13	 13	 1	 0.000001	 -1	 0.000000	 8.553339
337	 13	 13	 1	 0.000001	 -1	 0.000000	 8.635628
338	 13	 13	 1	 0.000001	 -1	 0.000000	 9.411439
339	 13	 13	 1	 0.000001	 -1	 0.000000	 7.963027
340	 13	 13	 1	 0.000001	 -1	 0.000000	 10.532308
341	 13	 13	 0	 338.164984	 -1	 0.000000	 9.150552
342	 13	 13	 0	 229.178638	 -1	 0.000000	 8.847878
343	 13	 13	 1	 0.000001	 -1	 0.000000	 9.326621
344	 13	 13	 1	 0.000001	 -1	 0.000000	 9.411773
345	 13	 13	 1	 0.000013	 -1	 0.000000	 12.584555
346	 13	 13	 0	 226.483831	 -1	 0.000000	 9.886300
347	 13	 13	 1	 0.000001	 -1	 0.000000	 8.683587
0	 15	 15	 1	 0.000053	 -1	 0.000000	 11.219381
1	 15	 15	 1	 0.000050	 -1	 0.000000	 7.997624
2	 15	 15	 1	 0.000060	 -1	 0.000000	 7.747865
3	 15	 15	 1	 2.644853	 -1	 0.000000	 10.452211
4	 15	 15	 1	 0.000041	 -1	 0.000000	 7.464063
5	 15	 15	 1	 0.000052	 -1	 0.000000	 8.768270
3309	 15	 15	 0	 386.997156	 -1	 0.000000	 8.475441
6	 15	 15	 1	 0.000050	 -1	 0.000000	 8.134910
7	 15	 15	 0	 261.982692	 -1	 0.000000	 5.304257
8	 15	 15	 1	 0.000057	 -1	 0.000000	 9.029866
9	 15	 15	 1	 0.000037	 -1	 0.000000	 13.066037
10	 15	 15	 1	 0.000074	 -1	 0.000000	 17.782457
11	 15	 15	 1	 0.000049	 -1	 0.000000	 11.167994
12	 15	 15	 1	 0.000049	 -1	 0.000000	 14.773598
13	 15	 15	 1	 3.582756	 -1	 0.000000	 12.739972
14	 15	 15	 1	 0.000047	 -1	 0.000000	 11.170653
15	 15	 15	 0	 98.568987	 -1	 0.000000	 6.979661
17	 15	 15	 1	 0.000052	 -1	 0.000000	 7.329494
18	 15	 15	 1	 0.061482	 -1	 0.000000	 7.224188
19	 15	 15	 1	 0.000040	 -1	 0.000000	 8.450723
20	 15	 15	 1	 0.000085	 -1	 0.000000	 11.775173
21	 15	 15	 0	 134.091180	 -1	 0.000000	 8.269899
22	 15	 15	 0	 177.675625	 -1	 0.000000	 8.390121
23	 15	 15	 0	 311.743961	 -1	 0.000000	 5.620708
24	 15	 15	 1	 0.000045	 -1	 0.000000	 8.551262
1190	 13	 13	 0	 339.659394	 -1	 0.000000	 12.217417
25	 15	 15	 1	 0.000050	 -1	 0.000000	 11.432943
26	 15	 15	 1	 0.000043	 -1	 0.000000	 14.681723
27	 15	 15	 1	 0.000046	 -1	 0.000000	 10.940514
28	 15	 15	 1	 0.000048	 -1	 0.000000	 12.086649
29	 15	 15	 1	 0.000057	 -1	 0.000000	 9.240176
30	 15	 15	 1	 0.000051	 -1	 0.000000	 21.595776
31	 15	 15	 1	 15.212618	 -1	 0.000000	 11.031570
32	 15	 15	 1	 0.000049	 -1	 0.000000	 13.540472
33	 15	 15	 1	 0.000061	 -1	 0.000000	 7.613237
34	 15	 15	 1	 0.000045	 -1	 0.000000	 10.390040
>>> gr_fir_ccf: using E
>>> gr_fir_fff: using E
gr_buffer::allocate_buffer: warning: tried to allocate
   25 items of size 2544. Due to alignment requirements
   256 were allocated.  If this isn't OK, consider padding
   your structure to a power-of-two bytes.
   On this platform, our allocation granularity is 4096 bytes.
42	 15	 15	 1	 0.000050	 -1	 0.000000	 8.806758
43	 15	 15	 1	 0.000063	 -1	 0.000000	 7.740991
44	 15	 15	 1	 0.191722	 -1	 0.000000	 9.703247
45	 15	 15	 1	 49.763612	 -1	 0.000000	 8.302225
46	 15	 15	 0	 231.559038	 -1	 0.000000	 6.403633
47	 15	 15	 1	 0.000058	 -1	 0.000000	 12.734805
48	 15	 15	 1	 0.000005	 -1	 0.000000	 10.670410
49	 15	 15	 1	 0.000039	 -1	 0.000000	 10.991345
50	 15	 15	 1	 0.000049	 -1	 0.000000	 13.667914
51	 15	 15	 1	 0.000047	 -1	 0.000000	 11.951020
52	 15	 15	 1	 0.000058	 -1	 0.000000	 7.091311
53	 15	 15	 1	 0.000085	 -1	 0.000000	 10.432901
54	 15	 15	 1	 0.000041	 -1	 0.000000	 10.210411
55	 15	 15	 1	 0.000051	 -1	 0.000000	 9.072891
56	 15	 15	 1	 28.223949	 -1	 0.000000	 11.761491
57	 15	 15	 1	 0.000061	 -1	 0.000000	 8.520504
58	 15	 15	 1	 54.793084	 -1	 0.000000	 8.004883
59	 15	 15	 1	 0.000043	 -1	 0.000000	 8.815976
60	 15	 15	 1	 44.554110	 -1	 0.000000	 8.802344
61	 15	 15	 1	 0.000049	 -1	 0.000000	 8.080459
62	 15	 15	 1	 0.000064	 -1	 0.000000	 15.329584
63	 15	 15	 1	 0.000058	 -1	 0.000000	 8.390826
64	 15	 15	 1	 0.000040	 -1	 0.000000	 8.724606
65	 15	 15	 1	 29.426953	 -1	 0.000000	 10.055007
66	 15	 15	 1	 0.000065	 -1	 0.000000	 10.675921
67	 15	 15	 1	 0.000064	 -1	 0.000000	 11.183274
68	 15	 15	 1	 0.000049	 -1	 0.000000	 9.217334
69	 15	 15	 1	 0.000046	 -1	 0.000000	 8.414653
70	 15	 15	 1	 0.000057	 -1	 0.000000	 7.858903
71	 15	 15	 1	 0.046433	 -1	 0.000000	 8.366040
72	 15	 15	 1	 0.000059	 -1	 0.000000	 8.804389
73	 15	 15	 1	 0.000049	 -1	 0.000000	 10.439765
74	 15	 15	 1	 0.074096	 -1	 0.000000	 11.031653
75	 15	 15	 1	 0.000053	 -1	 0.000000	 8.856632
77	 15	 15	 1	 0.000060	 -1	 0.000000	 8.970366
78	 15	 15	 1	 0.048703	 -1	 0.000000	 13.351583
79	 15	 15	 1	 0.000047	 -1	 0.000000	 10.910435
80	 15	 15	 1	 30.260867	 -1	 0.000000	 12.394220
81	 15	 15	 1	 0.000047	 -1	 0.000000	 7.765880
82	 15	 15	 1	 0.000059	 -1	 0.000000	 9.430053
83	 15	 15	 1	 0.000054	 -1	 0.000000	 7.941545
84	 15	 15	 1	 0.000072	 -1	 0.000000	 8.184194
85	 15	 15	 1	 0.000076	 -1	 0.000000	 7.858471
86	 15	 15	 0	 84.784621	 -1	 0.000000	 8.140360
87	 15	 15	 1	 0.000059	 -1	 0.000000	 9.408736
88	 15	 15	 1	 0.000043	 -1	 0.000000	 9.228211
89	 15	 15	 1	 0.000047	 -1	 0.000000	 8.225876
90	 15	 15	 1	 0.000064	 -1	 0.000000	 9.772424
91	 15	 15	 1	 0.000066	 -1	 0.000000	 7.589878
92	 15	 15	 1	 0.000066	 -1	 0.000000	 8.074741
93	 15	 15	 1	 0.055504	 -1	 0.000000	 14.776947
94	 15	 15	 1	 0.000046	 -1	 0.000000	 7.580536
95	 15	 15	 1	 0.000045	 -1	 0.000000	 11.538980
96	 15	 15	 1	 0.000065	 -1	 0.000000	 9.883693
97	 15	 15	 0	 299.401293	 -1	 0.000000	 5.741895
3987	 15	 15	 0	 358.394533	 -1	 0.000000	 6.778654
99	 15	 15	 1	 0.000047	 -1	 0.000000	 11.046195
100	 15	 15	 1	 0.000050	 -1	 0.000000	 10.077780
101	 15	 15	 0	 282.103474	 -1	 0.000000	 6.285502
102	 15	 15	 1	 0.000056	 -1	 0.000000	 10.757170
103	 15	 15	 1	 0.019956	 -1	 0.000000	 8.410559
104	 15	 15	 1	 0.000054	 -1	 0.000000	 13.923145
105	 15	 15	 1	 0.000005	 -1	 0.000000	 9.981913
106	 15	 15	 1	 0.000042	 -1	 0.000000	 8.188244
>>> gr_fir_ccf: using E
>>> gr_fir_fff: using E
gr_buffer::allocate_buffer: warning: tried to allocate
   25 items of size 2544. Due to alignment requirements
   256 were allocated.  If this isn't OK, consider padding
   your structure to a power-of-two bytes.
   On this platform, our allocation granularity is 4096 bytes.
40	 5	 5	 1	 0.001351	 -1	 0.000000	 9.000416
41	 5	 5	 1	 0.000827	 -1	 0.000000	 7.989425
42	 5	 5	 1	 0.001034	 -1	 0.000000	 7.794552
43	 5	 5	 1	 0.001102	 -1	 0.000000	 8.866611
44	 5	 5	 1	 0.001130	 -1	 0.000000	 7.870543
45	 5	 5	 1	 0.001171	 -1	 0.000000	 12.679733
46	 5	 5	 1	 0.000562	 -1	 0.000000	 11.836554
47	 5	 5	 1	 0.000629	 -1	 0.000000	 9.846045
48	 5	 5	 0	 225.653076	 -1	 0.000000	 7.244347
49	 5	 5	 1	 34.213111	 -1	 0.000000	 10.029333
50	 5	 5	 1	 0.000653	 -1	 0.000000	 10.355533
51	 5	 5	 0	 373.428295	 -1	 0.000000	 6.931282
52	 5	 5	 1	 0.000709	 -1	 0.000000	 11.016973
53	 5	 5	 1	 0.001399	 -1	 0.000000	 10.372514
54	 5	 5	 1	 0.001537	 -1	 0.000000	 7.519638
55	 5	 5	 1	 0.001189	 -1	 0.000000	 7.886894
56	 5	 5	 0	 299.642813	 -1	 0.000000	 7.691854
58	 5	 5	 1	 0.000988	 -1	 0.000000	 12.792778
59	 5	 5	 1	 0.001328	 -1	 0.000000	 9.915799
60	 5	 5	 0	 369.872528	 -1	 0.000000	 5.255881
61	 5	 5	 1	 0.000666	 -1	 0.000000	 8.604506
62	 5	 5	 1	 0.000971	 -1	 0.000000	 10.540709
63	 5	 5	 1	 0.000766	 -1	 0.000000	 10.278333
64	 5	 5	 1	 0.000905	 -1	 0.000000	 11.232842
65	 5	 5	 1	 0.000715	 -1	 0.000000	 11.346987
66	 5	 5	 1	 0.001070	 -1	 0.000000	 8.096669
67	 5	 5	 1	 0.000493	 -1	 0.000000	 12.324462
68	 5	 5	 1	 0.001392	 -1	 0.000000	 7.926364
69	 5	 5	 1	 0.000636	 -1	 0.000000	 11.752925
71	 5	 5	 1	 0.000849	 -1	 0.000000	 10.088593
72	 5	 5	 1	 0.001039	 -1	 0.000000	 8.692001
73	 5	 5	 1	 0.001609	 -1	 0.000000	 9.516354
74	 5	 5	 1	 0.000855	 -1	 0.000000	 8.983212
75	 5	 5	 1	 0.001275	 -1	 0.000000	 7.992293
76	 5	 5	 1	 0.001383	 -1	 0.000000	 9.258555
77	 5	 5	 1	 0.000507	 -1	 0.000000	 14.216430
78	 5	 5	 0	 388.603943	 -1	 0.000000	 9.912273
79	 5	 5	 1	 0.001149	 -1	 0.000000	 11.603248
80	 5	 5	 1	 0.000859	 -1	 0.000000	 14.008811
81	 5	 5	 1	 0.000521	 -1	 0.000000	 8.833309
82	 5	 5	 1	 0.001711	 -1	 0.000000	 9.439841
83	 5	 5	 1	 0.001036	 -1	 0.000000	 8.966384
84	 5	 5	 0	 271.208417	 -1	 0.000000	 8.348458
85	 5	 5	 0	 315.461174	 -1	 0.000000	 13.396833
86	 5	 5	 1	 0.001176	 -1	 0.000000	 8.111639
87	 5	 5	 1	 0.000931	 -1	 0.000000	 8.662805
88	 5	 5	 1	 0.000759	 -1	 0.000000	 14.066036
89	 5	 5	 1	 0.001629	 -1	 0.000000	 9.329429
90	 5	 5	 1	 0.001241	 -1	 0.000000	 10.178999
91	 5	 5	 1	 0.001016	 -1	 0.000000	 8.450064
92	 5	 5	 1	 0.001514	 -1	 0.000000	 13.463718
93	 5	 5	 1	 0.001103	 -1	 0.000000	 9.671831
94	 5	 5	 1	 0.001514	 -1	 0.000000	 8.449162
95	 5	 5	 1	 0.000587	 -1	 0.000000	 10.528396
96	 5	 5	 1	 0.001166	 -1	 0.000000	 8.057467
97	 5	 5	 1	 0.001013	 -1	 0.000000	 8.209552
99	 5	 5	 1	 0.001741	 -1	 0.000000	 8.305412
100	 5	 5	 1	 0.000559	 -1	 0.000000	 14.743237
101	 5	 5	 1	 0.000589	 -1	 0.000000	 12.673348
102	 5	 5	 1	 0.000580	 -1	 0.000000	 10.867246
103	 5	 5	 1	 0.000697	 -1	 0.000000	 8.153913
104	 5	 5	 1	 0.000985	 -1	 0.000000	 9.541004
105	 5	 5	 0	 317.511260	 -1	 0.000000	 7.177573
106	 5	 5	 1	 0.001184	 -1	 0.000000	 10.819677
107	 5	 5	 1	 0.002154	 -1	 0.000000	 8.005139
108	 5	 5	 0	 325.127222	 -1	 0.000000	 9.655367
109	 5	 5	 1	 0.000568	 -1	 0.000000	 9.751765
110	 5	 5	 1	 0.000704	 -1	 0.000000	 13.023362
111	 5	 5	 1	 0.001174	 -1	 0.000000	 10.046375
112	 5	 5	 0	 182.407149	 -1	 0.000000	 11.202901
113	 5	 5	 1	 0.001142	 -1	 0.000000	 8.973958
114	 5	 5	 1	 0.000781	 -1	 0.000000	 11.494987
115	 5	 5	 0	 278.307095	 -1	 0.000000	 6.446653
116	 5	 5	 0	 284.121551	 -1	 0.000000	 8.147553
117	 5	 5	 1	 0.001177	 -1	 0.000000	 12.602972
118	 5	 5	 0	 376.204187	 -1	 0.000000	 6.783262
119	 5	 5	 0	 341.256721	 -1	 0.000000	 6.688598
120	 5	 5	 1	 0.000762	 -1	 0.000000	 11.796689
121	 5	 5	 1	 0.001505	 -1	 0.000000	 9.791424
122	 5	 5	 0	 267.845633	 -1	 0.000000	 7.592694
123	 5	 5	 1	 0.001259	 -1	 0.000000	 8.399555
>>> gr_fir_ccf: using E
>>> gr_fir_fff: using E
gr_buffer::allocate_buffer: warning: tried to allocate
   25 items of size 2544. Due to alignment requirements
   256 were allocated.  If this isn't OK, consider padding
   your structure to a power-of-two bytes.
   On this platform, our allocation granularity is 4096 bytes.
0	 7	 7	 1	 0.021962	 -1	 0.000000	 11.934011
1	 7	 7	 1	 0.019423	 -1	 0.000000	 9.446414
2	 7	 7	 1	 0.023479	 -1	 0.000000	 9.090873
3	 7	 7	 0	 319.773765	 -1	 0.000000	 9.024750
4	 7	 7	 1	 0.002262	 -1	 0.000000	 8.107738
5	 7	 7	 1	 2.895348	 -1	 0.000000	 14.682464
6	 7	 7	 1	 0.021217	 -1	 0.000000	 9.183321
7	 7	 7	 1	 0.041357	 -1	 0.000000	 6.745293
8	 7	 7	 1	 0.019961	 -1	 0.000000	 11.654293
9	 7	 7	 1	 0.002902	 -1	 0.000000	 8.563229
10	 7	 7	 1	 0.033362	 -1	 0.000000	 7.831573
11	 7	 7	 1	 0.037565	 -1	 0.000000	 7.826435
12	 7	 7	 1	 0.027701	 -1	 0.000000	 8.385126
13	 7	 7	 1	 0.002753	 -1	 0.000000	 9.119128
14	 7	 7	 1	 0.001657	 -1	 0.000000	 10.689982
15	 7	 7	 1	 0.003250	 -1	 0.000000	 7.875119
16	 7	 7	 1	 0.018411	 -1	 0.000000	 10.835120
17	 7	 7	 1	 0.019519	 -1	 0.000000	 15.539392
18	 7	 7	 1	 0.001874	 -1	 0.000000	 8.956792
19	 7	 7	 1	 0.021026	 -1	 0.000000	 13.253284
20	 7	 7	 1	 8.660271	 -1	 0.000000	 12.278458
21	 7	 7	 1	 0.020193	 -1	 0.000000	 12.405743
22	 7	 7	 1	 0.018675	 -1	 0.000000	 9.837690
23	 7	 7	 1	 0.028444	 -1	 0.000000	 9.961252
24	 7	 7	 1	 0.026112	 -1	 0.000000	 8.181212
25	 7	 7	 1	 0.002996	 -1	 0.000000	 8.605865
26	 7	 7	 1	 0.033676	 -1	 0.000000	 7.866456
27	 7	 7	 1	 26.061218	 -1	 0.000000	 10.384697
28	 7	 7	 1	 0.026199	 -1	 0.000000	 8.858593
29	 7	 7	 1	 0.002337	 -1	 0.000000	 9.346594
30	 7	 7	 1	 0.035473	 -1	 0.000000	 12.112496
31	 7	 7	 1	 24.476958	 -1	 0.000000	 10.341170
32	 7	 7	 1	 0.002498	 -1	 0.000000	 9.225536
33	 7	 7	 1	 0.052676	 -1	 0.000000	 7.265222
34	 7	 7	 1	 0.027754	 -1	 0.000000	 7.503911
35	 7	 7	 1	 20.539115	 -1	 0.000000	 8.979854
36	 7	 7	 1	 0.020113	 -1	 0.000000	 9.501296
37	 7	 7	 1	 0.024194	 -1	 0.000000	 11.419494
>>> gr_fir_ccf: using E
>>> gr_fir_fff: using E
gr_buffer::allocate_buffer: warning: tried to allocate
   25 items of size 2544. Due to alignment requirements
   256 were allocated.  If this isn't OK, consider padding
   your structure to a power-of-two bytes.
   On this platform, our allocation granularity is 4096 bytes.
40	 7	 7	 1	 0.016752	 -1	 0.000000	 11.123119
41	 7	 7	 1	 0.024708	 -1	 0.000000	 10.979955
42	 7	 7	 1	 0.002494	 -1	 0.000000	 9.445464
43	 7	 7	 1	 0.002899	 -1	 0.000000	 8.641182
3547	 10	 10	 0	 477.131936	 -1	 0.000000	 6.831984
44	 7	 7	 1	 0.018420	 -1	 0.000000	 11.573638
45	 7	 7	 1	 0.024798	 -1	 0.000000	 9.132313
46	 7	 7	 1	 34.820703	 -1	 0.000000	 11.160175
47	 7	 7	 1	 0.028527	 -1	 0.000000	 7.973289
48	 7	 7	 1	 0.027628	 -1	 0.000000	 9.348312
49	 7	 7	 1	 0.034210	 -1	 0.000000	 7.545396
50	 7	 7	 1	 0.023280	 -1	 0.000000	 12.030740
51	 7	 7	 1	 0.021640	 -1	 0.000000	 9.821265
52	 7	 7	 1	 0.027290	 -1	 0.000000	 9.152306
53	 7	 7	 1	 0.026022	 -1	 0.000000	 14.385421
54	 7	 7	 1	 0.025543	 -1	 0.000000	 8.719355
55	 7	 7	 1	 0.157954	 -1	 0.000000	 11.277538
56	 7	 7	 1	 0.015021	 -1	 0.000000	 14.732671
57	 7	 7	 1	 8.550516	 -1	 0.000000	 11.795879
58	 7	 7	 1	 0.023246	 -1	 0.000000	 25.005514
59	 7	 7	 1	 0.025078	 -1	 0.000000	 11.790271
60	 7	 7	 1	 0.020542	 -1	 0.000000	 9.007282
61	 7	 7	 1	 0.020283	 -1	 0.000000	 15.572391
62	 7	 7	 1	 0.027013	 -1	 0.000000	 11.390307
3825	 11	 11	 0	 456.638897	 -1	 0.000000	 5.584932
63	 7	 7	 1	 0.020842	 -1	 0.000000	 10.861927
267	 15	 15	 0	 396.871340	 -1	 0.000000	 14.630367
64	 7	 7	 1	 0.023917	 -1	 0.000000	 8.835593
65	 7	 7	 1	 0.027452	 -1	 0.000000	 10.568339
66	 7	 7	 1	 0.020758	 -1	 0.000000	 12.478383
67	 7	 7	 1	 35.236506	 -1	 0.000000	 7.769290
68	 7	 7	 1	 0.019105	 -1	 0.000000	 21.348116
69	 7	 7	 1	 0.002703	 -1	 0.000000	 9.734486
70	 7	 7	 0	 186.801022	 -1	 0.000000	 9.020838
71	 7	 7	 1	 4.210716	 -1	 0.000000	 8.207564
72	 7	 7	 1	 1.455185	 -1	 0.000000	 9.568369
73	 7	 7	 1	 0.016912	 -1	 0.000000	 12.490947
74	 7	 7	 1	 27.349812	 -1	 0.000000	 12.058825
75	 7	 7	 1	 0.014148	 -1	 0.000000	 9.024932
76	 7	 7	 1	 0.015526	 -1	 0.000000	 18.953680
77	 7	 7	 1	 0.020220	 -1	 0.000000	 10.891143
78	 7	 7	 1	 0.002033	 -1	 0.000000	 11.864006
79	 7	 7	 1	 0.032670	 -1	 0.000000	 7.804148
80	 7	 7	 1	 0.029358	 -1	 0.000000	 8.676374
81	 7	 7	 1	 0.002263	 -1	 0.000000	 9.809900
82	 7	 7	 1	 0.028523	 -1	 0.000000	 10.330295
83	 7	 7	 1	 0.019520	 -1	 0.000000	 14.988570
>>> gr_fir_ccf: using E
>>> gr_fir_fff: using E
gr_buffer::allocate_buffer: warning: tried to allocate
   25 items of size 2544. Due to alignment requirements
   256 were allocated.  If this isn't OK, consider padding
   your structure to a power-of-two bytes.
   On this platform, our allocation granularity is 4096 bytes.
40	 7	 7	 1	 0.002290	 -1	 0.000000	 8.796068
41	 7	 7	 1	 0.018070	 -1	 0.000000	 9.770606
42	 7	 7	 1	 0.018826	 -1	 0.000000	 9.719631
43	 7	 7	 1	 0.031473	 -1	 0.000000	 10.467371
44	 7	 7	 1	 0.022475	 -1	 0.000000	 10.014351
45	 7	 7	 1	 0.001918	 -1	 0.000000	 9.392173
46	 7	 7	 1	 28.359890	 -1	 0.000000	 8.468583
47	 7	 7	 1	 0.026034	 -1	 0.000000	 8.166248
48	 7	 7	 1	 0.001649	 -1	 0.000000	 13.943043
49	 7	 7	 1	 0.049165	 -1	 0.000000	 7.639027
50	 7	 7	 1	 0.037964	 -1	 0.000000	 7.420828
51	 7	 7	 1	 0.016211	 -1	 0.000000	 11.911182
52	 7	 7	 1	 0.028675	 -1	 0.000000	 8.833667
53	 7	 7	 1	 0.016900	 -1	 0.000000	 10.542014
54	 7	 7	 1	 0.024687	 -1	 0.000000	 9.498585
55	 7	 7	 1	 0.031379	 -1	 0.000000	 9.240008
56	 7	 7	 1	 0.033359	 -1	 0.000000	 10.517322
57	 7	 7	 1	 0.029849	 -1	 0.000000	 9.375868
58	 7	 7	 1	 0.038345	 -1	 0.000000	 8.757977
2244	 5	 5	 0	 408.976997	 -1	 0.000000	 4.418108
59	 7	 7	 1	 0.025768	 -1	 0.000000	 11.467113
60	 7	 7	 1	 0.023740	 -1	 0.000000	 8.593602
61	 7	 7	 1	 0.047949	 -1	 0.000000	 8.726173
62	 7	 7	 1	 0.002615	 -1	 0.000000	 8.456205
63	 7	 7	 1	 0.001773	 -1	 0.000000	 11.046803
64	 7	 7	 1	 0.023489	 -1	 0.000000	 9.865029
65	 7	 7	 1	 0.031282	 -1	 0.000000	 9.796633
66	 7	 7	 1	 0.002143	 -1	 0.000000	 11.762467
67	 7	 7	 1	 0.025838	 -1	 0.000000	 9.912799
68	 7	 7	 1	 15.289643	 -1	 0.000000	 10.950246
69	 7	 7	 0	 10.083132	 -1	 0.000000	 15.832432
70	 7	 7	 1	 0.001575	 -1	 0.000000	 11.615656
71	 7	 7	 1	 0.024115	 -1	 0.000000	 9.306923
72	 7	 7	 1	 0.032225	 -1	 0.000000	 9.109797
73	 7	 7	 1	 0.029834	 -1	 0.000000	 8.044071
74	 7	 7	 1	 0.034820	 -1	 0.000000	 8.050319
75	 7	 7	 1	 0.066758	 -1	 0.000000	 8.619103
77	 7	 7	 1	 0.026890	 -1	 0.000000	 10.162848
78	 7	 7	 1	 0.028069	 -1	 0.000000	 9.620384
79	 7	 7	 1	 0.003583	 -1	 0.000000	 7.347980
80	 7	 7	 1	 0.015442	 -1	 0.000000	 13.231295
81	 7	 7	 1	 33.511926	 -1	 0.000000	 8.795365
82	 7	 7	 1	 0.009874	 -1	 0.000000	 13.150935
83	 7	 7	 1	 0.003699	 -1	 0.000000	 7.652918
84	 7	 7	 1	 0.019925	 -1	 0.000000	 14.203627
85	 7	 7	 1	 0.002830	 -1	 0.000000	 7.804882
86	 7	 7	 1	 0.034073	 -1	 0.000000	 7.778022
87	 7	 7	 1	 0.019876	 -1	 0.000000	 11.436483
88	 7	 7	 1	 0.049063	 -1	 0.000000	 7.322315
89	 7	 7	 1	 2.416516	 -1	 0.000000	 11.003222
90	 7	 7	 1	 0.022312	 -1	 0.000000	 9.934061
91	 7	 7	 1	 0.001836	 -1	 0.000000	 16.166033
92	 7	 7	 1	 0.021207	 -1	 0.000000	 10.776111
93	 7	 7	 1	 0.027598	 -1	 0.000000	 8.938084
94	 7	 7	 1	 44.861998	 -1	 0.000000	 13.977481
95	 7	 7	 1	 0.002375	 -1	 0.000000	 16.714603
96	 7	 7	 1	 0.028504	 -1	 0.000000	 7.994398
97	 7	 7	 1	 0.019072	 -1	 0.000000	 8.714027
98	 7	 7	 1	 8.285749	 -1	 0.000000	 7.360394
99	 7	 7	 1	 84.522452	 -1	 0.000000	 8.609042
100	 7	 7	 1	 0.021727	 -1	 0.000000	 18.440449
101	 7	 7	 1	 0.024247	 -1	 0.000000	 11.221102
102	 7	 7	 1	 32.405578	 -1	 0.000000	 9.039297
103	 7	 7	 1	 0.001959	 -1	 0.000000	 15.069821
104	 7	 7	 1	 0.002445	 -1	 0.000000	 8.137142
105	 7	 7	 1	 0.002464	 -1	 0.000000	 10.139542
106	 7	 7	 1	 0.002198	 -1	 0.000000	 12.036484
107	 7	 7	 1	 0.024522	 -1	 0.000000	 8.259931
108	 7	 7	 1	 0.032375	 -1	 0.000000	 8.701674
109	 7	 7	 1	 0.027234	 -1	 0.000000	 8.665906
110	 7	 7	 1	 0.018000	 -1	 0.000000	 9.952147
111	 7	 7	 0	 290.454570	 -1	 0.000000	 8.906358
112	 7	 7	 1	 0.002359	 -1	 0.000000	 10.979713
113	 7	 7	 1	 0.018838	 -1	 0.000000	 10.906208
114	 7	 7	 1	 0.023524	 -1	 0.000000	 12.971581
115	 7	 7	 1	 0.002123	 -1	 0.000000	 15.314944
116	 7	 7	 1	 4.323042	 -1	 0.000000	 11.938261
117	 7	 7	 1	 0.002305	 -1	 0.000000	 19.343102
118	 7	 7	 1	 0.002137	 -1	 0.000000	 9.619810
119	 7	 7	 1	 0.020822	 -1	 0.000000	 10.638216
40	 9	 9	 1	 13.027998	 -1	 0.000000	 7.843884
41	 9	 9	 1	 57.211637	 -1	 0.000000	 9.056619
42	 9	 9	 1	 7.154440	 -1	 0.000000	 10.609960
43	 9	 9	 1	 7.744090	 -1	 0.000000	 10.990479
44	 9	 9	 1	 12.259104	 -1	 0.000000	 8.484364
45	 9	 9	 1	 10.796133	 -1	 0.000000	 9.290466
46	 9	 9	 1	 4.472525	 -1	 0.000000	 13.061398
47	 9	 9	 1	 2.863239	 -1	 0.000000	 9.610859
48	 9	 9	 1	 6.685718	 -1	 0.000000	 9.247654
49	 9	 9	 1	 6.121977	 -1	 0.000000	 11.684743
50	 9	 9	 1	 2.997017	 -1	 0.000000	 13.873147
51	 9	 9	 1	 10.467661	 -1	 0.000000	 8.782838
52	 9	 9	 1	 8.914324	 -1	 0.000000	 8.065984
53	 9	 9	 1	 4.130962	 -1	 0.000000	 8.092538
54	 9	 9	 0	 383.017825	 -1	 0.000000	 10.250415
55	 9	 9	 1	 15.486302	 -1	 0.000000	 11.317673
56	 9	 9	 1	 8.320505	 -1	 0.000000	 9.462557
57	 9	 9	 1	 11.652579	 -1	 0.000000	 10.004376
58	 9	 9	 1	 3.996727	 -1	 0.000000	 10.035658
59	 9	 9	 0	 315.230378	 -1	 0.000000	 9.169606
60	 9	 9	 1	 7.902662	 -1	 0.000000	 9.225820
61	 9	 9	 1	 12.296293	 -1	 0.000000	 8.892487
62	 9	 9	 1	 16.616949	 -1	 0.000000	 9.152038
63	 9	 9	 1	 9.804259	 -1	 0.000000	 18.402452
64	 9	 9	 1	 4.289598	 -1	 0.000000	 7.626352
65	 9	 9	 1	 2.596902	 -1	 0.000000	 23.873348
66	 9	 9	 1	 2.175382	 -1	 0.000000	 9.795557
67	 9	 9	 1	 13.222329	 -1	 0.000000	 8.702297
68	 9	 9	 1	 3.568607	 -1	 0.000000	 8.656520
69	 9	 9	 1	 26.162290	 -1	 0.000000	 7.875482
70	 9	 9	 1	 12.430636	 -1	 0.000000	 7.789511
71	 9	 9	 1	 5.964618	 -1	 0.000000	 8.467261
72	 9	 9	 1	 3.086508	 -1	 0.000000	 10.214211
73	 9	 9	 1	 7.063127	 -1	 0.000000	 11.936252
74	 9	 9	 1	 8.479912	 -1	 0.000000	 8.857544
75	 9	 9	 1	 173.310025	 -1	 0.000000	 10.000230
76	 9	 9	 1	 4.397917	 -1	 0.000000	 9.001195
77	 9	 9	 1	 6.936061	 -1	 0.000000	 9.809135
78	 9	 9	 1	 7.797702	 -1	 0.000000	 7.523746
79	 9	 9	 1	 262.517144	 -1	 0.000000	 10.398453
80	 9	 9	 1	 2.222386	 -1	 0.000000	 14.145838
81	 9	 9	 1	 11.113096	 -1	 0.000000	 7.352188
82	 9	 9	 1	 18.635702	 -1	 0.000000	 10.597636
83	 9	 9	 1	 2.522799	 -1	 0.000000	 12.107767
84	 9	 9	 0	 162.139086	 -1	 0.000000	 7.993658
85	 9	 9	 1	 8.031756	 -1	 0.000000	 7.491671
86	 9	 9	 1	 8.759838	 -1	 0.000000	 7.971827
87	 9	 9	 1	 3.799019	 -1	 0.000000	 8.620661
88	 9	 9	 1	 5.291448	 -1	 0.000000	 10.304053
89	 9	 9	 1	 17.129261	 -1	 0.000000	 11.197816
90	 9	 9	 1	 9.560040	 -1	 0.000000	 10.752855
91	 9	 9	 1	 3.695281	 -1	 0.000000	 12.763770
92	 9	 9	 1	 3.207005	 -1	 0.000000	 13.781133
93	 9	 9	 1	 243.722526	 -1	 0.000000	 10.992918
94	 9	 9	 1	 3.716412	 -1	 0.000000	 11.862622
95	 9	 9	 1	 6.864385	 -1	 0.000000	 9.494493
96	 9	 9	 1	 3.314689	 -1	 0.000000	 10.346716
97	 9	 9	 0	 439.535192	 -1	 0.000000	 7.884118
98	 9	 9	 1	 2.665101	 -1	 0.000000	 10.577766
99	 9	 9	 1	 7.802280	 -1	 0.000000	 7.638209
100	 9	 9	 1	 2.003060	 -1	 0.000000	 13.450655
101	 9	 9	 1	 2.911395	 -1	 0.000000	 10.658213
4064	 11	 11	 0	 460.600505	 -1	 0.000000	 7.912577
102	 9	 9	 1	 5.423578	 -1	 0.000000	 8.399364
103	 9	 9	 1	 8.205598	 -1	 0.000000	 8.137596
104	 9	 9	 1	 13.798945	 -1	 0.000000	 9.619438
105	 9	 9	 0	 216.329217	 -1	 0.000000	 8.330813
106	 9	 9	 1	 27.051151	 -1	 0.000000	 7.436059
107	 9	 9	 1	 9.699447	 -1	 0.000000	 10.281088
108	 9	 9	 1	 6.676405	 -1	 0.000000	 9.533354
109	 9	 9	 1	 3.361247	 -1	 0.000000	 8.095515
110	 9	 9	 0	 438.092687	 -1	 0.000000	 7.059892
111	 9	 9	 1	 10.372026	 -1	 0.000000	 14.919561
112	 9	 9	 1	 13.062311	 -1	 0.000000	 6.862772
113	 9	 9	 1	 17.109060	 -1	 0.000000	 8.419524
114	 9	 9	 1	 6.728435	 -1	 0.000000	 10.715623
115	 9	 9	 0	 253.328471	 -1	 0.000000	 8.748403
116	 9	 9	 0	 213.162313	 -1	 0.000000	 9.458445
117	 9	 9	 1	 5.236678	 -1	 0.000000	 10.023129
118	 9	 9	 1	 7.969929	 -1	 0.000000	 12.988315
119	 9	 9	 1	 2.675192	 -1	 0.000000	 13.601549
120	 9	 9	 1	 5.182799	 -1	 0.000000	 10.158735
121	 9	 9	 1	 23.552444	 -1	 0.000000	 11.584589
122	 9	 9	 1	 7.439499	 -1	 0.000000	 8.496154
123	 9	 9	 0	 353.612332	 -1	 0.000000	 13.033237
124	 9	 9	 1	 5.601572	 -1	 0.000000	 9.284259
125	 9	 9	 1	 9.028195	 -1	 0.000000	 11.944361
126	 9	 9	 1	 15.435564	 -1	 0.000000	 17.285141
127	 9	 9	 1	 14.671599	 -1	 0.000000	 11.201487
128	 9	 9	 1	 15.776566	 -1	 0.000000	 7.178786
129	 9	 9	 1	 15.806987	 -1	 0.000000	 11.402110
130	 9	 9	 1	 2.758765	 -1	 0.000000	 9.225529
131	 9	 9	 1	 2.663151	 -1	 0.000000	 12.553983
132	 9	 9	 1	 9.894017	 -1	 0.000000	 7.888381
133	 9	 9	 1	 91.855971	 -1	 0.000000	 12.879424
134	 9	 9	 1	 8.660141	 -1	 0.000000	 11.980537
135	 9	 9	 1	 3.151953	 -1	 0.000000	 14.783851
136	 9	 9	 1	 8.000797	 -1	 0.000000	 10.675381
137	 9	 9	 1	 2.552428	 -1	 0.000000	 9.466361
138	 9	 9	 1	 2.683655	 -1	 0.000000	 15.396200
139	 9	 9	 1	 6.475207	 -1	 0.000000	 7.359887
140	 9	 9	 0	 348.470260	 -1	 0.000000	 15.819165
141	 9	 9	 1	 17.120314	 -1	 0.000000	 9.540792
142	 9	 9	 1	 6.131133	 -1	 0.000000	 10.191941
143	 9	 9	 1	 11.269887	 -1	 0.000000	 8.842945
144	 9	 9	 1	 7.410730	 -1	 0.000000	 9.605943
145	 9	 9	 1	 2.860506	 -1	 0.000000	 11.550945
146	 9	 9	 1	 2.895471	 -1	 0.000000	 10.272815
147	 9	 9	 1	 2.760576	 -1	 0.000000	 17.000414
148	 9	 9	 0	 151.003779	 -1	 0.000000	 8.599959
149	 9	 9	 1	 4.734355	 -1	 0.000000	 8.200578
150	 9	 9	 1	 13.117265	 -1	 0.000000	 9.666693
151	 9	 9	 1	 8.448972	 -1	 0.000000	 11.118702
152	 9	 9	 1	 12.837572	 -1	 0.000000	 9.815446
153	 9	 9	 1	 2.848009	 -1	 0.000000	 16.525162
154	 9	 9	 1	 6.477750	 -1	 0.000000	 8.723864
155	 9	 9	 1	 24.418033	 -1	 0.000000	 7.814148
156	 9	 9	 0	 289.617615	 -1	 0.000000	 12.120592
157	 9	 9	 1	 8.887126	 -1	 0.000000	 11.806293
158	 9	 9	 1	 10.175338	 -1	 0.000000	 9.990002
159	 9	 9	 1	 8.822569	 -1	 0.000000	 16.600569
160	 9	 9	 0	 314.705704	 -1	 0.000000	 12.316907
161	 9	 9	 1	 2.717464	 -1	 0.000000	 13.613710
162	 9	 9	 1	 7.788018	 -1	 0.000000	 11.924382
163	 9	 9	 1	 9.007620	 -1	 0.000000	 9.713615
164	 9	 9	 1	 7.429057	 -1	 0.000000	 8.508704
165	 9	 9	 1	 7.993511	 -1	 0.000000	 9.100636
166	 9	 9	 1	 16.875212	 -1	 0.000000	 9.736749
167	 9	 9	 1	 5.097054	 -1	 0.000000	 10.607858
168	 9	 9	 1	 10.067057	 -1	 0.000000	 9.372723
169	 9	 9	 0	 272.657617	 -1	 0.000000	 10.054913
170	 9	 9	 1	 2.908007	 -1	 0.000000	 9.500415
171	 9	 9	 1	 3.002542	 -1	 0.000000	 9.729362
172	 9	 9	 1	 12.249065	 -1	 0.000000	 7.860032
173	 9	 9	 1	 14.044529	 -1	 0.000000	 15.173184
174	 9	 9	 1	 9.367761	 -1	 0.000000	 8.620676
175	 9	 9	 1	 8.887272	 -1	 0.000000	 8.404903
176	 9	 9	 1	 7.040244	 -1	 0.000000	 8.809026
177	 9	 9	 1	 6.783373	 -1	 0.000000	 9.926640
178	 9	 9	 1	 2.790453	 -1	 0.000000	 10.055065
179	 9	 9	 1	 11.056538	 -1	 0.000000	 11.993557
180	 9	 9	 1	 2.660605	 -1	 0.000000	 13.746873
181	 9	 9	 0	 310.882932	 -1	 0.000000	 10.860980
182	 9	 9	 1	 3.365551	 -1	 0.000000	 9.947305
183	 9	 9	 1	 13.827290	 -1	 0.000000	 10.766393
184	 9	 9	 1	 24.497261	 -1	 0.000000	 8.475373
185	 9	 9	 1	 3.265402	 -1	 0.000000	 9.157465
186	 9	 9	 1	 7.847393	 -1	 0.000000	 9.903787
187	 9	 9	 1	 3.239539	 -1	 0.000000	 9.922548
188	 9	 9	 1	 2.060395	 -1	 0.000000	 15.525733
189	 9	 9	 1	 8.890981	 -1	 0.000000	 9.937986
190	 9	 9	 1	 4.952341	 -1	 0.000000	 14.640575
191	 9	 9	 1	 8.414152	 -1	 0.000000	 7.128081
192	 9	 9	 1	 3.031654	 -1	 0.000000	 9.015367
193	 9	 9	 1	 6.770643	 -1	 0.000000	 18.192019
194	 9	 9	 1	 17.531965	 -1	 0.000000	 10.393657
195	 9	 9	 1	 8.420741	 -1	 0.000000	 9.895109
196	 9	 9	 1	 3.391837	 -1	 0.000000	 8.438921
197	 9	 9	 1	 3.001193	 -1	 0.000000	 10.072273
198	 9	 9	 1	 6.646601	 -1	 0.000000	 9.519013
199	 9	 9	 1	 174.071456	 -1	 0.000000	 8.501294
1101	 5	 5	 0	 430.530506	 -1	 0.000000	 7.776768
200	 9	 9	 1	 2.968279	 -1	 0.000000	 10.346489
201	 9	 9	 1	 6.419002	 -1	 0.000000	 10.935551
202	 9	 9	 1	 12.412900	 -1	 0.000000	 9.381086
203	 9	 9	 0	 339.024866	 -1	 0.000000	 7.968818
204	 9	 9	 0	 305.284875	 -1	 0.000000	 10.322396
205	 9	 9	 0	 274.058208	 -1	 0.000000	 11.887831
206	 9	 9	 1	 10.411631	 -1	 0.000000	 9.231411
207	 9	 9	 1	 7.464823	 -1	 0.000000	 12.263579
208	 9	 9	 1	 5.983738	 -1	 0.000000	 10.564232
209	 9	 9	 1	 2.143023	 -1	 0.000000	 14.949857
210	 9	 9	 1	 2.181344	 -1	 0.000000	 11.131705
211	 9	 9	 1	 3.819684	 -1	 0.000000	 9.946134
212	 9	 9	 1	 12.513455	 -1	 0.000000	 7.686833
213	 9	 9	 1	 8.254502	 -1	 0.000000	 8.273661
214	 9	 9	 1	 3.857270	 -1	 0.000000	 8.719780
215	 9	 9	 1	 2.101560	 -1	 0.000000	 9.984123
216	 9	 9	 0	 374.585385	 -1	 0.000000	 9.692154
217	 9	 9	 1	 17.340186	 -1	 0.000000	 8.834182
218	 9	 9	 1	 2.834232	 -1	 0.000000	 14.677009
219	 9	 9	 1	 9.768086	 -1	 0.000000	 9.036315
220	 9	 9	 0	 355.015860	 -1	 0.000000	 9.553185
221	 9	 9	 1	 7.905123	 -1	 0.000000	 8.658918
222	 9	 9	 1	 20.306973	 -1	 0.000000	 8.291702
223	 9	 9	 1	 3.370284	 -1	 0.000000	 9.784670
225	 9	 9	 1	 6.529417	 -1	 0.000000	 12.714390
226	 9	 9	 1	 8.360210	 -1	 0.000000	 12.901077
227	 9	 9	 1	 2.216359	 -1	 0.000000	 10.304822
1904	 7	 7	 0	 435.601768	 -1	 0.000000	 11.295042
228	 9	 9	 1	 10.705628	 -1	 0.000000	 7.564031
229	 9	 9	 1	 5.623493	 -1	 0.000000	 9.693103
230	 9	 9	 1	 18.929956	 -1	 0.000000	 10.326103
231	 9	 9	 0	 377.704316	 -1	 0.000000	 7.967844
233	 9	 9	 1	 14.171687	 -1	 0.000000	 8.278848
234	 9	 9	 1	 14.235569	 -1	 0.000000	 11.401464
235	 9	 9	 0	 252.163742	 -1	 0.000000	 8.235222
236	 9	 9	 1	 2.768355	 -1	 0.000000	 10.459554
237	 9	 9	 1	 6.080763	 -1	 0.000000	 11.805498
238	 9	 9	 1	 10.348144	 -1	 0.000000	 9.335577
239	 9	 9	 1	 13.393730	 -1	 0.000000	 7.351061
240	 9	 9	 1	 10.318463	 -1	 0.000000	 8.896377
241	 9	 9	 1	 8.768323	 -1	 0.000000	 8.049384
242	 9	 9	 0	 457.034288	 -1	 0.000000	 8.964840
243	 9	 9	 1	 25.141806	 -1	 0.000000	 12.592323
246	 9	 9	 0	 426.816461	 -1	 0.000000	 8.078699
247	 9	 9	 1	 11.564638	 -1	 0.000000	 22.095879
248	 9	 9	 1	 2.604239	 -1	 0.000000	 11.806949
249	 9	 9	 1	 8.186391	 -1	 0.000000	 10.934371
250	 9	 9	 1	 6.539187	 -1	 0.000000	 9.224515
251	 9	 9	 1	 3.083696	 -1	 0.000000	 10.861832
252	 9	 9	 1	 2.611066	 -1	 0.000000	 9.384047
254	 9	 9	 1	 11.106282	 -1	 0.000000	 13.964919
255	 9	 9	 0	 301.144956	 -1	 0.000000	 10.315362
256	 9	 9	 1	 7.271063	 -1	 0.000000	 9.714525
257	 9	 9	 1	 35.467339	 -1	 0.000000	 8.833994
258	 9	 9	 1	 6.907085	 -1	 0.000000	 9.096928
259	 9	 9	 1	 5.644922	 -1	 0.000000	 8.730655
260	 9	 9	 1	 4.360764	 -1	 0.000000	 11.887901
263	 9	 9	 1	 10.239776	 -1	 0.000000	 14.247530
264	 9	 9	 1	 3.347197	 -1	 0.000000	 8.569860
265	 9	 9	 0	 456.049800	 -1	 0.000000	 9.451109
266	 9	 9	 1	 8.054141	 -1	 0.000000	 11.853468
268	 9	 9	 1	 2.781765	 -1	 0.000000	 10.979424
269	 9	 9	 0	 417.359269	 -1	 0.000000	 10.212256
272	 9	 9	 1	 5.477360	 -1	 0.000000	 9.067404
273	 9	 9	 0	 247.379312	 -1	 0.000000	 8.640622
274	 9	 9	 0	 360.290956	 -1	 0.000000	 10.321598
275	 9	 9	 1	 4.632611	 -1	 0.000000	 8.739175
276	 9	 9	 1	 7.695373	 -1	 0.000000	 10.250098
277	 9	 9	 1	 8.610996	 -1	 0.000000	 9.118868
278	 9	 9	 1	 10.951647	 -1	 0.000000	 9.159954
279	 9	 9	 1	 9.345947	 -1	 0.000000	 10.764918
282	 9	 9	 1	 2.444730	 -1	 0.000000	 14.447461
283	 9	 9	 0	 447.770231	 -1	 0.000000	 18.757713
285	 9	 9	 1	 21.056742	 -1	 0.000000	 7.547191
286	 9	 9	 1	 4.148795	 -1	 0.000000	 7.766613
288	 9	 9	 1	 4.294622	 -1	 0.000000	 9.532714
289	 9	 9	 0	 432.829636	 -1	 0.000000	 7.987583
290	 9	 9	 1	 14.053344	 -1	 0.000000	 10.431001
291	 9	 9	 1	 4.823877	 -1	 0.000000	 10.733576
292	 9	 9	 1	 8.881631	 -1	 0.000000	 9.140339
293	 9	 9	 1	 2.767198	 -1	 0.000000	 14.614485
295	 9	 9	 1	 2.962119	 -1	 0.000000	 9.964972
296	 9	 9	 1	 18.571892	 -1	 0.000000	 10.871253
297	 9	 9	 1	 2.780947	 -1	 0.000000	 12.320564
298	 9	 9	 1	 8.802015	 -1	 0.000000	 8.421159
299	 9	 9	 0	 278.257731	 -1	 0.000000	 9.356969
340	 9	 9	 1	 20.434346	 -1	 0.000000	 11.164362
341	 9	 9	 1	 9.085331	 -1	 0.000000	 8.679076
342	 9	 9	 1	 14.403960	 -1	 0.000000	 13.423749
343	 9	 9	 1	 5.036191	 -1	 0.000000	 10.938968
344	 9	 9	 1	 10.401515	 -1	 0.000000	 9.010397
345	 9	 9	 1	 4.143227	 -1	 0.000000	 13.116079
346	 9	 9	 1	 6.261135	 -1	 0.000000	 10.607714
347	 9	 9	 1	 4.094702	 -1	 0.000000	 8.796827
348	 9	 9	 1	 3.554645	 -1	 0.000000	 9.933044
355	 9	 9	 0	 364.985582	 -1	 0.000000	 11.942005
356	 9	 9	 1	 2.604402	 -1	 0.000000	 11.096925
357	 9	 9	 1	 7.032409	 -1	 0.000000	 13.519390
358	 9	 9	 1	 10.450297	 -1	 0.000000	 9.137630
359	 9	 9	 1	 11.998146	 -1	 0.000000	 8.992517
364	 9	 9	 0	 141.389090	 -1	 0.000000	 9.136745
365	 9	 9	 1	 8.036885	 -1	 0.000000	 8.749242
366	 9	 9	 0	 495.678202	 -1	 0.000000	 10.745711
367	 9	 9	 1	 3.461722	 -1	 0.000000	 8.883439
368	 9	 9	 1	 124.882261	 -1	 0.000000	 11.032235
369	 9	 9	 1	 5.954031	 -1	 0.000000	 8.911345
370	 9	 9	 1	 4.038854	 -1	 0.000000	 14.835784
371	 9	 9	 1	 3.835749	 -1	 0.000000	 8.710690
372	 9	 9	 1	 2.466053	 -1	 0.000000	 9.948360
373	 9	 9	 1	 12.344390	 -1	 0.000000	 9.233165
374	 9	 9	 1	 178.319791	 -1	 0.000000	 10.104063
375	 9	 9	 1	 2.274541	 -1	 0.000000	 11.508970
376	 9	 9	 1	 8.615819	 -1	 0.000000	 9.889112
377	 9	 9	 1	 249.292214	 -1	 0.000000	 8.504135
378	 9	 9	 1	 3.909730	 -1	 0.000000	 10.949842
379	 9	 9	 0	 414.768452	 -1	 0.000000	 8.549287
354	 9	 9	 1	 47.038332	 -1	 0.000000	 8.177070
380	 9	 9	 1	 2.707626	 -1	 0.000000	 8.985047
381	 9	 9	 1	 8.479134	 -1	 0.000000	 8.473504
382	 9	 9	 1	 12.744536	 -1	 0.000000	 8.756940
383	 9	 9	 1	 11.698068	 -1	 0.000000	 7.993485
384	 9	 9	 1	 7.605031	 -1	 0.000000	 8.188109
385	 9	 9	 1	 10.679350	 -1	 0.000000	 8.148586
1099	 15	 15	 0	 375.906050	 -1	 0.000000	 4.572191
386	 9	 9	 1	 7.941234	 -1	 0.000000	 8.057609
387	 9	 9	 1	 7.811137	 -1	 0.000000	 13.931985
388	 9	 9	 0	 176.902778	 -1	 0.000000	 15.510575
389	 9	 9	 0	 295.436810	 -1	 0.000000	 14.903384
390	 9	 9	 1	 2.639355	 -1	 0.000000	 9.446773
391	 9	 9	 1	 9.460887	 -1	 0.000000	 15.755151
2271	 9	 9	 0	 454.886018	 -1	 0.000000	 6.416851
392	 9	 9	 1	 7.111447	 -1	 0.000000	 8.774273
393	 9	 9	 1	 9.128576	 -1	 0.000000	 11.819538
394	 9	 9	 0	 331.485497	 -1	 0.000000	 8.133348
395	 9	 9	 1	 14.781303	 -1	 0.000000	 7.049350
396	 9	 9	 1	 3.226157	 -1	 0.000000	 16.169142
397	 9	 9	 1	 6.802488	 -1	 0.000000	 13.028587
398	 9	 9	 1	 8.353483	 -1	 0.000000	 10.166385
399	 9	 9	 1	 2.217694	 -1	 0.000000	 10.260612
361	 9	 9	 0	 458.259266	 -1	 0.000000	 4.285575
362	 9	 9	 1	 47.260532	 -1	 0.000000	 8.768770
400	 9	 9	 0	 275.781456	 -1	 0.000000	 8.479966
401	 9	 9	 1	 10.143409	 -1	 0.000000	 12.432121
402	 9	 9	 1	 12.943038	 -1	 0.000000	 7.465319
403	 9	 9	 1	 3.442184	 -1	 0.000000	 12.056605
404	 9	 9	 1	 8.288988	 -1	 0.000000	 9.269448
405	 9	 9	 0	 314.903155	 -1	 0.000000	 17.737165
406	 9	 9	 1	 3.456196	 -1	 0.000000	 9.723397
407	 9	 9	 1	 116.816472	 -1	 0.000000	 11.522487
408	 9	 9	 0	 455.175596	 -1	 0.000000	 7.489573
409	 9	 9	 0	 375.445164	 -1	 0.000000	 10.092276
410	 9	 9	 1	 7.200824	 -1	 0.000000	 15.228269
411	 9	 9	 1	 10.983872	 -1	 0.000000	 9.498784
412	 9	 9	 1	 4.104608	 -1	 0.000000	 8.064723
413	 9	 9	 1	 7.078219	 -1	 0.000000	 8.539960
414	 9	 9	 1	 8.813101	 -1	 0.000000	 8.628011
415	 9	 9	 1	 6.516968	 -1	 0.000000	 11.045780
416	 9	 9	 1	 3.124837	 -1	 0.000000	 8.242408
417	 9	 9	 0	 373.198325	 -1	 0.000000	 7.360299
418	 9	 9	 1	 16.175568	 -1	 0.000000	 10.284341
419	 9	 9	 1	 6.648598	 -1	 0.000000	 7.472653
420	 9	 9	 1	 10.808052	 -1	 0.000000	 6.679285
421	 9	 9	 1	 7.835855	 -1	 0.000000	 9.427137
422	 9	 9	 1	 8.920065	 -1	 0.000000	 10.575764
423	 9	 9	 1	 2.606372	 -1	 0.000000	 8.945462
424	 9	 9	 1	 16.310709	 -1	 0.000000	 10.232266
425	 9	 9	 1	 8.631696	 -1	 0.000000	 8.987722
426	 9	 9	 0	 315.668724	 -1	 0.000000	 10.874635
427	 9	 9	 1	 21.060574	 -1	 0.000000	 7.983967
428	 9	 9	 1	 7.684165	 -1	 0.000000	 8.337913
429	 9	 9	 1	 12.023436	 -1	 0.000000	 12.597830
430	 9	 9	 1	 2.713698	 -1	 0.000000	 10.876866
431	 9	 9	 1	 8.052977	 -1	 0.000000	 12.620284
432	 9	 9	 1	 4.269629	 -1	 0.000000	 10.282745
433	 9	 9	 1	 4.919017	 -1	 0.000000	 10.419452
434	 9	 9	 1	 2.012173	 -1	 0.000000	 15.661496
435	 9	 9	 1	 269.224418	 -1	 0.000000	 10.264051
440	 9	 9	 1	 3.050068	 -1	 0.000000	 9.440978
441	 9	 9	 1	 11.020130	 -1	 0.000000	 8.261588
442	 9	 9	 1	 10.204415	 -1	 0.000000	 8.740808
443	 9	 9	 1	 10.837151	 -1	 0.000000	 8.100369
444	 9	 9	 1	 12.446424	 -1	 0.000000	 6.636293
445	 9	 9	 1	 5.460005	 -1	 0.000000	 11.774662
446	 9	 9	 1	 2.081910	 -1	 0.000000	 12.734190
447	 9	 9	 1	 14.068208	 -1	 0.000000	 13.223459
448	 9	 9	 1	 14.286064	 -1	 0.000000	 7.425768
449	 9	 9	 1	 2.524975	 -1	 0.000000	 10.153846
450	 9	 9	 1	 17.129244	 -1	 0.000000	 7.913320
451	 9	 9	 1	 9.298680	 -1	 0.000000	 16.158421
452	 9	 9	 1	 14.434652	 -1	 0.000000	 12.151011
471	 9	 9	 1	 9.607046	 -1	 0.000000	 9.830503
472	 9	 9	 0	 442.053754	 -1	 0.000000	 8.631240
473	 9	 9	 1	 2.508935	 -1	 0.000000	 9.772312
474	 9	 9	 1	 13.843835	 -1	 0.000000	 13.470135
475	 9	 9	 1	 2.947824	 -1	 0.000000	 12.813783
476	 9	 9	 0	 342.874771	 -1	 0.000000	 8.962903
477	 9	 9	 1	 4.990200	 -1	 0.000000	 8.059098
478	 9	 9	 1	 1.989221	 -1	 0.000000	 11.295823
479	 9	 9	 0	 235.496670	 -1	 0.000000	 7.778250
459	 9	 9	 1	 11.413766	 -1	 0.000000	 11.975631
480	 9	 9	 0	 307.112648	 -1	 0.000000	 8.474741
481	 9	 9	 1	 6.632800	 -1	 0.000000	 8.616421
482	 9	 9	 1	 3.998788	 -1	 0.000000	 10.703528
483	 9	 9	 1	 20.935939	 -1	 0.000000	 11.715374
484	 9	 9	 1	 5.283397	 -1	 0.000000	 8.335053
485	 9	 9	 0	 257.600047	 -1	 0.000000	 13.652892
486	 9	 9	 1	 9.849651	 -1	 0.000000	 12.594775
487	 9	 9	 1	 3.750401	 -1	 0.000000	 8.901839
488	 9	 9	 0	 433.986304	 -1	 0.000000	 10.245727
489	 9	 9	 1	 3.500733	 -1	 0.000000	 9.381279
490	 9	 9	 1	 14.136968	 -1	 0.000000	 12.082954
491	 9	 9	 1	 4.695593	 -1	 0.000000	 9.608282
492	 9	 9	 0	 191.756386	 -1	 0.000000	 12.453840
493	 9	 9	 1	 2.391201	 -1	 0.000000	 12.176805
494	 9	 9	 1	 14.731360	 -1	 0.000000	 8.457806
495	 9	 9	 1	 2.903653	 -1	 0.000000	 10.662884
496	 9	 9	 1	 8.124742	 -1	 0.000000	 8.869703
497	 9	 9	 1	 15.380839	 -1	 0.000000	 7.195322
498	 9	 9	 1	 9.850117	 -1	 0.000000	 11.498999
499	 9	 9	 1	 7.488479	 -1	 0.000000	 9.659893
463	 9	 9	 1	 4.894086	 -1	 0.000000	 8.570783
464	 9	 9	 1	 10.087436	 -1	 0.000000	 8.554765
>>> gr_fir_ccf: using E
>>> gr_fir_fff: using E
gr_buffer::allocate_buffer: warning: tried to allocate
   25 items of size 2544. Due to alignment requirements
   256 were allocated.  If this isn't OK, consider padding
   your structure to a power-of-two bytes.
   On this platform, our allocation granularity is 4096 bytes.
0	 11	 11	 1	 59.522833	 -1	 0.000000	 9.019247
1	 11	 11	 1	 30.880472	 -1	 0.000000	 13.627836
2	 11	 11	 1	 3.389712	 -1	 0.000000	 18.833483
3	 11	 11	 1	 5.433966	 -1	 0.000000	 8.240903
   On this platform, our allocation granularity is 4096 bytes.
59	 11	 11	 1	 29.294264	 -1	 0.000000	 9.991322
61	 11	 11	 1	 6.460875	 -1	 0.000000	 8.865102
62	 11	 11	 1	 36.101420	 -1	 0.000000	 11.869205
63	 11	 11	 1	 5.623418	 -1	 0.000000	 8.895203
64	 11	 11	 1	 6.006471	 -1	 0.000000	 7.565866
66	 11	 11	 1	 4.533743	 -1	 0.000000	 8.683937
67	 11	 11	 1	 40.458030	 -1	 0.000000	 10.980453
68	 11	 11	 1	 4.918515	 -1	 0.000000	 8.930251
69	 11	 11	 1	 31.375133	 -1	 0.000000	 11.563000
70	 11	 11	 1	 68.280852	 -1	 0.000000	 8.926575
71	 11	 11	 1	 3.914757	 -1	 0.000000	 11.774650
72	 11	 11	 1	 56.746678	 -1	 0.000000	 10.328812
73	 11	 11	 1	 5.288126	 -1	 0.000000	 8.178593
77	 11	 11	 1	 35.345490	 -1	 0.000000	 15.487782
78	 11	 11	 1	 4.332636	 -1	 0.000000	 13.453924
80	 11	 11	 1	 56.656905	 -1	 0.000000	 8.534871
81	 11	 11	 1	 39.181937	 -1	 0.000000	 11.658898
82	 11	 11	 1	 4.756541	 -1	 0.000000	 10.599759
83	 11	 11	 1	 38.842179	 -1	 0.000000	 9.514815
84	 11	 11	 1	 44.600476	 -1	 0.000000	 11.490524
85	 11	 11	 1	 60.457181	 -1	 0.000000	 8.317863
86	 11	 11	 1	 3.690462	 -1	 0.000000	 12.276016
87	 11	 11	 1	 40.843685	 -1	 0.000000	 11.535317
88	 11	 11	 1	 3.704688	 -1	 0.000000	 18.033495
89	 11	 11	 1	 3.269811	 -1	 0.000000	 9.009292
90	 11	 11	 1	 4.720719	 -1	 0.000000	 11.293256
91	 11	 11	 1	 42.966817	 -1	 0.000000	 9.275857
93	 11	 11	 1	 37.541160	 -1	 0.000000	 9.792992
94	 11	 11	 1	 2.895185	 -1	 0.000000	 12.168341
95	 11	 11	 1	 5.457895	 -1	 0.000000	 8.840353
96	 11	 11	 1	 5.353138	 -1	 0.000000	 8.997219
97	 11	 11	 1	 6.723759	 -1	 0.000000	 8.066722
98	 11	 11	 1	 4.531117	 -1	 0.000000	 9.323117
99	 11	 11	 1	 3.567514	 -1	 0.000000	 11.629053
100	 11	 11	 1	 7.745143	 -1	 0.000000	 7.810882
101	 11	 11	 1	 27.845163	 -1	 0.000000	 11.361367
102	 11	 11	 1	 4.845320	 -1	 0.000000	 11.732195
103	 11	 11	 1	 3.714286	 -1	 0.000000	 12.306186
104	 11	 11	 1	 2.620102	 -1	 0.000000	 9.807543
105	 11	 11	 1	 37.401096	 -1	 0.000000	 12.781758
106	 11	 11	 1	 7.000411	 -1	 0.000000	 8.153163
108	 11	 11	 1	 3.555900	 -1	 0.000000	 9.914970
109	 11	 11	 1	 31.844774	 -1	 0.000000	 12.784825
110	 11	 11	 1	 3.989202	 -1	 0.000000	 11.851157
111	 11	 11	 1	 3.921161	 -1	 0.000000	 11.218623
112	 11	 11	 1	 5.341167	 -1	 0.000000	 9.736263
113	 11	 11	 1	 3.478527	 -1	 0.000000	 12.764318
114	 11	 11	 1	 31.997718	 -1	 0.000000	 14.222890
115	 11	 11	 1	 4.708187	 -1	 0.000000	 10.939862
116	 11	 11	 1	 4.676465	 -1	 0.000000	 9.493254
117	 11	 11	 1	 39.234119	 -1	 0.000000	 11.144016
118	 11	 11	 1	 30.764246	 -1	 0.000000	 8.853719
119	 11	 11	 1	 46.204919	 -1	 0.000000	 8.155093
120	 11	 11	 1	 70.309245	 -1	 0.000000	 7.957274
121	 11	 11	 1	 43.499800	 -1	 0.000000	 8.954799
122	 11	 11	 1	 5.969090	 -1	 0.000000	 10.241784
124	 11	 11	 1	 2.731746	 -1	 0.000000	 13.248928
125	 11	 11	 1	 3.331627	 -1	 0.000000	 10.287930
126	 11	 11	 1	 34.290314	 -1	 0.000000	 11.551898
127	 11	 11	 1	 6.661735	 -1	 0.000000	 9.934457
128	 11	 11	 1	 54.019833	 -1	 0.000000	 7.603682
129	 11	 11	 1	 25.799243	 -1	 0.000000	 12.831852
130	 11	 11	 1	 31.726416	 -1	 0.000000	 13.139568
131	 11	 11	 1	 5.966885	 -1	 0.000000	 9.632380
132	 11	 11	 1	 5.979440	 -1	 0.000000	 11.200969
133	 11	 11	 1	 5.760481	 -1	 0.000000	 9.270477
134	 11	 11	 1	 3.279042	 -1	 0.000000	 12.208418
135	 11	 11	 1	 4.566761	 -1	 0.000000	 9.876969
136	 11	 11	 1	 4.506674	 -1	 0.000000	 10.524570
2344	 11	 11	 0	 458.602843	 -1	 0.000000	 6.412678
137	 11	 11	 1	 4.974957	 -1	 0.000000	 14.405869
3598	 11	 11	 0	 465.306850	 -1	 0.000000	 8.228899
138	 11	 11	 1	 4.238903	 -1	 0.000000	 11.948122
139	 11	 11	 1	 2.753020	 -1	 0.000000	 11.215375
140	 11	 11	 1	 6.030218	 -1	 0.000000	 9.944805
141	 11	 11	 1	 5.168430	 -1	 0.000000	 8.756183
142	 11	 11	 1	 50.127284	 -1	 0.000000	 7.658649
143	 11	 11	 1	 34.343079	 -1	 0.000000	 9.143918
144	 11	 11	 1	 4.627760	 -1	 0.000000	 8.703709
145	 11	 11	 1	 36.612278	 -1	 0.000000	 15.196088
146	 11	 11	 1	 3.938720	 -1	 0.000000	 13.308078
147	 11	 11	 1	 4.666483	 -1	 0.000000	 9.849573
148	 11	 11	 1	 4.977396	 -1	 0.000000	 8.146024
149	 11	 11	 1	 36.963641	 -1	 0.000000	 8.989871
150	 11	 11	 1	 5.615049	 -1	 0.000000	 9.128820
151	 11	 11	 1	 3.474541	 -1	 0.000000	 10.546323
152	 11	 11	 1	 5.879877	 -1	 0.000000	 8.722009
153	 11	 11	 1	 3.731675	 -1	 0.000000	 10.604391
154	 11	 11	 1	 2.948474	 -1	 0.000000	 9.656760
155	 11	 11	 1	 5.094520	 -1	 0.000000	 10.767016
156	 11	 11	 1	 40.142523	 -1	 0.000000	 8.898006
157	 11	 11	 1	 11.022608	 -1	 0.000000	 7.255305
158	 11	 11	 1	 3.939917	 -1	 0.000000	 16.564655
159	 11	 11	 1	 30.463912	 -1	 0.000000	 11.774776
160	 11	 11	 1	 4.425640	 -1	 0.000000	 9.498202
162	 11	 11	 1	 3.632768	 -1	 0.000000	 11.064236
1678	 7	 7	 0	 439.164597	 -1	 0.000000	 6.073996
163	 11	 11	 1	 6.207683	 -1	 0.000000	 8.853483
164	 11	 11	 1	 2.812552	 -1	 0.000000	 9.737963
165	 11	 11	 1	 4.832903	 -1	 0.000000	 8.346889
166	 11	 11	 1	 3.250370	 -1	 0.000000	 11.461686
167	 11	 11	 1	 3.918981	 -1	 0.000000	 10.373539
168	 11	 11	 1	 4.202648	 -1	 0.000000	 10.939617
169	 11	 11	 1	 4.109747	 -1	 0.000000	 12.532487
170	 11	 11	 1	 5.208595	 -1	 0.000000	 8.770623
171	 11	 11	 1	 3.675403	 -1	 0.000000	 12.097835
172	 11	 11	 1	 7.806611	 -1	 0.000000	 9.095732
174	 11	 11	 1	 4.639745	 -1	 0.000000	 16.777412
175	 11	 11	 1	 4.113117	 -1	 0.000000	 9.995509
177	 11	 11	 1	 39.350470	 -1	 0.000000	 10.175194
178	 11	 11	 1	 4.421977	 -1	 0.000000	 10.442979
179	 11	 11	 1	 3.450519	 -1	 0.000000	 11.673210
180	 11	 11	 1	 4.333619	 -1	 0.000000	 9.808887
181	 11	 11	 1	 33.770401	 -1	 0.000000	 9.529450
182	 11	 11	 1	 5.721672	 -1	 0.000000	 10.572467
183	 11	 11	 1	 4.619563	 -1	 0.000000	 9.571518
184	 11	 11	 1	 3.724016	 -1	 0.000000	 13.093154
185	 11	 11	 1	 5.638848	 -1	 0.000000	 8.345201
102	 15	 15	 0	 364.826479	 -1	 0.000000	 4.800486
187	 11	 11	 1	 62.127843	 -1	 0.000000	 9.111985
188	 11	 11	 1	 54.242872	 -1	 0.000000	 9.807491
189	 11	 11	 1	 54.540725	 -1	 0.000000	 8.510546
190	 11	 11	 1	 5.052523	 -1	 0.000000	 9.104511
191	 11	 11	 1	 41.275815	 -1	 0.000000	 11.687365
192	 11	 11	 1	 7.401283	 -1	 0.000000	 7.692762
193	 11	 11	 1	 61.472500	 -1	 0.000000	 7.865578
194	 11	 11	 1	 4.891209	 -1	 0.000000	 8.760599
195	 11	 11	 1	 4.129467	 -1	 0.000000	 10.819229
196	 11	 11	 1	 4.169508	 -1	 0.000000	 8.792331
197	 11	 11	 1	 7.137140	 -1	 0.000000	 8.260853
198	 11	 11	 1	 4.422174	 -1	 0.000000	 9.910968
199	 11	 11	 1	 3.894113	 -1	 0.000000	 9.558764
200	 11	 11	 1	 4.160924	 -1	 0.000000	 17.778122
201	 11	 11	 1	 36.590370	 -1	 0.000000	 16.278326
202	 11	 11	 1	 56.098514	 -1	 0.000000	 7.964581
203	 11	 11	 1	 4.278810	 -1	 0.000000	 8.487498
204	 11	 11	 1	 46.795315	 -1	 0.000000	 9.434011
205	 11	 11	 1	 3.583629	 -1	 0.000000	 11.079422
206	 11	 11	 1	 2.640574	 -1	 0.000000	 9.982162
207	 11	 11	 1	 4.688798	 -1	 0.000000	 13.895315
208	 11	 11	 1	 4.474820	 -1	 0.000000	 12.937018
209	 11	 11	 1	 2.655172	 -1	 0.000000	 10.051208
210	 11	 11	 1	 3.525583	 -1	 0.000000	 11.900868
211	 11	 11	 1	 4.748816	 -1	 0.000000	 8.995840
212	 11	 11	 1	 41.316538	 -1	 0.000000	 10.748352
213	 11	 11	 1	 3.576694	 -1	 0.000000	 10.750300
>>> gr_fir_ccf: using E
>>> gr_fir_fff: using E
gr_buffer::allocate_buffer: warning: tried to allocate
   25 items of size 2544. Due to alignment requirements
   256 were allocated.  If this isn't OK, consider padding
   your structure to a power-of-two bytes.
   On this platform, our allocation granularity is 4096 bytes.
50	 11	 11	 1	 2.724530	 -1	 0.000000	 12.975689
51	 11	 11	 1	 57.701772	 -1	 0.000000	 7.613703
52	 11	 11	 1	 56.670955	 -1	 0.000000	 9.172981
53	 11	 11	 1	 46.393071	 -1	 0.000000	 8.000370
54	 11	 11	 1	 3.736606	 -1	 0.000000	 11.568398
55	 11	 11	 0	 24.356536	 -1	 0.000000	 12.446611
380	 11	 11	 0	 458.066910	 -1	 0.000000	 6.805246
60	 10	 10	 1	 95.363361	 -1	 0.000000	 10.061153
61	 10	 10	 0	 399.353105	 -1	 0.000000	 9.916512
62	 10	 10	 1	 95.896413	 -1	 0.000000	 8.825360
63	 10	 10	 0	 383.109471	 -1	 0.000000	 8.861702
64	 10	 10	 0	 435.076091	 -1	 0.000000	 9.997197
65	 10	 10	 0	 370.142781	 -1	 0.000000	 11.549138
66	 10	 10	 1	 238.077936	 -1	 0.000000	 7.720625
67	 10	 10	 0	 414.286029	 -1	 0.000000	 8.908481
68	 10	 10	 1	 142.316035	 -1	 0.000000	 9.421724
69	 10	 10	 1	 135.707894	 -1	 0.000000	 10.996878
70	 10	 10	 1	 92.479237	 -1	 0.000000	 10.035283
71	 10	 10	 0	 430.479762	 -1	 0.000000	 7.390291
72	 10	 10	 1	 140.302204	 -1	 0.000000	 9.336602
73	 10	 10	 0	 430.236790	 -1	 0.000000	 8.520426
74	 10	 10	 1	 118.885026	 -1	 0.000000	 14.691709
75	 10	 10	 0	 432.901987	 -1	 0.000000	 9.644652
76	 10	 10	 0	 405.316692	 -1	 0.000000	 7.594501
77	 10	 10	 1	 181.319281	 -1	 0.000000	 8.684544
78	 10	 10	 0	 411.543977	 -1	 0.000000	 9.698605
79	 10	 10	 0	 400.132636	 -1	 0.000000	 9.838494
80	 10	 10	 0	 414.706325	 -1	 0.000000	 10.316923
83	 10	 10	 1	 146.640771	 -1	 0.000000	 9.591646
84	 10	 10	 0	 382.318716	 -1	 0.000000	 8.398881
85	 10	 10	 1	 95.980468	 -1	 0.000000	 10.383226
86	 10	 10	 1	 141.391919	 -1	 0.000000	 8.760963
87	 10	 10	 1	 111.671506	 -1	 0.000000	 11.003815
88	 10	 10	 0	 411.122467	 -1	 0.000000	 10.460304
89	 10	 10	 0	 398.057604	 -1	 0.000000	 15.929435
91	 10	 10	 0	 407.090720	 -1	 0.000000	 11.243278
92	 10	 10	 0	 394.507695	 -1	 0.000000	 12.377115
93	 10	 10	 1	 221.965761	 -1	 0.000000	 7.857836
94	 10	 10	 1	 135.291138	 -1	 0.000000	 10.047709
95	 10	 10	 0	 431.308563	 -1	 0.000000	 7.750243
96	 10	 10	 0	 413.673356	 -1	 0.000000	 8.447946
97	 10	 10	 0	 399.644800	 -1	 0.000000	 10.876097
99	 10	 10	 1	 110.634417	 -1	 0.000000	 13.394358
100	 10	 10	 0	 415.767011	 -1	 0.000000	 7.420548
101	 10	 10	 1	 377.030943	 -1	 0.000000	 11.463627
102	 10	 10	 1	 123.610759	 -1	 0.000000	 9.598866
103	 10	 10	 1	 135.739399	 -1	 0.000000	 15.152142
104	 10	 10	 0	 428.435843	 -1	 0.000000	 8.604609
106	 10	 10	 0	 409.426380	 -1	 0.000000	 8.164562
107	 10	 10	 1	 113.374164	 -1	 0.000000	 13.257948
108	 10	 10	 1	 200.280624	 -1	 0.000000	 8.946838
110	 10	 10	 1	 174.953766	 -1	 0.000000	 8.652066
111	 10	 10	 0	 446.909413	 -1	 0.000000	 8.299970
112	 10	 10	 1	 90.028929	 -1	 0.000000	 9.338768
114	 10	 10	 1	 95.846046	 -1	 0.000000	 12.523870
115	 10	 10	 1	 176.205681	 -1	 0.000000	 7.902477
116	 10	 10	 1	 115.326321	 -1	 0.000000	 11.189982
117	 10	 10	 0	 435.100582	 -1	 0.000000	 11.588710
119	 10	 10	 1	 168.887475	 -1	 0.000000	 9.143003
120	 10	 10	 0	 393.857865	 -1	 0.000000	 15.452473
121	 10	 10	 1	 100.919315	 -1	 0.000000	 11.124615
123	 10	 10	 1	 113.001227	 -1	 0.000000	 16.816628
124	 10	 10	 1	 178.812947	 -1	 0.000000	 8.636143
125	 10	 10	 0	 426.914279	 -1	 0.000000	 9.581052
126	 10	 10	 1	 147.849192	 -1	 0.000000	 8.213871
127	 10	 10	 0	 431.389443	 -1	 0.000000	 9.035646
128	 10	 10	 1	 96.277811	 -1	 0.000000	 8.440149
129	 10	 10	 1	 137.292489	 -1	 0.000000	 8.943817
130	 10	 10	 1	 209.996668	 -1	 0.000000	 8.232025
131	 10	 10	 1	 142.617926	 -1	 0.000000	 9.474833
132	 10	 10	 1	 130.282879	 -1	 0.000000	 9.895356
133	 10	 10	 1	 185.407705	 -1	 0.000000	 8.557405
134	 10	 10	 1	 139.929907	 -1	 0.000000	 10.359971
135	 10	 10	 0	 411.333850	 -1	 0.000000	 9.004647
136	 10	 10	 0	 405.777736	 -1	 0.000000	 9.333479
137	 10	 10	 0	 423.258675	 -1	 0.000000	 11.828445
138	 10	 10	 1	 173.006722	 -1	 0.000000	 8.290833
139	 10	 10	 1	 124.604802	 -1	 0.000000	 12.841280
140	 10	 10	 0	 379.102125	 -1	 0.000000	 11.489577
141	 10	 10	 1	 138.573013	 -1	 0.000000	 9.656541
142	 10	 10	 1	 184.333754	 -1	 0.000000	 8.306477
143	 10	 10	 1	 134.237839	 -1	 0.000000	 12.336000
144	 10	 10	 1	 128.530889	 -1	 0.000000	 11.542227
145	 10	 10	 1	 158.397357	 -1	 0.000000	 10.542785
146	 10	 10	 1	 190.284169	 -1	 0.000000	 7.723789
147	 10	 10	 0	 401.402649	 -1	 0.000000	 11.014032
148	 10	 10	 0	 424.263460	 -1	 0.000000	 7.894659
149	 10	 10	 0	 373.197730	 -1	 0.000000	 12.900700
150	 10	 10	 1	 132.749190	 -1	 0.000000	 10.111228
151	 10	 10	 0	 429.308951	 -1	 0.000000	 8.335194
152	 10	 10	 1	 147.806185	 -1	 0.000000	 10.393042
154	 10	 10	 0	 417.806039	 -1	 0.000000	 7.949302
155	 10	 10	 1	 148.566511	 -1	 0.000000	 8.968536
156	 10	 10	 1	 118.741569	 -1	 0.000000	 11.614985
157	 10	 10	 0	 448.032858	 -1	 0.000000	 7.591833
158	 10	 10	 1	 103.644285	 -1	 0.000000	 10.679687
159	 10	 10	 1	 120.389075	 -1	 0.000000	 9.560111
160	 10	 10	 0	 408.420871	 -1	 0.000000	 9.029400
161	 10	 10	 1	 166.375342	 -1	 0.000000	 10.069148
162	 10	 10	 1	 204.887687	 -1	 0.000000	 7.869077
163	 10	 10	 1	 134.502151	 -1	 0.000000	 8.827797
164	 10	 10	 1	 113.100201	 -1	 0.000000	 12.466528
165	 10	 10	 0	 423.319541	 -1	 0.000000	 8.341996
166	 10	 10	 0	 420.314144	 -1	 0.000000	 7.651903
167	 10	 10	 0	 433.157057	 -1	 0.000000	 8.823126
168	 10	 10	 1	 99.949406	 -1	 0.000000	 10.055196
169	 10	 10	 1	 133.164822	 -1	 0.000000	 10.239895
170	 10	 10	 0	 389.965663	 -1	 0.000000	 10.486722
171	 10	 10	 1	 192.156927	 -1	 0.000000	 8.715541
172	 10	 10	 1	 219.648476	 -1	 0.000000	 8.098619
173	 10	 10	 1	 151.368678	 -1	 0.000000	 9.279665
174	 10	 10	 1	 135.627075	 -1	 0.000000	 9.331341
175	 10	 10	 1	 136.671689	 -1	 0.000000	 12.600460
176	 10	 10	 1	 117.883301	 -1	 0.000000	 18.199734
177	 10	 10	 1	 185.819622	 -1	 0.000000	 7.957956
178	 10	 10	 1	 117.929882	 -1	 0.000000	 14.537157
179	 10	 10	 0	 400.796636	 -1	 0.000000	 10.599679
180	 10	 10	 1	 107.373915	 -1	 0.000000	 13.181825
181	 10	 10	 1	 119.926009	 -1	 0.000000	 12.888932
182	 10	 10	 1	 342.676934	 -1	 0.000000	 6.629369
183	 10	 10	 1	 193.015932	 -1	 0.000000	 7.676668
184	 10	 10	 1	 99.076687	 -1	 0.000000	 10.194528
185	 10	 10	 0	 399.499994	 -1	 0.000000	 12.029215
186	 10	 10	 1	 130.847576	 -1	 0.000000	 10.757301
187	 10	 10	 1	 181.009761	 -1	 0.000000	 9.379467
188	 10	 10	 0	 408.850390	 -1	 0.000000	 8.058407
189	 10	 10	 1	 132.202335	 -1	 0.000000	 11.982350
190	 10	 10	 0	 428.211428	 -1	 0.000000	 9.172570
191	 10	 10	 0	 409.932652	 -1	 0.000000	 7.316785
192	 10	 10	 0	 434.792672	 -1	 0.000000	 8.271809
193	 10	 10	 1	 122.686314	 -1	 0.000000	 10.924763
194	 10	 10	 1	 220.188457	 -1	 0.000000	 7.919311
195	 10	 10	 1	 171.899226	 -1	 0.000000	 9.411795
196	 10	 10	 1	 113.941854	 -1	 0.000000	 13.152411
197	 10	 10	 1	 105.269028	 -1	 0.000000	 28.648895
198	 10	 10	 1	 165.743402	 -1	 0.000000	 9.891804
199	 10	 10	 0	 401.068870	 -1	 0.000000	 9.312903
200	 10	 10	 0	 423.303538	 -1	 0.000000	 8.167938
201	 10	 10	 0	 421.836735	 -1	 0.000000	 10.345613
202	 10	 10	 1	 122.342653	 -1	 0.000000	 11.780704
203	 10	 10	 1	 160.076164	 -1	 0.000000	 8.333241
204	 10	 10	 0	 416.642645	 -1	 0.000000	 9.642936
205	 10	 10	 0	 375.456551	 -1	 0.000000	 10.379229
206	 10	 10	 1	 117.760445	 -1	 0.000000	 13.777825
207	 10	 10	 1	 180.876141	 -1	 0.000000	 9.719435
208	 10	 10	 1	 202.633203	 -1	 0.000000	 8.524858
209	 10	 10	 1	 140.692386	 -1	 0.000000	 10.731578
210	 10	 10	 1	 105.849434	 -1	 0.000000	 10.943293
211	 10	 10	 1	 107.010525	 -1	 0.000000	 13.758170
212	 10	 10	 1	 125.321944	 -1	 0.000000	 12.450556
213	 10	 10	 1	 133.920589	 -1	 0.000000	 10.737416
214	 10	 10	 1	 110.555625	 -1	 0.000000	 18.595131
215	 10	 10	 0	 422.737539	 -1	 0.000000	 10.768616
216	 10	 10	 1	 179.372867	 -1	 0.000000	 8.132314
217	 10	 10	 1	 120.118293	 -1	 0.000000	 14.933603
218	 10	 10	 1	 143.720046	 -1	 0.000000	 12.238715
219	 10	 10	 1	 110.206384	 -1	 0.000000	 14.627155
220	 10	 10	 1	 153.062020	 -1	 0.000000	 10.344459
221	 10	 10	 1	 129.761342	 -1	 0.000000	 12.256197
223	 10	 10	 1	 174.359262	 -1	 0.000000	 7.776086
224	 10	 10	 0	 436.338815	 -1	 0.000000	 8.114191
225	 10	 10	 1	 97.564137	 -1	 0.000000	 10.764578
226	 10	 10	 1	 139.080130	 -1	 0.000000	 9.457582
227	 10	 10	 0	 422.923596	 -1	 0.000000	 8.265857
229	 10	 10	 1	 209.278573	 -1	 0.000000	 8.401958
230	 10	 10	 1	 125.303785	 -1	 0.000000	 11.600541
231	 10	 10	 0	 427.443257	 -1	 0.000000	 10.459064
232	 10	 10	 0	 421.728137	 -1	 0.000000	 9.305055
233	 10	 10	 1	 129.135049	 -1	 0.000000	 11.747189
234	 10	 10	 1	 141.494825	 -1	 0.000000	 9.835183
235	 10	 10	 1	 166.236392	 -1	 0.000000	 8.743171
236	 10	 10	 0	 376.816857	 -1	 0.000000	 11.498796
237	 10	 10	 1	 145.873035	 -1	 0.000000	 9.910400
2458	 5	 5	 0	 415.305198	 -1	 0.000000	 4.875654
238	 10	 10	 1	 109.368385	 -1	 0.000000	 14.824043
239	 10	 10	 1	 229.124332	 -1	 0.000000	 7.334876
262	 10	 10	 0	 473.724493	 -1	 0.000000	 11.089910
263	 10	 10	 1	 120.230375	 -1	 0.000000	 10.497816
264	 10	 10	 1	 149.050400	 -1	 0.000000	 8.583036
265	 10	 10	 1	 153.791358	 -1	 0.000000	 9.250027
266	 10	 10	 1	 120.297068	 -1	 0.000000	 16.021727
267	 10	 10	 1	 174.173820	 -1	 0.000000	 9.417792
268	 10	 10	 0	 395.849654	 -1	 0.000000	 10.725939
273	 10	 10	 1	 88.990032	 -1	 0.000000	 7.618749
278	 10	 10	 0	 422.698415	 -1	 0.000000	 7.843877
279	 10	 10	 0	 413.317583	 -1	 0.000000	 8.403511
280	 10	 10	 1	 137.198320	 -1	 0.000000	 10.528209
281	 10	 10	 1	 93.214410	 -1	 0.000000	 9.814388
282	 10	 10	 0	 415.814023	 -1	 0.000000	 13.370636
283	 10	 10	 1	 107.257849	 -1	 0.000000	 9.741416
284	 10	 10	 0	 400.266994	 -1	 0.000000	 10.135571
285	 10	 10	 1	 94.101470	 -1	 0.000000	 9.494285
286	 10	 10	 1	 122.768038	 -1	 0.000000	 12.754373
287	 10	 10	 1	 97.789871	 -1	 0.000000	 10.661284
288	 10	 10	 1	 150.427778	 -1	 0.000000	 9.132563
289	 10	 10	 1	 163.662427	 -1	 0.000000	 9.617270
290	 10	 10	 0	 402.741752	 -1	 0.000000	 10.601974
291	 10	 10	 0	 402.830406	 -1	 0.000000	 14.178852
   On this platform, our allocation granularity is 4096 bytes.
60	 10	 10	 1	 178.155194	 -1	 0.000000	 8.191080
61	 10	 10	 1	 170.827638	 -1	 0.000000	 8.370367
62	 10	 10	 1	 140.464038	 -1	 0.000000	 13.285969
63	 10	 10	 1	 99.484391	 -1	 0.000000	 13.861170
64	 10	 10	 0	 422.681189	 -1	 0.000000	 13.021724
65	 10	 10	 1	 136.697369	 -1	 0.000000	 9.761796
