>>> gr_fir_ccf: using E
>>> gr_fir_fff: using E
gr_buffer::allocate_buffer: warning: tried to allocate
   25 items of size 2544. Due to alignment requirements
   256 were allocated.  If this isn't OK, consider padding
   your structure to a power-of-two bytes.
   On this platform, our allocation granularity is 4096 bytes.
40	 13	 13	 1	 0.000005	 -1	 0.000000	 1.434634
41	 13	 13	 1	 0.000005	 -1	 0.000000	 1.624940
42	 13	 13	 1	 0.000006	 -1	 0.000000	 1.568512
43	 13	 13	 1	 0.000005	 -1	 0.000000	 1.419577
44	 13	 13	 1	 0.000005	 -1	 0.000000	 1.403203
45	 13	 13	 1	 0.000005	 -1	 0.000000	 1.438078
46	 13	 13	 1	 0.000006	 -1	 0.000000	 1.496728
47	 13	 13	 1	 0.000006	 -1	 0.000000	 1.439624
48	 13	 13	 1	 0.000005	 -1	 0.000000	 1.519547
49	 13	 13	 1	 0.000007	 -1	 0.000000	 1.413979
50	 13	 13	 1	 0.000005	 -1	 0.000000	 1.415642
51	 13	 13	 1	 0.000003	 -1	 0.000000	 1.563532
52	 13	 13	 1	 0.000006	 -1	 0.000000	 1.480004
53	 13	 13	 1	 0.000006	 -1	 0.000000	 1.598013
54	 13	 13	 1	 0.000004	 -1	 0.000000	 1.412705
55	 13	 13	 1	 0.000004	 -1	 0.000000	 1.326707
56	 13	 13	 1	 0.000009	 -1	 0.000000	 1.655932
57	 13	 13	 1	 0.000005	 -1	 0.000000	 1.480327
58	 13	 13	 1	 0.000003	 -1	 0.000000	 1.501168
59	 13	 13	 1	 0.000008	 -1	 0.000000	 1.524675
60	 13	 13	 1	 0.000005	 -1	 0.000000	 1.458443
61	 13	 13	 1	 0.000005	 -1	 0.000000	 1.408041
62	 13	 13	 1	 0.000005	 -1	 0.000000	 1.427033
63	 13	 13	 1	 0.000005	 -1	 0.000000	 1.417307
64	 13	 13	 1	 0.000007	 -1	 0.000000	 1.415657
65	 13	 13	 1	 0.000004	 -1	 0.000000	 1.424029
66	 13	 13	 1	 0.000006	 -1	 0.000000	 1.455720
67	 13	 13	 1	 0.000006	 -1	 0.000000	 1.546646
68	 13	 13	 1	 0.000004	 -1	 0.000000	 1.521675
69	 13	 13	 1	 0.000005	 -1	 0.000000	 1.557837
70	 13	 13	 1	 0.000004	 -1	 0.000000	 1.461166
71	 13	 13	 1	 0.000004	 -1	 0.000000	 1.556985
72	 13	 13	 1	 0.000004	 -1	 0.000000	 1.492623
73	 13	 13	 1	 0.000006	 -1	 0.000000	 1.400448
74	 13	 13	 1	 0.000005	 -1	 0.000000	 1.457285
75	 13	 13	 1	 0.275102	 -1	 0.000000	 1.604984
76	 13	 13	 1	 0.000006	 -1	 0.000000	 1.471920
77	 13	 13	 1	 0.000004	 -1	 0.000000	 1.507627
78	 13	 13	 1	 0.000005	 -1	 0.000000	 1.462591
79	 13	 13	 1	 0.000007	 -1	 0.000000	 1.563824
80	 13	 13	 1	 0.000007	 -1	 0.000000	 1.417555
295	 10	 10	 0	 478.541056	 -1	 0.000000	 7.328874
81	 13	 13	 1	 0.000006	 -1	 0.000000	 1.518123
82	 13	 13	 1	 0.000003	 -1	 0.000000	 1.464684
83	 13	 13	 1	 0.000006	 -1	 0.000000	 1.534335
84	 13	 13	 1	 0.000003	 -1	 0.000000	 1.639034
85	 13	 13	 1	 0.000004	 -1	 0.000000	 1.541365
86	 13	 13	 1	 0.000006	 -1	 0.000000	 1.487681
87	 13	 13	 1	 0.000004	 -1	 0.000000	 1.475207
88	 13	 13	 1	 0.000005	 -1	 0.000000	 1.560493
89	 13	 13	 1	 0.000004	 -1	 0.000000	 1.555761
90	 13	 13	 1	 0.000006	 -1	 0.000000	 1.473720
91	 13	 13	 1	 0.000006	 -1	 0.000000	 1.635110
92	 13	 13	 1	 0.000005	 -1	 0.000000	 1.492816
93	 13	 13	 1	 0.000004	 -1	 0.000000	 1.426140
94	 13	 13	 1	 0.000004	 -1	 0.000000	 1.500687
95	 13	 13	 1	 0.000005	 -1	 0.000000	 1.518070
96	 13	 13	 1	 0.000005	 -1	 0.000000	 1.399649
97	 13	 13	 1	 0.000005	 -1	 0.000000	 1.535028
99	 13	 13	 1	 0.000004	 -1	 0.000000	 1.461660
100	 13	 13	 1	 3.404917	 -1	 0.000000	 1.514300
101	 13	 13	 1	 0.000004	 -1	 0.000000	 1.554178
102	 13	 13	 1	 0.000005	 -1	 0.000000	 1.529252
103	 13	 13	 1	 0.000006	 -1	 0.000000	 1.444318
104	 13	 13	 1	 0.000006	 -1	 0.000000	 1.480031
105	 13	 13	 1	 0.000005	 -1	 0.000000	 1.494744
106	 13	 13	 1	 0.000007	 -1	 0.000000	 1.478203
107	 13	 13	 1	 0.000004	 -1	 0.000000	 1.393420
108	 13	 13	 1	 0.000005	 -1	 0.000000	 1.518933
109	 13	 13	 1	 0.000004	 -1	 0.000000	 1.402006
110	 13	 13	 1	 0.000005	 -1	 0.000000	 1.416812
111	 13	 13	 1	 0.000005	 -1	 0.000000	 1.403452
1167	 5	 5	 0	 415.996305	 -1	 0.000000	 2.984147
112	 13	 13	 1	 0.226492	 -1	 0.000000	 1.723621
113	 13	 13	 1	 0.000006	 -1	 0.000000	 1.514570
114	 13	 13	 1	 0.000005	 -1	 0.000000	 1.516057
115	 13	 13	 1	 0.000004	 -1	 0.000000	 1.492230
116	 13	 13	 1	 0.000005	 -1	 0.000000	 1.289501
117	 13	 13	 1	 0.000002	 -1	 0.000000	 1.652696
118	 13	 13	 1	 0.000006	 -1	 0.000000	 1.473058
119	 13	 13	 1	 0.000003	 -1	 0.000000	 1.416505
121	 13	 13	 1	 0.000005	 -1	 0.000000	 1.440714
123	 13	 13	 1	 0.000006	 -1	 0.000000	 1.508358
124	 13	 13	 1	 0.000004	 -1	 0.000000	 1.510319
125	 13	 13	 1	 0.000006	 -1	 0.000000	 1.445213
126	 13	 13	 1	 0.000005	 -1	 0.000000	 1.522086
127	 13	 13	 1	 0.000005	 -1	 0.000000	 1.442069
128	 13	 13	 1	 0.000006	 -1	 0.000000	 1.595214
129	 13	 13	 1	 0.000003	 -1	 0.000000	 1.793379
131	 13	 13	 1	 0.000005	 -1	 0.000000	 1.559625
132	 13	 13	 1	 0.000004	 -1	 0.000000	 1.511992
133	 13	 13	 1	 0.000006	 -1	 0.000000	 1.509026
135	 13	 13	 1	 0.000007	 -1	 0.000000	 1.412708
136	 13	 13	 1	 0.000007	 -1	 0.000000	 1.574514
137	 13	 13	 1	 0.000005	 -1	 0.000000	 1.546148
138	 13	 13	 1	 0.000006	 -1	 0.000000	 1.480499
139	 13	 13	 1	 0.000004	 -1	 0.000000	 1.528368
141	 13	 13	 1	 0.000006	 -1	 0.000000	 1.524056
142	 13	 13	 1	 0.000005	 -1	 0.000000	 1.401711
143	 13	 13	 1	 0.000006	 -1	 0.000000	 1.507958
144	 13	 13	 1	 6.722538	 -1	 0.000000	 1.591193
145	 13	 13	 1	 0.000006	 -1	 0.000000	 1.497908
146	 13	 13	 1	 0.000003	 -1	 0.000000	 1.586007
147	 13	 13	 1	 0.000005	 -1	 0.000000	 1.362229
148	 13	 13	 1	 0.000012	 -1	 0.000000	 1.647419
149	 13	 13	 1	 0.000004	 -1	 0.000000	 1.486387
150	 13	 13	 1	 0.000004	 -1	 0.000000	 1.444402
152	 13	 13	 1	 0.000005	 -1	 0.000000	 1.487693
153	 13	 13	 1	 0.000005	 -1	 0.000000	 1.443883
154	 13	 13	 1	 0.000003	 -1	 0.000000	 1.730639
155	 13	 13	 1	 0.000006	 -1	 0.000000	 1.368388
156	 13	 13	 1	 0.000004	 -1	 0.000000	 1.511921
157	 13	 13	 1	 0.000005	 -1	 0.000000	 1.580993
158	 13	 13	 1	 0.000004	 -1	 0.000000	 1.538792
159	 13	 13	 1	 0.000003	 -1	 0.000000	 1.439530
160	 13	 13	 1	 0.000004	 -1	 0.000000	 1.544012
161	 13	 13	 1	 0.000006	 -1	 0.000000	 1.414654
162	 13	 13	 1	 0.000009	 -1	 0.000000	 1.582570
163	 13	 13	 1	 0.000005	 -1	 0.000000	 1.510778
164	 13	 13	 1	 0.000004	 -1	 0.000000	 1.317364
165	 13	 13	 1	 0.000006	 -1	 0.000000	 1.722227
166	 13	 13	 1	 0.000005	 -1	 0.000000	 1.449964
167	 13	 13	 1	 0.000004	 -1	 0.000000	 1.570029
168	 13	 13	 1	 0.000003	 -1	 0.000000	 1.480470
169	 13	 13	 1	 0.000004	 -1	 0.000000	 1.484175
170	 13	 13	 1	 0.000004	 -1	 0.000000	 1.333255
171	 13	 13	 1	 0.000004	 -1	 0.000000	 1.592594
172	 13	 13	 1	 0.000005	 -1	 0.000000	 1.449471
173	 13	 13	 1	 0.000005	 -1	 0.000000	 1.483296
174	 13	 13	 1	 0.000005	 -1	 0.000000	 1.435181
175	 13	 13	 1	 0.000005	 -1	 0.000000	 1.469332
51	 13	 13	 1	 0.000003	 -1	 0.000000	 1.623068
53	 13	 13	 1	 0.000006	 -1	 0.000000	 1.502869
54	 13	 13	 1	 0.000007	 -1	 0.000000	 1.362494
55	 13	 13	 1	 0.000002	 -1	 0.000000	 1.753021
56	 13	 13	 1	 0.000005	 -1	 0.000000	 1.451459
57	 13	 13	 1	 0.000004	 -1	 0.000000	 1.477901
58	 13	 13	 1	 0.000005	 -1	 0.000000	 1.430701
59	 13	 13	 1	 0.000003	 -1	 0.000000	 1.675852
60	 13	 13	 1	 0.000004	 -1	 0.000000	 1.681759
61	 13	 13	 1	 0.000004	 -1	 0.000000	 1.549830
62	 13	 13	 1	 0.000003	 -1	 0.000000	 1.377657
63	 13	 13	 1	 0.000003	 -1	 0.000000	 1.588777
64	 13	 13	 1	 0.000006	 -1	 0.000000	 1.471634
65	 13	 13	 1	 0.000004	 -1	 0.000000	 1.427376
66	 13	 13	 1	 0.000006	 -1	 0.000000	 1.423190
67	 13	 13	 1	 0.000005	 -1	 0.000000	 1.513164
68	 13	 13	 1	 0.000005	 -1	 0.000000	 1.556097
69	 13	 13	 1	 0.000007	 -1	 0.000000	 1.514920
71	 13	 13	 1	 0.000005	 -1	 0.000000	 1.509411
72	 13	 13	 1	 0.000003	 -1	 0.000000	 1.499049
73	 13	 13	 1	 0.000005	 -1	 0.000000	 1.365453
75	 13	 13	 1	 0.000005	 -1	 0.000000	 1.463276
76	 13	 13	 1	 0.000005	 -1	 0.000000	 1.504327
77	 13	 13	 1	 0.000006	 -1	 0.000000	 1.544207
78	 13	 13	 1	 0.000003	 -1	 0.000000	 1.665951
79	 13	 13	 1	 0.000005	 -1	 0.000000	 1.521501
80	 13	 13	 1	 0.002159	 -1	 0.000000	 1.871898
81	 13	 13	 1	 0.000005	 -1	 0.000000	 1.539856
82	 13	 13	 1	 0.000008	 -1	 0.000000	 1.462585
83	 13	 13	 1	 0.000006	 -1	 0.000000	 1.436002
84	 13	 13	 1	 0.000005	 -1	 0.000000	 1.533868
85	 13	 13	 1	 0.024387	 -1	 0.000000	 1.523491
86	 13	 13	 1	 0.000005	 -1	 0.000000	 1.542079
87	 13	 13	 1	 0.000005	 -1	 0.000000	 1.461861
88	 13	 13	 1	 0.000005	 -1	 0.000000	 1.547044
90	 13	 13	 1	 0.338224	 -1	 0.000000	 1.648704
929	 13	 13	 0	 339.333379	 -1	 0.000000	 3.898602
91	 13	 13	 1	 0.000006	 -1	 0.000000	 1.462297
92	 13	 13	 1	 0.000005	 -1	 0.000000	 1.472818
93	 13	 13	 1	 0.000007	 -1	 0.000000	 1.461882
94	 13	 13	 1	 0.000006	 -1	 0.000000	 1.456712
95	 13	 13	 1	 0.000005	 -1	 0.000000	 1.435137
96	 13	 13	 1	 0.000003	 -1	 0.000000	 1.595746
97	 13	 13	 1	 0.000006	 -1	 0.000000	 1.479754
98	 13	 13	 1	 0.000008	 -1	 0.000000	 1.446645
99	 13	 13	 1	 0.000006	 -1	 0.000000	 1.393363
100	 13	 13	 1	 0.000003	 -1	 0.000000	 1.633302
101	 13	 13	 1	 0.000006	 -1	 0.000000	 1.448380
103	 13	 13	 1	 0.000006	 -1	 0.000000	 1.548478
104	 13	 13	 1	 0.000005	 -1	 0.000000	 1.442109
106	 13	 13	 1	 0.000006	 -1	 0.000000	 1.441973
107	 13	 13	 1	 0.000005	 -1	 0.000000	 1.537758
108	 13	 13	 1	 0.000007	 -1	 0.000000	 1.569586
109	 13	 13	 1	 0.000006	 -1	 0.000000	 1.462509
110	 13	 13	 1	 0.000007	 -1	 0.000000	 1.372962
111	 13	 13	 1	 0.000004	 -1	 0.000000	 1.406806
112	 13	 13	 1	 0.000004	 -1	 0.000000	 1.370248
113	 13	 13	 1	 0.000004	 -1	 0.000000	 1.399652
114	 13	 13	 1	 0.000004	 -1	 0.000000	 1.414666
115	 13	 13	 1	 0.000006	 -1	 0.000000	 1.558146
116	 13	 13	 1	 0.000005	 -1	 0.000000	 1.387874
117	 13	 13	 1	 0.000005	 -1	 0.000000	 1.422152
118	 13	 13	 1	 0.000003	 -1	 0.000000	 1.568037
119	 13	 13	 1	 0.000002	 -1	 0.000000	 1.590721
120	 13	 13	 1	 0.000006	 -1	 0.000000	 1.524874
121	 13	 13	 1	 0.000006	 -1	 0.000000	 1.425735
122	 13	 13	 1	 0.000005	 -1	 0.000000	 1.537692
123	 13	 13	 1	 0.000003	 -1	 0.000000	 1.433052
124	 13	 13	 1	 0.000005	 -1	 0.000000	 1.401408
125	 13	 13	 1	 0.000005	 -1	 0.000000	 1.459401
126	 13	 13	 1	 0.000005	 -1	 0.000000	 1.385029
127	 13	 13	 1	 0.000003	 -1	 0.000000	 1.599727
128	 13	 13	 1	 0.000005	 -1	 0.000000	 1.523074
129	 13	 13	 1	 0.000006	 -1	 0.000000	 1.395716
130	 13	 13	 1	 0.000004	 -1	 0.000000	 1.403029
131	 13	 13	 1	 0.000005	 -1	 0.000000	 1.455540
132	 13	 13	 1	 0.000004	 -1	 0.000000	 1.383831
133	 13	 13	 1	 0.000005	 -1	 0.000000	 1.411354
134	 13	 13	 1	 0.000006	 -1	 0.000000	 1.407788
135	 13	 13	 1	 0.000005	 -1	 0.000000	 1.413344
136	 13	 13	 1	 0.000005	 -1	 0.000000	 1.464029
137	 13	 13	 1	 0.000005	 -1	 0.000000	 1.508054
138	 13	 13	 1	 0.000006	 -1	 0.000000	 1.511454
139	 13	 13	 1	 0.000005	 -1	 0.000000	 1.447965
140	 13	 13	 1	 0.000006	 -1	 0.000000	 1.532833
141	 13	 13	 1	 0.108968	 -1	 0.000000	 1.514780
142	 13	 13	 1	 0.000006	 -1	 0.000000	 1.461274
143	 13	 13	 1	 0.000004	 -1	 0.000000	 1.379211
144	 13	 13	 1	 0.000007	 -1	 0.000000	 1.507272
145	 13	 13	 1	 0.000004	 -1	 0.000000	 1.410040
146	 13	 13	 1	 0.000005	 -1	 0.000000	 1.488938
889	 9	 9	 0	 450.958726	 -1	 0.000000	 6.030442
147	 13	 13	 1	 0.000006	 -1	 0.000000	 1.518638
149	 13	 13	 1	 0.000005	 -1	 0.000000	 1.417102
150	 13	 13	 1	 0.000004	 -1	 0.000000	 1.409297
151	 13	 13	 1	 0.000005	 -1	 0.000000	 1.495945
152	 13	 13	 1	 0.000005	 -1	 0.000000	 1.524623
153	 13	 13	 1	 0.000005	 -1	 0.000000	 1.427200
155	 13	 13	 1	 0.000004	 -1	 0.000000	 1.297262
156	 13	 13	 1	 0.000005	 -1	 0.000000	 1.511728
157	 13	 13	 1	 0.000007	 -1	 0.000000	 1.476523
158	 13	 13	 1	 0.000006	 -1	 0.000000	 1.396086
159	 13	 13	 1	 0.000005	 -1	 0.000000	 1.415156
160	 13	 13	 1	 0.000004	 -1	 0.000000	 1.414500
161	 13	 13	 1	 0.000006	 -1	 0.000000	 1.416848
162	 13	 13	 1	 0.000006	 -1	 0.000000	 1.495344
163	 13	 13	 1	 0.000005	 -1	 0.000000	 1.444368
164	 13	 13	 1	 0.097747	 -1	 0.000000	 1.611689
165	 13	 13	 1	 0.000003	 -1	 0.000000	 1.617286
166	 13	 13	 1	 0.000007	 -1	 0.000000	 1.560602
167	 13	 13	 1	 0.000006	 -1	 0.000000	 1.487671
168	 13	 13	 1	 0.000004	 -1	 0.000000	 1.382714
169	 13	 13	 1	 0.000005	 -1	 0.000000	 1.553479
170	 13	 13	 1	 0.000003	 -1	 0.000000	 1.368623
171	 13	 13	 1	 0.000004	 -1	 0.000000	 1.804541
172	 13	 13	 1	 0.000005	 -1	 0.000000	 1.539097
173	 13	 13	 1	 0.000004	 -1	 0.000000	 1.412768
175	 13	 13	 1	 0.000005	 -1	 0.000000	 1.496222
176	 13	 13	 1	 0.000005	 -1	 0.000000	 1.357245
177	 13	 13	 1	 0.000006	 -1	 0.000000	 1.521109
178	 13	 13	 1	 0.000006	 -1	 0.000000	 1.476812
179	 13	 13	 1	 0.000005	 -1	 0.000000	 1.409139
180	 13	 13	 1	 0.000005	 -1	 0.000000	 1.537908
181	 13	 13	 1	 0.000003	 -1	 0.000000	 1.458036
182	 13	 13	 1	 0.000008	 -1	 0.000000	 1.489507
183	 13	 13	 1	 0.000005	 -1	 0.000000	 1.365238
184	 13	 13	 1	 0.000006	 -1	 0.000000	 1.438242
185	 13	 13	 1	 0.000005	 -1	 0.000000	 1.482327
186	 13	 13	 1	 0.000004	 -1	 0.000000	 1.519112
187	 13	 13	 1	 0.000006	 -1	 0.000000	 1.530533
188	 13	 13	 1	 0.000005	 -1	 0.000000	 1.516561
189	 13	 13	 1	 0.000006	 -1	 0.000000	 1.516237
190	 13	 13	 1	 0.000004	 -1	 0.000000	 1.591574
191	 13	 13	 1	 0.033009	 -1	 0.000000	 1.606139
192	 13	 13	 1	 0.000006	 -1	 0.000000	 1.479321
193	 13	 13	 1	 0.000005	 -1	 0.000000	 1.492739
194	 13	 13	 1	 0.000005	 -1	 0.000000	 1.451659
195	 13	 13	 1	 0.000005	 -1	 0.000000	 1.485951
196	 13	 13	 1	 0.000007	 -1	 0.000000	 1.369827
197	 13	 13	 1	 0.000003	 -1	 0.000000	 1.626840
198	 13	 13	 1	 0.000004	 -1	 0.000000	 1.427058
199	 13	 13	 1	 0.050011	 -1	 0.000000	 1.667055
201	 13	 13	 1	 0.000005	 -1	 0.000000	 1.439375
202	 13	 13	 1	 0.000005	 -1	 0.000000	 1.397609
203	 13	 13	 1	 0.000006	 -1	 0.000000	 1.470606
204	 13	 13	 1	 0.000005	 -1	 0.000000	 1.492545
205	 13	 13	 1	 0.000005	 -1	 0.000000	 1.459907
206	 13	 13	 1	 0.000006	 -1	 0.000000	 1.485776
207	 13	 13	 1	 0.000004	 -1	 0.000000	 1.437776
208	 13	 13	 1	 0.000006	 -1	 0.000000	 1.359739
209	 13	 13	 1	 0.000003	 -1	 0.000000	 1.514822
210	 13	 13	 1	 0.000004	 -1	 0.000000	 1.431230
211	 13	 13	 1	 0.000005	 -1	 0.000000	 1.366276
212	 13	 13	 1	 0.000005	 -1	 0.000000	 1.428585
214	 13	 13	 1	 0.000003	 -1	 0.000000	 1.672762
215	 13	 13	 1	 0.000003	 -1	 0.000000	 1.423162
216	 13	 13	 1	 0.000005	 -1	 0.000000	 1.449377
217	 13	 13	 1	 0.000006	 -1	 0.000000	 1.378930
218	 13	 13	 1	 0.000003	 -1	 0.000000	 1.610728
219	 13	 13	 1	 0.000006	 -1	 0.000000	 1.393418
221	 13	 13	 1	 0.000006	 -1	 0.000000	 1.481763
222	 13	 13	 1	 0.000006	 -1	 0.000000	 1.704032
224	 13	 13	 1	 0.000004	 -1	 0.000000	 1.413970
225	 13	 13	 1	 0.000004	 -1	 0.000000	 1.546707
226	 13	 13	 1	 0.000006	 -1	 0.000000	 1.417480
227	 13	 13	 1	 0.000005	 -1	 0.000000	 1.451029
228	 13	 13	 1	 0.000004	 -1	 0.000000	 1.466021
229	 13	 13	 1	 0.000005	 -1	 0.000000	 1.498343
230	 13	 13	 1	 0.000007	 -1	 0.000000	 1.398638
231	 13	 13	 1	 0.000006	 -1	 0.000000	 1.451324
232	 13	 13	 1	 0.000005	 -1	 0.000000	 1.336918
233	 13	 13	 1	 0.000005	 -1	 0.000000	 1.379149
234	 13	 13	 0	 274.892003	 -1	 0.000000	 1.490409
235	 13	 13	 1	 0.000004	 -1	 0.000000	 1.449447
236	 13	 13	 1	 0.000005	 -1	 0.000000	 1.530703
237	 13	 13	 1	 0.000004	 -1	 0.000000	 1.448272
238	 13	 13	 1	 0.000006	 -1	 0.000000	 1.435336
239	 13	 13	 1	 0.000005	 -1	 0.000000	 1.449791
240	 13	 13	 1	 0.000003	 -1	 0.000000	 1.471282
242	 13	 13	 1	 47.386274	 -1	 0.000000	 1.507814
243	 13	 13	 1	 0.000005	 -1	 0.000000	 1.527910
244	 13	 13	 1	 0.000005	 -1	 0.000000	 1.529464
245	 13	 13	 0	 245.232128	 -1	 0.000000	 1.335732
246	 13	 13	 0	 253.648782	 -1	 0.000000	 1.637105
247	 13	 13	 1	 0.000005	 -1	 0.000000	 1.378508
248	 13	 13	 0	 343.778938	 -1	 0.000000	 1.427209
249	 13	 13	 1	 0.000006	 -1	 0.000000	 1.369013
2508	 3	 3	 0	 484.204084	 -1	 0.000000	 3.115007
python: trellis_siso_combined_packet.cc:233: virtual int trellis_siso_combined_packet::general_work(int, gr_vector_int&, gr_vector_const_void_star&, gr_vector_void_star&): Assertion `d_flush_input1 >= num_oldinput[1]' failed.
>>> gr_fir_ccf: using E
>>> gr_fir_fff: using E
gr_buffer::allocate_buffer: warning: tried to allocate
   25 items of size 2544. Due to alignment requirements
   256 were allocated.  If this isn't OK, consider padding
   your structure to a power-of-two bytes.
   On this platform, our allocation granularity is 4096 bytes.
41	 15	 15	 1	 0.000128	 -1	 0.000000	 1.442297
42	 15	 15	 0	 122.150299	 -1	 0.000000	 1.355955
43	 15	 15	 1	 0.000156	 -1	 0.000000	 1.364243
44	 15	 15	 1	 0.000115	 -1	 0.000000	 1.434268
45	 15	 15	 1	 0.000130	 -1	 0.000000	 1.493978
46	 15	 15	 1	 0.000127	 -1	 0.000000	 1.434948
47	 15	 15	 1	 0.000110	 -1	 0.000000	 1.441425
48	 15	 15	 1	 30.258952	 -1	 0.000000	 1.600860
49	 15	 15	 1	 0.000372	 -1	 0.000000	 1.785823
50	 15	 15	 1	 0.000122	 -1	 0.000000	 1.412777
51	 15	 15	 1	 0.000103	 -1	 0.000000	 1.449760
52	 15	 15	 1	 0.000025	 -1	 0.000000	 1.778491
53	 15	 15	 1	 0.000111	 -1	 0.000000	 1.495179
54	 15	 15	 1	 0.000121	 -1	 0.000000	 1.403469
55	 15	 15	 1	 0.000121	 -1	 0.000000	 1.463752
56	 15	 15	 1	 0.000101	 -1	 0.000000	 1.498735
57	 15	 15	 1	 0.000118	 -1	 0.000000	 1.620053
58	 15	 15	 1	 0.000140	 -1	 0.000000	 1.427381
59	 15	 15	 1	 0.000064	 -1	 0.000000	 1.466902
61	 15	 15	 1	 0.000140	 -1	 0.000000	 1.587420
62	 15	 15	 1	 0.000131	 -1	 0.000000	 1.408516
63	 15	 15	 1	 0.000155	 -1	 0.000000	 1.425989
64	 15	 15	 1	 0.000169	 -1	 0.000000	 1.485932
65	 15	 15	 0	 63.322618	 -1	 0.000000	 1.423896
66	 15	 15	 1	 0.000018	 -1	 0.000000	 1.599071
67	 15	 15	 1	 0.000092	 -1	 0.000000	 1.443939
68	 15	 15	 1	 0.000115	 -1	 0.000000	 1.338220
70	 15	 15	 1	 3.243461	 -1	 0.000000	 1.473956
71	 15	 15	 1	 0.000119	 -1	 0.000000	 1.451346
72	 15	 15	 1	 0.315879	 -1	 0.000000	 1.735847
73	 15	 15	 1	 0.000154	 -1	 0.000000	 1.512145
74	 15	 15	 1	 0.000022	 -1	 0.000000	 1.692868
75	 15	 15	 1	 0.000127	 -1	 0.000000	 1.421813
76	 15	 15	 1	 0.000106	 -1	 0.000000	 1.412405
77	 15	 15	 1	 6.965516	 -1	 0.000000	 1.528233
78	 15	 15	 1	 0.000149	 -1	 0.000000	 1.336546
80	 15	 15	 1	 0.000033	 -1	 0.000000	 1.732984
81	 15	 15	 1	 0.000020	 -1	 0.000000	 1.770270
82	 15	 15	 0	 55.818533	 -1	 0.000000	 1.400313
83	 15	 15	 1	 0.000157	 -1	 0.000000	 1.429920
84	 15	 15	 1	 0.000143	 -1	 0.000000	 1.379937
85	 15	 15	 1	 0.000119	 -1	 0.000000	 1.322460
86	 15	 15	 1	 0.000137	 -1	 0.000000	 1.360761
87	 15	 15	 1	 0.000087	 -1	 0.000000	 1.376227
88	 15	 15	 1	 0.000029	 -1	 0.000000	 1.682821
89	 15	 15	 1	 0.000263	 -1	 0.000000	 1.765343
91	 15	 15	 1	 0.000134	 -1	 0.000000	 1.370399
92	 15	 15	 1	 0.000118	 -1	 0.000000	 1.317280
93	 15	 15	 1	 0.000176	 -1	 0.000000	 1.360375
94	 15	 15	 1	 0.000065	 -1	 0.000000	 1.395923
95	 15	 15	 1	 0.000113	 -1	 0.000000	 1.418498
96	 15	 15	 1	 0.000150	 -1	 0.000000	 1.395817
97	 15	 15	 1	 0.000062	 -1	 0.000000	 1.398920
98	 15	 15	 1	 0.000146	 -1	 0.000000	 1.557060
99	 15	 15	 1	 0.000119	 -1	 0.000000	 1.429976
100	 15	 15	 1	 0.000123	 -1	 0.000000	 1.433697
101	 15	 15	 1	 0.000106	 -1	 0.000000	 1.365763
102	 15	 15	 1	 0.000117	 -1	 0.000000	 1.475847
103	 15	 15	 1	 0.000123	 -1	 0.000000	 1.366821
104	 15	 15	 1	 0.000145	 -1	 0.000000	 1.451362
105	 15	 15	 1	 0.000133	 -1	 0.000000	 1.389854
106	 15	 15	 1	 0.000108	 -1	 0.000000	 1.457613
107	 15	 15	 1	 0.000124	 -1	 0.000000	 1.440100
108	 15	 15	 1	 0.000135	 -1	 0.000000	 1.415348
110	 15	 15	 1	 0.000138	 -1	 0.000000	 1.446222
111	 15	 15	 1	 26.326310	 -1	 0.000000	 1.496063
112	 15	 15	 1	 0.000090	 -1	 0.000000	 1.469194
113	 15	 15	 1	 0.000110	 -1	 0.000000	 1.424657
114	 15	 15	 1	 0.000088	 -1	 0.000000	 1.428040
115	 15	 15	 1	 0.000121	 -1	 0.000000	 1.423149
116	 15	 15	 1	 0.000133	 -1	 0.000000	 1.397956
117	 15	 15	 1	 0.000118	 -1	 0.000000	 1.452302
119	 15	 15	 1	 0.016785	 -1	 0.000000	 1.618726
481	 13	 13	 0	 368.101322	 -1	 0.000000	 5.557842
120	 15	 15	 1	 0.000152	 -1	 0.000000	 1.483207
121	 15	 15	 1	 0.000129	 -1	 0.000000	 1.424990
122	 15	 15	 1	 0.004158	 -1	 0.000000	 1.588030
123	 15	 15	 1	 0.000142	 -1	 0.000000	 1.495062
124	 15	 15	 1	 0.000070	 -1	 0.000000	 1.432406
125	 15	 15	 1	 0.000026	 -1	 0.000000	 1.707418
126	 15	 15	 1	 0.000164	 -1	 0.000000	 1.489447
1452	 13	 13	 0	 341.596901	 -1	 0.000000	 4.212482
127	 15	 15	 1	 0.000121	 -1	 0.000000	 1.437016
128	 15	 15	 1	 0.000139	 -1	 0.000000	 1.479625
>>> gr_fir_ccf: using E
>>> gr_fir_fff: using E
gr_buffer::allocate_buffer: warning: tried to allocate
   25 items of size 2544. Due to alignment requirements
   256 were allocated.  If this isn't OK, consider padding
   your structure to a power-of-two bytes.
   On this platform, our allocation granularity is 4096 bytes.
40	 15	 15	 1	 0.000144	 -1	 0.000000	 1.529799
41	 15	 15	 1	 0.000093	 -1	 0.000000	 1.368925
42	 15	 15	 1	 0.000117	 -1	 0.000000	 1.493620
43	 15	 15	 1	 0.000195	 -1	 0.000000	 1.751007
44	 15	 15	 1	 0.000123	 -1	 0.000000	 1.438908
45	 15	 15	 1	 0.000110	 -1	 0.000000	 1.512689
46	 15	 15	 1	 0.000160	 -1	 0.000000	 1.408916
48	 15	 15	 1	 0.000110	 -1	 0.000000	 1.468575
49	 15	 15	 1	 0.000136	 -1	 0.000000	 1.474296
50	 15	 15	 1	 1.300165	 -1	 0.000000	 1.528226
51	 15	 15	 1	 0.000135	 -1	 0.000000	 1.543757
52	 15	 15	 1	 0.000103	 -1	 0.000000	 1.469527
53	 15	 15	 1	 0.000025	 -1	 0.000000	 1.797419
54	 15	 15	 1	 0.000115	 -1	 0.000000	 1.494955
55	 15	 15	 1	 0.000113	 -1	 0.000000	 1.540353
56	 15	 15	 1	 0.000155	 -1	 0.000000	 1.490906
57	 15	 15	 1	 0.000156	 -1	 0.000000	 1.491540
58	 15	 15	 1	 0.000101	 -1	 0.000000	 1.401831
59	 15	 15	 1	 0.000169	 -1	 0.000000	 1.461576
60	 15	 15	 1	 0.000116	 -1	 0.000000	 1.452114
61	 15	 15	 1	 0.000030	 -1	 0.000000	 1.647026
62	 15	 15	 1	 0.000101	 -1	 0.000000	 1.386312
63	 15	 15	 1	 0.000144	 -1	 0.000000	 1.377999
64	 15	 15	 1	 0.000024	 -1	 0.000000	 1.642541
65	 15	 15	 1	 0.000073	 -1	 0.000000	 1.476986
66	 15	 15	 1	 0.000131	 -1	 0.000000	 1.355648
67	 15	 15	 1	 14.356249	 -1	 0.000000	 1.392120
68	 15	 15	 0	 137.994500	 -1	 0.000000	 1.325615
69	 15	 15	 1	 0.000133	 -1	 0.000000	 1.437374
70	 15	 15	 1	 0.000026	 -1	 0.000000	 3.550748
71	 15	 15	 1	 0.000015	 -1	 0.000000	 1.700479
72	 15	 15	 1	 0.004650	 -1	 0.000000	 1.479753
73	 15	 15	 1	 0.000158	 -1	 0.000000	 1.441632
74	 15	 15	 1	 0.000111	 -1	 0.000000	 1.389767
75	 15	 15	 1	 0.000023	 -1	 0.000000	 1.545970
76	 15	 15	 1	 0.000151	 -1	 0.000000	 1.418668
77	 15	 15	 1	 0.000110	 -1	 0.000000	 1.324424
78	 15	 15	 1	 0.000125	 -1	 0.000000	 1.327473
80	 15	 15	 1	 20.293972	 -1	 0.000000	 1.460865
81	 15	 15	 1	 0.000140	 -1	 0.000000	 1.386718
82	 15	 15	 1	 0.000137	 -1	 0.000000	 1.321913
83	 15	 15	 1	 0.000157	 -1	 0.000000	 1.460094
84	 15	 15	 1	 0.000086	 -1	 0.000000	 1.405661
85	 15	 15	 1	 0.000167	 -1	 0.000000	 1.528568
87	 15	 15	 1	 0.000135	 -1	 0.000000	 1.389361
88	 15	 15	 1	 0.000025	 -1	 0.000000	 1.646441
89	 15	 15	 1	 5.689978	 -1	 0.000000	 1.455648
90	 15	 15	 1	 0.000018	 -1	 0.000000	 1.754933
91	 15	 15	 1	 0.000031	 -1	 0.000000	 1.604710
92	 15	 15	 1	 0.000111	 -1	 0.000000	 1.410074
93	 15	 15	 1	 0.000149	 -1	 0.000000	 1.441098
94	 15	 15	 1	 0.000094	 -1	 0.000000	 1.384253
95	 15	 15	 1	 0.000072	 -1	 0.000000	 1.527124
96	 15	 15	 1	 0.000148	 -1	 0.000000	 1.405736
98	 15	 15	 0	 145.115767	 -1	 0.000000	 1.394739
99	 15	 15	 1	 0.000104	 -1	 0.000000	 1.394571
100	 15	 15	 1	 0.000166	 -1	 0.000000	 1.549239
101	 15	 15	 1	 0.000128	 -1	 0.000000	 1.400657
102	 15	 15	 1	 0.000133	 -1	 0.000000	 1.532250
103	 15	 15	 1	 0.000032	 -1	 0.000000	 1.570112
105	 15	 15	 1	 0.000095	 -1	 0.000000	 1.446574
106	 15	 15	 1	 0.000136	 -1	 0.000000	 1.519876
107	 15	 15	 1	 0.000122	 -1	 0.000000	 1.414068
108	 15	 15	 1	 0.000015	 -1	 0.000000	 1.749352
109	 15	 15	 1	 0.000093	 -1	 0.000000	 1.374872
110	 15	 15	 1	 0.159326	 -1	 0.000000	 1.529941
111	 15	 15	 1	 0.000134	 -1	 0.000000	 1.409685
112	 15	 15	 1	 0.000123	 -1	 0.000000	 1.789955
114	 15	 15	 1	 0.000074	 -1	 0.000000	 1.514803
115	 15	 15	 1	 0.000034	 -1	 0.000000	 1.803124
116	 15	 15	 1	 0.000118	 -1	 0.000000	 1.337069
117	 15	 15	 0	 78.986062	 -1	 0.000000	 1.532902
118	 15	 15	 1	 0.000151	 -1	 0.000000	 1.433749
119	 15	 15	 1	 0.000118	 -1	 0.000000	 1.473459
120	 15	 15	 1	 0.000108	 -1	 0.000000	 1.559037
121	 15	 15	 1	 0.000114	 -1	 0.000000	 1.496387
122	 15	 15	 1	 0.000103	 -1	 0.000000	 1.470225
124	 15	 15	 1	 0.000090	 -1	 0.000000	 1.504151
125	 15	 15	 1	 0.000020	 -1	 0.000000	 1.601497
126	 15	 15	 1	 0.000112	 -1	 0.000000	 1.502018
128	 15	 15	 1	 0.000130	 -1	 0.000000	 1.454235
130	 15	 15	 1	 0.000146	 -1	 0.000000	 1.452805
3996	 13	 13	 0	 359.298564	 -1	 0.000000	 4.952995
134	 15	 15	 1	 0.000169	 -1	 0.000000	 1.470549
135	 15	 15	 1	 0.000120	 -1	 0.000000	 1.460450
137	 15	 15	 1	 16.412357	 -1	 0.000000	 1.513550
138	 15	 15	 1	 0.000132	 -1	 0.000000	 1.450088
139	 15	 15	 1	 0.000155	 -1	 0.000000	 1.519863
140	 15	 15	 1	 0.000152	 -1	 0.000000	 1.369215
141	 15	 15	 1	 0.000026	 -1	 0.000000	 1.764982
143	 15	 15	 1	 0.000072	 -1	 0.000000	 1.491369
145	 15	 15	 1	 0.019793	 -1	 0.000000	 1.536131
146	 15	 15	 1	 0.000118	 -1	 0.000000	 1.404604
147	 15	 15	 1	 25.857296	 -1	 0.000000	 1.470357
148	 15	 15	 1	 0.000150	 -1	 0.000000	 1.514587
149	 15	 15	 1	 0.000183	 -1	 0.000000	 1.460157
150	 15	 15	 1	 0.000143	 -1	 0.000000	 1.465255
152	 15	 15	 1	 0.000024	 -1	 0.000000	 1.573722
153	 15	 15	 1	 0.000101	 -1	 0.000000	 1.411587
154	 15	 15	 1	 0.000140	 -1	 0.000000	 1.438599
155	 15	 15	 1	 0.000107	 -1	 0.000000	 1.335467
156	 15	 15	 1	 2.862654	 -1	 0.000000	 1.517931
157	 15	 15	 1	 0.000125	 -1	 0.000000	 1.449518
158	 15	 15	 1	 0.000114	 -1	 0.000000	 1.434018
159	 15	 15	 1	 0.000139	 -1	 0.000000	 1.405651
160	 15	 15	 0	 65.733172	 -1	 0.000000	 1.563094
161	 15	 15	 1	 0.000123	 -1	 0.000000	 1.436406
162	 15	 15	 1	 0.000115	 -1	 0.000000	 1.422585
164	 15	 15	 1	 0.000175	 -1	 0.000000	 1.517262
165	 15	 15	 1	 0.000073	 -1	 0.000000	 1.423719
166	 15	 15	 1	 0.000155	 -1	 0.000000	 1.503638
167	 15	 15	 1	 0.000163	 -1	 0.000000	 1.448243
168	 15	 15	 1	 0.000112	 -1	 0.000000	 1.500041
169	 15	 15	 1	 0.000105	 -1	 0.000000	 1.464795
170	 15	 15	 1	 0.000067	 -1	 0.000000	 1.554810
173	 15	 15	 1	 63.743513	 -1	 0.000000	 1.612738
174	 15	 15	 0	 101.650330	 -1	 0.000000	 1.535414
175	 15	 15	 1	 0.000134	 -1	 0.000000	 1.428479
176	 15	 15	 1	 0.000160	 -1	 0.000000	 1.441797
177	 15	 15	 1	 0.000016	 -1	 0.000000	 1.532714
178	 15	 15	 1	 0.000139	 -1	 0.000000	 1.484427
179	 15	 15	 1	 1.955754	 -1	 0.000000	 1.472380
181	 15	 15	 1	 0.000031	 -1	 0.000000	 1.637190
182	 15	 15	 1	 0.000119	 -1	 0.000000	 1.455917
183	 15	 15	 1	 0.022397	 -1	 0.000000	 1.547702
184	 15	 15	 1	 1.498607	 -1	 0.000000	 1.586338
185	 15	 15	 1	 0.000114	 -1	 0.000000	 1.441624
186	 15	 15	 1	 0.000134	 -1	 0.000000	 1.470806
188	 15	 15	 1	 0.000112	 -1	 0.000000	 1.413176
189	 15	 15	 1	 0.000127	 -1	 0.000000	 1.379950
190	 15	 15	 1	 6.803738	 -1	 0.000000	 1.566882
191	 15	 15	 1	 92.920851	 -1	 0.000000	 1.466079
192	 15	 15	 1	 0.000123	 -1	 0.000000	 1.385244
193	 15	 15	 1	 0.000103	 -1	 0.000000	 1.444701
194	 15	 15	 1	 0.000086	 -1	 0.000000	 1.429010
195	 15	 15	 1	 0.000105	 -1	 0.000000	 1.433651
196	 15	 15	 1	 0.000027	 -1	 0.000000	 1.771486
197	 15	 15	 1	 0.030643	 -1	 0.000000	 1.664343
198	 15	 15	 1	 0.000167	 -1	 0.000000	 1.505369
199	 15	 15	 1	 0.000139	 -1	 0.000000	 1.469692
3810	 11	 11	 0	 453.015637	 -1	 0.000000	 4.731856
200	 15	 15	 1	 1.322454	 -1	 0.000000	 1.524604
201	 15	 15	 1	 0.000147	 -1	 0.000000	 1.591325
202	 15	 15	 1	 0.000082	 -1	 0.000000	 1.374927
203	 15	 15	 1	 0.000156	 -1	 0.000000	 1.506602
204	 15	 15	 0	 88.480155	 -1	 0.000000	 1.505381
205	 15	 15	 1	 10.225414	 -1	 0.000000	 1.444044
206	 15	 15	 1	 0.055490	 -1	 0.000000	 1.647796
207	 15	 15	 1	 0.000135	 -1	 0.000000	 1.405203
208	 15	 15	 0	 75.353382	 -1	 0.000000	 1.692547
209	 15	 15	 1	 0.000119	 -1	 0.000000	 1.475596
210	 15	 15	 1	 0.000136	 -1	 0.000000	 1.520624
211	 15	 15	 1	 0.000060	 -1	 0.000000	 1.521122
212	 15	 15	 1	 0.000123	 -1	 0.000000	 1.593012
213	 15	 15	 1	 0.000144	 -1	 0.000000	 1.484770
214	 15	 15	 1	 0.000099	 -1	 0.000000	 1.347986
215	 15	 15	 1	 0.000172	 -1	 0.000000	 1.514811
216	 15	 15	 1	 0.000117	 -1	 0.000000	 1.410835
217	 15	 15	 0	 154.604664	 -1	 0.000000	 1.322948
218	 15	 15	 1	 0.000092	 -1	 0.000000	 1.410775
219	 15	 15	 1	 0.000129	 -1	 0.000000	 1.451850
220	 15	 15	 1	 0.000031	 -1	 0.000000	 1.631765
221	 15	 15	 1	 0.000105	 -1	 0.000000	 1.501541
222	 15	 15	 1	 0.000071	 -1	 0.000000	 1.506975
223	 15	 15	 1	 0.000134	 -1	 0.000000	 1.475896
3255	 13	 13	 0	 402.620248	 -1	 0.000000	 3.080708
224	 15	 15	 1	 0.000138	 -1	 0.000000	 1.490555
225	 15	 15	 1	 0.000029	 -1	 0.000000	 1.810633
227	 15	 15	 1	 0.000140	 -1	 0.000000	 1.279079
228	 15	 15	 1	 0.000117	 -1	 0.000000	 1.485735
229	 15	 15	 1	 0.000129	 -1	 0.000000	 1.435401
230	 15	 15	 1	 0.000088	 -1	 0.000000	 1.779417
231	 15	 15	 1	 0.000095	 -1	 0.000000	 1.425231
232	 15	 15	 1	 0.000143	 -1	 0.000000	 1.515905
233	 15	 15	 1	 0.000112	 -1	 0.000000	 1.529035
234	 15	 15	 1	 0.000116	 -1	 0.000000	 1.453406
235	 15	 15	 1	 0.000132	 -1	 0.000000	 1.517393
236	 15	 15	 1	 0.000108	 -1	 0.000000	 1.441627
237	 15	 15	 1	 61.279849	 -1	 0.000000	 1.514035
238	 15	 15	 1	 0.000128	 -1	 0.000000	 1.431749
239	 15	 15	 1	 0.000034	 -1	 0.000000	 1.501755
240	 15	 15	 0	 202.187976	 -1	 0.000000	 1.499147
241	 15	 15	 1	 0.000157	 -1	 0.000000	 1.550536
3437	 13	 13	 0	 376.077769	 -1	 0.000000	 7.299484
242	 15	 15	 1	 0.000090	 -1	 0.000000	 1.470109
243	 15	 15	 1	 0.000151	 -1	 0.000000	 1.537539
245	 15	 15	 1	 0.000152	 -1	 0.000000	 1.610823
246	 15	 15	 1	 0.000098	 -1	 0.000000	 1.507197
247	 15	 15	 1	 0.000128	 -1	 0.000000	 1.526259
249	 15	 15	 1	 4.126137	 -1	 0.000000	 1.577065
250	 15	 15	 1	 0.000113	 -1	 0.000000	 1.430470
252	 15	 15	 1	 0.000017	 -1	 0.000000	 1.589739
253	 15	 15	 1	 0.000119	 -1	 0.000000	 1.411979
255	 15	 15	 1	 0.000109	 -1	 0.000000	 1.510770
256	 15	 15	 1	 30.083764	 -1	 0.000000	 1.589224
257	 15	 15	 1	 44.642027	 -1	 0.000000	 1.465785
259	 15	 15	 1	 0.000147	 -1	 0.000000	 1.630895
260	 15	 15	 0	 422.874695	 -1	 0.000000	 1.397034
262	 15	 15	 1	 0.000088	 -1	 0.000000	 1.473227
264	 15	 15	 0	 260.771250	 -1	 0.000000	 1.501623
267	 15	 15	 1	 140.556072	 -1	 0.000000	 1.876016
268	 15	 15	 1	 43.959304	 -1	 0.000000	 1.471932
269	 15	 15	 1	 120.016068	 -1	 0.000000	 1.591246
271	 15	 15	 1	 0.000104	 -1	 0.000000	 1.484681
272	 15	 15	 1	 0.000133	 -1	 0.000000	 1.427725
273	 15	 15	 1	 0.000123	 -1	 0.000000	 1.482965
274	 15	 15	 1	 0.000124	 -1	 0.000000	 1.435746
275	 15	 15	 1	 0.000115	 -1	 0.000000	 1.476743
276	 15	 15	 1	 0.000155	 -1	 0.000000	 1.555906
277	 15	 15	 1	 0.000126	 -1	 0.000000	 1.446547
278	 15	 15	 1	 0.000135	 -1	 0.000000	 1.523428
279	 15	 15	 1	 0.000120	 -1	 0.000000	 1.518233
281	 15	 15	 1	 0.000106	 -1	 0.000000	 1.635978
1732	 13	 13	 0	 379.474637	 -1	 0.000000	 3.682894
284	 15	 15	 1	 0.000115	 -1	 0.000000	 1.506722
286	 15	 15	 1	 0.000194	 -1	 0.000000	 1.491565
287	 15	 15	 1	 0.472872	 -1	 0.000000	 1.204009
289	 15	 15	 1	 0.000128	 -1	 0.000000	 1.387454
1210	 9	 9	 0	 454.615728	 -1	 0.000000	 1.418808
290	 15	 15	 1	 0.000121	 -1	 0.000000	 1.456645
308	 11	 11	 0	 452.264956	 -1	 0.000000	 1.503319
294	 15	 15	 1	 0.000164	 -1	 0.000000	 1.456322
295	 15	 15	 1	 0.332209	 -1	 0.000000	 1.591389
296	 15	 15	 1	 0.000123	 -1	 0.000000	 1.511000
298	 15	 15	 1	 0.000146	 -1	 0.000000	 1.348598
299	 15	 15	 1	 0.000122	 -1	 0.000000	 1.540731
300	 15	 15	 1	 0.000139	 -1	 0.000000	 1.569507
302	 15	 15	 1	 159.355174	 -1	 0.000000	 1.467013
309	 15	 15	 1	 0.000111	 -1	 0.000000	 1.419011
310	 15	 15	 0	 262.669651	 -1	 0.000000	 1.364774
312	 15	 15	 1	 0.327512	 -1	 0.000000	 1.653255
313	 15	 15	 1	 0.000115	 -1	 0.000000	 1.372150
314	 15	 15	 0	 459.796458	 -1	 0.000000	 1.461590
315	 15	 15	 1	 0.000155	 -1	 0.000000	 1.488077
316	 15	 15	 1	 0.000021	 -1	 0.000000	 1.655453
317	 15	 15	 1	 0.000120	 -1	 0.000000	 1.405699
318	 15	 15	 1	 0.000139	 -1	 0.000000	 1.424084
319	 15	 15	 1	 0.000100	 -1	 0.000000	 1.408622
321	 15	 15	 1	 0.000073	 -1	 0.000000	 1.455705
322	 15	 15	 0	 294.147775	 -1	 0.000000	 1.384593
326	 15	 15	 1	 0.000109	 -1	 0.000000	 1.442541
327	 15	 15	 1	 0.000209	 -1	 0.000000	 1.528927
329	 15	 15	 1	 0.000019	 -1	 0.000000	 1.705207
331	 15	 15	 1	 0.000126	 -1	 0.000000	 1.437518
332	 15	 15	 1	 0.000161	 -1	 0.000000	 1.408384
333	 15	 15	 1	 25.786890	 -1	 0.000000	 1.457008
334	 15	 15	 1	 0.000084	 -1	 0.000000	 1.498784
335	 15	 15	 1	 0.000145	 -1	 0.000000	 1.414356
336	 15	 15	 1	 0.000117	 -1	 0.000000	 1.413016
337	 15	 15	 1	 0.000088	 -1	 0.000000	 1.408957
338	 15	 15	 1	 0.000152	 -1	 0.000000	 1.482588
339	 15	 15	 1	 0.000111	 -1	 0.000000	 1.405694
340	 15	 15	 0	 255.613433	 -1	 0.000000	 1.839411
344	 15	 15	 0	 326.510729	 -1	 0.000000	 1.394232
346	 15	 15	 1	 0.004146	 -1	 0.000000	 1.366765
348	 15	 15	 0	 294.105552	 -1	 0.000000	 1.430546
349	 15	 15	 1	 0.000072	 -1	 0.000000	 1.379532
350	 15	 15	 1	 0.000173	 -1	 0.000000	 1.501038
351	 15	 15	 1	 0.000084	 -1	 0.000000	 1.383783
352	 15	 15	 1	 0.000131	 -1	 0.000000	 1.416858
353	 15	 15	 1	 0.000136	 -1	 0.000000	 1.455468
354	 15	 15	 1	 0.000118	 -1	 0.000000	 1.530956
380	 15	 15	 1	 0.000121	 -1	 0.000000	 1.451819
381	 15	 15	 1	 0.000154	 -1	 0.000000	 1.433137
382	 15	 15	 1	 0.000223	 -1	 0.000000	 1.668748
383	 15	 15	 1	 0.000088	 -1	 0.000000	 1.467804
385	 15	 15	 1	 0.000105	 -1	 0.000000	 1.550761
>>> gr_fir_ccf: using E
>>> gr_fir_fff: using E
terminate called after throwing an instance of 'std::invalid_argument'
  what():  gr_ofdm_demod: Incorrect subcarriers allocated
>>> gr_fir_ccf: using E
>>> gr_fir_fff: using E
terminate called after throwing an instance of 'std::invalid_argument'
  what():  gr_ofdm_demod: Incorrect subcarriers allocated
>>> gr_fir_ccf: using E
>>> gr_fir_fff: using E
gr_buffer::allocate_buffer: warning: tried to allocate
   25 items of size 2544. Due to alignment requirements
   256 were allocated.  If this isn't OK, consider padding
   your structure to a power-of-two bytes.
   On this platform, our allocation granularity is 4096 bytes.
40	 7	 7	 1	 4.636033	 -1	 0.000000	 1.585117
41	 7	 7	 1	 12.851546	 -1	 0.000000	 1.424203
42	 7	 7	 1	 0.024033	 -1	 0.000000	 1.806727
43	 7	 7	 1	 0.295918	 -1	 0.000000	 1.445295
44	 7	 7	 1	 13.149084	 -1	 0.000000	 1.625542
45	 7	 7	 1	 0.147359	 -1	 0.000000	 1.455199
46	 7	 7	 1	 0.052502	 -1	 0.000000	 1.502107
47	 7	 7	 1	 0.045238	 -1	 0.000000	 1.388746
48	 7	 7	 1	 0.023043	 -1	 0.000000	 1.531342
49	 7	 7	 1	 0.128394	 -1	 0.000000	 1.624032
50	 7	 7	 1	 0.052724	 -1	 0.000000	 1.402897
51	 7	 7	 1	 0.049528	 -1	 0.000000	 1.338678
52	 7	 7	 1	 0.046846	 -1	 0.000000	 1.287932
53	 7	 7	 1	 0.031118	 -1	 0.000000	 1.570342
54	 7	 7	 1	 0.017427	 -1	 0.000000	 1.640090
55	 7	 7	 1	 0.062639	 -1	 0.000000	 1.343321
56	 7	 7	 1	 0.047653	 -1	 0.000000	 1.517048
57	 7	 7	 1	 0.024006	 -1	 0.000000	 1.662562
58	 7	 7	 1	 0.052245	 -1	 0.000000	 1.356738
59	 7	 7	 1	 0.045485	 -1	 0.000000	 1.439822
60	 7	 7	 1	 0.017081	 -1	 0.000000	 1.671406
61	 7	 7	 1	 0.324121	 -1	 0.000000	 1.468113
62	 7	 7	 1	 0.100010	 -1	 0.000000	 1.406830
63	 7	 7	 1	 0.040916	 -1	 0.000000	 1.409016
64	 7	 7	 1	 22.955844	 -1	 0.000000	 1.562890
65	 7	 7	 1	 0.047772	 -1	 0.000000	 1.395994
66	 7	 7	 1	 0.053544	 -1	 0.000000	 1.350605
67	 7	 7	 1	 0.291477	 -1	 0.000000	 1.451009
68	 7	 7	 1	 0.048399	 -1	 0.000000	 1.651330
69	 7	 7	 1	 0.058794	 -1	 0.000000	 1.425628
70	 7	 7	 1	 0.049833	 -1	 0.000000	 1.395690
71	 7	 7	 1	 13.102591	 -1	 0.000000	 1.477734
72	 7	 7	 1	 0.151318	 -1	 0.000000	 1.465845
73	 7	 7	 1	 0.048824	 -1	 0.000000	 1.662325
74	 7	 7	 1	 0.107243	 -1	 0.000000	 1.499156
75	 7	 7	 1	 5.634062	 -1	 0.000000	 1.697936
76	 7	 7	 1	 0.045067	 -1	 0.000000	 1.420135
2569	 13	 13	 0	 363.310296	 -1	 0.000000	 4.942335
77	 7	 7	 1	 1.434713	 -1	 0.000000	 1.492761
78	 7	 7	 1	 0.054913	 -1	 0.000000	 1.355376
79	 7	 7	 1	 0.067410	 -1	 0.000000	 1.341666
80	 7	 7	 1	 0.138241	 -1	 0.000000	 1.403875
81	 7	 7	 1	 0.045442	 -1	 0.000000	 1.426485
82	 7	 7	 1	 0.074777	 -1	 0.000000	 1.368032
83	 7	 7	 1	 0.091836	 -1	 0.000000	 1.422993
84	 7	 7	 0	 264.325989	 -1	 0.000000	 1.443636
85	 7	 7	 1	 0.045591	 -1	 0.000000	 1.363429
86	 7	 7	 1	 0.120572	 -1	 0.000000	 1.394129
87	 7	 7	 1	 0.128196	 -1	 0.000000	 1.330850
88	 7	 7	 1	 0.026195	 -1	 0.000000	 1.474942
89	 7	 7	 1	 0.045299	 -1	 0.000000	 1.785246
90	 7	 7	 1	 0.025911	 -1	 0.000000	 1.733746
91	 7	 7	 1	 17.711375	 -1	 0.000000	 1.395353
92	 7	 7	 1	 0.028536	 -1	 0.000000	 1.746917
93	 7	 7	 1	 0.094345	 -1	 0.000000	 1.364885
94	 7	 7	 1	 68.526538	 -1	 0.000000	 1.465811
95	 7	 7	 1	 0.123858	 -1	 0.000000	 1.464054
96	 7	 7	 1	 0.178354	 -1	 0.000000	 1.509825
2275	 7	 7	 0	 404.876872	 -1	 0.000000	 9.862254
97	 7	 7	 1	 0.056454	 -1	 0.000000	 1.550502
98	 7	 7	 1	 0.057751	 -1	 0.000000	 1.732043
99	 7	 7	 1	 0.117747	 -1	 0.000000	 1.489988
100	 7	 7	 1	 0.118113	 -1	 0.000000	 1.419386
101	 7	 7	 1	 0.172957	 -1	 0.000000	 1.688828
102	 7	 7	 1	 0.037217	 -1	 0.000000	 1.388393
103	 7	 7	 1	 0.078491	 -1	 0.000000	 1.451389
104	 7	 7	 1	 0.036264	 -1	 0.000000	 1.748697
105	 7	 7	 1	 0.041130	 -1	 0.000000	 1.386797
106	 7	 7	 1	 30.396641	 -1	 0.000000	 1.625266
107	 7	 7	 1	 0.050486	 -1	 0.000000	 1.407989
108	 7	 7	 1	 0.042844	 -1	 0.000000	 1.427438
109	 7	 7	 1	 0.067185	 -1	 0.000000	 1.409424
110	 7	 7	 1	 0.037480	 -1	 0.000000	 1.486028
111	 7	 7	 1	 0.096869	 -1	 0.000000	 1.453354
112	 7	 7	 1	 0.105263	 -1	 0.000000	 1.376824
113	 7	 7	 1	 0.060380	 -1	 0.000000	 1.357985
114	 7	 7	 1	 6.355843	 -1	 0.000000	 1.573593
115	 7	 7	 1	 0.047610	 -1	 0.000000	 1.432323
116	 7	 7	 1	 0.123937	 -1	 0.000000	 1.501075
117	 7	 7	 1	 0.115886	 -1	 0.000000	 1.456227
118	 7	 7	 1	 0.048600	 -1	 0.000000	 1.377766
119	 7	 7	 1	 0.050826	 -1	 0.000000	 1.361137
120	 7	 7	 1	 0.049567	 -1	 0.000000	 1.427271
121	 7	 7	 1	 0.138937	 -1	 0.000000	 1.354837
122	 7	 7	 1	 0.093490	 -1	 0.000000	 1.463040
123	 7	 7	 1	 0.167055	 -1	 0.000000	 1.481712
124	 7	 7	 1	 0.046561	 -1	 0.000000	 1.476242
125	 7	 7	 1	 8.721458	 -1	 0.000000	 1.510115
126	 7	 7	 1	 0.021887	 -1	 0.000000	 1.666555
127	 7	 7	 1	 0.223540	 -1	 0.000000	 1.447132
128	 7	 7	 1	 0.047952	 -1	 0.000000	 1.423599
130	 7	 7	 0	 23.685468	 -1	 0.000000	 1.378360
1027	 7	 7	 0	 432.360430	 -1	 0.000000	 5.989286
974	 13	 13	 0	 385.899507	 -1	 0.000000	 8.093335
3448	 10	 10	 0	 475.801928	 -1	 0.000000	 4.793197
533	 5	 5	 0	 423.152825	 -1	 0.000000	 4.465937
3314	 11	 11	 0	 457.628144	 -1	 0.000000	 5.208798
3826	 7	 7	 0	 435.500238	 -1	 0.000000	 5.818083
0	 7	 7	 0	 400.952648	 -1	 0.000000	 1.582954
1	 7	 7	 1	 0.224103	 -1	 0.000000	 1.533161
>>> gr_fir_ccf: using E
>>> gr_fir_fff: using E
gr_buffer::allocate_buffer: warning: tried to allocate
   25 items of size 2544. Due to alignment requirements
   256 were allocated.  If this isn't OK, consider padding
   your structure to a power-of-two bytes.
   On this platform, our allocation granularity is 4096 bytes.
40	 7	 7	 1	 0.040937	 -1	 0.000000	 1.480167
41	 7	 7	 1	 0.051023	 -1	 0.000000	 1.416993
42	 7	 7	 1	 0.078825	 -1	 0.000000	 1.359928
43	 7	 7	 1	 0.244008	 -1	 0.000000	 1.477400
44	 7	 7	 1	 0.044965	 -1	 0.000000	 1.427664
45	 7	 7	 1	 2.601913	 -1	 0.000000	 1.604125
46	 7	 7	 1	 0.041789	 -1	 0.000000	 1.343784
47	 7	 7	 1	 0.041732	 -1	 0.000000	 1.401060
48	 7	 7	 0	 362.211009	 -1	 0.000000	 1.440529
49	 7	 7	 1	 0.138663	 -1	 0.000000	 1.327201
50	 7	 7	 1	 0.048366	 -1	 0.000000	 1.436628
51	 7	 7	 1	 0.048402	 -1	 0.000000	 1.379832
52	 7	 7	 1	 6.874436	 -1	 0.000000	 1.597428
53	 7	 7	 1	 0.106800	 -1	 0.000000	 1.450197
54	 7	 7	 1	 0.098591	 -1	 0.000000	 1.322908
55	 7	 7	 1	 0.091796	 -1	 0.000000	 1.520878
56	 7	 7	 1	 0.055230	 -1	 0.000000	 1.364241
57	 7	 7	 1	 0.040160	 -1	 0.000000	 1.510904
58	 7	 7	 1	 11.410303	 -1	 0.000000	 1.487173
59	 7	 7	 1	 2.539319	 -1	 0.000000	 1.663487
60	 7	 7	 1	 0.112345	 -1	 0.000000	 1.416608
61	 7	 7	 1	 0.136843	 -1	 0.000000	 1.405945
62	 7	 7	 1	 31.087545	 -1	 0.000000	 1.654503
63	 7	 7	 1	 0.790325	 -1	 0.000000	 1.715965
64	 7	 7	 1	 0.016454	 -1	 0.000000	 1.605651
65	 7	 7	 1	 0.104107	 -1	 0.000000	 1.487596
66	 7	 7	 1	 0.113397	 -1	 0.000000	 1.367111
67	 7	 7	 1	 0.185550	 -1	 0.000000	 1.492949
68	 7	 7	 1	 0.017200	 -1	 0.000000	 1.532294
69	 7	 7	 1	 0.060205	 -1	 0.000000	 1.368031
70	 7	 7	 1	 0.043458	 -1	 0.000000	 1.426374
71	 7	 7	 1	 0.063345	 -1	 0.000000	 1.433927
72	 7	 7	 1	 0.024403	 -1	 0.000000	 1.536757
73	 7	 7	 1	 0.020611	 -1	 0.000000	 1.749023
74	 7	 7	 1	 0.060243	 -1	 0.000000	 1.475339
75	 7	 7	 1	 0.075650	 -1	 0.000000	 1.403944
76	 7	 7	 1	 0.010884	 -1	 0.000000	 1.625643
77	 7	 7	 1	 0.039229	 -1	 0.000000	 1.459283
78	 7	 7	 1	 0.056967	 -1	 0.000000	 1.351573
79	 7	 7	 1	 0.017340	 -1	 0.000000	 1.907940
80	 7	 7	 1	 0.121556	 -1	 0.000000	 1.378332
81	 7	 7	 1	 0.045411	 -1	 0.000000	 1.486477
82	 7	 7	 1	 0.067564	 -1	 0.000000	 1.364621
83	 7	 7	 1	 69.412612	 -1	 0.000000	 1.575110
84	 7	 7	 1	 0.086011	 -1	 0.000000	 1.498649
85	 7	 7	 1	 0.067166	 -1	 0.000000	 1.373468
86	 7	 7	 1	 0.134748	 -1	 0.000000	 1.466246
87	 7	 7	 1	 0.021855	 -1	 0.000000	 1.732580
88	 7	 7	 1	 0.106391	 -1	 0.000000	 1.341785
89	 7	 7	 1	 0.015258	 -1	 0.000000	 1.656867
90	 7	 7	 1	 0.044300	 -1	 0.000000	 1.328705
91	 7	 7	 1	 0.053094	 -1	 0.000000	 1.454020
92	 7	 7	 1	 65.810477	 -1	 0.000000	 1.581856
93	 7	 7	 1	 41.294222	 -1	 0.000000	 1.489652
94	 7	 7	 1	 0.052530	 -1	 0.000000	 1.405661
95	 7	 7	 1	 0.136204	 -1	 0.000000	 1.509066
96	 7	 7	 1	 1.337418	 -1	 0.000000	 1.554392
97	 7	 7	 1	 0.057891	 -1	 0.000000	 1.412989
98	 7	 7	 1	 0.060297	 -1	 0.000000	 1.476287
99	 7	 7	 1	 0.054403	 -1	 0.000000	 1.394574
100	 7	 7	 1	 0.121226	 -1	 0.000000	 1.474582
101	 7	 7	 1	 0.336581	 -1	 0.000000	 1.729810
102	 7	 7	 1	 7.453314	 -1	 0.000000	 1.596497
420	 7	 7	 0	 429.971016	 -1	 0.000000	 8.710892
103	 7	 7	 1	 0.042004	 -1	 0.000000	 1.686725
104	 7	 7	 1	 0.163304	 -1	 0.000000	 1.473128
105	 7	 7	 1	 0.046707	 -1	 0.000000	 1.545034
106	 7	 7	 1	 0.014321	 -1	 0.000000	 1.664374
107	 7	 7	 1	 0.058858	 -1	 0.000000	 1.499955
108	 7	 7	 1	 0.063217	 -1	 0.000000	 1.309489
109	 7	 7	 1	 0.115159	 -1	 0.000000	 1.302768
110	 7	 7	 1	 0.042633	 -1	 0.000000	 1.435680
111	 7	 7	 1	 0.062499	 -1	 0.000000	 1.328463
112	 7	 7	 1	 0.108918	 -1	 0.000000	 1.478721
113	 7	 7	 1	 0.097066	 -1	 0.000000	 1.409689
114	 7	 7	 1	 16.043329	 -1	 0.000000	 1.769200
115	 7	 7	 1	 0.035059	 -1	 0.000000	 1.657133
116	 7	 7	 1	 0.093534	 -1	 0.000000	 1.377160
117	 7	 7	 1	 0.070951	 -1	 0.000000	 1.438495
118	 7	 7	 1	 0.058273	 -1	 0.000000	 1.489794
119	 7	 7	 1	 0.093454	 -1	 0.000000	 1.701334
120	 7	 7	 1	 0.062982	 -1	 0.000000	 1.408221
121	 7	 7	 1	 0.053486	 -1	 0.000000	 1.375893
122	 7	 7	 1	 0.083035	 -1	 0.000000	 1.391704
123	 7	 7	 1	 0.062267	 -1	 0.000000	 1.371200
124	 7	 7	 1	 0.016673	 -1	 0.000000	 1.576171
125	 7	 7	 1	 0.055104	 -1	 0.000000	 1.368282
126	 7	 7	 1	 0.121917	 -1	 0.000000	 1.523078
127	 7	 7	 1	 0.114325	 -1	 0.000000	 1.439168
128	 7	 7	 1	 0.043459	 -1	 0.000000	 1.518984
129	 7	 7	 1	 0.044455	 -1	 0.000000	 1.484394
130	 7	 7	 0	 210.773732	 -1	 0.000000	 1.612466
131	 7	 7	 1	 0.107923	 -1	 0.000000	 1.362908
132	 7	 7	 1	 0.012568	 -1	 0.000000	 1.701634
133	 7	 7	 1	 0.067258	 -1	 0.000000	 1.464907
134	 7	 7	 1	 0.049550	 -1	 0.000000	 1.475231
136	 7	 7	 1	 29.926040	 -1	 0.000000	 1.518422
137	 7	 7	 1	 0.092124	 -1	 0.000000	 1.423818
138	 7	 7	 1	 0.125099	 -1	 0.000000	 1.394656
139	 7	 7	 1	 0.045989	 -1	 0.000000	 1.423009
140	 7	 7	 1	 0.089277	 -1	 0.000000	 1.485695
141	 7	 7	 1	 0.020958	 -1	 0.000000	 1.615013
142	 7	 7	 1	 0.746590	 -1	 0.000000	 1.574076
143	 7	 7	 1	 13.744119	 -1	 0.000000	 1.605565
144	 7	 7	 1	 0.076482	 -1	 0.000000	 1.416960
145	 7	 7	 1	 0.159975	 -1	 0.000000	 1.522938
146	 7	 7	 1	 0.048465	 -1	 0.000000	 1.426856
147	 7	 7	 1	 0.208073	 -1	 0.000000	 1.512367
148	 7	 7	 1	 0.044097	 -1	 0.000000	 1.491341
149	 7	 7	 1	 34.625199	 -1	 0.000000	 1.577719
150	 7	 7	 1	 0.090772	 -1	 0.000000	 1.369378
151	 7	 7	 1	 25.039724	 -1	 0.000000	 1.589158
152	 7	 7	 1	 0.068320	 -1	 0.000000	 1.285059
153	 7	 7	 1	 0.057431	 -1	 0.000000	 1.428943
154	 7	 7	 1	 0.098835	 -1	 0.000000	 1.416723
155	 7	 7	 1	 0.122265	 -1	 0.000000	 1.345419
156	 7	 7	 1	 0.143871	 -1	 0.000000	 1.318172
157	 7	 7	 1	 0.177661	 -1	 0.000000	 1.589339
158	 7	 7	 1	 0.018647	 -1	 0.000000	 1.559607
159	 7	 7	 1	 1.039602	 -1	 0.000000	 1.728672
160	 7	 7	 1	 0.020592	 -1	 0.000000	 1.567184
161	 7	 7	 1	 2.768553	 -1	 0.000000	 1.546428
162	 7	 7	 1	 0.019949	 -1	 0.000000	 1.544131
163	 7	 7	 1	 0.046392	 -1	 0.000000	 1.471996
164	 7	 7	 1	 0.054277	 -1	 0.000000	 1.315515
165	 7	 7	 1	 0.020329	 -1	 0.000000	 1.814614
166	 7	 7	 1	 0.033230	 -1	 0.000000	 1.801144
167	 7	 7	 1	 8.791541	 -1	 0.000000	 1.664566
168	 7	 7	 1	 0.048803	 -1	 0.000000	 1.386307
169	 7	 7	 1	 0.227262	 -1	 0.000000	 1.379007
170	 7	 7	 1	 0.043317	 -1	 0.000000	 1.379111
171	 7	 7	 1	 0.053760	 -1	 0.000000	 1.369510
172	 7	 7	 1	 0.280386	 -1	 0.000000	 1.408314
173	 7	 7	 1	 0.047258	 -1	 0.000000	 1.383879
174	 7	 7	 1	 0.045767	 -1	 0.000000	 1.397060
175	 7	 7	 1	 0.133970	 -1	 0.000000	 1.430618
46	 13	 13	 0	 370.703499	 -1	 0.000000	 4.283483
176	 7	 7	 1	 52.058725	 -1	 0.000000	 1.579916
177	 7	 7	 1	 0.053372	 -1	 0.000000	 1.373251
178	 7	 7	 1	 0.015362	 -1	 0.000000	 1.620363
179	 7	 7	 1	 0.174371	 -1	 0.000000	 1.453502
180	 7	 7	 1	 0.020464	 -1	 0.000000	 1.618589
181	 7	 7	 1	 0.599975	 -1	 0.000000	 1.584861
182	 7	 7	 1	 0.073541	 -1	 0.000000	 1.407442
183	 7	 7	 1	 0.255751	 -1	 0.000000	 1.500218
184	 7	 7	 1	 0.089496	 -1	 0.000000	 1.381646
185	 7	 7	 1	 12.305053	 -1	 0.000000	 1.491611
186	 7	 7	 1	 0.059804	 -1	 0.000000	 1.356975
187	 7	 7	 1	 0.015200	 -1	 0.000000	 1.669282
188	 7	 7	 1	 0.108902	 -1	 0.000000	 1.359470
189	 7	 7	 1	 0.120679	 -1	 0.000000	 1.339539
190	 7	 7	 1	 0.035091	 -1	 0.000000	 1.588101
191	 7	 7	 1	 0.039969	 -1	 0.000000	 1.675674
192	 7	 7	 1	 0.050819	 -1	 0.000000	 1.418645
193	 7	 7	 1	 0.114105	 -1	 0.000000	 1.351500
194	 7	 7	 1	 0.035794	 -1	 0.000000	 1.363762
195	 7	 7	 1	 0.043907	 -1	 0.000000	 1.688599
196	 7	 7	 1	 0.026508	 -1	 0.000000	 1.618333
197	 7	 7	 1	 0.061621	 -1	 0.000000	 1.438569
198	 7	 7	 1	 0.040026	 -1	 0.000000	 1.582881
199	 7	 7	 1	 0.080009	 -1	 0.000000	 1.521811
200	 7	 7	 1	 0.308605	 -1	 0.000000	 1.384817
201	 7	 7	 1	 0.052330	 -1	 0.000000	 1.569817
202	 7	 7	 1	 1.153941	 -1	 0.000000	 1.517373
203	 7	 7	 1	 0.112094	 -1	 0.000000	 1.399651
204	 7	 7	 1	 0.051130	 -1	 0.000000	 1.413821
205	 7	 7	 1	 0.015960	 -1	 0.000000	 1.552358
206	 7	 7	 1	 0.060035	 -1	 0.000000	 1.320615
207	 7	 7	 1	 0.048805	 -1	 0.000000	 1.362253
208	 7	 7	 1	 0.063445	 -1	 0.000000	 1.409817
209	 7	 7	 1	 0.183061	 -1	 0.000000	 1.438294
210	 7	 7	 1	 8.224342	 -1	 0.000000	 1.564934
211	 7	 7	 1	 0.066092	 -1	 0.000000	 1.578535
212	 7	 7	 1	 0.068531	 -1	 0.000000	 1.369561
213	 7	 7	 1	 0.069476	 -1	 0.000000	 1.296932
214	 7	 7	 1	 0.159981	 -1	 0.000000	 1.378906
215	 7	 7	 1	 0.064812	 -1	 0.000000	 1.360119
216	 7	 7	 1	 0.016203	 -1	 0.000000	 1.586684
217	 7	 7	 1	 0.030784	 -1	 0.000000	 1.371541
218	 7	 7	 1	 0.097339	 -1	 0.000000	 1.504306
219	 7	 7	 1	 0.030682	 -1	 0.000000	 1.634172
220	 7	 7	 1	 7.054418	 -1	 0.000000	 1.506607
221	 7	 7	 1	 0.078945	 -1	 0.000000	 1.460651
222	 7	 7	 1	 0.018646	 -1	 0.000000	 1.666825
223	 7	 7	 1	 0.215627	 -1	 0.000000	 1.377506
224	 7	 7	 1	 0.020044	 -1	 0.000000	 1.517662
225	 7	 7	 1	 0.060714	 -1	 0.000000	 1.414642
226	 7	 7	 1	 0.015646	 -1	 0.000000	 1.589061
227	 7	 7	 1	 0.022357	 -1	 0.000000	 1.766623
228	 7	 7	 1	 0.069251	 -1	 0.000000	 1.325870
229	 7	 7	 1	 65.270041	 -1	 0.000000	 1.428409
230	 7	 7	 1	 0.034177	 -1	 0.000000	 1.708257
231	 7	 7	 1	 0.038097	 -1	 0.000000	 1.495499
232	 7	 7	 1	 0.063013	 -1	 0.000000	 1.425979
233	 7	 7	 1	 0.051694	 -1	 0.000000	 1.521553
234	 7	 7	 1	 0.026003	 -1	 0.000000	 1.698613
235	 7	 7	 1	 0.053111	 -1	 0.000000	 1.300232
236	 7	 7	 1	 0.044560	 -1	 0.000000	 1.376832
237	 7	 7	 1	 0.060503	 -1	 0.000000	 1.471070
238	 7	 7	 1	 0.042674	 -1	 0.000000	 1.449600
239	 7	 7	 1	 0.017624	 -1	 0.000000	 1.572096
243	 7	 7	 1	 0.123767	 -1	 0.000000	 1.452042
244	 7	 7	 1	 0.049270	 -1	 0.000000	 1.728422
245	 7	 7	 1	 0.034489	 -1	 0.000000	 1.501384
246	 7	 7	 1	 18.597846	 -1	 0.000000	 1.511900
247	 7	 7	 1	 0.016951	 -1	 0.000000	 1.776451
248	 7	 7	 1	 0.020228	 -1	 0.000000	 1.645330
249	 7	 7	 1	 0.055457	 -1	 0.000000	 1.406724
251	 7	 7	 1	 0.024966	 -1	 0.000000	 0.983028
280	 7	 7	 1	 0.013857	 -1	 0.000000	 1.562223
281	 7	 7	 1	 0.044569	 -1	 0.000000	 1.470760
282	 7	 7	 1	 0.042475	 -1	 0.000000	 1.728928
283	 7	 7	 1	 0.124174	 -1	 0.000000	 1.355052
284	 7	 7	 1	 18.171116	 -1	 0.000000	 1.523225
285	 7	 7	 1	 0.231985	 -1	 0.000000	 1.505385
286	 7	 7	 1	 0.073332	 -1	 0.000000	 1.449599
287	 7	 7	 1	 0.047465	 -1	 0.000000	 1.399050
288	 7	 7	 1	 0.101678	 -1	 0.000000	 1.598850
289	 7	 7	 1	 0.018807	 -1	 0.000000	 1.522265
295	 7	 7	 1	 0.067624	 -1	 0.000000	 1.461863
296	 7	 7	 1	 0.161452	 -1	 0.000000	 1.428036
297	 7	 7	 1	 0.082565	 -1	 0.000000	 1.423481
298	 7	 7	 1	 0.012127	 -1	 0.000000	 1.611777
300	 7	 7	 1	 0.047305	 -1	 0.000000	 1.472548
301	 7	 7	 1	 0.096544	 -1	 0.000000	 1.455714
302	 7	 7	 1	 0.018764	 -1	 0.000000	 1.668625
303	 7	 7	 1	 0.061511	 -1	 0.000000	 1.317832
304	 7	 7	 1	 0.016721	 -1	 0.000000	 1.441952
305	 7	 7	 1	 9.233750	 -1	 0.000000	 1.660802
306	 7	 7	 1	 0.091788	 -1	 0.000000	 1.426115
307	 7	 7	 1	 0.057273	 -1	 0.000000	 1.519319
308	 7	 7	 1	 0.044470	 -1	 0.000000	 1.491731
309	 7	 7	 1	 0.014894	 -1	 0.000000	 1.657811
310	 7	 7	 1	 0.057632	 -1	 0.000000	 1.403829
311	 7	 7	 1	 0.157503	 -1	 0.000000	 1.692514
312	 7	 7	 1	 0.112509	 -1	 0.000000	 1.470046
313	 7	 7	 1	 0.017405	 -1	 0.000000	 1.609950
314	 7	 7	 1	 0.020146	 -1	 0.000000	 1.589499
315	 7	 7	 1	 0.105158	 -1	 0.000000	 1.432830
320	 7	 7	 1	 0.118996	 -1	 0.000000	 1.488449
321	 7	 7	 1	 0.054106	 -1	 0.000000	 1.429674
322	 7	 7	 1	 0.045534	 -1	 0.000000	 1.461947
323	 7	 7	 1	 0.105779	 -1	 0.000000	 1.531472
324	 7	 7	 1	 0.066535	 -1	 0.000000	 1.433223
325	 7	 7	 1	 0.370900	 -1	 0.000000	 1.519744
326	 7	 7	 1	 0.042114	 -1	 0.000000	 1.433388
327	 7	 7	 1	 0.045491	 -1	 0.000000	 1.430526
328	 7	 7	 1	 0.046950	 -1	 0.000000	 1.391530
329	 7	 7	 1	 0.241708	 -1	 0.000000	 1.505141
330	 7	 7	 1	 0.028655	 -1	 0.000000	 1.559826
331	 7	 7	 1	 0.042490	 -1	 0.000000	 1.442882
332	 7	 7	 1	 0.056198	 -1	 0.000000	 1.399698
333	 7	 7	 1	 15.017515	 -1	 0.000000	 1.648482
334	 7	 7	 1	 10.757541	 -1	 0.000000	 1.572987
335	 7	 7	 1	 0.023031	 -1	 0.000000	 1.733716
336	 7	 7	 1	 0.011440	 -1	 0.000000	 1.576778
337	 7	 7	 1	 11.700250	 -1	 0.000000	 1.590594
338	 7	 7	 1	 0.017297	 -1	 0.000000	 1.625549
339	 7	 7	 1	 0.050420	 -1	 0.000000	 1.599799
341	 7	 7	 1	 0.161951	 -1	 0.000000	 1.362921
0	 9	 9	 1	 14.555354	 -1	 0.000000	 1.670398
1	 9	 9	 1	 156.733650	 -1	 0.000000	 1.467116
2	 9	 9	 1	 43.465437	 -1	 0.000000	 1.335304
3	 9	 9	 1	 161.781406	 -1	 0.000000	 1.465269
4	 9	 9	 1	 52.689173	 -1	 0.000000	 1.478432
5	 9	 9	 1	 69.086731	 -1	 0.000000	 1.371544
6	 9	 9	 0	 440.188122	 -1	 0.000000	 1.594829
7	 9	 9	 1	 49.523104	 -1	 0.000000	 1.453386
8	 9	 9	 1	 177.863292	 -1	 0.000000	 1.488349
9	 9	 9	 1	 36.320107	 -1	 0.000000	 1.439615
10	 9	 9	 1	 12.873008	 -1	 0.000000	 1.696812
11	 9	 9	 1	 162.575871	 -1	 0.000000	 1.758726
12	 9	 9	 0	 397.823793	 -1	 0.000000	 1.464093
13	 9	 9	 1	 107.232750	 -1	 0.000000	 1.503541
14	 9	 9	 1	 79.509384	 -1	 0.000000	 1.411370
15	 9	 9	 1	 17.324963	 -1	 0.000000	 1.629489
16	 9	 9	 1	 12.495022	 -1	 0.000000	 1.690526
18	 9	 9	 1	 89.572014	 -1	 0.000000	 1.419431
19	 9	 9	 1	 33.404429	 -1	 0.000000	 1.339134
20	 9	 9	 1	 16.011503	 -1	 0.000000	 1.790037
21	 9	 9	 0	 337.381207	 -1	 0.000000	 1.464197
22	 9	 9	 1	 15.860360	 -1	 0.000000	 1.651862
23	 9	 9	 1	 17.957021	 -1	 0.000000	 1.569725
24	 9	 9	 1	 88.744359	 -1	 0.000000	 1.338060
25	 9	 9	 1	 87.160136	 -1	 0.000000	 1.450011
26	 9	 9	 1	 10.715202	 -1	 0.000000	 1.519155
27	 9	 9	 1	 180.327930	 -1	 0.000000	 1.518080
28	 9	 9	 1	 15.262788	 -1	 0.000000	 1.608279
29	 9	 9	 1	 143.992460	 -1	 0.000000	 1.359346
30	 9	 9	 1	 54.122101	 -1	 0.000000	 1.371467
31	 9	 9	 1	 154.085540	 -1	 0.000000	 1.478051
32	 9	 9	 1	 77.328540	 -1	 0.000000	 1.382620
33	 9	 9	 1	 44.320185	 -1	 0.000000	 1.419071
34	 9	 9	 1	 20.955465	 -1	 0.000000	 1.434959
35	 9	 9	 1	 247.029645	 -1	 0.000000	 1.720688
36	 9	 9	 1	 20.487698	 -1	 0.000000	 1.522707
37	 9	 9	 1	 16.396645	 -1	 0.000000	 1.489391
38	 9	 9	 1	 18.688252	 -1	 0.000000	 1.601680
>>> gr_fir_ccf: using E
>>> gr_fir_fff: using E
gr_buffer::allocate_buffer: warning: tried to allocate
   25 items of size 2544. Due to alignment requirements
   256 were allocated.  If this isn't OK, consider padding
   your structure to a power-of-two bytes.
   On this platform, our allocation granularity is 4096 bytes.
60	 9	 9	 1	 69.898055	 -1	 0.000000	 1.321651
61	 9	 9	 1	 20.745374	 -1	 0.000000	 1.854969
62	 9	 9	 1	 59.649460	 -1	 0.000000	 1.434809
63	 9	 9	 0	 387.689478	 -1	 0.000000	 1.611961
64	 9	 9	 1	 30.905592	 -1	 0.000000	 1.474051
65	 9	 9	 1	 13.357428	 -1	 0.000000	 1.600324
66	 9	 9	 1	 71.547284	 -1	 0.000000	 1.521063
67	 9	 9	 1	 88.628532	 -1	 0.000000	 1.481225
68	 9	 9	 1	 49.281114	 -1	 0.000000	 1.504654
69	 9	 9	 0	 278.571504	 -1	 0.000000	 1.352478
70	 9	 9	 1	 33.053323	 -1	 0.000000	 1.271201
71	 9	 9	 1	 22.197491	 -1	 0.000000	 1.388910
72	 9	 9	 0	 319.665023	 -1	 0.000000	 1.519666
73	 9	 9	 1	 42.239511	 -1	 0.000000	 1.571896
74	 9	 9	 1	 46.874390	 -1	 0.000000	 1.519771
75	 9	 9	 1	 19.489422	 -1	 0.000000	 1.589747
76	 9	 9	 1	 41.812290	 -1	 0.000000	 1.479821
77	 9	 9	 1	 54.320435	 -1	 0.000000	 1.289579
78	 9	 9	 1	 101.081350	 -1	 0.000000	 1.370818
79	 9	 9	 1	 103.147149	 -1	 0.000000	 1.374212
80	 9	 9	 1	 74.912005	 -1	 0.000000	 1.480630
81	 9	 9	 1	 31.280278	 -1	 0.000000	 1.506158
82	 9	 9	 1	 145.940821	 -1	 0.000000	 1.421907
83	 9	 9	 0	 286.928303	 -1	 0.000000	 1.689348
84	 9	 9	 1	 16.590908	 -1	 0.000000	 1.540938
85	 9	 9	 1	 15.866848	 -1	 0.000000	 1.780361
86	 9	 9	 1	 16.422887	 -1	 0.000000	 1.708069
87	 9	 9	 1	 89.671880	 -1	 0.000000	 1.443990
88	 9	 9	 0	 255.534161	 -1	 0.000000	 1.654553
89	 9	 9	 1	 18.400923	 -1	 0.000000	 1.725478
90	 9	 9	 1	 49.776030	 -1	 0.000000	 1.427596
91	 9	 9	 1	 41.642412	 -1	 0.000000	 1.365357
92	 9	 9	 1	 18.643780	 -1	 0.000000	 1.680674
93	 9	 9	 1	 202.245522	 -1	 0.000000	 1.459868
94	 9	 9	 1	 18.955328	 -1	 0.000000	 1.356364
95	 9	 9	 1	 17.751885	 -1	 0.000000	 1.437896
96	 9	 9	 1	 16.450450	 -1	 0.000000	 1.780414
97	 9	 9	 1	 34.259415	 -1	 0.000000	 1.779233
98	 9	 9	 1	 160.305927	 -1	 0.000000	 1.818442
99	 9	 9	 1	 26.848614	 -1	 0.000000	 1.748873
100	 9	 9	 0	 433.186201	 -1	 0.000000	 1.459391
101	 9	 9	 1	 13.218836	 -1	 0.000000	 1.779134
102	 9	 9	 1	 13.941069	 -1	 0.000000	 1.285378
103	 9	 9	 1	 108.466687	 -1	 0.000000	 1.512049
104	 9	 9	 1	 15.429902	 -1	 0.000000	 1.349905
105	 9	 9	 1	 52.327712	 -1	 0.000000	 1.390366
106	 9	 9	 1	 218.239200	 -1	 0.000000	 1.465195
107	 9	 9	 1	 151.493148	 -1	 0.000000	 1.429011
108	 9	 9	 1	 49.838866	 -1	 0.000000	 1.516180
109	 9	 9	 1	 171.636671	 -1	 0.000000	 1.443962
110	 9	 9	 1	 19.750788	 -1	 0.000000	 1.584756
111	 9	 9	 1	 39.902485	 -1	 0.000000	 1.424570
112	 9	 9	 0	 248.412954	 -1	 0.000000	 1.787100
113	 9	 9	 0	 288.056351	 -1	 0.000000	 1.737536
114	 9	 9	 1	 14.025061	 -1	 0.000000	 1.647998
115	 9	 9	 1	 166.796322	 -1	 0.000000	 1.411414
116	 9	 9	 1	 66.982635	 -1	 0.000000	 1.490884
117	 9	 9	 1	 13.811498	 -1	 0.000000	 1.823651
118	 9	 9	 1	 17.308002	 -1	 0.000000	 1.482400
119	 9	 9	 1	 149.579776	 -1	 0.000000	 1.418188
120	 9	 9	 1	 17.740483	 -1	 0.000000	 1.661378
121	 9	 9	 1	 45.513444	 -1	 0.000000	 1.778060
122	 9	 9	 1	 17.170565	 -1	 0.000000	 1.569466
123	 9	 9	 1	 151.052367	 -1	 0.000000	 1.730473
124	 9	 9	 0	 433.650522	 -1	 0.000000	 1.510543
125	 9	 9	 1	 82.091236	 -1	 0.000000	 1.484758
126	 9	 9	 1	 15.198070	 -1	 0.000000	 1.712050
127	 9	 9	 1	 62.532900	 -1	 0.000000	 1.496496
128	 9	 9	 1	 239.568529	 -1	 0.000000	 1.460162
129	 9	 9	 0	 320.135821	 -1	 0.000000	 1.621564
130	 9	 9	 1	 132.881885	 -1	 0.000000	 1.470916
131	 9	 9	 1	 42.565637	 -1	 0.000000	 1.495448
132	 9	 9	 1	 31.470480	 -1	 0.000000	 1.454292
133	 9	 9	 1	 28.539848	 -1	 0.000000	 1.442238
1480	 11	 11	 0	 447.983630	 -1	 0.000000	 2.979853
134	 9	 9	 1	 119.688759	 -1	 0.000000	 1.466873
135	 9	 9	 1	 174.220772	 -1	 0.000000	 1.459854
136	 9	 9	 1	 110.208268	 -1	 0.000000	 1.381122
137	 9	 9	 0	 246.129804	 -1	 0.000000	 1.773278
138	 9	 9	 1	 26.217901	 -1	 0.000000	 1.708660
139	 9	 9	 1	 15.909296	 -1	 0.000000	 1.591886
140	 9	 9	 0	 299.291634	 -1	 0.000000	 1.555470
141	 9	 9	 1	 116.367829	 -1	 0.000000	 1.819271
142	 9	 9	 1	 86.598531	 -1	 0.000000	 1.427083
143	 9	 9	 1	 14.898836	 -1	 0.000000	 1.597248
144	 9	 9	 1	 114.342391	 -1	 0.000000	 1.480190
145	 9	 9	 0	 280.232170	 -1	 0.000000	 1.791816
146	 9	 9	 1	 77.555464	 -1	 0.000000	 1.460742
147	 9	 9	 1	 143.149621	 -1	 0.000000	 1.429788
148	 9	 9	 1	 14.807727	 -1	 0.000000	 1.762137
149	 9	 9	 1	 214.426723	 -1	 0.000000	 1.646645
150	 9	 9	 1	 200.960152	 -1	 0.000000	 1.489138
151	 9	 9	 1	 13.643774	 -1	 0.000000	 1.710120
152	 9	 9	 1	 118.701101	 -1	 0.000000	 1.443496
153	 9	 9	 1	 12.806503	 -1	 0.000000	 1.630032
154	 9	 9	 1	 55.287091	 -1	 0.000000	 1.408865
155	 9	 9	 1	 195.093276	 -1	 0.000000	 1.672134
156	 9	 9	 1	 35.466969	 -1	 0.000000	 1.434796
157	 9	 9	 1	 120.996141	 -1	 0.000000	 1.437023
158	 9	 9	 1	 173.656071	 -1	 0.000000	 1.706588
159	 9	 9	 1	 49.631009	 -1	 0.000000	 1.429234
160	 9	 9	 1	 18.488021	 -1	 0.000000	 1.651426
161	 9	 9	 1	 31.991187	 -1	 0.000000	 1.483168
162	 9	 9	 1	 101.186268	 -1	 0.000000	 1.378420
163	 9	 9	 1	 11.796548	 -1	 0.000000	 1.580433
164	 9	 9	 1	 15.526224	 -1	 0.000000	 1.628975
165	 9	 9	 1	 92.625109	 -1	 0.000000	 1.357229
166	 9	 9	 1	 21.530102	 -1	 0.000000	 1.426291
167	 9	 9	 1	 14.725870	 -1	 0.000000	 1.650190
168	 9	 9	 0	 170.570940	 -1	 0.000000	 1.682247
169	 9	 9	 1	 16.424736	 -1	 0.000000	 1.750196
170	 9	 9	 0	 397.429234	 -1	 0.000000	 1.483993
171	 9	 9	 1	 41.461419	 -1	 0.000000	 1.347009
172	 9	 9	 1	 42.519837	 -1	 0.000000	 1.361601
173	 9	 9	 1	 46.413890	 -1	 0.000000	 1.395436
174	 9	 9	 1	 48.532251	 -1	 0.000000	 1.400921
175	 9	 9	 0	 418.925928	 -1	 0.000000	 1.457255
176	 9	 9	 1	 21.209022	 -1	 0.000000	 1.719031
177	 9	 9	 1	 45.291606	 -1	 0.000000	 1.427609
178	 9	 9	 1	 16.737479	 -1	 0.000000	 1.460942
179	 9	 9	 1	 168.686217	 -1	 0.000000	 1.474173
180	 9	 9	 1	 88.387570	 -1	 0.000000	 1.371013
181	 9	 9	 1	 74.884521	 -1	 0.000000	 1.384475
182	 9	 9	 0	 411.044642	 -1	 0.000000	 1.585407
183	 9	 9	 1	 52.707209	 -1	 0.000000	 1.342287
184	 9	 9	 1	 13.354659	 -1	 0.000000	 1.701184
185	 9	 9	 1	 12.726323	 -1	 0.000000	 1.346704
186	 9	 9	 0	 448.835264	 -1	 0.000000	 1.582452
187	 9	 9	 1	 118.531096	 -1	 0.000000	 1.731641
188	 9	 9	 1	 15.761941	 -1	 0.000000	 1.758669
189	 9	 9	 1	 99.363372	 -1	 0.000000	 1.408844
190	 9	 9	 1	 83.257657	 -1	 0.000000	 1.416105
191	 9	 9	 1	 240.693686	 -1	 0.000000	 1.397712
192	 9	 9	 0	 428.987082	 -1	 0.000000	 1.399719
193	 9	 9	 1	 26.420148	 -1	 0.000000	 1.351172
194	 9	 9	 1	 59.380629	 -1	 0.000000	 1.390304
195	 9	 9	 1	 17.107474	 -1	 0.000000	 1.543343
196	 9	 9	 1	 154.712329	 -1	 0.000000	 1.417000
197	 9	 9	 1	 83.429001	 -1	 0.000000	 1.412122
3695	 13	 13	 0	 397.344555	 -1	 0.000000	 2.658096
198	 9	 9	 1	 16.413807	 -1	 0.000000	 1.565139
724	 13	 13	 0	 371.213384	 -1	 0.000000	 4.436950
199	 9	 9	 1	 20.349427	 -1	 0.000000	 1.408856
200	 9	 9	 1	 15.771370	 -1	 0.000000	 1.544954
201	 9	 9	 1	 52.243699	 -1	 0.000000	 1.323817
202	 9	 9	 1	 19.849929	 -1	 0.000000	 1.412043
203	 9	 9	 1	 18.697379	 -1	 0.000000	 1.706060
204	 9	 9	 1	 28.343376	 -1	 0.000000	 1.444014
205	 9	 9	 1	 100.932805	 -1	 0.000000	 1.501817
206	 9	 9	 1	 82.017375	 -1	 0.000000	 1.426888
207	 9	 9	 1	 19.132866	 -1	 0.000000	 1.863227
208	 9	 9	 1	 142.182718	 -1	 0.000000	 1.659200
209	 9	 9	 1	 63.790093	 -1	 0.000000	 1.748165
210	 9	 9	 0	 321.622612	 -1	 0.000000	 1.545634
211	 9	 9	 1	 15.739976	 -1	 0.000000	 1.465245
212	 9	 9	 1	 49.322313	 -1	 0.000000	 1.375958
213	 9	 9	 1	 149.302254	 -1	 0.000000	 1.428756
214	 9	 9	 1	 167.986733	 -1	 0.000000	 1.571486
215	 9	 9	 1	 101.851770	 -1	 0.000000	 1.929535
216	 9	 9	 1	 85.958450	 -1	 0.000000	 1.348486
3187	 11	 11	 0	 457.714476	 -1	 0.000000	 9.124500
217	 9	 9	 1	 78.056183	 -1	 0.000000	 1.397116
218	 9	 9	 1	 58.625209	 -1	 0.000000	 1.362100
219	 9	 9	 1	 47.623686	 -1	 0.000000	 1.377066
220	 9	 9	 1	 17.262823	 -1	 0.000000	 1.757446
221	 9	 9	 1	 40.179019	 -1	 0.000000	 1.364786
222	 9	 9	 1	 17.630461	 -1	 0.000000	 1.652016
223	 9	 9	 1	 88.531691	 -1	 0.000000	 1.435139
2236	 15	 15	 0	 414.692005	 -1	 0.000000	 5.474432
224	 9	 9	 1	 13.404528	 -1	 0.000000	 1.607324
225	 9	 9	 1	 65.885893	 -1	 0.000000	 1.392398
226	 9	 9	 1	 225.193629	 -1	 0.000000	 1.451833
227	 9	 9	 0	 433.460731	 -1	 0.000000	 1.607800
228	 9	 9	 1	 13.514253	 -1	 0.000000	 1.689801
229	 9	 9	 1	 37.708822	 -1	 0.000000	 1.420477
230	 9	 9	 1	 91.120404	 -1	 0.000000	 1.449144
633	 13	 13	 0	 355.071641	 -1	 0.000000	 3.317489
231	 9	 9	 0	 373.984056	 -1	 0.000000	 1.562331
232	 9	 9	 1	 18.169821	 -1	 0.000000	 1.593660
233	 9	 9	 0	 343.534220	 -1	 0.000000	 1.476293
1386	 9	 9	 0	 464.590994	 -1	 0.000000	 3.039179
234	 9	 9	 0	 245.365562	 -1	 0.000000	 1.486220
235	 9	 9	 1	 129.811863	 -1	 0.000000	 1.431088
3312	 9	 9	 0	 455.391071	 -1	 0.000000	 3.430308
2570	 9	 9	 0	 457.412197	 -1	 0.000000	 5.683564
3244	 9	 9	 0	 458.630222	 -1	 0.000000	 2.612124
1542	 10	 10	 0	 478.669687	 -1	 0.000000	 1.931782
1512	 5	 5	 0	 398.338429	 -1	 0.000000	 12.152186
1008	 11	 11	 0	 456.597330	 -1	 0.000000	 1.463564
3742	 9	 9	 0	 453.922410	 -1	 0.000000	 5.427317
>>> gr_fir_ccf: using E
>>> gr_fir_fff: using E
gr_buffer::allocate_buffer: warning: tried to allocate
   25 items of size 2544. Due to alignment requirements
   256 were allocated.  If this isn't OK, consider padding
   your structure to a power-of-two bytes.
   On this platform, our allocation granularity is 4096 bytes.
40	 10	 10	 1	 311.103737	 -1	 0.000000	 1.447983
41	 10	 10	 1	 287.750916	 -1	 0.000000	 1.620756
42	 10	 10	 0	 441.500818	 -1	 0.000000	 1.352346
43	 10	 10	 0	 420.622186	 -1	 0.000000	 1.805890
44	 10	 10	 1	 245.351833	 -1	 0.000000	 1.757334
45	 10	 10	 1	 281.596957	 -1	 0.000000	 1.578637
46	 10	 10	 1	 270.682238	 -1	 0.000000	 1.622671
47	 10	 10	 0	 436.962940	 -1	 0.000000	 1.790249
48	 10	 10	 1	 271.795233	 -1	 0.000000	 1.551092
49	 10	 10	 0	 460.532500	 -1	 0.000000	 1.445567
50	 10	 10	 0	 471.111240	 -1	 0.000000	 1.456376
51	 10	 10	 1	 272.537968	 -1	 0.000000	 1.609316
52	 10	 10	 1	 266.247325	 -1	 0.000000	 1.709357
53	 10	 10	 0	 470.760861	 -1	 0.000000	 1.535836
54	 10	 10	 1	 282.145744	 -1	 0.000000	 1.707396
55	 10	 10	 0	 460.234660	 -1	 0.000000	 1.479151
56	 10	 10	 1	 301.942917	 -1	 0.000000	 1.726335
57	 10	 10	 0	 480.918225	 -1	 0.000000	 1.407136
58	 10	 10	 0	 466.583991	 -1	 0.000000	 1.404850
59	 10	 10	 0	 466.442600	 -1	 0.000000	 1.448580
60	 10	 10	 0	 474.644260	 -1	 0.000000	 1.447299
61	 10	 10	 0	 458.907998	 -1	 0.000000	 1.301602
62	 10	 10	 0	 431.622216	 -1	 0.000000	 1.517362
63	 10	 10	 1	 288.592971	 -1	 0.000000	 1.600413
64	 10	 10	 1	 270.393264	 -1	 0.000000	 1.754685
65	 10	 10	 0	 471.069220	 -1	 0.000000	 1.431339
66	 10	 10	 1	 290.163223	 -1	 0.000000	 1.660169
67	 10	 10	 0	 472.916789	 -1	 0.000000	 1.324487
68	 10	 10	 0	 478.231120	 -1	 0.000000	 1.589695
69	 10	 10	 1	 279.374237	 -1	 0.000000	 1.678077
71	 10	 10	 1	 274.663294	 -1	 0.000000	 1.522881
72	 10	 10	 1	 285.588662	 -1	 0.000000	 1.658681
73	 10	 10	 1	 268.805743	 -1	 0.000000	 1.588086
74	 10	 10	 0	 467.483516	 -1	 0.000000	 1.448937
75	 10	 10	 0	 459.008429	 -1	 0.000000	 1.467631
76	 10	 10	 1	 281.832151	 -1	 0.000000	 1.695664
77	 10	 10	 0	 472.397630	 -1	 0.000000	 1.396026
78	 10	 10	 0	 464.265887	 -1	 0.000000	 1.486207
79	 10	 10	 1	 341.157224	 -1	 0.000000	 1.493379
80	 10	 10	 1	 257.943848	 -1	 0.000000	 1.625402
81	 10	 10	 0	 458.678027	 -1	 0.000000	 1.351155
82	 10	 10	 0	 464.005492	 -1	 0.000000	 1.443434
83	 10	 10	 0	 476.023281	 -1	 0.000000	 1.414686
84	 10	 10	 1	 281.732080	 -1	 0.000000	 1.703475
85	 10	 10	 1	 260.107092	 -1	 0.000000	 1.698009
3051	 3	 3	 0	 489.285939	 -1	 0.000000	 4.994429
86	 10	 10	 0	 473.227486	 -1	 0.000000	 1.452693
87	 10	 10	 0	 435.159980	 -1	 0.000000	 1.474717
88	 10	 10	 1	 296.518455	 -1	 0.000000	 1.337011
89	 10	 10	 0	 471.924105	 -1	 0.000000	 1.521894
90	 10	 10	 1	 264.550738	 -1	 0.000000	 1.441074
91	 10	 10	 0	 464.854227	 -1	 0.000000	 1.557060
92	 10	 10	 1	 257.255107	 -1	 0.000000	 1.666015
93	 10	 10	 1	 285.066873	 -1	 0.000000	 1.402416
94	 10	 10	 0	 464.040141	 -1	 0.000000	 1.616851
95	 10	 10	 1	 267.497200	 -1	 0.000000	 1.637833
96	 10	 10	 1	 244.077235	 -1	 0.000000	 1.610526
97	 10	 10	 1	 314.688116	 -1	 0.000000	 1.680957
98	 10	 10	 1	 288.517399	 -1	 0.000000	 1.622758
99	 10	 10	 1	 245.541478	 -1	 0.000000	 1.457090
100	 10	 10	 0	 467.133995	 -1	 0.000000	 1.683687
101	 10	 10	 1	 273.425751	 -1	 0.000000	 1.729521
102	 10	 10	 1	 273.748257	 -1	 0.000000	 1.694531
103	 10	 10	 1	 256.287933	 -1	 0.000000	 1.622692
104	 10	 10	 1	 266.894346	 -1	 0.000000	 1.429605
105	 10	 10	 0	 471.672356	 -1	 0.000000	 1.709540
106	 10	 10	 1	 259.862653	 -1	 0.000000	 1.367024
107	 10	 10	 0	 432.123893	 -1	 0.000000	 1.429377
108	 10	 10	 0	 438.146978	 -1	 0.000000	 1.803122
109	 10	 10	 1	 235.030721	 -1	 0.000000	 1.413726
110	 10	 10	 0	 404.310117	 -1	 0.000000	 1.478176
111	 10	 10	 1	 294.679011	 -1	 0.000000	 1.809597
112	 10	 10	 0	 424.850998	 -1	 0.000000	 1.543132
113	 10	 10	 1	 261.896828	 -1	 0.000000	 1.473474
114	 10	 10	 1	 265.168713	 -1	 0.000000	 1.464668
115	 10	 10	 0	 472.860144	 -1	 0.000000	 1.583277
116	 10	 10	 0	 438.001276	 -1	 0.000000	 1.677460
118	 10	 10	 1	 264.570530	 -1	 0.000000	 1.609207
119	 10	 10	 0	 410.986662	 -1	 0.000000	 1.666800
121	 10	 10	 1	 286.649190	 -1	 0.000000	 1.480378
122	 10	 10	 1	 298.830186	 -1	 0.000000	 1.552418
123	 10	 10	 1	 271.719617	 -1	 0.000000	 1.585679
124	 10	 10	 1	 284.808946	 -1	 0.000000	 1.449169
125	 10	 10	 0	 472.704335	 -1	 0.000000	 1.640165
126	 10	 10	 0	 441.919447	 -1	 0.000000	 1.740383
127	 10	 10	 1	 290.985777	 -1	 0.000000	 1.750932
128	 10	 10	 1	 251.680438	 -1	 0.000000	 1.545710
129	 10	 10	 1	 275.433479	 -1	 0.000000	 1.623817
130	 10	 10	 1	 258.739249	 -1	 0.000000	 1.474419
131	 10	 10	 1	 298.158185	 -1	 0.000000	 1.344236
132	 10	 10	 0	 449.599764	 -1	 0.000000	 1.661861
133	 10	 10	 1	 242.287832	 -1	 0.000000	 1.390163
134	 10	 10	 0	 417.000394	 -1	 0.000000	 1.365003
135	 10	 10	 0	 473.463581	 -1	 0.000000	 1.655598
136	 10	 10	 1	 277.384813	 -1	 0.000000	 1.327382
137	 10	 10	 0	 472.813354	 -1	 0.000000	 1.602342
138	 10	 10	 1	 259.372847	 -1	 0.000000	 1.811329
139	 10	 10	 1	 302.003453	 -1	 0.000000	 1.392927
140	 10	 10	 0	 466.625769	 -1	 0.000000	 1.543818
141	 10	 10	 1	 257.264628	 -1	 0.000000	 1.496832
142	 10	 10	 0	 472.383573	 -1	 0.000000	 1.317581
143	 10	 10	 0	 474.956550	 -1	 0.000000	 1.492731
144	 10	 10	 0	 469.750585	 -1	 0.000000	 1.430042
146	 10	 10	 1	 297.280027	 -1	 0.000000	 1.587175
147	 10	 10	 1	 255.087883	 -1	 0.000000	 1.635176
148	 10	 10	 1	 294.034213	 -1	 0.000000	 1.703903
149	 10	 10	 1	 257.824775	 -1	 0.000000	 1.472037
151	 10	 10	 0	 476.406833	 -1	 0.000000	 1.741659
152	 10	 10	 0	 392.191042	 -1	 0.000000	 1.574267
153	 10	 10	 1	 256.287513	 -1	 0.000000	 1.378769
154	 10	 10	 0	 465.851688	 -1	 0.000000	 1.395891
155	 10	 10	 0	 469.357253	 -1	 0.000000	 1.601444
156	 10	 10	 1	 282.056415	 -1	 0.000000	 1.492895
157	 10	 10	 1	 265.941490	 -1	 0.000000	 1.635316
158	 10	 10	 1	 268.174737	 -1	 0.000000	 1.627927
159	 10	 10	 0	 434.987785	 -1	 0.000000	 1.446962
160	 10	 10	 1	 287.290860	 -1	 0.000000	 1.629169
161	 10	 10	 1	 280.874293	 -1	 0.000000	 1.587522
162	 10	 10	 0	 477.137486	 -1	 0.000000	 1.510039
163	 10	 10	 1	 326.699786	 -1	 0.000000	 1.861253
164	 10	 10	 0	 448.799822	 -1	 0.000000	 1.529668
165	 10	 10	 1	 246.722912	 -1	 0.000000	 1.339802
3081	 15	 15	 0	 459.472413	 -1	 0.000000	 10.348434
166	 10	 10	 0	 379.422463	 -1	 0.000000	 1.509003
167	 10	 10	 1	 271.975454	 -1	 0.000000	 1.661538
168	 10	 10	 1	 248.272809	 -1	 0.000000	 1.374440
169	 10	 10	 0	 425.348768	 -1	 0.000000	 1.548855
170	 10	 10	 1	 260.531640	 -1	 0.000000	 1.619458
171	 10	 10	 1	 263.768376	 -1	 0.000000	 1.666989
172	 10	 10	 1	 270.277272	 -1	 0.000000	 1.616904
173	 10	 10	 1	 280.382465	 -1	 0.000000	 1.532945
174	 10	 10	 0	 476.842222	 -1	 0.000000	 1.651216
175	 10	 10	 1	 272.826867	 -1	 0.000000	 1.847114
176	 10	 10	 0	 412.783093	 -1	 0.000000	 1.376557
177	 10	 10	 0	 471.522883	 -1	 0.000000	 1.725795
178	 10	 10	 0	 433.246505	 -1	 0.000000	 1.519856
179	 10	 10	 1	 280.417879	 -1	 0.000000	 1.573962
180	 10	 10	 1	 307.202527	 -1	 0.000000	 1.427703
181	 10	 10	 0	 445.823016	 -1	 0.000000	 1.384743
182	 10	 10	 0	 406.717130	 -1	 0.000000	 1.844287
3456	 5	 5	 0	 451.951363	 -1	 0.000000	 6.986950
183	 10	 10	 0	 371.217595	 -1	 0.000000	 1.528998
184	 10	 10	 1	 288.631336	 -1	 0.000000	 1.760145
185	 10	 10	 1	 264.541818	 -1	 0.000000	 1.488902
186	 10	 10	 0	 432.649069	 -1	 0.000000	 1.739236
187	 10	 10	 0	 423.433333	 -1	 0.000000	 1.596202
188	 10	 10	 1	 306.670390	 -1	 0.000000	 1.477171
189	 10	 10	 0	 463.536908	 -1	 0.000000	 1.431971
190	 10	 10	 0	 478.543265	 -1	 0.000000	 1.590011
191	 10	 10	 1	 309.170870	 -1	 0.000000	 1.484351
192	 10	 10	 1	 260.718280	 -1	 0.000000	 1.298944
194	 10	 10	 0	 474.783252	 -1	 0.000000	 1.656664
195	 10	 10	 0	 446.821017	 -1	 0.000000	 1.840609
196	 10	 10	 0	 446.629647	 -1	 0.000000	 1.407839
197	 10	 10	 0	 433.180250	 -1	 0.000000	 1.770494
198	 10	 10	 1	 267.053791	 -1	 0.000000	 1.500976
199	 10	 10	 1	 252.357269	 -1	 0.000000	 1.683945
200	 10	 10	 0	 449.139958	 -1	 0.000000	 1.440588
201	 10	 10	 0	 468.638562	 -1	 0.000000	 1.434044
202	 10	 10	 0	 471.738644	 -1	 0.000000	 1.658255
203	 10	 10	 0	 404.152783	 -1	 0.000000	 1.476909
204	 10	 10	 0	 469.048179	 -1	 0.000000	 1.472135
205	 10	 10	 0	 472.366919	 -1	 0.000000	 1.548477
206	 10	 10	 0	 471.353370	 -1	 0.000000	 1.586081
207	 10	 10	 0	 446.390653	 -1	 0.000000	 1.621734
3692	 11	 11	 1	 384.704878	 -1	 0.000000	 1.100075
208	 10	 10	 0	 445.769979	 -1	 0.000000	 1.535440
209	 10	 10	 1	 292.823250	 -1	 0.000000	 1.771597
210	 10	 10	 0	 447.149950	 -1	 0.000000	 1.406799
211	 10	 10	 0	 461.615984	 -1	 0.000000	 1.500317
212	 10	 10	 0	 465.848017	 -1	 0.000000	 1.387399
213	 10	 10	 0	 472.212227	 -1	 0.000000	 1.589533
214	 10	 10	 1	 243.758672	 -1	 0.000000	 1.519133
215	 10	 10	 0	 475.283747	 -1	 0.000000	 1.474449
216	 10	 10	 0	 466.426998	 -1	 0.000000	 1.448623
217	 10	 10	 0	 475.466308	 -1	 0.000000	 1.458551
218	 10	 10	 1	 288.848583	 -1	 0.000000	 1.300349
219	 10	 10	 0	 465.740375	 -1	 0.000000	 1.707904
221	 10	 10	 0	 423.056097	 -1	 0.000000	 1.607794
222	 10	 10	 1	 271.071851	 -1	 0.000000	 1.739792
223	 10	 10	 0	 384.895396	 -1	 0.000000	 1.538179
224	 10	 10	 1	 280.967349	 -1	 0.000000	 1.567222
227	 10	 10	 1	 262.346814	 -1	 0.000000	 1.792548
228	 10	 10	 1	 262.276770	 -1	 0.000000	 1.737021
230	 10	 10	 1	 264.724682	 -1	 0.000000	 1.647848
231	 10	 10	 0	 414.779655	 -1	 0.000000	 1.577184
232	 10	 10	 1	 267.156330	 -1	 0.000000	 1.720359
233	 10	 10	 1	 259.507378	 -1	 0.000000	 1.482264
234	 10	 10	 1	 270.819394	 -1	 0.000000	 1.670470
235	 10	 10	 0	 452.474428	 -1	 0.000000	 1.623964
236	 10	 10	 1	 264.218762	 -1	 0.000000	 1.701975
237	 10	 10	 1	 275.627410	 -1	 0.000000	 1.559072
238	 10	 10	 0	 469.144649	 -1	 0.000000	 1.647234
239	 10	 10	 1	 267.368295	 -1	 0.000000	 1.635367
240	 10	 10	 1	 266.767208	 -1	 0.000000	 1.513572
241	 10	 10	 1	 269.587279	 -1	 0.000000	 1.358831
242	 10	 10	 0	 467.511745	 -1	 0.000000	 1.573106
246	 10	 10	 0	 474.542940	 -1	 0.000000	 1.644673
247	 10	 10	 1	 270.335011	 -1	 0.000000	 1.659181
250	 10	 10	 1	 285.212783	 -1	 0.000000	 1.688407
251	 10	 10	 1	 243.207768	 -1	 0.000000	 1.323644
253	 10	 10	 0	 468.359097	 -1	 0.000000	 1.707701
254	 10	 10	 1	 272.026635	 -1	 0.000000	 1.764885
255	 10	 10	 0	 424.932715	 -1	 0.000000	 1.427807
256	 10	 10	 0	 469.181248	 -1	 0.000000	 1.629767
257	 10	 10	 1	 340.595099	 -1	 0.000000	 1.380836
259	 10	 10	 0	 464.436052	 -1	 0.000000	 1.547647
262	 10	 10	 1	 282.828781	 -1	 0.000000	 1.566451
267	 10	 10	 0	 436.033779	 -1	 0.000000	 1.736836
268	 10	 10	 1	 267.346688	 -1	 0.000000	 1.365745
269	 10	 10	 0	 464.457412	 -1	 0.000000	 1.684986
270	 10	 10	 1	 254.729840	 -1	 0.000000	 1.616881
271	 10	 10	 0	 436.075649	 -1	 0.000000	 1.694662
300	 10	 10	 1	 281.952721	 -1	 0.000000	 1.433617
301	 10	 10	 0	 466.640538	 -1	 0.000000	 1.610336
302	 10	 10	 1	 299.030845	 -1	 0.000000	 1.397197
303	 10	 10	 0	 473.964235	 -1	 0.000000	 1.431088
304	 10	 10	 0	 420.458752	 -1	 0.000000	 1.697760
305	 10	 10	 1	 285.226749	 -1	 0.000000	 1.440726
306	 10	 10	 0	 463.069104	 -1	 0.000000	 1.620228
307	 10	 10	 1	 249.582543	 -1	 0.000000	 1.458144
308	 10	 10	 1	 302.995267	 -1	 0.000000	 1.356894
309	 10	 10	 0	 472.216517	 -1	 0.000000	 1.717949
311	 10	 10	 1	 252.129628	 -1	 0.000000	 1.666033
312	 10	 10	 0	 395.489390	 -1	 0.000000	 1.367228
313	 10	 10	 0	 476.763683	 -1	 0.000000	 1.393104
323	 10	 10	 0	 469.743351	 -1	 0.000000	 1.604979
324	 10	 10	 1	 259.242309	 -1	 0.000000	 1.515418
325	 10	 10	 1	 287.603306	 -1	 0.000000	 1.714405
327	 10	 10	 0	 430.305362	 -1	 0.000000	 1.510884
328	 10	 10	 0	 471.557012	 -1	 0.000000	 1.500027
329	 10	 10	 0	 473.629274	 -1	 0.000000	 1.663686
330	 10	 10	 1	 288.853975	 -1	 0.000000	 1.455768
331	 10	 10	 0	 468.877764	 -1	 0.000000	 1.638196
332	 10	 10	 1	 285.690475	 -1	 0.000000	 1.730979
333	 10	 10	 1	 248.417017	 -1	 0.000000	 1.732880
334	 10	 10	 1	 277.909599	 -1	 0.000000	 1.542392
336	 10	 10	 1	 271.620590	 -1	 0.000000	 1.549664
337	 10	 10	 1	 260.710055	 -1	 0.000000	 1.814454
338	 10	 10	 0	 338.816391	 -1	 0.000000	 1.374164
340	 10	 10	 0	 443.296162	 -1	 0.000000	 1.663953
341	 10	 10	 1	 270.757514	 -1	 0.000000	 1.444147
342	 10	 10	 0	 474.494994	 -1	 0.000000	 1.704343
343	 10	 10	 1	 260.975892	 -1	 0.000000	 1.757095
344	 10	 10	 0	 438.069574	 -1	 0.000000	 1.689869
345	 10	 10	 1	 260.198459	 -1	 0.000000	 1.632328
346	 10	 10	 1	 293.380044	 -1	 0.000000	 1.646581
347	 10	 10	 0	 461.073690	 -1	 0.000000	 1.538417
348	 10	 10	 1	 252.940047	 -1	 0.000000	 1.347256
349	 10	 10	 0	 471.028831	 -1	 0.000000	 1.421657
350	 10	 10	 0	 473.546602	 -1	 0.000000	 1.578496
351	 10	 10	 1	 293.950986	 -1	 0.000000	 1.614381
352	 10	 10	 0	 426.140368	 -1	 0.000000	 1.677072
353	 10	 10	 1	 275.639065	 -1	 0.000000	 1.601829
354	 10	 10	 1	 281.732991	 -1	 0.000000	 1.510295
355	 10	 10	 1	 291.492014	 -1	 0.000000	 1.559860
356	 10	 10	 0	 461.940094	 -1	 0.000000	 1.704933
357	 10	 10	 1	 286.234499	 -1	 0.000000	 1.804115
358	 10	 10	 1	 267.775304	 -1	 0.000000	 1.693944
359	 10	 10	 1	 269.497151	 -1	 0.000000	 1.748296
321	 10	 10	 1	 270.392490	 -1	 0.000000	 1.370441
360	 10	 10	 0	 467.213282	 -1	 0.000000	 1.556382
361	 10	 10	 1	 266.765896	 -1	 0.000000	 1.771416
362	 10	 10	 1	 281.824345	 -1	 0.000000	 1.429707
363	 10	 10	 1	 283.728055	 -1	 0.000000	 1.563881
364	 10	 10	 1	 285.607663	 -1	 0.000000	 1.505540
367	 10	 10	 0	 495.505151	 -1	 0.000000	 1.804772
368	 10	 10	 0	 433.674839	 -1	 0.000000	 1.355469
369	 10	 10	 0	 473.375100	 -1	 0.000000	 1.496814
370	 10	 10	 0	 464.731782	 -1	 0.000000	 1.449859
372	 10	 10	 0	 466.062760	 -1	 0.000000	 1.510398
373	 10	 10	 0	 461.653151	 -1	 0.000000	 1.703388
374	 10	 10	 0	 437.269835	 -1	 0.000000	 1.640276
375	 10	 10	 1	 287.660361	 -1	 0.000000	 1.752313
376	 10	 10	 0	 381.150773	 -1	 0.000000	 1.476981
377	 10	 10	 0	 439.330239	 -1	 0.000000	 1.442142
378	 10	 10	 1	 295.408990	 -1	 0.000000	 1.659316
379	 10	 10	 1	 262.686126	 -1	 0.000000	 1.587045
380	 10	 10	 1	 257.459271	 -1	 0.000000	 1.495829
382	 10	 10	 0	 463.613576	 -1	 0.000000	 1.813735
383	 10	 10	 0	 414.008435	 -1	 0.000000	 1.539563
384	 10	 10	 1	 273.191681	 -1	 0.000000	 1.596272
385	 10	 10	 1	 269.288784	 -1	 0.000000	 1.744830
387	 10	 10	 0	 472.959208	 -1	 0.000000	 1.733042
388	 10	 10	 1	 251.229470	 -1	 0.000000	 1.866379
389	 10	 10	 1	 247.630798	 -1	 0.000000	 1.637589
390	 10	 10	 1	 270.913685	 -1	 0.000000	 1.351204
391	 10	 10	 0	 472.027524	 -1	 0.000000	 1.544882
392	 10	 10	 1	 262.471850	 -1	 0.000000	 1.579831
393	 10	 10	 1	 279.927551	 -1	 0.000000	 1.662615
394	 10	 10	 1	 284.573037	 -1	 0.000000	 1.386515
395	 10	 10	 0	 467.308778	 -1	 0.000000	 1.589765
400	 10	 10	 0	 444.924957	 -1	 0.000000	 1.653535
401	 10	 10	 1	 269.182046	 -1	 0.000000	 1.545951
402	 10	 10	 1	 276.747241	 -1	 0.000000	 1.594501
403	 10	 10	 1	 305.483128	 -1	 0.000000	 1.600346
404	 10	 10	 1	 275.864797	 -1	 0.000000	 1.628126
405	 10	 10	 1	 310.698086	 -1	 0.000000	 1.385731
406	 10	 10	 0	 438.397040	 -1	 0.000000	 1.544701
407	 10	 10	 1	 265.323098	 -1	 0.000000	 1.567342
408	 10	 10	 0	 475.144067	 -1	 0.000000	 1.651302
410	 10	 10	 1	 283.530698	 -1	 0.000000	 1.634176
411	 10	 10	 1	 274.131309	 -1	 0.000000	 1.578295
412	 10	 10	 1	 274.933599	 -1	 0.000000	 1.507219
419	 10	 10	 1	 282.744526	 -1	 0.000000	 1.802778
423	 10	 10	 0	 413.943525	 -1	 0.000000	 1.584481
424	 10	 10	 0	 472.705652	 -1	 0.000000	 1.634781
425	 10	 10	 1	 270.881723	 -1	 0.000000	 1.532620
427	 10	 10	 0	 473.449856	 -1	 0.000000	 1.532109
428	 10	 10	 1	 278.760949	 -1	 0.000000	 1.660531
429	 10	 10	 1	 282.743521	 -1	 0.000000	 1.427972
430	 10	 10	 0	 466.670991	 -1	 0.000000	 1.548698
431	 10	 10	 1	 267.815480	 -1	 0.000000	 1.480824
432	 10	 10	 1	 284.211428	 -1	 0.000000	 1.486754
433	 10	 10	 0	 437.642122	 -1	 0.000000	 1.547494
434	 10	 10	 0	 433.547177	 -1	 0.000000	 1.703728
435	 10	 10	 0	 424.093352	 -1	 0.000000	 1.510259
436	 10	 10	 0	 467.652634	 -1	 0.000000	 1.538417
437	 10	 10	 0	 460.461765	 -1	 0.000000	 1.698334
417	 10	 10	 1	 293.145968	 -1	 0.000000	 1.757939
440	 10	 10	 0	 477.293385	 -1	 0.000000	 1.511842
3686	 5	 5	 0	 464.463282	 -1	 0.000000	 6.878000
441	 10	 10	 0	 301.991222	 -1	 0.000000	 1.387554
442	 10	 10	 0	 474.833644	 -1	 0.000000	 1.800035
444	 10	 10	 1	 299.539006	 -1	 0.000000	 1.471478
445	 10	 10	 0	 469.497083	 -1	 0.000000	 1.630690
446	 10	 10	 1	 303.175823	 -1	 0.000000	 1.699715
447	 10	 10	 1	 290.680429	 -1	 0.000000	 1.493690
448	 10	 10	 0	 443.283055	 -1	 0.000000	 1.340958
449	 10	 10	 0	 470.110947	 -1	 0.000000	 1.689089
450	 10	 10	 1	 281.790742	 -1	 0.000000	 1.552586
451	 10	 10	 0	 421.521404	 -1	 0.000000	 1.657876
452	 10	 10	 1	 275.321710	 -1	 0.000000	 1.371528
453	 10	 10	 0	 466.976507	 -1	 0.000000	 1.501271
454	 10	 10	 0	 470.784281	 -1	 0.000000	 1.286455
455	 10	 10	 0	 475.654348	 -1	 0.000000	 1.354712
456	 10	 10	 0	 471.805486	 -1	 0.000000	 1.293065
457	 10	 10	 0	 474.397557	 -1	 0.000000	 1.598671
458	 10	 10	 1	 272.611540	 -1	 0.000000	 1.545503
459	 10	 10	 0	 456.560272	 -1	 0.000000	 1.641917
420	 10	 10	 1	 266.562578	 -1	 0.000000	 1.588659
460	 10	 10	 0	 495.413051	 -1	 0.000000	 1.389631
461	 10	 10	 0	 465.234177	 -1	 0.000000	 1.372049
462	 10	 10	 0	 475.408427	 -1	 0.000000	 1.624820
463	 10	 10	 1	 279.286836	 -1	 0.000000	 1.437603
464	 10	 10	 0	 468.836349	 -1	 0.000000	 1.580000
465	 10	 10	 1	 303.505135	 -1	 0.000000	 1.630047
468	 10	 10	 1	 257.619919	 -1	 0.000000	 1.706651
3859	 3	 3	 1	 439.493331	 -1	 0.000000	 6.560512
469	 10	 10	 0	 477.235760	 -1	 0.000000	 1.456789
470	 10	 10	 0	 476.693553	 -1	 0.000000	 1.414224
471	 10	 10	 0	 475.210499	 -1	 0.000000	 1.479704
472	 10	 10	 0	 472.336888	 -1	 0.000000	 1.665658
473	 10	 10	 1	 296.316346	 -1	 0.000000	 1.510860
474	 10	 10	 1	 251.618172	 -1	 0.000000	 1.639516
475	 10	 10	 0	 434.178472	 -1	 0.000000	 1.541487
476	 10	 10	 1	 256.809372	 -1	 0.000000	 1.694779
477	 10	 10	 0	 437.350176	 -1	 0.000000	 1.493955
478	 10	 10	 1	 284.800439	 -1	 0.000000	 1.745394
479	 10	 10	 1	 294.977257	 -1	 0.000000	 1.325169
494	 10	 10	 1	 270.720007	 -1	 0.000000	 1.625518
495	 10	 10	 0	 427.583958	 -1	 0.000000	 1.342793
496	 10	 10	 0	 476.644850	 -1	 0.000000	 1.564030
497	 10	 10	 0	 466.844711	 -1	 0.000000	 1.500553
498	 10	 10	 0	 471.310988	 -1	 0.000000	 1.659363
499	 10	 10	 1	 319.254667	 -1	 0.000000	 1.488412
0	 10	 10	 1	 246.213821	 -1	 0.000000	 1.512136
1627	 7	 7	 0	 473.221087	 -1	 0.000000	 9.165831
1	 10	 10	 0	 406.997604	 -1	 0.000000	 1.412413
2	 10	 10	 0	 428.817762	 -1	 0.000000	 1.366654
3	 10	 10	 0	 477.678968	 -1	 0.000000	 1.568434
4	 10	 10	 0	 470.733674	 -1	 0.000000	 1.564096
14	 10	 10	 1	 273.065803	 -1	 0.000000	 1.471360
15	 10	 10	 1	 278.079796	 -1	 0.000000	 1.367906
16	 10	 10	 0	 475.683470	 -1	 0.000000	 1.465030
17	 10	 10	 0	 453.264943	 -1	 0.000000	 1.863457
18	 10	 10	 0	 472.450507	 -1	 0.000000	 1.321606
19	 10	 10	 1	 263.603756	 -1	 0.000000	 1.671608
20	 10	 10	 0	 473.961302	 -1	 0.000000	 1.624604
21	 10	 10	 1	 286.829980	 -1	 0.000000	 1.809704
22	 10	 10	 1	 266.774473	 -1	 0.000000	 1.461526
23	 10	 10	 0	 431.900661	 -1	 0.000000	 1.492736
24	 10	 10	 0	 469.361321	 -1	 0.000000	 1.709079
25	 10	 10	 1	 281.806529	 -1	 0.000000	 1.326527
26	 10	 10	 1	 274.886306	 -1	 0.000000	 1.502037
27	 10	 10	 0	 427.051494	 -1	 0.000000	 1.684547
28	 10	 10	 0	 464.973235	 -1	 0.000000	 1.644757
29	 10	 10	 1	 372.326211	 -1	 0.000000	 1.473490
30	 10	 10	 1	 333.825305	 -1	 0.000000	 1.721517
31	 10	 10	 0	 475.565958	 -1	 0.000000	 1.463465
32	 10	 10	 1	 252.997354	 -1	 0.000000	 1.624644
33	 10	 10	 0	 466.262189	 -1	 0.000000	 1.527275
34	 10	 10	 1	 274.120413	 -1	 0.000000	 1.710019
35	 10	 10	 0	 462.194224	 -1	 0.000000	 1.807455
36	 10	 10	 1	 312.481187	 -1	 0.000000	 1.282570
37	 10	 10	 0	 430.346105	 -1	 0.000000	 1.363769
38	 10	 10	 0	 416.747946	 -1	 0.000000	 1.629417
>>> gr_fir_ccf: using E
>>> gr_fir_fff: using E
gr_buffer::allocate_buffer: warning: tried to allocate
   25 items of size 2544. Due to alignment requirements
   256 were allocated.  If this isn't OK, consider padding
   your structure to a power-of-two bytes.
   On this platform, our allocation granularity is 4096 bytes.
53	 10	 10	 0	 468.024264	 -1	 0.000000	 1.807636
54	 10	 10	 0	 466.127281	 -1	 0.000000	 1.488628
56	 10	 10	 1	 270.197346	 -1	 0.000000	 1.557806
57	 10	 10	 0	 444.679817	 -1	 0.000000	 1.722763
58	 10	 10	 1	 298.937215	 -1	 0.000000	 1.591214
59	 10	 10	 0	 431.462953	 -1	 0.000000	 1.402430
60	 10	 10	 1	 259.357105	 -1	 0.000000	 1.736081
61	 10	 10	 1	 308.587960	 -1	 0.000000	 1.559412
62	 10	 10	 0	 446.755951	 -1	 0.000000	 1.429721
63	 10	 10	 0	 458.968607	 -1	 0.000000	 1.655508
64	 10	 10	 1	 268.188969	 -1	 0.000000	 1.554570
65	 10	 10	 1	 301.791576	 -1	 0.000000	 1.558962
66	 10	 10	 1	 253.986295	 -1	 0.000000	 1.762693
67	 10	 10	 1	 279.453348	 -1	 0.000000	 1.512787
69	 10	 10	 0	 421.228783	 -1	 0.000000	 1.563365
70	 10	 10	 1	 314.775872	 -1	 0.000000	 1.701551
71	 10	 10	 0	 431.025903	 -1	 0.000000	 1.273297
72	 10	 10	 1	 252.234698	 -1	 0.000000	 1.571942
73	 10	 10	 0	 412.248997	 -1	 0.000000	 1.458615
74	 10	 10	 1	 265.648667	 -1	 0.000000	 1.729626
75	 10	 10	 0	 457.214566	 -1	 0.000000	 1.768204
76	 10	 10	 1	 251.622548	 -1	 0.000000	 1.633665
77	 10	 10	 1	 253.029464	 -1	 0.000000	 1.631057
78	 10	 10	 1	 279.493855	 -1	 0.000000	 1.580266
79	 10	 10	 1	 269.487403	 -1	 0.000000	 1.570147
80	 10	 10	 0	 461.298451	 -1	 0.000000	 1.317265
81	 10	 10	 0	 401.776990	 -1	 0.000000	 1.633631
82	 10	 10	 0	 465.726116	 -1	 0.000000	 1.388137
83	 10	 10	 0	 469.634134	 -1	 0.000000	 1.484795
84	 10	 10	 0	 414.977342	 -1	 0.000000	 1.383138
85	 10	 10	 0	 468.870480	 -1	 0.000000	 1.417213
86	 10	 10	 0	 426.936622	 -1	 0.000000	 1.568949
87	 10	 10	 1	 237.860139	 -1	 0.000000	 1.670164
88	 10	 10	 0	 471.303227	 -1	 0.000000	 1.428207
89	 10	 10	 0	 471.659080	 -1	 0.000000	 1.525947
90	 10	 10	 0	 455.637999	 -1	 0.000000	 1.418580
91	 10	 10	 1	 304.734348	 -1	 0.000000	 1.461582
92	 10	 10	 1	 252.568575	 -1	 0.000000	 1.840936
93	 10	 10	 0	 470.757242	 -1	 0.000000	 1.381993
94	 10	 10	 1	 267.827266	 -1	 0.000000	 1.758696
95	 10	 10	 0	 465.723691	 -1	 0.000000	 1.374108
96	 10	 10	 1	 258.388275	 -1	 0.000000	 1.696112
97	 10	 10	 1	 287.704397	 -1	 0.000000	 1.701098
98	 10	 10	 0	 471.229444	 -1	 0.000000	 1.405972
99	 10	 10	 0	 412.332667	 -1	 0.000000	 1.480082
100	 10	 10	 1	 271.864745	 -1	 0.000000	 1.761733
101	 10	 10	 1	 247.341987	 -1	 0.000000	 1.611861
102	 10	 10	 0	 432.263808	 -1	 0.000000	 1.418503
103	 10	 10	 1	 312.662216	 -1	 0.000000	 1.558621
3328	 10	 10	 0	 481.052709	 -1	 0.000000	 4.173619
104	 10	 10	 0	 475.663356	 -1	 0.000000	 1.412745
105	 10	 10	 1	 254.951886	 -1	 0.000000	 1.710195
2755	 13	 13	 0	 389.050244	 -1	 0.000000	 3.479639
106	 10	 10	 0	 451.392271	 -1	 0.000000	 1.737880
107	 10	 10	 0	 439.618180	 -1	 0.000000	 1.408712
108	 10	 10	 1	 269.798257	 -1	 0.000000	 1.638331
109	 10	 10	 1	 292.627109	 -1	 0.000000	 1.483636
110	 10	 10	 0	 469.228030	 -1	 0.000000	 1.478250
111	 10	 10	 0	 471.924084	 -1	 0.000000	 1.372237
112	 10	 10	 1	 288.102258	 -1	 0.000000	 1.742972
114	 10	 10	 1	 276.457507	 -1	 0.000000	 1.563460
116	 10	 10	 1	 295.815268	 -1	 0.000000	 1.619916
117	 10	 10	 1	 267.844614	 -1	 0.000000	 1.677432
118	 10	 10	 0	 430.553191	 -1	 0.000000	 1.496914
119	 10	 10	 1	 275.331007	 -1	 0.000000	 1.567034
121	 10	 10	 0	 457.307922	 -1	 0.000000	 1.479673
122	 10	 10	 1	 295.630213	 -1	 0.000000	 1.662624
123	 10	 10	 1	 282.297128	 -1	 0.000000	 1.488330
125	 10	 10	 0	 406.663328	 -1	 0.000000	 1.627044
127	 10	 10	 1	 290.132898	 -1	 0.000000	 1.678588
128	 10	 10	 0	 456.014438	 -1	 0.000000	 1.544876
129	 10	 10	 1	 282.219875	 -1	 0.000000	 1.750239
130	 10	 10	 1	 267.378153	 -1	 0.000000	 1.676501
131	 10	 10	 0	 434.359099	 -1	 0.000000	 1.409001
132	 10	 10	 1	 285.575848	 -1	 0.000000	 1.480082
133	 10	 10	 1	 264.027712	 -1	 0.000000	 1.675994
134	 10	 10	 0	 471.846476	 -1	 0.000000	 1.364355
135	 10	 10	 1	 263.021164	 -1	 0.000000	 1.447885
136	 10	 10	 1	 272.080346	 -1	 0.000000	 1.562282
137	 10	 10	 0	 467.860513	 -1	 0.000000	 1.467168
139	 10	 10	 0	 462.694693	 -1	 0.000000	 1.337604
140	 10	 10	 1	 248.648691	 -1	 0.000000	 1.633808
142	 10	 10	 0	 425.030911	 -1	 0.000000	 1.715454
143	 10	 10	 1	 284.646776	 -1	 0.000000	 1.564749
144	 10	 10	 0	 430.511531	 -1	 0.000000	 1.325341
146	 10	 10	 0	 460.925294	 -1	 0.000000	 1.449271
147	 10	 10	 0	 463.504419	 -1	 0.000000	 1.440226
148	 10	 10	 0	 440.637775	 -1	 0.000000	 1.329458
149	 10	 10	 1	 278.176575	 -1	 0.000000	 1.565913
150	 10	 10	 1	 243.120499	 -1	 0.000000	 1.644719
151	 10	 10	 0	 450.471760	 -1	 0.000000	 1.805375
152	 10	 10	 0	 448.427986	 -1	 0.000000	 1.614827
153	 10	 10	 0	 437.767925	 -1	 0.000000	 1.360600
154	 10	 10	 1	 305.405120	 -1	 0.000000	 1.759190
155	 10	 10	 0	 453.356943	 -1	 0.000000	 1.366239
156	 10	 10	 1	 297.058067	 -1	 0.000000	 1.628139
157	 10	 10	 0	 477.631303	 -1	 0.000000	 1.424400
158	 10	 10	 0	 456.974538	 -1	 0.000000	 1.792724
159	 10	 10	 0	 413.783372	 -1	 0.000000	 1.842370
160	 10	 10	 0	 467.727561	 -1	 0.000000	 1.509740
161	 10	 10	 0	 475.102368	 -1	 0.000000	 1.557087
162	 10	 10	 0	 465.345892	 -1	 0.000000	 1.520630
163	 10	 10	 0	 448.576593	 -1	 0.000000	 1.507702
164	 10	 10	 0	 473.171194	 -1	 0.000000	 1.461341
165	 10	 10	 1	 288.335816	 -1	 0.000000	 1.725293
167	 10	 10	 1	 316.319909	 -1	 0.000000	 1.475312
168	 10	 10	 1	 271.730077	 -1	 0.000000	 1.552045
169	 10	 10	 1	 292.391864	 -1	 0.000000	 1.568308
170	 10	 10	 1	 292.510960	 -1	 0.000000	 1.622119
171	 10	 10	 0	 472.881069	 -1	 0.000000	 1.558068
172	 10	 10	 0	 476.502952	 -1	 0.000000	 1.453778
173	 10	 10	 1	 291.898161	 -1	 0.000000	 1.733223
174	 10	 10	 0	 422.869830	 -1	 0.000000	 1.763999
3502	 7	 7	 0	 433.270839	 -1	 0.000000	 3.527070
175	 10	 10	 0	 467.258762	 -1	 0.000000	 1.571697
176	 10	 10	 0	 468.807727	 -1	 0.000000	 1.440719
177	 10	 10	 1	 302.862664	 -1	 0.000000	 1.555725
178	 10	 10	 1	 324.281980	 -1	 0.000000	 1.775065
179	 10	 10	 1	 251.988839	 -1	 0.000000	 1.813904
180	 10	 10	 0	 454.196543	 -1	 0.000000	 1.343823
181	 10	 10	 1	 357.801297	 -1	 0.000000	 1.824680
182	 10	 10	 0	 473.593823	 -1	 0.000000	 1.442069
183	 10	 10	 0	 447.465614	 -1	 0.000000	 1.515831
184	 10	 10	 0	 435.382986	 -1	 0.000000	 1.309270
185	 10	 10	 1	 264.269752	 -1	 0.000000	 1.609954
186	 10	 10	 1	 256.562364	 -1	 0.000000	 1.851271
187	 10	 10	 0	 452.806670	 -1	 0.000000	 1.539285
188	 10	 10	 0	 474.201121	 -1	 0.000000	 1.462538
189	 10	 10	 0	 422.674408	 -1	 0.000000	 1.619263
190	 10	 10	 1	 254.954549	 -1	 0.000000	 1.579946
191	 10	 10	 0	 409.965906	 -1	 0.000000	 1.417104
192	 10	 10	 0	 470.182731	 -1	 0.000000	 1.381099
193	 10	 10	 0	 463.942223	 -1	 0.000000	 1.385243
194	 10	 10	 1	 247.015668	 -1	 0.000000	 1.767920
195	 10	 10	 0	 467.842248	 -1	 0.000000	 1.776330
196	 10	 10	 1	 320.228131	 -1	 0.000000	 1.538097
197	 10	 10	 0	 468.056117	 -1	 0.000000	 1.439221
198	 10	 10	 0	 435.124143	 -1	 0.000000	 1.280522
199	 10	 10	 0	 468.965435	 -1	 0.000000	 1.494903
201	 10	 10	 1	 270.366169	 -1	 0.000000	 1.612094
202	 10	 10	 0	 439.882368	 -1	 0.000000	 1.664891
203	 10	 10	 1	 248.302075	 -1	 0.000000	 1.651476
204	 10	 10	 0	 466.487262	 -1	 0.000000	 1.577086
205	 10	 10	 1	 250.666558	 -1	 0.000000	 1.602291
206	 10	 10	 0	 437.450904	 -1	 0.000000	 1.540203
207	 10	 10	 1	 328.656768	 -1	 0.000000	 1.635698
208	 10	 10	 1	 290.112678	 -1	 0.000000	 1.457072
209	 10	 10	 0	 468.151640	 -1	 0.000000	 1.402705
211	 10	 10	 0	 433.279129	 -1	 0.000000	 1.763214
457	 15	 15	 0	 406.812214	 -1	 0.000000	 2.030239
212	 10	 10	 1	 247.491086	 -1	 0.000000	 1.642053
