>>> gr_fir_ccf: using E
>>> gr_fir_fff: using E
gr_buffer::allocate_buffer: warning: tried to allocate
   25 items of size 2544. Due to alignment requirements
   256 were allocated.  If this isn't OK, consider padding
   your structure to a power-of-two bytes.
   On this platform, our allocation granularity is 4096 bytes.
66	 13	 13	 1	 0.000001	 -1	 0.000000	 7.287220
67	 13	 13	 1	 0.000001	 -1	 0.000000	 9.513205
68	 13	 13	 1	 0.000001	 -1	 0.000000	 7.486440
69	 13	 13	 1	 0.000001	 -1	 0.000000	 7.443360
70	 13	 13	 1	 0.000001	 -1	 0.000000	 10.865861
71	 13	 13	 1	 0.000001	 -1	 0.000000	 10.101499
72	 13	 13	 1	 0.000001	 -1	 0.000000	 7.833763
73	 13	 13	 1	 0.000001	 -1	 0.000000	 9.177236
74	 13	 13	 1	 0.000001	 -1	 0.000000	 7.728354
75	 13	 13	 1	 0.000001	 -1	 0.000000	 8.641694
76	 13	 13	 1	 0.000001	 -1	 0.000000	 9.392587
77	 13	 13	 1	 0.000001	 -1	 0.000000	 6.505132
78	 13	 13	 1	 0.000001	 -1	 0.000000	 11.314143
79	 13	 13	 1	 0.000001	 -1	 0.000000	 8.343092
80	 13	 13	 1	 0.000000	 -1	 0.000000	 7.747025
81	 13	 13	 1	 0.000001	 -1	 0.000000	 8.912442
82	 13	 13	 1	 0.000001	 -1	 0.000000	 7.786230
83	 13	 13	 1	 0.000001	 -1	 0.000000	 8.317039
84	 13	 13	 1	 0.000001	 -1	 0.000000	 9.458304
85	 13	 13	 1	 0.000001	 -1	 0.000000	 9.494326
86	 13	 13	 1	 0.000001	 -1	 0.000000	 16.661125
87	 13	 13	 1	 0.000001	 -1	 0.000000	 7.207551
88	 13	 13	 1	 0.000001	 -1	 0.000000	 9.403022
89	 13	 13	 1	 0.000001	 -1	 0.000000	 15.177527
90	 13	 13	 1	 0.000000	 -1	 0.000000	 15.914026
91	 13	 13	 1	 0.000001	 -1	 0.000000	 8.243700
92	 13	 13	 1	 0.000001	 -1	 0.000000	 9.546576
93	 13	 13	 1	 0.000001	 -1	 0.000000	 10.264026
94	 13	 13	 1	 33.034397	 -1	 0.000000	 8.475931
95	 13	 13	 1	 0.000001	 -1	 0.000000	 7.724871
96	 13	 13	 1	 0.000001	 -1	 0.000000	 11.514400
97	 13	 13	 1	 0.000001	 -1	 0.000000	 6.872761
98	 13	 13	 1	 0.000001	 -1	 0.000000	 6.961451
99	 13	 13	 1	 0.000001	 -1	 0.000000	 8.428064
100	 13	 13	 1	 0.000001	 -1	 0.000000	 9.346656
101	 13	 13	 1	 64.593157	 -1	 0.000000	 6.584015
102	 13	 13	 1	 0.000001	 -1	 0.000000	 9.368393
103	 13	 13	 1	 0.000001	 -1	 0.000000	 7.339142
104	 13	 13	 1	 0.000001	 -1	 0.000000	 8.829273
105	 13	 13	 1	 0.000001	 -1	 0.000000	 9.104475
106	 13	 13	 1	 0.000001	 -1	 0.000000	 9.037267
107	 13	 13	 1	 0.000001	 -1	 0.000000	 8.383126
108	 13	 13	 1	 0.000001	 -1	 0.000000	 7.200839
109	 13	 13	 1	 0.000001	 -1	 0.000000	 7.628069
110	 13	 13	 1	 0.000001	 -1	 0.000000	 8.003963
111	 13	 13	 1	 0.000000	 -1	 0.000000	 15.218571
112	 13	 13	 1	 0.000002	 -1	 0.000000	 6.551597
1457	 3	 3	 0	 487.517502	 -1	 0.000000	 8.151867
113	 13	 13	 0	 482.930300	 -1	 0.000000	 8.727208
114	 13	 13	 0	 483.659416	 -1	 0.000000	 7.901569
115	 13	 13	 1	 0.000001	 -1	 0.000000	 7.710197
116	 13	 13	 1	 0.000001	 -1	 0.000000	 6.189177
117	 13	 13	 1	 0.000001	 -1	 0.000000	 7.047556
118	 13	 13	 1	 58.819285	 -1	 0.000000	 8.177886
119	 13	 13	 1	 0.000001	 -1	 0.000000	 8.699306
120	 13	 13	 1	 0.000001	 -1	 0.000000	 7.173921
121	 13	 13	 1	 0.000001	 -1	 0.000000	 8.776774
122	 13	 13	 1	 0.000001	 -1	 0.000000	 7.084413
123	 13	 13	 1	 0.000001	 -1	 0.000000	 6.771185
124	 13	 13	 1	 0.000001	 -1	 0.000000	 7.636776
125	 13	 13	 1	 0.000001	 -1	 0.000000	 8.127653
126	 13	 13	 1	 0.000001	 -1	 0.000000	 10.348889
127	 13	 13	 1	 0.000001	 -1	 0.000000	 11.584693
128	 13	 13	 1	 0.000001	 -1	 0.000000	 7.264669
129	 13	 13	 1	 0.000000	 -1	 0.000000	 10.386857
130	 13	 13	 1	 0.000001	 -1	 0.000000	 8.850134
131	 13	 13	 1	 0.000001	 -1	 0.000000	 7.743298
132	 13	 13	 1	 0.000001	 -1	 0.000000	 7.962110
133	 13	 13	 1	 0.000001	 -1	 0.000000	 8.124464
134	 13	 13	 1	 0.000001	 -1	 0.000000	 9.266346
135	 13	 13	 1	 0.000001	 -1	 0.000000	 13.985449
136	 13	 13	 1	 0.000001	 -1	 0.000000	 9.620753
137	 13	 13	 1	 0.000001	 -1	 0.000000	 9.090537
138	 13	 13	 1	 0.000001	 -1	 0.000000	 8.768781
139	 13	 13	 1	 0.000001	 -1	 0.000000	 8.954621
140	 13	 13	 1	 0.000001	 -1	 0.000000	 14.756908
141	 13	 13	 1	 0.000001	 -1	 0.000000	 8.598989
142	 13	 13	 1	 0.000001	 -1	 0.000000	 9.700298
143	 13	 13	 1	 0.000001	 -1	 0.000000	 8.510801
144	 13	 13	 1	 0.000001	 -1	 0.000000	 8.291235
145	 13	 13	 1	 0.000001	 -1	 0.000000	 14.273928
146	 13	 13	 1	 0.000001	 -1	 0.000000	 7.673999
147	 13	 13	 1	 0.000000	 -1	 0.000000	 8.673656
148	 13	 13	 1	 0.000001	 -1	 0.000000	 8.036029
149	 13	 13	 1	 0.000001	 -1	 0.000000	 11.808258
150	 13	 13	 1	 0.000001	 -1	 0.000000	 7.840991
151	 13	 13	 1	 0.000001	 -1	 0.000000	 10.053168
152	 13	 13	 1	 0.000001	 -1	 0.000000	 8.996667
153	 13	 13	 1	 0.828223	 -1	 0.000000	 14.600041
154	 13	 13	 1	 0.000001	 -1	 0.000000	 6.475987
155	 13	 13	 1	 16.504917	 -1	 0.000000	 8.395092
156	 13	 13	 1	 0.000002	 -1	 0.000000	 9.453598
157	 13	 13	 1	 0.000001	 -1	 0.000000	 10.414617
158	 13	 13	 1	 0.000001	 -1	 0.000000	 7.909696
159	 13	 13	 1	 0.000001	 -1	 0.000000	 8.890089
160	 13	 13	 1	 0.000001	 -1	 0.000000	 8.181146
161	 13	 13	 1	 0.000001	 -1	 0.000000	 7.640821
162	 13	 13	 1	 0.000001	 -1	 0.000000	 10.149351
163	 13	 13	 1	 0.000001	 -1	 0.000000	 8.339458
164	 13	 13	 1	 0.000001	 -1	 0.000000	 6.969878
165	 13	 13	 1	 0.000001	 -1	 0.000000	 7.492033
166	 13	 13	 1	 0.000001	 -1	 0.000000	 8.325813
167	 13	 13	 1	 0.000001	 -1	 0.000000	 9.613628
168	 13	 13	 1	 0.000001	 -1	 0.000000	 14.001796
169	 13	 13	 1	 0.000001	 -1	 0.000000	 7.796346
200	 13	 13	 1	 0.000001	 -1	 0.000000	 8.547513
201	 13	 13	 1	 0.000001	 -1	 0.000000	 6.975362
202	 13	 13	 1	 0.000001	 -1	 0.000000	 8.423661
203	 13	 13	 1	 0.000001	 -1	 0.000000	 8.023129
204	 13	 13	 1	 0.000000	 -1	 0.000000	 8.684649
205	 13	 13	 1	 0.000001	 -1	 0.000000	 16.037680
206	 13	 13	 1	 0.000001	 -1	 0.000000	 9.542308
207	 13	 13	 1	 0.000001	 -1	 0.000000	 8.861721
208	 13	 13	 1	 0.000001	 -1	 0.000000	 7.973021
209	 13	 13	 1	 0.000001	 -1	 0.000000	 8.061327
210	 13	 13	 1	 0.000001	 -1	 0.000000	 7.821296
211	 13	 13	 1	 0.000001	 -1	 0.000000	 8.369928
212	 13	 13	 1	 0.000001	 -1	 0.000000	 14.308056
213	 13	 13	 1	 0.000001	 -1	 0.000000	 8.638262
214	 13	 13	 1	 0.000001	 -1	 0.000000	 11.917268
215	 13	 13	 1	 0.000001	 -1	 0.000000	 11.817342
216	 13	 13	 1	 0.000001	 -1	 0.000000	 8.570103
217	 13	 13	 1	 0.000000	 -1	 0.000000	 6.922220
218	 13	 13	 1	 0.000001	 -1	 0.000000	 10.749534
3010	 5	 5	 1	 96.057176	 -1	 0.000000	 5.027691
219	 13	 13	 0	 396.098088	 -1	 0.000000	 7.952228
220	 13	 13	 0	 409.909535	 -1	 0.000000	 9.511836
221	 13	 13	 1	 0.000001	 -1	 0.000000	 6.814305
222	 13	 13	 1	 0.000001	 -1	 0.000000	 8.592307
223	 13	 13	 1	 0.000001	 -1	 0.000000	 8.756860
224	 13	 13	 1	 0.000001	 -1	 0.000000	 9.460485
225	 13	 13	 1	 0.000001	 -1	 0.000000	 14.574755
226	 13	 13	 1	 0.000000	 -1	 0.000000	 8.225001
227	 13	 13	 1	 0.000001	 -1	 0.000000	 7.566365
228	 13	 13	 1	 0.000001	 -1	 0.000000	 8.138099
229	 13	 13	 1	 0.000001	 -1	 0.000000	 8.393721
230	 13	 13	 1	 0.000001	 -1	 0.000000	 9.105622
231	 13	 13	 1	 0.000001	 -1	 0.000000	 11.439662
232	 13	 13	 1	 0.000001	 -1	 0.000000	 9.012341
233	 13	 13	 1	 0.000001	 -1	 0.000000	 7.652619
234	 13	 13	 1	 0.000001	 -1	 0.000000	 9.538850
235	 13	 13	 1	 0.000001	 -1	 0.000000	 8.132157
272	 13	 13	 1	 0.000001	 -1	 0.000000	 7.548854
273	 13	 13	 1	 0.000001	 -1	 0.000000	 8.804928
274	 13	 13	 1	 0.000001	 -1	 0.000000	 8.386347
275	 13	 13	 1	 0.000001	 -1	 0.000000	 9.742183
276	 13	 13	 1	 0.000001	 -1	 0.000000	 14.823457
277	 13	 13	 1	 0.000001	 -1	 0.000000	 8.651212
278	 13	 13	 1	 0.000000	 -1	 0.000000	 8.521352
279	 13	 13	 1	 0.000001	 -1	 0.000000	 9.076821
284	 13	 13	 1	 0.000000	 -1	 0.000000	 10.272018
285	 13	 13	 1	 0.000001	 -1	 0.000000	 7.301491
286	 13	 13	 1	 0.000000	 -1	 0.000000	 7.096501
287	 13	 13	 1	 0.000001	 -1	 0.000000	 9.589659
288	 13	 13	 1	 0.000001	 -1	 0.000000	 8.277914
289	 13	 13	 1	 0.000001	 -1	 0.000000	 8.634101
290	 13	 13	 1	 0.000001	 -1	 0.000000	 8.580121
291	 13	 13	 1	 0.000001	 -1	 0.000000	 8.438231
292	 13	 13	 1	 0.000001	 -1	 0.000000	 10.277587
293	 13	 13	 1	 0.000001	 -1	 0.000000	 7.459192
294	 13	 13	 1	 0.000001	 -1	 0.000000	 7.422448
295	 13	 13	 1	 0.000001	 -1	 0.000000	 6.111132
296	 13	 13	 1	 0.000001	 -1	 0.000000	 8.249439
297	 13	 13	 1	 53.981198	 -1	 0.000000	 9.488489
298	 13	 13	 1	 0.000001	 -1	 0.000000	 8.237851
python: trellis_siso_combined_packet.cc:233: virtual int trellis_siso_combined_packet::general_work(int, gr_vector_int&, gr_vector_const_void_star&, gr_vector_void_star&): Assertion `d_flush_input1 >= num_oldinput[1]' failed.
>>> gr_fir_ccf: using E
>>> gr_fir_fff: using E
terminate called after throwing an instance of 'std::invalid_argument'
  what():  gr_ofdm_demod: Incorrect subcarriers allocated
>>> gr_fir_ccf: using E
>>> gr_fir_fff: using E
gr_buffer::allocate_buffer: warning: tried to allocate
   25 items of size 2544. Due to alignment requirements
   256 were allocated.  If this isn't OK, consider padding
   your structure to a power-of-two bytes.
   On this platform, our allocation granularity is 4096 bytes.
62	 15	 15	 1	 0.000033	 -1	 0.000000	 7.028238
63	 15	 15	 1	 0.000004	 -1	 0.000000	 12.300591
64	 15	 15	 1	 0.000025	 -1	 0.000000	 11.429496
65	 15	 15	 1	 0.000004	 -1	 0.000000	 8.698094
66	 15	 15	 1	 0.000034	 -1	 0.000000	 8.450518
67	 15	 15	 1	 0.000034	 -1	 0.000000	 9.373481
68	 15	 15	 1	 0.000036	 -1	 0.000000	 7.311310
70	 15	 15	 1	 0.000046	 -1	 0.000000	 8.162018
71	 15	 15	 0	 215.584148	 -1	 0.000000	 6.585382
72	 15	 15	 1	 0.000035	 -1	 0.000000	 11.504964
73	 15	 15	 1	 0.000033	 -1	 0.000000	 9.766515
74	 15	 15	 1	 0.000029	 -1	 0.000000	 9.033453
75	 15	 15	 1	 0.000068	 -1	 0.000000	 7.772376
76	 15	 15	 1	 0.000038	 -1	 0.000000	 8.844871
77	 15	 15	 1	 0.000040	 -1	 0.000000	 9.958343
79	 15	 15	 1	 0.000039	 -1	 0.000000	 8.560320
80	 15	 15	 1	 0.000059	 -1	 0.000000	 7.496552
81	 15	 15	 1	 0.000036	 -1	 0.000000	 8.052663
82	 15	 15	 1	 0.000005	 -1	 0.000000	 7.206251
83	 15	 15	 1	 0.000043	 -1	 0.000000	 10.999599
84	 15	 15	 1	 0.000024	 -1	 0.000000	 12.690418
85	 15	 15	 1	 0.000050	 -1	 0.000000	 7.845739
86	 15	 15	 0	 240.514235	 -1	 0.000000	 6.474405
87	 15	 15	 1	 0.000033	 -1	 0.000000	 7.888741
88	 15	 15	 1	 0.000042	 -1	 0.000000	 8.936831
1354	 5	 5	 0	 420.755750	 -1	 0.000000	 6.207411
89	 15	 15	 0	 331.554603	 -1	 0.000000	 5.582368
90	 15	 15	 1	 0.045424	 -1	 0.000000	 9.609223
91	 15	 15	 1	 0.000033	 -1	 0.000000	 8.525947
92	 15	 15	 1	 0.000035	 -1	 0.000000	 10.319581
93	 15	 15	 1	 0.000034	 -1	 0.000000	 9.213690
94	 15	 15	 1	 0.000027	 -1	 0.000000	 8.420137
95	 15	 15	 1	 0.000008	 -1	 0.000000	 7.756975
96	 15	 15	 1	 0.000035	 -1	 0.000000	 10.544584
97	 15	 15	 1	 0.000035	 -1	 0.000000	 8.113505
98	 15	 15	 1	 0.000028	 -1	 0.000000	 10.309040
99	 15	 15	 1	 0.000026	 -1	 0.000000	 7.997991
100	 15	 15	 1	 0.000055	 -1	 0.000000	 7.909999
101	 15	 15	 1	 0.000044	 -1	 0.000000	 8.174432
102	 15	 15	 1	 0.000030	 -1	 0.000000	 8.952270
103	 15	 15	 1	 0.000053	 -1	 0.000000	 7.798485
104	 15	 15	 1	 0.000025	 -1	 0.000000	 11.620037
105	 15	 15	 1	 0.000050	 -1	 0.000000	 9.739676
106	 15	 15	 1	 0.000036	 -1	 0.000000	 12.677524
107	 15	 15	 1	 0.000045	 -1	 0.000000	 8.730738
108	 15	 15	 1	 0.000044	 -1	 0.000000	 6.693033
109	 15	 15	 1	 0.000037	 -1	 0.000000	 10.521761
110	 15	 15	 1	 0.000036	 -1	 0.000000	 8.631619
111	 15	 15	 1	 0.000033	 -1	 0.000000	 8.494376
2169	 9	 9	 0	 458.699027	 -1	 0.000000	 13.543749
112	 15	 15	 1	 0.000034	 -1	 0.000000	 8.588796
113	 15	 15	 1	 0.000034	 -1	 0.000000	 6.387280
114	 15	 15	 1	 0.000037	 -1	 0.000000	 9.144555
115	 15	 15	 1	 0.000004	 -1	 0.000000	 11.366084
116	 15	 15	 0	 216.187908	 -1	 0.000000	 13.130038
117	 15	 15	 1	 0.000053	 -1	 0.000000	 13.329560
118	 15	 15	 1	 0.000032	 -1	 0.000000	 8.769128
119	 15	 15	 1	 0.000044	 -1	 0.000000	 8.778396
120	 15	 15	 1	 103.530756	 -1	 0.000000	 10.640678
121	 15	 15	 1	 0.000052	 -1	 0.000000	 12.913624
122	 15	 15	 1	 0.000063	 -1	 0.000000	 8.114791
123	 15	 15	 1	 0.000038	 -1	 0.000000	 10.378596
124	 15	 15	 1	 43.183884	 -1	 0.000000	 13.788033
125	 15	 15	 1	 0.000034	 -1	 0.000000	 13.180454
126	 15	 15	 1	 0.000035	 -1	 0.000000	 8.284127
127	 15	 15	 1	 0.000044	 -1	 0.000000	 7.590149
128	 15	 15	 1	 0.000005	 -1	 0.000000	 8.136250
129	 15	 15	 1	 0.000025	 -1	 0.000000	 8.023258
130	 15	 15	 1	 0.000036	 -1	 0.000000	 9.260125
131	 15	 15	 1	 0.000035	 -1	 0.000000	 7.918472
132	 15	 15	 1	 0.000047	 -1	 0.000000	 9.634983
133	 15	 15	 1	 0.000004	 -1	 0.000000	 8.355667
134	 15	 15	 0	 132.727884	 -1	 0.000000	 7.023863
135	 15	 15	 1	 0.000064	 -1	 0.000000	 8.776922
136	 15	 15	 1	 0.000033	 -1	 0.000000	 8.767106
137	 15	 15	 1	 0.000030	 -1	 0.000000	 10.214744
138	 15	 15	 1	 0.000035	 -1	 0.000000	 7.668083
139	 15	 15	 1	 0.000027	 -1	 0.000000	 8.005967
140	 15	 15	 1	 0.000037	 -1	 0.000000	 8.918524
141	 15	 15	 1	 0.000036	 -1	 0.000000	 8.404633
142	 15	 15	 1	 0.000031	 -1	 0.000000	 7.974118
143	 15	 15	 1	 0.000045	 -1	 0.000000	 13.619450
144	 15	 15	 1	 0.000029	 -1	 0.000000	 8.840828
145	 15	 15	 1	 0.000043	 -1	 0.000000	 8.379519
146	 15	 15	 1	 0.000037	 -1	 0.000000	 7.573243
147	 15	 15	 1	 0.000028	 -1	 0.000000	 7.886463
148	 15	 15	 1	 42.540092	 -1	 0.000000	 8.731313
149	 15	 15	 1	 0.000030	 -1	 0.000000	 7.250982
150	 15	 15	 1	 0.000036	 -1	 0.000000	 8.802294
151	 15	 15	 1	 0.000036	 -1	 0.000000	 8.175987
152	 15	 15	 1	 0.000032	 -1	 0.000000	 9.221222
153	 15	 15	 1	 0.000046	 -1	 0.000000	 8.549747
154	 15	 15	 1	 0.000026	 -1	 0.000000	 9.621943
155	 15	 15	 1	 0.000035	 -1	 0.000000	 9.173008
156	 15	 15	 1	 21.125577	 -1	 0.000000	 10.596955
157	 15	 15	 1	 0.000037	 -1	 0.000000	 8.659232
158	 15	 15	 1	 0.049324	 -1	 0.000000	 10.128105
159	 15	 15	 1	 0.000025	 -1	 0.000000	 7.777894
160	 15	 15	 1	 0.000005	 -1	 0.000000	 14.888481
161	 15	 15	 1	 0.000033	 -1	 0.000000	 8.560293
162	 15	 15	 1	 0.000003	 -1	 0.000000	 13.362571
163	 15	 15	 1	 6.667656	 -1	 0.000000	 9.079704
164	 15	 15	 1	 0.000026	 -1	 0.000000	 12.208295
165	 15	 15	 0	 240.342125	 -1	 0.000000	 6.455855
166	 15	 15	 1	 0.000033	 -1	 0.000000	 7.924185
167	 15	 15	 1	 0.000035	 -1	 0.000000	 10.196395
168	 15	 15	 1	 0.000055	 -1	 0.000000	 8.999677
169	 15	 15	 1	 76.562638	 -1	 0.000000	 7.819656
170	 15	 15	 1	 0.000042	 -1	 0.000000	 7.744629
171	 15	 15	 1	 0.167441	 -1	 0.000000	 7.506956
172	 15	 15	 1	 0.001248	 -1	 0.000000	 8.956168
173	 15	 15	 1	 0.000040	 -1	 0.000000	 8.627892
174	 15	 15	 1	 0.000027	 -1	 0.000000	 8.067940
175	 15	 15	 1	 0.000044	 -1	 0.000000	 8.085173
176	 15	 15	 1	 0.847416	 -1	 0.000000	 8.675096
177	 15	 15	 1	 0.000034	 -1	 0.000000	 9.705884
178	 15	 15	 1	 0.000052	 -1	 0.000000	 12.382142
179	 15	 15	 1	 0.000003	 -1	 0.000000	 13.154129
180	 15	 15	 1	 0.000042	 -1	 0.000000	 6.666434
181	 15	 15	 1	 0.000030	 -1	 0.000000	 8.819886
182	 15	 15	 1	 0.000042	 -1	 0.000000	 10.411079
183	 15	 15	 1	 0.000035	 -1	 0.000000	 9.063704
184	 15	 15	 1	 0.000027	 -1	 0.000000	 9.865474
185	 15	 15	 1	 0.000048	 -1	 0.000000	 7.964541
186	 15	 15	 1	 0.045897	 -1	 0.000000	 11.533175
187	 15	 15	 1	 0.000045	 -1	 0.000000	 8.953126
188	 15	 15	 1	 0.000004	 -1	 0.000000	 12.846270
189	 15	 15	 1	 0.000026	 -1	 0.000000	 8.198970
190	 15	 15	 1	 0.000004	 -1	 0.000000	 13.273255
191	 15	 15	 1	 0.000030	 -1	 0.000000	 8.646460
193	 15	 15	 1	 0.000031	 -1	 0.000000	 8.796580
194	 15	 15	 1	 0.000024	 -1	 0.000000	 7.587573
195	 15	 15	 1	 0.000039	 -1	 0.000000	 7.814564
196	 15	 15	 1	 0.000047	 -1	 0.000000	 7.944009
197	 15	 15	 1	 0.000046	 -1	 0.000000	 9.554761
198	 15	 15	 1	 0.000032	 -1	 0.000000	 8.163502
199	 15	 15	 1	 0.000025	 -1	 0.000000	 8.231809
200	 15	 15	 1	 0.000046	 -1	 0.000000	 7.308636
201	 15	 15	 0	 125.895794	 -1	 0.000000	 7.402587
202	 15	 15	 1	 0.000032	 -1	 0.000000	 10.481039
203	 15	 15	 1	 0.000033	 -1	 0.000000	 9.131421
204	 15	 15	 1	 0.000003	 -1	 0.000000	 10.192728
205	 15	 15	 1	 0.000043	 -1	 0.000000	 17.906561
206	 15	 15	 1	 0.000049	 -1	 0.000000	 8.655036
207	 15	 15	 1	 0.000037	 -1	 0.000000	 7.774578
208	 15	 15	 1	 0.000031	 -1	 0.000000	 9.136046
209	 15	 15	 1	 0.000028	 -1	 0.000000	 9.077714
210	 15	 15	 1	 0.000033	 -1	 0.000000	 8.319963
211	 15	 15	 1	 0.000030	 -1	 0.000000	 8.492975
212	 15	 15	 1	 0.000044	 -1	 0.000000	 7.791709
213	 15	 15	 1	 0.000004	 -1	 0.000000	 7.610960
214	 15	 15	 1	 0.000036	 -1	 0.000000	 7.351401
215	 15	 15	 1	 0.000053	 -1	 0.000000	 9.289357
216	 15	 15	 1	 0.000030	 -1	 0.000000	 9.515559
217	 15	 15	 1	 0.000009	 -1	 0.000000	 7.909334
218	 15	 15	 1	 0.000039	 -1	 0.000000	 7.113723
219	 15	 15	 1	 0.000053	 -1	 0.000000	 8.835509
220	 15	 15	 1	 0.000004	 -1	 0.000000	 9.449639
221	 15	 15	 1	 0.000042	 -1	 0.000000	 7.510181
222	 15	 15	 1	 0.000039	 -1	 0.000000	 7.681605
223	 15	 15	 1	 0.000038	 -1	 0.000000	 9.211817
224	 15	 15	 1	 2.983826	 -1	 0.000000	 9.889220
225	 15	 15	 0	 204.232434	 -1	 0.000000	 6.445985
226	 15	 15	 1	 0.000034	 -1	 0.000000	 6.896747
227	 15	 15	 1	 1.029691	 -1	 0.000000	 9.132671
229	 15	 15	 1	 33.198465	 -1	 0.000000	 9.357620
230	 15	 15	 1	 0.000576	 -1	 0.000000	 10.109675
231	 15	 15	 1	 0.000038	 -1	 0.000000	 9.021892
232	 15	 15	 1	 0.000006	 -1	 0.000000	 7.732036
233	 15	 15	 1	 0.000033	 -1	 0.000000	 8.102426
234	 15	 15	 0	 129.747472	 -1	 0.000000	 7.536109
235	 15	 15	 1	 0.000033	 -1	 0.000000	 8.441741
237	 15	 15	 1	 0.000055	 -1	 0.000000	 6.917942
238	 15	 15	 1	 0.000032	 -1	 0.000000	 7.812379
239	 15	 15	 1	 0.000027	 -1	 0.000000	 8.880738
240	 15	 15	 1	 0.000041	 -1	 0.000000	 9.255605
241	 15	 15	 1	 0.000003	 -1	 0.000000	 10.443851
242	 15	 15	 1	 0.000234	 -1	 0.000000	 8.762824
243	 15	 15	 1	 0.000036	 -1	 0.000000	 6.791713
244	 15	 15	 1	 0.000030	 -1	 0.000000	 8.927658
245	 15	 15	 1	 2.120100	 -1	 0.000000	 8.211242
246	 15	 15	 0	 76.349079	 -1	 0.000000	 8.456932
247	 15	 15	 1	 0.009120	 -1	 0.000000	 17.073702
248	 15	 15	 1	 0.000029	 -1	 0.000000	 9.212096
249	 15	 15	 1	 0.000030	 -1	 0.000000	 8.026172
250	 15	 15	 1	 0.000044	 -1	 0.000000	 7.965173
251	 15	 15	 1	 0.000027	 -1	 0.000000	 9.006042
252	 15	 15	 1	 0.000042	 -1	 0.000000	 8.725260
253	 15	 15	 1	 0.000029	 -1	 0.000000	 7.646649
254	 15	 15	 1	 0.000057	 -1	 0.000000	 7.692142
255	 15	 15	 1	 0.000036	 -1	 0.000000	 7.708310
256	 15	 15	 1	 0.000026	 -1	 0.000000	 8.772282
257	 15	 15	 1	 0.000055	 -1	 0.000000	 7.493833
258	 15	 15	 1	 0.000030	 -1	 0.000000	 7.842432
259	 15	 15	 1	 0.000459	 -1	 0.000000	 7.677443
260	 15	 15	 1	 0.000037	 -1	 0.000000	 7.356342
261	 15	 15	 1	 0.000004	 -1	 0.000000	 7.494361
262	 15	 15	 1	 36.352766	 -1	 0.000000	 11.842888
263	 15	 15	 1	 0.000033	 -1	 0.000000	 6.732667
264	 15	 15	 1	 0.000030	 -1	 0.000000	 11.130454
265	 15	 15	 0	 260.400473	 -1	 0.000000	 5.894052
266	 15	 15	 0	 495.565027	 -1	 0.000000	 8.115005
267	 15	 15	 1	 0.000042	 -1	 0.000000	 7.073617
2122	 5	 5	 0	 429.444241	 -1	 0.000000	 2.455280
268	 15	 15	 1	 0.000031	 -1	 0.000000	 10.873055
269	 15	 15	 1	 70.035217	 -1	 0.000000	 9.824842
270	 15	 15	 1	 0.000031	 -1	 0.000000	 7.939972
271	 15	 15	 1	 0.000815	 -1	 0.000000	 8.468889
272	 15	 15	 1	 0.000050	 -1	 0.000000	 9.869321
274	 15	 15	 1	 0.000041	 -1	 0.000000	 7.541685
2319	 7	 7	 0	 432.004108	 -1	 0.000000	 5.860517
275	 15	 15	 1	 0.000035	 -1	 0.000000	 8.322057
301	 15	 15	 1	 0.000027	 -1	 0.000000	 11.555934
302	 15	 15	 1	 0.000040	 -1	 0.000000	 7.898757
303	 15	 15	 1	 0.000029	 -1	 0.000000	 10.058581
304	 15	 15	 1	 88.271429	 -1	 0.000000	 11.874490
305	 15	 15	 1	 0.000037	 -1	 0.000000	 10.669424
306	 15	 15	 1	 0.000034	 -1	 0.000000	 8.109421
307	 15	 15	 1	 0.000033	 -1	 0.000000	 10.161478
308	 15	 15	 0	 81.175272	 -1	 0.000000	 6.611680
309	 15	 15	 0	 274.928662	 -1	 0.000000	 6.137665
310	 15	 15	 1	 0.000035	 -1	 0.000000	 9.298979
311	 15	 15	 1	 0.000048	 -1	 0.000000	 12.864929
319	 15	 15	 1	 0.000039	 -1	 0.000000	 8.407680
320	 15	 15	 1	 0.000032	 -1	 0.000000	 9.320872
321	 15	 15	 1	 43.026089	 -1	 0.000000	 9.508956
322	 15	 15	 1	 0.000032	 -1	 0.000000	 9.740620
323	 15	 15	 1	 0.000023	 -1	 0.000000	 9.884438
324	 15	 15	 1	 0.000056	 -1	 0.000000	 7.535270
325	 15	 15	 1	 0.000031	 -1	 0.000000	 8.488899
327	 15	 15	 1	 0.000028	 -1	 0.000000	 10.593471
328	 15	 15	 1	 0.000025	 -1	 0.000000	 7.980335
329	 15	 15	 1	 0.000046	 -1	 0.000000	 6.932920
330	 15	 15	 1	 0.000041	 -1	 0.000000	 6.687789
331	 15	 15	 1	 0.000035	 -1	 0.000000	 7.153497
>>> gr_fir_ccf: using E
>>> gr_fir_fff: using E
gr_buffer::allocate_buffer: warning: tried to allocate
   25 items of size 2544. Due to alignment requirements
   256 were allocated.  If this isn't OK, consider padding
   your structure to a power-of-two bytes.
   On this platform, our allocation granularity is 4096 bytes.
69	 15	 15	 1	 0.000022	 -1	 0.000000	 13.107162
70	 15	 15	 1	 0.000038	 -1	 0.000000	 9.429803
71	 15	 15	 1	 0.000055	 -1	 0.000000	 6.902146
72	 15	 15	 1	 0.000044	 -1	 0.000000	 10.272372
73	 15	 15	 1	 0.000035	 -1	 0.000000	 8.029625
74	 15	 15	 1	 0.000028	 -1	 0.000000	 6.769818
75	 15	 15	 1	 1.533791	 -1	 0.000000	 7.929939
76	 15	 15	 0	 239.418339	 -1	 0.000000	 6.050860
77	 15	 15	 1	 0.000049	 -1	 0.000000	 7.083865
78	 15	 15	 1	 0.000031	 -1	 0.000000	 7.888891
79	 15	 15	 1	 0.000019	 -1	 0.000000	 11.897450
80	 15	 15	 1	 0.000052	 -1	 0.000000	 7.546136
81	 15	 15	 1	 0.000050	 -1	 0.000000	 8.323042
82	 15	 15	 1	 36.751321	 -1	 0.000000	 13.762722
83	 15	 15	 0	 65.070797	 -1	 0.000000	 9.994326
84	 15	 15	 1	 0.000024	 -1	 0.000000	 8.802333
85	 15	 15	 1	 0.000005	 -1	 0.000000	 8.420448
86	 15	 15	 1	 0.000005	 -1	 0.000000	 7.928759
87	 15	 15	 1	 0.000050	 -1	 0.000000	 7.226203
88	 15	 15	 1	 0.000037	 -1	 0.000000	 8.850988
89	 15	 15	 1	 0.000025	 -1	 0.000000	 8.243519
90	 15	 15	 1	 12.706513	 -1	 0.000000	 7.218727
91	 15	 15	 0	 83.760769	 -1	 0.000000	 8.059955
92	 15	 15	 1	 0.000053	 -1	 0.000000	 8.014832
93	 15	 15	 1	 21.577591	 -1	 0.000000	 9.005987
94	 15	 15	 1	 0.000028	 -1	 0.000000	 10.069315
95	 15	 15	 1	 0.000042	 -1	 0.000000	 10.985352
97	 15	 15	 1	 0.000047	 -1	 0.000000	 9.988791
98	 15	 15	 1	 0.000031	 -1	 0.000000	 8.256074
99	 15	 15	 1	 0.000030	 -1	 0.000000	 8.684793
100	 15	 15	 1	 0.000055	 -1	 0.000000	 9.651653
101	 15	 15	 0	 105.088718	 -1	 0.000000	 8.783253
102	 15	 15	 1	 0.000005	 -1	 0.000000	 8.233501
103	 15	 15	 1	 0.000030	 -1	 0.000000	 9.505614
104	 15	 15	 0	 59.798818	 -1	 0.000000	 13.127230
3792	 13	 13	 0	 414.931052	 -1	 0.000000	 0.431624
145	 9	 9	 0	 454.915675	 -1	 0.000000	 7.241911
3825	 5	 5	 0	 408.633102	 -1	 0.000000	 4.688257
536	 9	 9	 0	 461.119193	 -1	 0.000000	 1.784679
3912	 5	 5	 0	 421.150887	 -1	 0.000000	 6.699193
2725	 7	 7	 0	 405.716735	 -1	 0.000000	 2.439023
0	 5	 5	 1	 0.001125	 -1	 0.000000	 8.559219
1	 5	 5	 1	 0.000408	 -1	 0.000000	 13.351136
2	 5	 5	 1	 0.001176	 -1	 0.000000	 7.677051
3	 5	 5	 1	 0.001147	 -1	 0.000000	 8.423265
4	 5	 5	 1	 0.001487	 -1	 0.000000	 8.100740
5	 5	 5	 1	 0.000945	 -1	 0.000000	 9.096263
8	 5	 5	 1	 0.000531	 -1	 0.000000	 9.340459
9	 5	 5	 1	 0.001090	 -1	 0.000000	 8.082498
10	 5	 5	 1	 0.001480	 -1	 0.000000	 8.533754
11	 5	 5	 1	 0.000369	 -1	 0.000000	 11.583378
12	 5	 5	 0	 330.617131	 -1	 0.000000	 7.884881
13	 5	 5	 1	 0.001020	 -1	 0.000000	 8.197560
14	 5	 5	 1	 0.001346	 -1	 0.000000	 10.176105
15	 5	 5	 1	 0.000997	 -1	 0.000000	 8.616666
16	 5	 5	 1	 0.000595	 -1	 0.000000	 8.016189
17	 5	 5	 1	 0.001286	 -1	 0.000000	 9.088606
18	 5	 5	 1	 0.000549	 -1	 0.000000	 8.664071
19	 5	 5	 0	 428.940399	 -1	 0.000000	 5.835576
22	 5	 5	 1	 0.001036	 -1	 0.000000	 8.378053
28	 5	 5	 1	 0.001123	 -1	 0.000000	 9.165244
29	 5	 5	 1	 0.002679	 -1	 0.000000	 6.478767
30	 5	 5	 1	 0.000668	 -1	 0.000000	 9.030868
31	 5	 5	 0	 377.333018	 -1	 0.000000	 7.209442
3119	 5	 5	 0	 429.918861	 -1	 0.000000	 5.797410
32	 5	 5	 1	 0.001163	 -1	 0.000000	 8.384536
33	 5	 5	 1	 0.001058	 -1	 0.000000	 9.622541
34	 5	 5	 1	 0.369595	 -1	 0.000000	 9.515457
35	 5	 5	 1	 0.000750	 -1	 0.000000	 8.814347
36	 5	 5	 1	 8.143648	 -1	 0.000000	 11.517702
37	 5	 5	 1	 0.000644	 -1	 0.000000	 9.122929
38	 5	 5	 1	 0.000570	 -1	 0.000000	 9.006677
39	 5	 5	 0	 344.143293	 -1	 0.000000	 8.580276
40	 5	 5	 1	 0.001229	 -1	 0.000000	 7.077893
41	 5	 5	 1	 0.000698	 -1	 0.000000	 7.424206
42	 5	 5	 1	 0.000534	 -1	 0.000000	 9.559424
43	 5	 5	 1	 0.000834	 -1	 0.000000	 10.042991
44	 5	 5	 0	 214.492691	 -1	 0.000000	 7.736155
45	 5	 5	 1	 0.053133	 -1	 0.000000	 16.087078
46	 5	 5	 0	 348.558484	 -1	 0.000000	 8.007337
50	 5	 5	 0	 347.025407	 -1	 0.000000	 9.622774
51	 5	 5	 1	 0.031853	 -1	 0.000000	 12.747371
52	 5	 5	 1	 0.000878	 -1	 0.000000	 8.274813
53	 5	 5	 1	 0.002113	 -1	 0.000000	 6.616681
54	 5	 5	 1	 0.000980	 -1	 0.000000	 9.666471
55	 5	 5	 1	 0.000587	 -1	 0.000000	 10.324520
56	 5	 5	 1	 0.000913	 -1	 0.000000	 11.374956
57	 5	 5	 1	 0.000444	 -1	 0.000000	 12.552029
58	 5	 5	 0	 163.013050	 -1	 0.000000	 7.548405
59	 5	 5	 1	 0.000722	 -1	 0.000000	 8.436536
60	 5	 5	 1	 0.001388	 -1	 0.000000	 6.856371
61	 5	 5	 1	 0.000599	 -1	 0.000000	 10.397193
62	 5	 5	 1	 0.000915	 -1	 0.000000	 7.490917
63	 5	 5	 1	 0.000412	 -1	 0.000000	 9.584708
64	 5	 5	 1	 0.001043	 -1	 0.000000	 8.954606
65	 5	 5	 0	 367.210034	 -1	 0.000000	 9.445647
>>> gr_fir_ccf: using E
>>> gr_fir_fff: using E
gr_buffer::allocate_buffer: warning: tried to allocate
   25 items of size 2544. Due to alignment requirements
   256 were allocated.  If this isn't OK, consider padding
   your structure to a power-of-two bytes.
   On this platform, our allocation granularity is 4096 bytes.
80	 5	 5	 0	 403.390321	 -1	 0.000000	 7.138059
81	 5	 5	 1	 0.001059	 -1	 0.000000	 7.337073
82	 5	 5	 1	 0.000940	 -1	 0.000000	 15.450191
83	 5	 5	 1	 0.000851	 -1	 0.000000	 7.367997
84	 5	 5	 0	 377.155217	 -1	 0.000000	 5.901312
85	 5	 5	 1	 0.000358	 -1	 0.000000	 11.658609
86	 5	 5	 1	 0.000723	 -1	 0.000000	 7.813423
87	 5	 5	 1	 0.000695	 -1	 0.000000	 7.972532
88	 5	 5	 1	 0.000435	 -1	 0.000000	 8.850147
89	 5	 5	 1	 0.000693	 -1	 0.000000	 15.912333
90	 5	 5	 1	 0.000619	 -1	 0.000000	 10.094412
91	 5	 5	 1	 0.001160	 -1	 0.000000	 8.015409
92	 5	 5	 0	 302.173690	 -1	 0.000000	 8.912869
93	 5	 5	 1	 0.000494	 -1	 0.000000	 8.406102
94	 5	 5	 1	 0.001547	 -1	 0.000000	 11.700523
95	 5	 5	 1	 0.000525	 -1	 0.000000	 10.378279
96	 5	 5	 1	 0.000816	 -1	 0.000000	 8.173211
97	 5	 5	 0	 317.368874	 -1	 0.000000	 8.913334
98	 5	 5	 1	 0.001110	 -1	 0.000000	 8.216578
99	 5	 5	 1	 0.002006	 -1	 0.000000	 8.947055
100	 5	 5	 1	 0.000520	 -1	 0.000000	 7.836349
101	 5	 5	 1	 0.000619	 -1	 0.000000	 9.798214
102	 5	 5	 1	 0.001054	 -1	 0.000000	 7.284518
80	 5	 5	 1	 0.001436	 -1	 0.000000	 8.585737
81	 5	 5	 1	 0.000910	 -1	 0.000000	 9.661903
82	 5	 5	 1	 0.001883	 -1	 0.000000	 7.655438
83	 5	 5	 0	 307.710460	 -1	 0.000000	 14.185905
84	 5	 5	 1	 0.000510	 -1	 0.000000	 9.256403
85	 5	 5	 0	 351.473795	 -1	 0.000000	 7.540975
86	 5	 5	 1	 0.000562	 -1	 0.000000	 10.395196
87	 5	 5	 1	 0.000539	 -1	 0.000000	 11.363349
88	 5	 5	 1	 0.000653	 -1	 0.000000	 7.920709
89	 5	 5	 1	 0.000616	 -1	 0.000000	 8.551970
90	 5	 5	 0	 300.655534	 -1	 0.000000	 8.815132
91	 5	 5	 1	 0.000842	 -1	 0.000000	 8.221614
92	 5	 5	 1	 0.001588	 -1	 0.000000	 9.681940
93	 5	 5	 0	 260.575968	 -1	 0.000000	 8.496748
94	 5	 5	 1	 0.000925	 -1	 0.000000	 7.381108
95	 5	 5	 1	 0.000506	 -1	 0.000000	 9.607091
96	 5	 5	 1	 0.000497	 -1	 0.000000	 22.263939
97	 5	 5	 1	 0.000963	 -1	 0.000000	 8.658772
98	 5	 5	 1	 0.001467	 -1	 0.000000	 8.169799
99	 5	 5	 0	 329.569395	 -1	 0.000000	 11.815045
100	 5	 5	 1	 0.000556	 -1	 0.000000	 10.258183
101	 5	 5	 1	 0.000362	 -1	 0.000000	 12.423071
102	 5	 5	 1	 0.000526	 -1	 0.000000	 11.529689
103	 5	 5	 1	 0.000505	 -1	 0.000000	 9.184374
104	 5	 5	 0	 291.812678	 -1	 0.000000	 13.985162
105	 5	 5	 0	 358.419613	 -1	 0.000000	 8.630608
106	 5	 5	 1	 0.002498	 -1	 0.000000	 7.823806
107	 5	 5	 1	 0.002163	 -1	 0.000000	 7.710010
108	 5	 5	 0	 378.890422	 -1	 0.000000	 6.817276
109	 5	 5	 1	 0.000977	 -1	 0.000000	 8.085179
110	 5	 5	 1	 0.001034	 -1	 0.000000	 7.836925
112	 5	 5	 0	 296.804984	 -1	 0.000000	 14.389497
113	 5	 5	 1	 0.001329	 -1	 0.000000	 8.504411
114	 5	 5	 1	 0.000749	 -1	 0.000000	 8.223349
115	 5	 5	 1	 0.000991	 -1	 0.000000	 8.824432
116	 5	 5	 1	 0.001123	 -1	 0.000000	 9.092705
117	 5	 5	 1	 0.058240	 -1	 0.000000	 14.346551
118	 5	 5	 1	 0.001210	 -1	 0.000000	 9.787758
119	 5	 5	 0	 137.562376	 -1	 0.000000	 8.260036
120	 5	 5	 0	 314.096429	 -1	 0.000000	 10.230181
121	 5	 5	 1	 0.000778	 -1	 0.000000	 8.776145
122	 5	 5	 0	 129.815999	 -1	 0.000000	 8.402875
123	 5	 5	 1	 0.000860	 -1	 0.000000	 8.213785
124	 5	 5	 1	 0.000849	 -1	 0.000000	 7.601738
125	 5	 5	 1	 0.000690	 -1	 0.000000	 8.267171
126	 5	 5	 1	 0.001142	 -1	 0.000000	 8.964922
127	 5	 5	 1	 0.001928	 -1	 0.000000	 9.947532
128	 5	 5	 1	 0.000641	 -1	 0.000000	 8.945205
129	 5	 5	 1	 0.001131	 -1	 0.000000	 8.807808
130	 5	 5	 0	 333.617684	 -1	 0.000000	 12.103198
131	 5	 5	 1	 0.000585	 -1	 0.000000	 8.931132
132	 5	 5	 1	 0.000625	 -1	 0.000000	 12.032475
133	 5	 5	 1	 125.299808	 -1	 0.000000	 10.673672
134	 5	 5	 1	 0.000541	 -1	 0.000000	 12.084051
135	 5	 5	 1	 0.001232	 -1	 0.000000	 8.880651
136	 5	 5	 0	 355.230549	 -1	 0.000000	 7.568780
137	 5	 5	 0	 290.795565	 -1	 0.000000	 9.982355
138	 5	 5	 1	 0.000673	 -1	 0.000000	 11.583200
139	 5	 5	 1	 0.001790	 -1	 0.000000	 7.642988
140	 5	 5	 1	 0.001684	 -1	 0.000000	 8.271708
141	 5	 5	 1	 0.001330	 -1	 0.000000	 8.224710
142	 5	 5	 0	 336.225385	 -1	 0.000000	 8.686059
143	 5	 5	 1	 1.044235	 -1	 0.000000	 9.632746
144	 5	 5	 1	 0.001132	 -1	 0.000000	 8.287342
145	 5	 5	 1	 0.001410	 -1	 0.000000	 16.384588
147	 5	 5	 1	 0.209990	 -1	 0.000000	 8.745214
148	 5	 5	 1	 0.001197	 -1	 0.000000	 9.489140
149	 5	 5	 0	 314.833619	 -1	 0.000000	 10.915239
150	 5	 5	 1	 0.001125	 -1	 0.000000	 7.114029
152	 5	 5	 1	 0.001065	 -1	 0.000000	 7.310271
153	 5	 5	 1	 0.001880	 -1	 0.000000	 8.669740
154	 5	 5	 0	 312.669658	 -1	 0.000000	 7.991652
155	 5	 5	 1	 37.879922	 -1	 0.000000	 11.266618
156	 5	 5	 1	 0.000440	 -1	 0.000000	 11.211274
157	 5	 5	 1	 0.001604	 -1	 0.000000	 10.172802
158	 5	 5	 1	 0.000495	 -1	 0.000000	 8.930283
159	 5	 5	 0	 337.096862	 -1	 0.000000	 8.679788
160	 5	 5	 1	 0.000592	 -1	 0.000000	 8.095048
161	 5	 5	 1	 0.000572	 -1	 0.000000	 13.090558
162	 5	 5	 1	 0.001235	 -1	 0.000000	 7.405306
163	 5	 5	 0	 168.086914	 -1	 0.000000	 9.153546
164	 5	 5	 1	 0.000421	 -1	 0.000000	 10.605047
165	 5	 5	 1	 0.001348	 -1	 0.000000	 8.358325
166	 5	 5	 1	 0.000473	 -1	 0.000000	 9.843525
167	 5	 5	 0	 280.365484	 -1	 0.000000	 8.266258
168	 5	 5	 1	 0.000544	 -1	 0.000000	 9.133998
169	 5	 5	 0	 258.730396	 -1	 0.000000	 13.736458
170	 5	 5	 1	 0.000451	 -1	 0.000000	 14.782080
171	 5	 5	 0	 369.268907	 -1	 0.000000	 7.455995
172	 5	 5	 1	 0.002220	 -1	 0.000000	 8.004222
173	 5	 5	 0	 347.582529	 -1	 0.000000	 7.840970
174	 5	 5	 1	 0.002039	 -1	 0.000000	 6.898693
175	 5	 5	 1	 0.001197	 -1	 0.000000	 7.893215
176	 5	 5	 1	 0.000928	 -1	 0.000000	 10.734708
177	 5	 5	 1	 0.000996	 -1	 0.000000	 10.438126
178	 5	 5	 1	 0.001183	 -1	 0.000000	 10.400605
179	 5	 5	 1	 27.347669	 -1	 0.000000	 10.439873
180	 5	 5	 0	 311.274680	 -1	 0.000000	 7.515050
181	 5	 5	 1	 0.000807	 -1	 0.000000	 8.975677
182	 5	 5	 1	 0.002399	 -1	 0.000000	 6.476734
183	 5	 5	 0	 330.026570	 -1	 0.000000	 9.333119
184	 5	 5	 1	 0.001355	 -1	 0.000000	 6.944111
185	 5	 5	 1	 0.001010	 -1	 0.000000	 7.662465
186	 5	 5	 0	 343.590163	 -1	 0.000000	 11.813583
187	 5	 5	 1	 0.000546	 -1	 0.000000	 8.832289
188	 5	 5	 0	 254.646168	 -1	 0.000000	 7.710361
189	 5	 5	 1	 0.000585	 -1	 0.000000	 9.173515
190	 5	 5	 1	 0.000492	 -1	 0.000000	 10.220389
191	 5	 5	 1	 0.000806	 -1	 0.000000	 7.692163
192	 5	 5	 1	 0.001240	 -1	 0.000000	 8.884961
193	 5	 5	 1	 0.000593	 -1	 0.000000	 11.576506
194	 5	 5	 1	 0.001340	 -1	 0.000000	 9.455718
2854	 7	 7	 0	 413.329885	 -1	 0.000000	 4.460898
1243	 9	 9	 0	 450.452245	 -1	 0.000000	 4.280879
1892	 11	 11	 0	 461.129597	 -1	 0.000000	 8.987041
1610	 7	 7	 0	 446.950435	 -1	 0.000000	 4.326986
1247	 9	 9	 0	 445.315234	 -1	 0.000000	 4.412734
550	 10	 10	 0	 473.841829	 -1	 0.000000	 6.997330
1671	 10	 10	 0	 476.870874	 -1	 0.000000	 7.671343
3018	 11	 11	 0	 436.919530	 -1	 0.000000	 4.038107
580	 11	 11	 0	 456.007158	 -1	 0.000000	 3.690788
3164	 10	 10	 0	 477.607469	 -1	 0.000000	 7.523677
2758	 15	 15	 0	 374.669189	 -1	 0.000000	 5.131329
1693	 9	 9	 0	 447.315169	 -1	 0.000000	 7.046345
0	 7	 7	 1	 0.002138	 -1	 0.000000	 11.684935
13	 5	 5	 0	 404.128128	 -1	 0.000000	 6.986803
1	 7	 7	 1	 0.028825	 -1	 0.000000	 7.761201
2	 7	 7	 1	 0.028527	 -1	 0.000000	 8.200486
3	 7	 7	 1	 0.002195	 -1	 0.000000	 11.007757
4	 7	 7	 1	 0.001905	 -1	 0.000000	 10.066325
5	 7	 7	 1	 0.031483	 -1	 0.000000	 7.840032
6	 7	 7	 1	 0.021396	 -1	 0.000000	 8.320218
8	 7	 7	 1	 0.025414	 -1	 0.000000	 8.157008
9	 7	 7	 1	 0.033733	 -1	 0.000000	 8.740126
10	 7	 7	 1	 0.019907	 -1	 0.000000	 9.773756
11	 7	 7	 1	 3.898384	 -1	 0.000000	 11.022402
12	 7	 7	 1	 0.029536	 -1	 0.000000	 7.872542
13	 7	 7	 1	 0.026603	 -1	 0.000000	 7.558664
14	 7	 7	 1	 0.022393	 -1	 0.000000	 11.261302
15	 7	 7	 1	 0.034217	 -1	 0.000000	 6.723813
16	 7	 7	 1	 0.031882	 -1	 0.000000	 7.675653
17	 7	 7	 1	 52.718855	 -1	 0.000000	 10.912335
18	 7	 7	 1	 0.030936	 -1	 0.000000	 7.874249
19	 7	 7	 1	 0.024255	 -1	 0.000000	 9.212957
21	 7	 7	 1	 0.027745	 -1	 0.000000	 7.634133
22	 7	 7	 1	 165.920478	 -1	 0.000000	 9.590515
23	 7	 7	 1	 0.001587	 -1	 0.000000	 11.424314
24	 7	 7	 1	 0.028805	 -1	 0.000000	 7.563075
25	 7	 7	 1	 0.038164	 -1	 0.000000	 7.314055
26	 7	 7	 1	 0.029485	 -1	 0.000000	 6.738596
27	 7	 7	 1	 0.002578	 -1	 0.000000	 8.756539
32	 7	 7	 1	 0.023658	 -1	 0.000000	 9.597318
33	 7	 7	 1	 0.034505	 -1	 0.000000	 8.792638
34	 7	 7	 1	 0.021349	 -1	 0.000000	 9.388175
35	 7	 7	 1	 0.032476	 -1	 0.000000	 7.671868
36	 7	 7	 1	 0.020788	 -1	 0.000000	 9.465657
37	 7	 7	 0	 317.022727	 -1	 0.000000	 9.475097
38	 7	 7	 1	 0.017195	 -1	 0.000000	 10.614677
39	 7	 7	 1	 0.030648	 -1	 0.000000	 7.297789
40	 7	 7	 1	 0.018629	 -1	 0.000000	 17.109495
41	 7	 7	 1	 0.024865	 -1	 0.000000	 9.594594
42	 7	 7	 1	 0.023893	 -1	 0.000000	 7.907916
43	 7	 7	 1	 0.029607	 -1	 0.000000	 8.020509
44	 7	 7	 1	 0.001428	 -1	 0.000000	 13.790561
45	 7	 7	 1	 0.024772	 -1	 0.000000	 12.655581
46	 7	 7	 1	 0.019108	 -1	 0.000000	 8.994659
47	 7	 7	 0	 128.492441	 -1	 0.000000	 11.363134
48	 7	 7	 1	 0.022163	 -1	 0.000000	 8.829844
49	 7	 7	 1	 0.026848	 -1	 0.000000	 7.129133
38	 11	 11	 0	 453.409643	 -1	 0.000000	 4.383136
50	 7	 7	 1	 0.042684	 -1	 0.000000	 8.137054
51	 7	 7	 1	 0.014458	 -1	 0.000000	 15.070036
52	 7	 7	 1	 0.166220	 -1	 0.000000	 8.398414
53	 7	 7	 1	 0.020821	 -1	 0.000000	 9.534434
54	 7	 7	 1	 0.024630	 -1	 0.000000	 8.274972
55	 7	 7	 1	 0.001957	 -1	 0.000000	 10.142192
56	 7	 7	 1	 0.027678	 -1	 0.000000	 7.765723
>>> gr_fir_ccf: using E
>>> gr_fir_fff: using E
gr_buffer::allocate_buffer: warning: tried to allocate
   25 items of size 2544. Due to alignment requirements
   256 were allocated.  If this isn't OK, consider padding
   your structure to a power-of-two bytes.
   On this platform, our allocation granularity is 4096 bytes.
80	 7	 7	 1	 0.002077	 -1	 0.000000	 14.181596
81	 7	 7	 1	 0.030322	 -1	 0.000000	 7.219764
445	 9	 9	 0	 445.208122	 -1	 0.000000	 5.548335
82	 7	 7	 1	 0.025251	 -1	 0.000000	 7.832438
83	 7	 7	 1	 0.057104	 -1	 0.000000	 10.885666
84	 7	 7	 1	 0.014728	 -1	 0.000000	 10.998119
80	 9	 9	 1	 7.440391	 -1	 0.000000	 8.312416
81	 9	 9	 1	 28.112529	 -1	 0.000000	 10.138996
82	 9	 9	 0	 365.304644	 -1	 0.000000	 8.099884
83	 9	 9	 1	 3.731415	 -1	 0.000000	 10.370600
84	 9	 9	 1	 2.855399	 -1	 0.000000	 8.252930
85	 9	 9	 1	 3.343248	 -1	 0.000000	 8.316474
86	 9	 9	 1	 6.798334	 -1	 0.000000	 7.733316
87	 9	 9	 1	 124.369273	 -1	 0.000000	 11.853627
88	 9	 9	 1	 15.119853	 -1	 0.000000	 8.348249
89	 9	 9	 1	 7.273595	 -1	 0.000000	 7.103311
90	 9	 9	 1	 7.676570	 -1	 0.000000	 10.237281
91	 9	 9	 1	 5.168643	 -1	 0.000000	 9.305948
92	 9	 9	 1	 2.817055	 -1	 0.000000	 9.788872
93	 9	 9	 1	 10.313756	 -1	 0.000000	 8.261579
94	 9	 9	 1	 3.763291	 -1	 0.000000	 7.470789
95	 9	 9	 1	 3.771575	 -1	 0.000000	 9.084809
96	 9	 9	 1	 1.803857	 -1	 0.000000	 9.575630
97	 9	 9	 1	 159.167206	 -1	 0.000000	 11.871706
98	 9	 9	 1	 10.410188	 -1	 0.000000	 7.587965
99	 9	 9	 1	 116.205116	 -1	 0.000000	 13.553432
100	 9	 9	 1	 1.929149	 -1	 0.000000	 12.023627
101	 9	 9	 0	 269.527218	 -1	 0.000000	 8.214655
102	 9	 9	 1	 41.973636	 -1	 0.000000	 10.032892
103	 9	 9	 1	 5.826579	 -1	 0.000000	 9.590689
104	 9	 9	 1	 5.956127	 -1	 0.000000	 7.409798
105	 9	 9	 1	 2.942893	 -1	 0.000000	 8.229820
106	 9	 9	 1	 21.047201	 -1	 0.000000	 8.398504
107	 9	 9	 1	 2.312109	 -1	 0.000000	 12.638609
108	 9	 9	 1	 8.441372	 -1	 0.000000	 7.072867
109	 9	 9	 1	 4.007905	 -1	 0.000000	 8.400996
110	 9	 9	 1	 4.144072	 -1	 0.000000	 11.046254
111	 9	 9	 1	 2.422602	 -1	 0.000000	 9.642726
112	 9	 9	 1	 3.791696	 -1	 0.000000	 10.191209
113	 9	 9	 1	 2.514464	 -1	 0.000000	 9.366912
114	 9	 9	 1	 3.731615	 -1	 0.000000	 7.500124
115	 9	 9	 1	 3.877054	 -1	 0.000000	 7.493211
116	 9	 9	 1	 3.916148	 -1	 0.000000	 9.805345
117	 9	 9	 1	 4.282159	 -1	 0.000000	 7.218921
118	 9	 9	 0	 278.994852	 -1	 0.000000	 11.869565
119	 9	 9	 1	 3.544576	 -1	 0.000000	 7.284895
120	 9	 9	 1	 2.860235	 -1	 0.000000	 8.027448
121	 9	 9	 0	 304.821622	 -1	 0.000000	 10.951616
122	 9	 9	 1	 4.972026	 -1	 0.000000	 7.716434
123	 9	 9	 1	 7.295809	 -1	 0.000000	 9.116919
124	 9	 9	 1	 5.264530	 -1	 0.000000	 8.976165
125	 9	 9	 0	 322.938411	 -1	 0.000000	 8.060763
126	 9	 9	 1	 8.815788	 -1	 0.000000	 7.116320
127	 9	 9	 1	 17.208544	 -1	 0.000000	 8.433128
128	 9	 9	 1	 9.898279	 -1	 0.000000	 8.408684
129	 9	 9	 1	 49.712631	 -1	 0.000000	 14.228454
130	 9	 9	 1	 1.663064	 -1	 0.000000	 10.948309
131	 9	 9	 1	 3.584531	 -1	 0.000000	 8.169382
132	 9	 9	 1	 1.994185	 -1	 0.000000	 14.795210
133	 9	 9	 0	 220.340937	 -1	 0.000000	 8.877299
134	 9	 9	 1	 7.949426	 -1	 0.000000	 7.087058
135	 9	 9	 1	 3.204766	 -1	 0.000000	 7.823372
4012	 10	 10	 0	 477.960604	 -1	 0.000000	 9.016056
136	 9	 9	 1	 2.908886	 -1	 0.000000	 10.161383
137	 9	 9	 1	 3.077373	 -1	 0.000000	 8.367844
138	 9	 9	 1	 7.202454	 -1	 0.000000	 8.805679
139	 9	 9	 1	 3.290745	 -1	 0.000000	 7.825511
140	 9	 9	 1	 8.189625	 -1	 0.000000	 7.454066
141	 9	 9	 1	 1.674380	 -1	 0.000000	 14.779180
142	 9	 9	 1	 6.889786	 -1	 0.000000	 8.694652
143	 9	 9	 1	 39.933303	 -1	 0.000000	 13.835500
144	 9	 9	 1	 6.126022	 -1	 0.000000	 8.588898
145	 9	 9	 1	 7.002037	 -1	 0.000000	 7.830732
146	 9	 9	 1	 18.435017	 -1	 0.000000	 7.525643
147	 9	 9	 1	 6.788298	 -1	 0.000000	 8.425253
148	 9	 9	 0	 316.474874	 -1	 0.000000	 12.915050
149	 9	 9	 1	 1.771268	 -1	 0.000000	 12.514438
150	 9	 9	 1	 8.944394	 -1	 0.000000	 7.343188
151	 9	 9	 1	 8.712817	 -1	 0.000000	 10.343034
152	 9	 9	 0	 223.144812	 -1	 0.000000	 8.608717
153	 9	 9	 1	 7.913325	 -1	 0.000000	 7.215540
154	 9	 9	 1	 9.259120	 -1	 0.000000	 7.847878
155	 9	 9	 1	 6.079927	 -1	 0.000000	 9.794273
156	 9	 9	 1	 2.260949	 -1	 0.000000	 8.613992
157	 9	 9	 1	 5.858615	 -1	 0.000000	 7.788990
158	 9	 9	 1	 13.350987	 -1	 0.000000	 7.846684
159	 9	 9	 1	 8.928661	 -1	 0.000000	 7.888237
160	 9	 9	 1	 5.541508	 -1	 0.000000	 9.126522
161	 9	 9	 1	 2.859242	 -1	 0.000000	 8.363749
162	 9	 9	 1	 9.225875	 -1	 0.000000	 8.190494
163	 9	 9	 0	 424.667007	 -1	 0.000000	 9.038188
164	 9	 9	 0	 358.567364	 -1	 0.000000	 11.893537
165	 9	 9	 0	 430.953870	 -1	 0.000000	 7.564781
166	 9	 9	 1	 1.670081	 -1	 0.000000	 11.381020
167	 9	 9	 1	 6.837902	 -1	 0.000000	 7.694500
168	 9	 9	 0	 127.076072	 -1	 0.000000	 15.826256
169	 9	 9	 1	 6.364253	 -1	 0.000000	 9.017611
170	 9	 9	 1	 7.414987	 -1	 0.000000	 7.625130
171	 9	 9	 1	 1.562779	 -1	 0.000000	 11.957586
172	 9	 9	 1	 4.044955	 -1	 0.000000	 8.052312
173	 9	 9	 0	 373.707229	 -1	 0.000000	 10.332756
174	 9	 9	 0	 394.196993	 -1	 0.000000	 9.124574
175	 9	 9	 1	 3.508965	 -1	 0.000000	 11.164563
176	 9	 9	 0	 272.849881	 -1	 0.000000	 10.800183
177	 9	 9	 0	 251.371476	 -1	 0.000000	 10.205442
178	 9	 9	 1	 198.539066	 -1	 0.000000	 9.432338
179	 9	 9	 1	 3.395491	 -1	 0.000000	 7.868820
180	 9	 9	 1	 4.616067	 -1	 0.000000	 11.987129
181	 9	 9	 1	 6.749477	 -1	 0.000000	 11.775085
182	 9	 9	 1	 2.244458	 -1	 0.000000	 10.802350
183	 9	 9	 1	 19.629693	 -1	 0.000000	 11.393973
184	 9	 9	 1	 2.461430	 -1	 0.000000	 9.977727
185	 9	 9	 1	 4.918760	 -1	 0.000000	 8.303606
186	 9	 9	 1	 11.296324	 -1	 0.000000	 7.418752
187	 9	 9	 1	 7.694151	 -1	 0.000000	 8.114902
188	 9	 9	 1	 11.709426	 -1	 0.000000	 8.698176
189	 9	 9	 1	 7.682021	 -1	 0.000000	 8.498962
190	 9	 9	 1	 2.373396	 -1	 0.000000	 8.494038
191	 9	 9	 1	 3.589832	 -1	 0.000000	 7.527077
192	 9	 9	 1	 5.318509	 -1	 0.000000	 8.774157
193	 9	 9	 1	 149.873039	 -1	 0.000000	 10.761617
194	 9	 9	 0	 309.238590	 -1	 0.000000	 9.639505
195	 9	 9	 1	 1.820568	 -1	 0.000000	 11.633325
196	 9	 9	 1	 1.967853	 -1	 0.000000	 8.777077
197	 9	 9	 1	 96.196745	 -1	 0.000000	 9.081481
198	 9	 9	 1	 2.285389	 -1	 0.000000	 9.930749
199	 9	 9	 1	 8.512766	 -1	 0.000000	 8.395997
200	 9	 9	 1	 1.900647	 -1	 0.000000	 9.097816
201	 9	 9	 1	 4.363992	 -1	 0.000000	 7.473060
202	 9	 9	 1	 8.065148	 -1	 0.000000	 9.518291
203	 9	 9	 1	 13.413988	 -1	 0.000000	 10.284948
204	 9	 9	 1	 3.210400	 -1	 0.000000	 8.185147
205	 9	 9	 1	 5.327645	 -1	 0.000000	 8.602557
206	 9	 9	 1	 3.888781	 -1	 0.000000	 12.480520
207	 9	 9	 1	 2.456626	 -1	 0.000000	 8.671436
208	 9	 9	 1	 1.687779	 -1	 0.000000	 19.028404
209	 9	 9	 1	 8.697540	 -1	 0.000000	 7.337328
210	 9	 9	 1	 9.723205	 -1	 0.000000	 11.297772
211	 9	 9	 1	 6.698399	 -1	 0.000000	 7.841291
212	 9	 9	 1	 2.254636	 -1	 0.000000	 10.288976
213	 9	 9	 0	 231.652393	 -1	 0.000000	 10.372073
214	 9	 9	 1	 15.216763	 -1	 0.000000	 6.927304
215	 9	 9	 1	 4.692977	 -1	 0.000000	 7.981856
216	 9	 9	 0	 187.641740	 -1	 0.000000	 11.533511
217	 9	 9	 0	 264.122338	 -1	 0.000000	 8.351553
218	 9	 9	 1	 4.595343	 -1	 0.000000	 10.456674
219	 9	 9	 1	 3.078016	 -1	 0.000000	 8.626966
220	 9	 9	 1	 5.658579	 -1	 0.000000	 8.124249
221	 9	 9	 1	 2.858449	 -1	 0.000000	 7.565141
222	 9	 9	 1	 58.293054	 -1	 0.000000	 7.990080
223	 9	 9	 1	 9.342791	 -1	 0.000000	 7.571398
224	 9	 9	 1	 18.034665	 -1	 0.000000	 7.939401
225	 9	 9	 1	 160.355017	 -1	 0.000000	 13.458265
226	 9	 9	 1	 1.884624	 -1	 0.000000	 10.482499
227	 9	 9	 1	 6.641403	 -1	 0.000000	 9.964664
228	 9	 9	 1	 7.204688	 -1	 0.000000	 6.980178
229	 9	 9	 1	 3.323065	 -1	 0.000000	 8.193477
230	 9	 9	 1	 10.096767	 -1	 0.000000	 7.983907
231	 9	 9	 1	 6.244671	 -1	 0.000000	 8.121487
232	 9	 9	 1	 7.619779	 -1	 0.000000	 8.973099
233	 9	 9	 1	 4.020236	 -1	 0.000000	 8.840069
234	 9	 9	 1	 13.701676	 -1	 0.000000	 7.909538
235	 9	 9	 1	 7.067753	 -1	 0.000000	 7.272196
236	 9	 9	 1	 6.477111	 -1	 0.000000	 8.448997
237	 9	 9	 1	 1.747597	 -1	 0.000000	 11.813318
238	 9	 9	 1	 1.832612	 -1	 0.000000	 10.936414
239	 9	 9	 1	 11.163793	 -1	 0.000000	 7.427847
240	 9	 9	 1	 4.748954	 -1	 0.000000	 8.494360
241	 9	 9	 1	 67.169107	 -1	 0.000000	 11.540560
242	 9	 9	 1	 2.671754	 -1	 0.000000	 8.706923
243	 9	 9	 1	 9.532422	 -1	 0.000000	 7.120809
244	 9	 9	 0	 241.908236	 -1	 0.000000	 10.863434
245	 9	 9	 1	 1.585181	 -1	 0.000000	 11.873261
246	 9	 9	 1	 8.241396	 -1	 0.000000	 7.899213
247	 9	 9	 1	 7.250534	 -1	 0.000000	 12.916532
248	 9	 9	 1	 3.238200	 -1	 0.000000	 7.247889
249	 9	 9	 1	 21.573555	 -1	 0.000000	 7.499002
250	 9	 9	 1	 5.312702	 -1	 0.000000	 8.464213
251	 9	 9	 1	 5.625081	 -1	 0.000000	 8.550947
252	 9	 9	 0	 246.201988	 -1	 0.000000	 13.847247
253	 9	 9	 1	 1.844961	 -1	 0.000000	 9.162923
254	 9	 9	 0	 274.013821	 -1	 0.000000	 10.859269
255	 9	 9	 1	 10.044286	 -1	 0.000000	 8.500031
256	 9	 9	 0	 255.781550	 -1	 0.000000	 9.263522
257	 9	 9	 0	 285.974229	 -1	 0.000000	 9.044845
258	 9	 9	 1	 1.886582	 -1	 0.000000	 10.140894
259	 9	 9	 1	 2.476202	 -1	 0.000000	 9.619089
260	 9	 9	 1	 8.060591	 -1	 0.000000	 9.570859
261	 9	 9	 1	 12.769249	 -1	 0.000000	 10.002220
262	 9	 9	 1	 5.928573	 -1	 0.000000	 7.090595
263	 9	 9	 1	 8.165864	 -1	 0.000000	 8.052488
264	 9	 9	 1	 5.816149	 -1	 0.000000	 12.093305
265	 9	 9	 1	 2.205105	 -1	 0.000000	 8.132276
266	 9	 9	 1	 42.864741	 -1	 0.000000	 13.621174
267	 9	 9	 1	 9.719511	 -1	 0.000000	 8.536412
268	 9	 9	 0	 189.382911	 -1	 0.000000	 8.183491
269	 9	 9	 1	 2.605319	 -1	 0.000000	 8.072634
270	 9	 9	 1	 9.222316	 -1	 0.000000	 7.426943
272	 9	 9	 1	 3.774790	 -1	 0.000000	 8.112060
273	 9	 9	 1	 48.240207	 -1	 0.000000	 7.220785
274	 9	 9	 1	 1.805032	 -1	 0.000000	 10.658842
275	 9	 9	 1	 6.628639	 -1	 0.000000	 8.262838
276	 9	 9	 0	 214.704590	 -1	 0.000000	 12.898558
277	 9	 9	 1	 14.420586	 -1	 0.000000	 7.645952
278	 9	 9	 1	 8.995770	 -1	 0.000000	 7.145363
280	 9	 9	 1	 2.498000	 -1	 0.000000	 8.061279
281	 9	 9	 1	 2.244921	 -1	 0.000000	 11.209645
283	 9	 9	 0	 446.499446	 -1	 0.000000	 10.373417
284	 9	 9	 1	 3.988878	 -1	 0.000000	 8.891893
285	 9	 9	 1	 11.260793	 -1	 0.000000	 7.799066
286	 9	 9	 1	 3.545669	 -1	 0.000000	 9.106771
287	 9	 9	 0	 293.235950	 -1	 0.000000	 10.374377
289	 9	 9	 1	 3.466326	 -1	 0.000000	 8.842998
290	 9	 9	 1	 9.862468	 -1	 0.000000	 8.369447
291	 9	 9	 1	 6.922611	 -1	 0.000000	 8.070546
292	 9	 9	 0	 274.024985	 -1	 0.000000	 7.231596
294	 9	 9	 1	 1.760605	 -1	 0.000000	 12.234116
295	 9	 9	 1	 10.524944	 -1	 0.000000	 13.131176
296	 9	 9	 1	 2.279983	 -1	 0.000000	 11.299033
297	 9	 9	 1	 2.414900	 -1	 0.000000	 8.985449
299	 9	 9	 1	 5.238293	 -1	 0.000000	 8.132565
301	 9	 9	 0	 495.604752	 -1	 0.000000	 7.291520
303	 9	 9	 1	 4.768787	 -1	 0.000000	 9.046696
305	 9	 9	 1	 2.211263	 -1	 0.000000	 8.983075
1822	 13	 13	 0	 347.536889	 -1	 0.000000	 6.739099
308	 9	 9	 1	 6.019596	 -1	 0.000000	 7.168261
309	 9	 9	 1	 51.621133	 -1	 0.000000	 7.197930
310	 9	 9	 1	 23.791643	 -1	 0.000000	 8.817934
80	 9	 9	 1	 4.294722	 -1	 0.000000	 10.971492
81	 9	 9	 1	 4.186466	 -1	 0.000000	 8.859662
82	 9	 9	 1	 2.845616	 -1	 0.000000	 8.121311
83	 9	 9	 1	 2.027408	 -1	 0.000000	 9.417537
84	 9	 9	 1	 2.377534	 -1	 0.000000	 14.897045
85	 9	 9	 1	 6.884782	 -1	 0.000000	 8.977718
86	 9	 9	 1	 2.046837	 -1	 0.000000	 9.304125
87	 9	 9	 1	 8.029128	 -1	 0.000000	 7.402769
88	 9	 9	 1	 4.901229	 -1	 0.000000	 8.519522
89	 9	 9	 1	 1.872759	 -1	 0.000000	 8.701986
90	 9	 9	 1	 73.613290	 -1	 0.000000	 8.064134
91	 9	 9	 1	 1.881476	 -1	 0.000000	 8.985768
92	 9	 9	 1	 2.320952	 -1	 0.000000	 10.686554
93	 9	 9	 1	 157.998829	 -1	 0.000000	 9.008648
94	 9	 9	 0	 357.536767	 -1	 0.000000	 11.315428
95	 9	 9	 0	 459.494262	 -1	 0.000000	 10.446671
96	 9	 9	 0	 209.305483	 -1	 0.000000	 13.387137
97	 9	 9	 1	 3.790379	 -1	 0.000000	 11.542421
98	 9	 9	 1	 14.213047	 -1	 0.000000	 8.425781
99	 9	 9	 0	 314.003876	 -1	 0.000000	 10.118034
100	 9	 9	 1	 2.057871	 -1	 0.000000	 9.683690
101	 9	 9	 1	 15.213519	 -1	 0.000000	 11.576807
102	 9	 9	 1	 3.206473	 -1	 0.000000	 10.919142
103	 9	 9	 1	 5.313234	 -1	 0.000000	 7.477232
104	 9	 9	 1	 1.914492	 -1	 0.000000	 10.018463
105	 9	 9	 1	 4.161703	 -1	 0.000000	 9.950787
106	 9	 9	 1	 2.074117	 -1	 0.000000	 10.283276
107	 9	 9	 1	 8.114119	 -1	 0.000000	 10.658546
108	 9	 9	 1	 9.495226	 -1	 0.000000	 6.535287
109	 9	 9	 1	 5.092529	 -1	 0.000000	 10.346656
110	 9	 9	 1	 3.194378	 -1	 0.000000	 11.174125
111	 9	 9	 0	 339.664099	 -1	 0.000000	 12.651721
112	 9	 9	 1	 2.929103	 -1	 0.000000	 8.267014
113	 9	 9	 1	 2.954607	 -1	 0.000000	 8.055736
114	 9	 9	 1	 3.363678	 -1	 0.000000	 12.044369
115	 9	 9	 1	 16.300437	 -1	 0.000000	 9.093617
116	 9	 9	 1	 4.084486	 -1	 0.000000	 9.084554
117	 9	 9	 1	 2.539584	 -1	 0.000000	 9.555078
118	 9	 9	 1	 2.230972	 -1	 0.000000	 10.218835
119	 9	 9	 1	 2.148189	 -1	 0.000000	 11.581129
120	 9	 9	 1	 7.933189	 -1	 0.000000	 8.458920
121	 9	 9	 1	 2.150233	 -1	 0.000000	 9.395643
122	 9	 9	 1	 8.462092	 -1	 0.000000	 7.842577
80	 11	 11	 1	 2.928886	 -1	 0.000000	 10.973440
81	 11	 11	 1	 3.087144	 -1	 0.000000	 16.162041
82	 11	 11	 1	 4.887202	 -1	 0.000000	 8.139161
83	 11	 11	 1	 4.655345	 -1	 0.000000	 8.846316
84	 11	 11	 1	 4.196270	 -1	 0.000000	 8.044258
85	 11	 11	 1	 3.129676	 -1	 0.000000	 12.681001
86	 11	 11	 1	 3.017479	 -1	 0.000000	 12.341206
87	 11	 11	 1	 4.949368	 -1	 0.000000	 8.729130
88	 11	 11	 1	 5.809238	 -1	 0.000000	 7.702234
89	 11	 11	 1	 35.751179	 -1	 0.000000	 12.309782
90	 11	 11	 1	 4.951130	 -1	 0.000000	 8.133298
91	 11	 11	 1	 41.270055	 -1	 0.000000	 8.301971
93	 11	 11	 1	 4.258623	 -1	 0.000000	 9.623263
94	 11	 11	 1	 33.224469	 -1	 0.000000	 8.297020
95	 11	 11	 1	 30.265982	 -1	 0.000000	 10.920970
96	 11	 11	 1	 3.419113	 -1	 0.000000	 12.091678
97	 11	 11	 1	 5.439527	 -1	 0.000000	 7.642730
2215	 11	 11	 0	 458.091258	 -1	 0.000000	 10.447928
98	 11	 11	 1	 3.314343	 -1	 0.000000	 11.932347
99	 11	 11	 1	 3.499860	 -1	 0.000000	 8.784414
100	 11	 11	 1	 3.141497	 -1	 0.000000	 11.342242
101	 11	 11	 1	 2.872782	 -1	 0.000000	 10.908403
102	 11	 11	 1	 2.830444	 -1	 0.000000	 13.974099
103	 11	 11	 1	 5.382367	 -1	 0.000000	 8.111036
104	 11	 11	 1	 4.196903	 -1	 0.000000	 8.909346
105	 11	 11	 1	 4.201271	 -1	 0.000000	 9.175845
106	 11	 11	 1	 3.741909	 -1	 0.000000	 11.280339
107	 11	 11	 1	 3.787804	 -1	 0.000000	 8.523932
108	 11	 11	 1	 37.653710	 -1	 0.000000	 9.110048
109	 11	 11	 1	 5.278030	 -1	 0.000000	 8.242210
110	 11	 11	 1	 30.184506	 -1	 0.000000	 9.897103
111	 11	 11	 1	 5.164827	 -1	 0.000000	 8.093715
112	 11	 11	 1	 3.318121	 -1	 0.000000	 9.009555
113	 11	 11	 1	 45.988682	 -1	 0.000000	 9.626125
114	 11	 11	 1	 31.245689	 -1	 0.000000	 11.475379
115	 11	 11	 1	 44.931276	 -1	 0.000000	 8.193285
116	 11	 11	 1	 2.799391	 -1	 0.000000	 15.111355
117	 11	 11	 1	 66.841807	 -1	 0.000000	 7.260621
118	 11	 11	 1	 50.534622	 -1	 0.000000	 7.848994
119	 11	 11	 1	 4.284614	 -1	 0.000000	 8.756432
120	 11	 11	 1	 4.163572	 -1	 0.000000	 10.006632
121	 11	 11	 1	 3.721784	 -1	 0.000000	 8.477433
122	 11	 11	 1	 5.739391	 -1	 0.000000	 8.054052
123	 11	 11	 1	 3.589786	 -1	 0.000000	 10.510839
124	 11	 11	 1	 28.564645	 -1	 0.000000	 8.399773
125	 11	 11	 0	 448.571081	 -1	 0.000000	 6.862710
126	 11	 11	 1	 3.109617	 -1	 0.000000	 11.362086
127	 11	 11	 1	 3.570257	 -1	 0.000000	 12.057727
128	 11	 11	 1	 41.301750	 -1	 0.000000	 8.010148
129	 11	 11	 1	 3.212928	 -1	 0.000000	 9.961936
130	 11	 11	 1	 5.491752	 -1	 0.000000	 8.457364
131	 11	 11	 1	 28.314556	 -1	 0.000000	 10.056943
132	 11	 11	 1	 19.813445	 -1	 0.000000	 9.094904
133	 11	 11	 1	 4.957911	 -1	 0.000000	 7.996783
134	 11	 11	 1	 4.646091	 -1	 0.000000	 8.967517
135	 11	 11	 1	 3.799158	 -1	 0.000000	 10.059331
136	 11	 11	 1	 3.614211	 -1	 0.000000	 11.217949
137	 11	 11	 1	 51.452940	 -1	 0.000000	 7.856285
138	 11	 11	 1	 4.109936	 -1	 0.000000	 9.104753
140	 11	 11	 1	 31.594235	 -1	 0.000000	 12.882994
141	 11	 11	 1	 45.356854	 -1	 0.000000	 8.673146
142	 11	 11	 1	 3.323261	 -1	 0.000000	 9.885668
143	 11	 11	 1	 4.667718	 -1	 0.000000	 8.454997
144	 11	 11	 1	 4.312070	 -1	 0.000000	 8.524483
146	 11	 11	 1	 2.745529	 -1	 0.000000	 11.041327
147	 11	 11	 1	 3.060172	 -1	 0.000000	 13.758961
148	 11	 11	 1	 3.343552	 -1	 0.000000	 9.433225
149	 11	 11	 1	 65.864517	 -1	 0.000000	 6.847630
150	 11	 11	 1	 3.554699	 -1	 0.000000	 9.900097
151	 11	 11	 1	 36.293516	 -1	 0.000000	 7.289844
152	 11	 11	 1	 4.206905	 -1	 0.000000	 8.890817
153	 11	 11	 1	 5.441336	 -1	 0.000000	 8.019548
154	 11	 11	 1	 48.621493	 -1	 0.000000	 7.633016
155	 11	 11	 1	 4.896871	 -1	 0.000000	 7.608100
156	 11	 11	 1	 2.874167	 -1	 0.000000	 12.201252
157	 11	 11	 1	 3.362544	 -1	 0.000000	 14.374309
158	 11	 11	 1	 2.926159	 -1	 0.000000	 14.138731
159	 11	 11	 1	 33.886035	 -1	 0.000000	 9.745855
160	 11	 11	 1	 67.752852	 -1	 0.000000	 7.589717
161	 11	 11	 1	 3.621964	 -1	 0.000000	 9.329000
162	 11	 11	 1	 6.415014	 -1	 0.000000	 7.635229
163	 11	 11	 1	 48.776257	 -1	 0.000000	 8.199317
164	 11	 11	 1	 29.649822	 -1	 0.000000	 18.580456
165	 11	 11	 1	 5.453938	 -1	 0.000000	 8.067462
166	 11	 11	 1	 3.507017	 -1	 0.000000	 11.618605
167	 11	 11	 1	 4.174859	 -1	 0.000000	 9.275798
168	 11	 11	 1	 5.068010	 -1	 0.000000	 8.127771
169	 11	 11	 1	 34.848674	 -1	 0.000000	 9.173173
170	 11	 11	 1	 60.322307	 -1	 0.000000	 7.292781
171	 11	 11	 1	 4.946655	 -1	 0.000000	 7.810943
172	 11	 11	 1	 4.863754	 -1	 0.000000	 9.301379
173	 11	 11	 1	 3.976174	 -1	 0.000000	 8.701524
174	 11	 11	 1	 4.013513	 -1	 0.000000	 8.119211
175	 11	 11	 1	 3.106485	 -1	 0.000000	 9.454268
176	 11	 11	 1	 4.168683	 -1	 0.000000	 8.508369
177	 11	 11	 1	 3.354786	 -1	 0.000000	 11.197488
178	 11	 11	 1	 41.822214	 -1	 0.000000	 8.536114
179	 11	 11	 1	 3.867050	 -1	 0.000000	 10.484748
180	 11	 11	 1	 36.702464	 -1	 0.000000	 9.721668
181	 11	 11	 1	 3.831074	 -1	 0.000000	 9.083432
182	 11	 11	 1	 56.686744	 -1	 0.000000	 7.435860
183	 11	 11	 1	 3.035255	 -1	 0.000000	 11.332444
184	 11	 11	 1	 5.049819	 -1	 0.000000	 7.620035
186	 11	 11	 1	 4.504004	 -1	 0.000000	 8.803946
187	 11	 11	 1	 48.177939	 -1	 0.000000	 8.026565
188	 11	 11	 1	 4.277051	 -1	 0.000000	 10.045170
189	 11	 11	 1	 4.046610	 -1	 0.000000	 10.105067
190	 11	 11	 1	 2.713621	 -1	 0.000000	 12.258036
191	 11	 11	 1	 4.133315	 -1	 0.000000	 8.429255
192	 11	 11	 1	 2.890930	 -1	 0.000000	 12.305930
193	 11	 11	 1	 39.647623	 -1	 0.000000	 8.272269
195	 11	 11	 1	 3.910876	 -1	 0.000000	 8.729194
196	 11	 11	 1	 3.268369	 -1	 0.000000	 13.724671
197	 11	 11	 1	 2.901177	 -1	 0.000000	 15.679711
198	 11	 11	 1	 3.715280	 -1	 0.000000	 8.324260
199	 11	 11	 1	 36.538148	 -1	 0.000000	 9.039974
200	 11	 11	 1	 50.155177	 -1	 0.000000	 7.443679
201	 11	 11	 1	 4.795614	 -1	 0.000000	 8.283757
202	 11	 11	 1	 31.366835	 -1	 0.000000	 11.853409
203	 11	 11	 1	 4.166086	 -1	 0.000000	 9.122808
205	 11	 11	 1	 54.740598	 -1	 0.000000	 8.079719
206	 11	 11	 1	 4.732544	 -1	 0.000000	 7.917190
207	 11	 11	 1	 3.025346	 -1	 0.000000	 13.799981
208	 11	 11	 1	 6.868779	 -1	 0.000000	 7.338910
209	 11	 11	 1	 38.576054	 -1	 0.000000	 8.719935
210	 11	 11	 1	 49.986317	 -1	 0.000000	 7.258184
211	 11	 11	 1	 62.408060	 -1	 0.000000	 8.554967
212	 11	 11	 1	 3.158331	 -1	 0.000000	 11.386543
213	 11	 11	 1	 35.540723	 -1	 0.000000	 9.187374
214	 11	 11	 1	 3.380531	 -1	 0.000000	 10.046580
215	 11	 11	 1	 2.904568	 -1	 0.000000	 11.330420
216	 11	 11	 1	 55.349210	 -1	 0.000000	 7.713655
641	 11	 11	 0	 457.637375	 -1	 0.000000	 2.712731
217	 11	 11	 1	 4.932792	 -1	 0.000000	 7.893576
218	 11	 11	 1	 4.559734	 -1	 0.000000	 8.654429
219	 11	 11	 1	 3.329005	 -1	 0.000000	 15.446342
220	 11	 11	 1	 50.825873	 -1	 0.000000	 7.316111
221	 11	 11	 1	 31.358490	 -1	 0.000000	 8.815544
222	 11	 11	 1	 3.379112	 -1	 0.000000	 9.099011
223	 11	 11	 1	 6.161474	 -1	 0.000000	 7.696011
224	 11	 11	 1	 4.196276	 -1	 0.000000	 10.214516
225	 11	 11	 1	 43.537738	 -1	 0.000000	 8.831367
226	 11	 11	 1	 3.710648	 -1	 0.000000	 8.793159
227	 11	 11	 1	 4.137140	 -1	 0.000000	 9.404124
228	 11	 11	 1	 3.387211	 -1	 0.000000	 11.494944
229	 11	 11	 1	 64.709307	 -1	 0.000000	 9.183471
230	 11	 11	 1	 2.661381	 -1	 0.000000	 12.748112
231	 11	 11	 1	 5.860089	 -1	 0.000000	 7.514339
232	 11	 11	 1	 3.923726	 -1	 0.000000	 9.578548
233	 11	 11	 1	 3.194532	 -1	 0.000000	 11.379021
234	 11	 11	 1	 45.996242	 -1	 0.000000	 9.120704
235	 11	 11	 1	 31.954060	 -1	 0.000000	 8.712789
236	 11	 11	 1	 4.609318	 -1	 0.000000	 9.134076
237	 11	 11	 1	 2.950476	 -1	 0.000000	 15.538226
238	 11	 11	 1	 3.470533	 -1	 0.000000	 10.506093
239	 11	 11	 1	 45.271783	 -1	 0.000000	 7.824615
241	 11	 11	 1	 31.783145	 -1	 0.000000	 14.322690
242	 11	 11	 1	 3.702231	 -1	 0.000000	 8.616236
243	 11	 11	 1	 25.942195	 -1	 0.000000	 10.282340
244	 11	 11	 1	 35.923554	 -1	 0.000000	 9.232043
245	 11	 11	 1	 40.897667	 -1	 0.000000	 8.246287
246	 11	 11	 1	 4.786999	 -1	 0.000000	 8.073594
247	 11	 11	 1	 37.833090	 -1	 0.000000	 10.810959
249	 11	 11	 1	 5.648386	 -1	 0.000000	 7.874098
250	 11	 11	 1	 4.422451	 -1	 0.000000	 9.088578
251	 11	 11	 1	 6.159808	 -1	 0.000000	 8.401492
252	 11	 11	 1	 2.871717	 -1	 0.000000	 11.485398
253	 11	 11	 1	 43.429507	 -1	 0.000000	 8.905797
254	 11	 11	 1	 7.473304	 -1	 0.000000	 7.075005
255	 11	 11	 1	 3.471800	 -1	 0.000000	 9.143223
256	 11	 11	 1	 5.011036	 -1	 0.000000	 8.753644
257	 11	 11	 1	 5.651873	 -1	 0.000000	 7.975489
258	 11	 11	 1	 3.149712	 -1	 0.000000	 10.274266
259	 11	 11	 1	 43.295103	 -1	 0.000000	 8.538726
261	 11	 11	 1	 5.927642	 -1	 0.000000	 7.767877
262	 11	 11	 1	 3.846634	 -1	 0.000000	 9.002173
263	 11	 11	 1	 5.552667	 -1	 0.000000	 7.972253
301	 11	 11	 1	 3.231110	 -1	 0.000000	 11.051541
302	 11	 11	 1	 58.977187	 -1	 0.000000	 9.110825
303	 11	 11	 1	 3.939332	 -1	 0.000000	 8.730796
304	 11	 11	 1	 3.996284	 -1	 0.000000	 9.283224
305	 11	 11	 1	 4.479753	 -1	 0.000000	 8.738222
306	 11	 11	 1	 44.646266	 -1	 0.000000	 7.866107
307	 11	 11	 1	 2.937316	 -1	 0.000000	 10.359661
308	 11	 11	 1	 2.902619	 -1	 0.000000	 10.487085
309	 11	 11	 1	 5.353322	 -1	 0.000000	 7.902081
310	 11	 11	 1	 29.219855	 -1	 0.000000	 7.980349
311	 11	 11	 1	 42.701680	 -1	 0.000000	 7.690796
312	 11	 11	 1	 4.044756	 -1	 0.000000	 8.681376
313	 11	 11	 1	 3.495233	 -1	 0.000000	 9.177192
314	 11	 11	 1	 4.376453	 -1	 0.000000	 8.788939
315	 11	 11	 1	 5.914557	 -1	 0.000000	 7.765757
316	 11	 11	 1	 3.133447	 -1	 0.000000	 10.696396
317	 11	 11	 1	 4.895755	 -1	 0.000000	 8.828801
318	 11	 11	 1	 34.086391	 -1	 0.000000	 12.194204
319	 11	 11	 1	 44.621111	 -1	 0.000000	 7.550729
286	 11	 11	 1	 3.875587	 -1	 0.000000	 10.372167
287	 11	 11	 0	 451.052436	 -1	 0.000000	 7.710048
320	 11	 11	 1	 4.270086	 -1	 0.000000	 8.984884
321	 11	 11	 1	 4.287001	 -1	 0.000000	 8.453657
322	 11	 11	 1	 45.137233	 -1	 0.000000	 8.350492
323	 11	 11	 1	 2.900034	 -1	 0.000000	 28.805063
324	 11	 11	 1	 32.036393	 -1	 0.000000	 8.066843
325	 11	 11	 1	 5.183196	 -1	 0.000000	 8.742771
326	 11	 11	 1	 3.458424	 -1	 0.000000	 9.113540
327	 11	 11	 1	 30.857995	 -1	 0.000000	 11.065087
328	 11	 11	 1	 4.349884	 -1	 0.000000	 9.410854
329	 11	 11	 1	 39.193781	 -1	 0.000000	 7.420281
330	 11	 11	 1	 3.427076	 -1	 0.000000	 9.565867
331	 11	 11	 1	 33.311214	 -1	 0.000000	 17.166250
332	 11	 11	 1	 70.730585	 -1	 0.000000	 6.842953
333	 11	 11	 1	 36.376203	 -1	 0.000000	 8.332475
334	 11	 11	 1	 5.409962	 -1	 0.000000	 7.753310
335	 11	 11	 1	 3.610383	 -1	 0.000000	 10.742072
336	 11	 11	 1	 8.316022	 -1	 0.000000	 7.499953
337	 11	 11	 1	 62.720319	 -1	 0.000000	 7.184055
338	 11	 11	 1	 5.224313	 -1	 0.000000	 7.678130
339	 11	 11	 1	 46.063823	 -1	 0.000000	 8.049687
340	 11	 11	 1	 3.688726	 -1	 0.000000	 9.640759
341	 11	 11	 1	 3.559122	 -1	 0.000000	 9.839307
342	 11	 11	 1	 32.017197	 -1	 0.000000	 9.153934
343	 11	 11	 1	 3.803287	 -1	 0.000000	 8.808274
>>> gr_fir_ccf: using E
>>> gr_fir_fff: using E
terminate called after throwing an instance of 'std::invalid_argument'
  what():  gr_ofdm_demod: Incorrect subcarriers allocated
>>> gr_fir_ccf: using E
>>> gr_fir_fff: using E
gr_buffer::allocate_buffer: warning: tried to allocate
   25 items of size 2544. Due to alignment requirements
   256 were allocated.  If this isn't OK, consider padding
   your structure to a power-of-two bytes.
   On this platform, our allocation granularity is 4096 bytes.
80	 10	 10	 1	 139.806393	 -1	 0.000000	 10.061944
81	 10	 10	 1	 184.292202	 -1	 0.000000	 8.583684
82	 10	 10	 1	 107.819444	 -1	 0.000000	 10.918436
83	 10	 10	 0	 433.550853	 -1	 0.000000	 11.254438
84	 10	 10	 0	 341.888105	 -1	 0.000000	 14.998414
85	 10	 10	 1	 206.944939	 -1	 0.000000	 8.831030
86	 10	 10	 1	 154.042222	 -1	 0.000000	 9.757459
87	 10	 10	 1	 111.218420	 -1	 0.000000	 9.691839
88	 10	 10	 1	 111.262981	 -1	 0.000000	 10.187407
89	 10	 10	 0	 396.506074	 -1	 0.000000	 7.933200
90	 10	 10	 1	 161.613159	 -1	 0.000000	 10.075898
91	 10	 10	 0	 434.638759	 -1	 0.000000	 6.796772
92	 10	 10	 1	 141.484190	 -1	 0.000000	 12.002937
93	 10	 10	 0	 429.298805	 -1	 0.000000	 7.538785
94	 10	 10	 1	 185.493868	 -1	 0.000000	 7.904227
95	 10	 10	 0	 422.368618	 -1	 0.000000	 8.860800
96	 10	 10	 1	 258.748442	 -1	 0.000000	 7.337942
97	 10	 10	 0	 422.326278	 -1	 0.000000	 9.882902
98	 10	 10	 1	 155.481070	 -1	 0.000000	 8.573427
99	 10	 10	 1	 166.556907	 -1	 0.000000	 8.232583
100	 10	 10	 0	 376.742870	 -1	 0.000000	 8.756082
101	 10	 10	 1	 124.040662	 -1	 0.000000	 17.776127
102	 10	 10	 0	 417.844286	 -1	 0.000000	 7.645766
103	 10	 10	 0	 408.113825	 -1	 0.000000	 8.671268
915	 5	 5	 0	 403.727414	 -1	 0.000000	 3.111907
104	 10	 10	 1	 106.905681	 -1	 0.000000	 10.591300
105	 10	 10	 0	 427.748376	 -1	 0.000000	 7.587451
106	 10	 10	 1	 248.721447	 -1	 0.000000	 7.269151
107	 10	 10	 0	 402.027689	 -1	 0.000000	 10.495753
108	 10	 10	 0	 414.830672	 -1	 0.000000	 8.023363
109	 10	 10	 1	 184.729956	 -1	 0.000000	 7.723757
110	 10	 10	 1	 304.815542	 -1	 0.000000	 7.164267
111	 10	 10	 0	 440.448240	 -1	 0.000000	 8.140018
112	 10	 10	 0	 439.305495	 -1	 0.000000	 7.379464
113	 10	 10	 0	 420.980080	 -1	 0.000000	 8.353182
114	 10	 10	 0	 426.757067	 -1	 0.000000	 7.331524
115	 10	 10	 1	 181.516742	 -1	 0.000000	 9.702275
116	 10	 10	 0	 422.110342	 -1	 0.000000	 7.198435
117	 10	 10	 0	 432.919869	 -1	 0.000000	 7.942204
118	 10	 10	 0	 399.367333	 -1	 0.000000	 12.205616
119	 10	 10	 1	 208.800345	 -1	 0.000000	 7.384172
120	 10	 10	 0	 444.089699	 -1	 0.000000	 7.743183
121	 10	 10	 0	 449.079295	 -1	 0.000000	 6.618313
122	 10	 10	 1	 191.340031	 -1	 0.000000	 7.314052
123	 10	 10	 0	 395.542217	 -1	 0.000000	 10.294984
124	 10	 10	 0	 400.437695	 -1	 0.000000	 9.319031
125	 10	 10	 1	 199.843669	 -1	 0.000000	 9.152255
126	 10	 10	 0	 397.723649	 -1	 0.000000	 9.842919
127	 10	 10	 0	 391.557518	 -1	 0.000000	 9.794271
128	 10	 10	 1	 153.398499	 -1	 0.000000	 8.426585
129	 10	 10	 0	 422.802556	 -1	 0.000000	 9.637284
130	 10	 10	 0	 438.263866	 -1	 0.000000	 6.614072
131	 10	 10	 0	 440.524562	 -1	 0.000000	 6.876539
132	 10	 10	 1	 141.493031	 -1	 0.000000	 8.348256
133	 10	 10	 1	 117.930318	 -1	 0.000000	 10.427936
134	 10	 10	 0	 371.414985	 -1	 0.000000	 11.512391
135	 10	 10	 1	 229.691368	 -1	 0.000000	 7.495043
136	 10	 10	 1	 136.318579	 -1	 0.000000	 9.349221
137	 10	 10	 1	 244.789553	 -1	 0.000000	 7.606710
138	 10	 10	 1	 108.648362	 -1	 0.000000	 11.926084
139	 10	 10	 1	 176.823709	 -1	 0.000000	 7.490784
140	 10	 10	 1	 159.011191	 -1	 0.000000	 10.125329
142	 10	 10	 0	 407.913719	 -1	 0.000000	 8.723625
143	 10	 10	 0	 421.865686	 -1	 0.000000	 10.373806
144	 10	 10	 1	 260.366571	 -1	 0.000000	 7.369705
145	 10	 10	 1	 179.338863	 -1	 0.000000	 8.075308
146	 10	 10	 1	 317.475278	 -1	 0.000000	 6.798728
147	 10	 10	 1	 116.804578	 -1	 0.000000	 14.653013
148	 10	 10	 0	 420.288117	 -1	 0.000000	 12.734416
149	 10	 10	 1	 143.705424	 -1	 0.000000	 9.044477
150	 10	 10	 1	 157.100526	 -1	 0.000000	 8.206092
151	 10	 10	 0	 435.357543	 -1	 0.000000	 9.178437
152	 10	 10	 1	 192.179866	 -1	 0.000000	 8.347938
153	 10	 10	 1	 156.417260	 -1	 0.000000	 9.392224
154	 10	 10	 1	 175.045934	 -1	 0.000000	 8.390421
155	 10	 10	 1	 139.744236	 -1	 0.000000	 17.579147
156	 10	 10	 1	 229.795336	 -1	 0.000000	 7.928272
157	 10	 10	 0	 444.358672	 -1	 0.000000	 7.368027
158	 10	 10	 1	 166.710820	 -1	 0.000000	 9.516825
159	 10	 10	 1	 142.732189	 -1	 0.000000	 10.293954
160	 10	 10	 1	 144.328546	 -1	 0.000000	 9.272944
161	 10	 10	 0	 430.276098	 -1	 0.000000	 7.670281
162	 10	 10	 0	 422.325762	 -1	 0.000000	 8.617368
163	 10	 10	 1	 180.389166	 -1	 0.000000	 8.954042
164	 10	 10	 1	 262.084334	 -1	 0.000000	 6.626884
165	 10	 10	 1	 192.466512	 -1	 0.000000	 8.001540
166	 10	 10	 1	 124.131766	 -1	 0.000000	 8.894376
167	 10	 10	 1	 141.970295	 -1	 0.000000	 10.261095
168	 10	 10	 1	 101.201906	 -1	 0.000000	 13.131941
169	 10	 10	 0	 414.709330	 -1	 0.000000	 7.677392
170	 10	 10	 1	 102.231659	 -1	 0.000000	 11.181240
171	 10	 10	 0	 453.237484	 -1	 0.000000	 6.961020
172	 10	 10	 1	 111.837527	 -1	 0.000000	 10.748586
173	 10	 10	 1	 133.981138	 -1	 0.000000	 12.489371
174	 10	 10	 1	 143.015701	 -1	 0.000000	 10.153612
175	 10	 10	 0	 411.461694	 -1	 0.000000	 14.011418
176	 10	 10	 0	 401.603875	 -1	 0.000000	 12.529039
177	 10	 10	 1	 191.546116	 -1	 0.000000	 7.289701
2830	 15	 15	 0	 369.134749	 -1	 0.000000	 7.080092
178	 10	 10	 1	 205.508712	 -1	 0.000000	 8.613969
>>> gr_fir_ccf: using E
>>> gr_fir_fff: using E
gr_buffer::allocate_buffer: warning: tried to allocate
   25 items of size 2544. Due to alignment requirements
   256 were allocated.  If this isn't OK, consider padding
   your structure to a power-of-two bytes.
   On this platform, our allocation granularity is 4096 bytes.
