>>> gr_fir_ccf: using E
>>> gr_fir_fff: using E
gr_buffer::allocate_buffer: warning: tried to allocate
   22 items of size 2928. Due to alignment requirements
   256 were allocated.  If this isn't OK, consider padding
   your structure to a power-of-two bytes.
   On this platform, our allocation granularity is 4096 bytes.
20	 13	 13	 1	 29.148483	 -1	 0.000000	 11.944284
22	 13	 13	 1	 0.000001	 -1	 0.000000	 8.379210
23	 13	 13	 1	 0.000012	 -1	 0.000000	 9.959361
24	 13	 13	 1	 0.000017	 -1	 0.000000	 8.355623
25	 13	 13	 1	 0.000004	 -1	 0.000000	 9.044580
26	 13	 13	 1	 0.000012	 -1	 0.000000	 10.960033
27	 13	 13	 1	 0.000006	 -1	 0.000000	 8.268820
28	 13	 13	 1	 0.000003	 -1	 0.000000	 11.708488
29	 13	 13	 1	 0.000007	 -1	 0.000000	 11.024548
30	 13	 13	 1	 0.000166	 -1	 0.000000	 8.915026
31	 13	 13	 1	 0.000015	 -1	 0.000000	 8.392924
32	 13	 13	 1	 0.000006	 -1	 0.000000	 6.831513
33	 13	 13	 1	 0.000014	 -1	 0.000000	 13.383700
34	 13	 13	 1	 0.000001	 -1	 0.000000	 8.849901
35	 13	 13	 1	 0.000006	 -1	 0.000000	 13.281103
36	 13	 13	 1	 0.000009	 -1	 0.000000	 12.002107
37	 13	 13	 1	 0.000005	 -1	 0.000000	 7.384723
38	 13	 13	 1	 0.000017	 -1	 0.000000	 10.217201
39	 13	 13	 1	 0.000005	 -1	 0.000000	 9.259061
40	 13	 13	 1	 0.000004	 -1	 0.000000	 12.658381
41	 13	 13	 1	 0.000012	 -1	 0.000000	 8.130244
42	 13	 13	 1	 0.000006	 -1	 0.000000	 11.492832
43	 13	 13	 1	 0.000004	 -1	 0.000000	 7.216682
44	 13	 13	 1	 0.000004	 -1	 0.000000	 11.539964
45	 13	 13	 1	 32.701849	 -1	 0.000000	 9.657757
46	 13	 13	 1	 1.326180	 -1	 0.000000	 12.641822
47	 13	 13	 1	 0.000004	 -1	 0.000000	 7.508341
48	 13	 13	 1	 0.000003	 -1	 0.000000	 11.401752
49	 13	 13	 1	 2.841339	 -1	 0.000000	 9.668733
50	 13	 13	 1	 0.000005	 -1	 0.000000	 9.994746
233	 10	 10	 0	 479.695699	 -1	 0.000000	 3.631748
51	 13	 13	 1	 0.000002	 -1	 0.000000	 11.913316
52	 13	 13	 1	 0.000001	 -1	 0.000000	 8.470154
53	 13	 13	 1	 0.000018	 -1	 0.000000	 7.416867
54	 13	 13	 1	 0.000001	 -1	 0.000000	 6.714924
55	 13	 13	 1	 0.000006	 -1	 0.000000	 13.384390
56	 13	 13	 1	 0.000006	 -1	 0.000000	 10.531113
57	 13	 13	 1	 0.000004	 -1	 0.000000	 9.256442
58	 13	 13	 1	 0.000014	 -1	 0.000000	 9.114021
59	 13	 13	 1	 0.015935	 -1	 0.000000	 12.758766
60	 13	 13	 1	 0.000005	 -1	 0.000000	 10.133379
61	 13	 13	 1	 0.000009	 -1	 0.000000	 13.459871
62	 13	 13	 1	 0.000001	 -1	 0.000000	 8.549444
63	 13	 13	 1	 0.000003	 -1	 0.000000	 8.824293
64	 13	 13	 1	 0.000005	 -1	 0.000000	 8.904556
65	 13	 13	 1	 0.000006	 -1	 0.000000	 9.650922
66	 13	 13	 1	 0.000015	 -1	 0.000000	 15.909180
67	 13	 13	 1	 0.000004	 -1	 0.000000	 8.425500
68	 13	 13	 1	 0.000019	 -1	 0.000000	 11.135457
69	 13	 13	 1	 0.000004	 -1	 0.000000	 10.169638
71	 13	 13	 1	 0.000002	 -1	 0.000000	 10.490048
72	 13	 13	 1	 0.000006	 -1	 0.000000	 13.332973
73	 13	 13	 1	 0.000003	 -1	 0.000000	 13.545557
74	 13	 13	 1	 0.000004	 -1	 0.000000	 8.611387
75	 13	 13	 1	 0.000006	 -1	 0.000000	 16.247831
76	 13	 13	 1	 0.000002	 -1	 0.000000	 7.636998
77	 13	 13	 1	 0.000005	 -1	 0.000000	 9.598613
78	 13	 13	 1	 0.000003	 -1	 0.000000	 9.050261
79	 13	 13	 1	 0.000001	 -1	 0.000000	 9.058445
80	 13	 13	 1	 0.000007	 -1	 0.000000	 12.010209
81	 13	 13	 1	 0.000002	 -1	 0.000000	 14.083694
82	 13	 13	 1	 0.000001	 -1	 0.000000	 10.071889
83	 13	 13	 1	 0.000012	 -1	 0.000000	 14.779839
84	 13	 13	 1	 0.000004	 -1	 0.000000	 9.493421
85	 13	 13	 1	 0.000006	 -1	 0.000000	 9.277732
86	 13	 13	 1	 0.000008	 -1	 0.000000	 13.093152
87	 13	 13	 1	 0.000007	 -1	 0.000000	 9.425828
88	 13	 13	 1	 0.000003	 -1	 0.000000	 7.905664
89	 13	 13	 1	 0.000001	 -1	 0.000000	 7.116089
90	 13	 13	 1	 0.000002	 -1	 0.000000	 14.742079
91	 13	 13	 1	 0.000009	 -1	 0.000000	 8.254901
92	 13	 13	 1	 0.003256	 -1	 0.000000	 11.860941
93	 13	 13	 1	 0.009704	 -1	 0.000000	 8.019378
94	 13	 13	 1	 0.000003	 -1	 0.000000	 8.003901
95	 13	 13	 1	 0.000016	 -1	 0.000000	 11.343233
97	 13	 13	 1	 0.000006	 -1	 0.000000	 17.067587
98	 13	 13	 1	 0.000015	 -1	 0.000000	 10.781938
99	 13	 13	 1	 0.000004	 -1	 0.000000	 11.776791
100	 13	 13	 1	 0.000002	 -1	 0.000000	 11.879088
101	 13	 13	 1	 0.000007	 -1	 0.000000	 9.154542
102	 13	 13	 1	 0.000001	 -1	 0.000000	 10.926433
103	 13	 13	 1	 0.000014	 -1	 0.000000	 17.632847
104	 13	 13	 1	 0.000005	 -1	 0.000000	 8.208374
105	 13	 13	 1	 0.000010	 -1	 0.000000	 8.183982
106	 13	 13	 1	 0.152281	 -1	 0.000000	 10.901645
107	 13	 13	 1	 0.000007	 -1	 0.000000	 9.726722
108	 13	 13	 1	 0.000012	 -1	 0.000000	 9.931731
109	 13	 13	 1	 0.000004	 -1	 0.000000	 9.681052
110	 13	 13	 1	 0.000002	 -1	 0.000000	 7.602583
111	 13	 13	 1	 0.000007	 -1	 0.000000	 9.283183
112	 13	 13	 1	 0.000006	 -1	 0.000000	 12.860078
113	 13	 13	 1	 0.000015	 -1	 0.000000	 13.261052
114	 13	 13	 1	 0.000004	 -1	 0.000000	 9.001394
115	 13	 13	 1	 0.000012	 -1	 0.000000	 8.216563
116	 13	 13	 1	 0.583715	 -1	 0.000000	 9.825686
117	 13	 13	 1	 0.000008	 -1	 0.000000	 11.094575
118	 13	 13	 1	 0.000007	 -1	 0.000000	 10.659293
119	 13	 13	 1	 0.000004	 -1	 0.000000	 12.257866
120	 13	 13	 1	 0.000002	 -1	 0.000000	 10.527706
121	 13	 13	 1	 27.009728	 -1	 0.000000	 10.581926
122	 13	 13	 1	 0.000007	 -1	 0.000000	 10.081047
123	 13	 13	 1	 0.000010	 -1	 0.000000	 9.546110
1310	 5	 5	 0	 421.856520	 -1	 0.000000	 7.046167
124	 13	 13	 1	 0.000001	 -1	 0.000000	 10.554568
125	 13	 13	 1	 0.000010	 -1	 0.000000	 10.614046
126	 13	 13	 1	 48.018157	 -1	 0.000000	 13.332189
127	 13	 13	 1	 0.009158	 -1	 0.000000	 10.134356
128	 13	 13	 1	 0.000011	 -1	 0.000000	 9.327126
129	 13	 13	 1	 0.000004	 -1	 0.000000	 11.575374
130	 13	 13	 1	 0.000011	 -1	 0.000000	 12.090883
131	 13	 13	 1	 0.000007	 -1	 0.000000	 8.399179
132	 13	 13	 1	 0.000011	 -1	 0.000000	 7.773612
133	 13	 13	 1	 0.000001	 -1	 0.000000	 11.064742
134	 13	 13	 1	 0.000006	 -1	 0.000000	 10.706091
135	 13	 13	 1	 4.768686	 -1	 0.000000	 10.125696
136	 13	 13	 1	 0.000001	 -1	 0.000000	 9.677831
137	 13	 13	 1	 0.000013	 -1	 0.000000	 8.464260
138	 13	 13	 1	 0.000005	 -1	 0.000000	 7.631460
139	 13	 13	 1	 34.621209	 -1	 0.000000	 9.183165
140	 13	 13	 1	 0.000012	 -1	 0.000000	 8.471020
141	 13	 13	 1	 0.000008	 -1	 0.000000	 7.581965
142	 13	 13	 1	 0.000004	 -1	 0.000000	 7.884435
143	 13	 13	 1	 0.000006	 -1	 0.000000	 8.361216
144	 13	 13	 1	 0.000008	 -1	 0.000000	 13.951970
145	 13	 13	 1	 39.187894	 -1	 0.000000	 9.693163
146	 13	 13	 1	 0.000006	 -1	 0.000000	 7.344282
147	 13	 13	 1	 0.000019	 -1	 0.000000	 11.460173
148	 13	 13	 1	 0.000006	 -1	 0.000000	 11.095062
149	 13	 13	 1	 0.000007	 -1	 0.000000	 15.963556
150	 13	 13	 1	 0.201831	 -1	 0.000000	 10.467711
151	 13	 13	 1	 0.000006	 -1	 0.000000	 8.847442
152	 13	 13	 1	 0.000016	 -1	 0.000000	 10.134773
153	 13	 13	 1	 0.000656	 -1	 0.000000	 16.238865
154	 13	 13	 1	 0.000006	 -1	 0.000000	 9.257395
155	 13	 13	 1	 0.000007	 -1	 0.000000	 11.231349
156	 13	 13	 1	 0.000005	 -1	 0.000000	 11.581420
157	 13	 13	 1	 0.246541	 -1	 0.000000	 9.503003
158	 13	 13	 1	 0.000001	 -1	 0.000000	 15.106593
159	 13	 13	 1	 0.000002	 -1	 0.000000	 11.004426
160	 13	 13	 1	 0.000007	 -1	 0.000000	 13.982546
161	 13	 13	 1	 0.000006	 -1	 0.000000	 8.104241
162	 13	 13	 1	 0.000004	 -1	 0.000000	 11.154115
163	 13	 13	 1	 0.000003	 -1	 0.000000	 9.525357
164	 13	 13	 1	 0.000002	 -1	 0.000000	 8.842931
165	 13	 13	 1	 0.000011	 -1	 0.000000	 8.123090
166	 13	 13	 1	 0.000006	 -1	 0.000000	 10.949185
167	 13	 13	 1	 0.000017	 -1	 0.000000	 9.823314
168	 13	 13	 1	 0.000004	 -1	 0.000000	 9.307151
169	 13	 13	 1	 0.560460	 -1	 0.000000	 11.966270
170	 13	 13	 1	 0.000002	 -1	 0.000000	 8.624093
171	 13	 13	 1	 0.000004	 -1	 0.000000	 9.430283
172	 13	 13	 1	 0.000022	 -1	 0.000000	 8.131839
173	 13	 13	 1	 0.000004	 -1	 0.000000	 9.625683
970	 9	 9	 0	 448.146307	 -1	 0.000000	 7.862453
174	 13	 13	 1	 0.000006	 -1	 0.000000	 13.231130
175	 13	 13	 1	 0.059962	 -1	 0.000000	 8.055487
176	 13	 13	 1	 0.000005	 -1	 0.000000	 11.762836
177	 13	 13	 1	 0.000017	 -1	 0.000000	 16.710022
178	 13	 13	 1	 0.031283	 -1	 0.000000	 11.413867
14	 13	 13	 0	 360.102610	 -1	 0.000000	 8.829429
179	 13	 13	 1	 0.000007	 -1	 0.000000	 6.962463
211	 13	 13	 1	 0.000010	 -1	 0.000000	 11.462638
212	 13	 13	 1	 0.245157	 -1	 0.000000	 9.635184
213	 13	 13	 1	 0.000003	 -1	 0.000000	 10.329704
214	 13	 13	 1	 0.000014	 -1	 0.000000	 8.444269
215	 13	 13	 1	 0.000010	 -1	 0.000000	 6.115269
216	 13	 13	 1	 0.001109	 -1	 0.000000	 9.473584
217	 13	 13	 1	 0.000004	 -1	 0.000000	 8.137729
218	 13	 13	 1	 0.000005	 -1	 0.000000	 11.567479
219	 13	 13	 1	 0.554003	 -1	 0.000000	 8.424743
180	 13	 13	 1	 0.000007	 -1	 0.000000	 14.215792
221	 13	 13	 1	 0.000014	 -1	 0.000000	 9.270145
222	 13	 13	 1	 0.000006	 -1	 0.000000	 11.174067
223	 13	 13	 1	 0.000006	 -1	 0.000000	 11.949144
224	 13	 13	 1	 0.000010	 -1	 0.000000	 11.518362
225	 13	 13	 1	 0.000006	 -1	 0.000000	 8.961902
227	 13	 13	 1	 0.000004	 -1	 0.000000	 11.362388
228	 13	 13	 1	 39.526646	 -1	 0.000000	 9.261299
229	 13	 13	 1	 0.000007	 -1	 0.000000	 7.552812
230	 13	 13	 1	 0.231318	 -1	 0.000000	 13.645207
231	 13	 13	 1	 0.000017	 -1	 0.000000	 14.825257
232	 13	 13	 1	 0.000001	 -1	 0.000000	 9.725492
233	 13	 13	 1	 0.000008	 -1	 0.000000	 9.724055
234	 13	 13	 1	 0.000002	 -1	 0.000000	 7.035968
235	 13	 13	 1	 0.159832	 -1	 0.000000	 11.421515
236	 13	 13	 1	 0.000015	 -1	 0.000000	 9.341548
237	 13	 13	 1	 0.006817	 -1	 0.000000	 9.206230
238	 13	 13	 1	 0.000002	 -1	 0.000000	 12.676343
1539	 7	 7	 0	 422.828414	 -1	 0.000000	 5.062502
239	 13	 13	 1	 0.000007	 -1	 0.000000	 11.219775
240	 13	 13	 1	 0.999658	 -1	 0.000000	 13.719126
241	 13	 13	 1	 0.000015	 -1	 0.000000	 8.875467
242	 13	 13	 1	 0.000005	 -1	 0.000000	 7.712501
243	 13	 13	 1	 0.000009	 -1	 0.000000	 8.933601
244	 13	 13	 1	 0.000009	 -1	 0.000000	 11.476678
245	 13	 13	 1	 0.000005	 -1	 0.000000	 9.678515
246	 13	 13	 1	 0.000013	 -1	 0.000000	 12.265346
249	 13	 13	 1	 0.000007	 -1	 0.000000	 8.954432
250	 13	 13	 1	 0.000008	 -1	 0.000000	 11.598689
251	 13	 13	 1	 0.000012	 -1	 0.000000	 10.680397
252	 13	 13	 1	 0.000003	 -1	 0.000000	 8.001801
253	 13	 13	 1	 0.000008	 -1	 0.000000	 15.004468
220	 13	 13	 1	 108.058836	 -1	 0.000000	 8.105192
260	 13	 13	 1	 0.000002	 -1	 0.000000	 11.347372
261	 13	 13	 1	 0.000013	 -1	 0.000000	 10.888894
262	 13	 13	 1	 0.000001	 -1	 0.000000	 9.755754
263	 13	 13	 1	 0.000008	 -1	 0.000000	 12.300740
264	 13	 13	 1	 0.000009	 -1	 0.000000	 9.770775
265	 13	 13	 1	 0.000009	 -1	 0.000000	 12.926218
266	 13	 13	 1	 0.000002	 -1	 0.000000	 9.609097
267	 13	 13	 1	 0.000003	 -1	 0.000000	 10.030361
268	 13	 13	 1	 0.978087	 -1	 0.000000	 8.141653
269	 13	 13	 1	 0.000001	 -1	 0.000000	 11.211265
270	 13	 13	 1	 0.000003	 -1	 0.000000	 9.739618
271	 13	 13	 1	 0.670900	 -1	 0.000000	 6.811133
272	 13	 13	 1	 0.000006	 -1	 0.000000	 8.537210
>>> gr_fir_ccf: using E
>>> gr_fir_fff: using E
gr_buffer::allocate_buffer: warning: tried to allocate
   22 items of size 2928. Due to alignment requirements
   256 were allocated.  If this isn't OK, consider padding
   your structure to a power-of-two bytes.
   On this platform, our allocation granularity is 4096 bytes.
20	 13	 13	 1	 0.000015	 -1	 0.000000	 14.608082
21	 13	 13	 1	 0.859574	 -1	 0.000000	 10.478769
22	 13	 13	 1	 0.000007	 -1	 0.000000	 8.363329
23	 13	 13	 1	 0.000008	 -1	 0.000000	 8.871561
24	 13	 13	 1	 0.000004	 -1	 0.000000	 9.006514
25	 13	 13	 1	 0.047438	 -1	 0.000000	 10.603775
26	 13	 13	 1	 0.000005	 -1	 0.000000	 8.359339
27	 13	 13	 1	 0.000002	 -1	 0.000000	 7.810760
28	 13	 13	 1	 1.040246	 -1	 0.000000	 10.303927
29	 13	 13	 1	 0.000001	 -1	 0.000000	 10.969554
30	 13	 13	 1	 0.000015	 -1	 0.000000	 9.340425
>>> gr_fir_ccf: using E
>>> gr_fir_fff: using E
gr_buffer::allocate_buffer: warning: tried to allocate
   22 items of size 2928. Due to alignment requirements
   256 were allocated.  If this isn't OK, consider padding
   your structure to a power-of-two bytes.
   On this platform, our allocation granularity is 4096 bytes.
20	 15	 15	 1	 78.918168	 -1	 0.000000	 10.087955
21	 15	 15	 1	 68.855985	 -1	 0.000000	 8.603016
22	 15	 15	 1	 0.000023	 -1	 0.000000	 10.031027
23	 15	 15	 1	 0.000020	 -1	 0.000000	 9.354655
24	 15	 15	 1	 0.000008	 -1	 0.000000	 9.642969
25	 15	 15	 1	 0.000009	 -1	 0.000000	 9.839490
26	 15	 15	 1	 0.000022	 -1	 0.000000	 9.961824
27	 15	 15	 1	 0.000021	 -1	 0.000000	 12.119503
28	 15	 15	 1	 0.000082	 -1	 0.000000	 8.653084
29	 15	 15	 0	 221.287046	 -1	 0.000000	 11.331760
30	 15	 15	 1	 0.000037	 -1	 0.000000	 8.714931
31	 15	 15	 1	 0.000029	 -1	 0.000000	 9.124001
32	 15	 15	 1	 0.000005	 -1	 0.000000	 10.174446
33	 15	 15	 1	 0.000056	 -1	 0.000000	 11.640723
34	 15	 15	 1	 0.000021	 -1	 0.000000	 8.023797
36	 15	 15	 1	 0.000024	 -1	 0.000000	 8.974758
37	 15	 15	 0	 208.264926	 -1	 0.000000	 8.726572
38	 15	 15	 1	 0.000012	 -1	 0.000000	 8.155874
39	 15	 15	 1	 70.967398	 -1	 0.000000	 8.772541
40	 15	 15	 1	 0.000016	 -1	 0.000000	 10.687313
41	 15	 15	 1	 0.000010	 -1	 0.000000	 12.271457
42	 15	 15	 1	 0.000006	 -1	 0.000000	 26.796228
43	 15	 15	 1	 0.000054	 -1	 0.000000	 10.714555
44	 15	 15	 0	 175.890007	 -1	 0.000000	 7.821719
45	 15	 15	 1	 32.503520	 -1	 0.000000	 14.450332
46	 15	 15	 1	 96.496751	 -1	 0.000000	 8.903956
47	 15	 15	 1	 0.000024	 -1	 0.000000	 11.176886
48	 15	 15	 1	 0.000010	 -1	 0.000000	 9.501774
49	 15	 15	 1	 0.009710	 -1	 0.000000	 8.219506
50	 15	 15	 1	 0.000065	 -1	 0.000000	 10.768431
51	 15	 15	 1	 0.000032	 -1	 0.000000	 11.265900
52	 15	 15	 1	 0.000045	 -1	 0.000000	 10.655351
53	 15	 15	 1	 0.000010	 -1	 0.000000	 7.968567
54	 15	 15	 1	 0.000015	 -1	 0.000000	 14.483829
55	 15	 15	 1	 22.280409	 -1	 0.000000	 8.267682
56	 15	 15	 1	 0.000027	 -1	 0.000000	 7.974395
57	 15	 15	 1	 0.000022	 -1	 0.000000	 9.780717
58	 15	 15	 1	 0.000017	 -1	 0.000000	 8.305676
60	 15	 15	 1	 0.000040	 -1	 0.000000	 11.370902
61	 15	 15	 1	 0.000034	 -1	 0.000000	 7.794096
62	 15	 15	 1	 0.000058	 -1	 0.000000	 7.915527
63	 15	 15	 1	 0.000024	 -1	 0.000000	 12.607677
64	 15	 15	 1	 0.000015	 -1	 0.000000	 13.408006
65	 15	 15	 1	 0.000032	 -1	 0.000000	 14.749232
66	 15	 15	 1	 7.465961	 -1	 0.000000	 10.532527
67	 15	 15	 1	 55.787052	 -1	 0.000000	 8.999099
68	 15	 15	 1	 0.000024	 -1	 0.000000	 9.364313
69	 15	 15	 1	 0.000033	 -1	 0.000000	 8.883176
70	 15	 15	 1	 0.000037	 -1	 0.000000	 7.407435
71	 15	 15	 1	 52.050030	 -1	 0.000000	 8.868178
72	 15	 15	 1	 0.000071	 -1	 0.000000	 7.063244
73	 15	 15	 1	 102.038042	 -1	 0.000000	 12.272184
74	 15	 15	 1	 0.000039	 -1	 0.000000	 17.527527
75	 15	 15	 1	 0.000038	 -1	 0.000000	 15.190436
76	 15	 15	 1	 0.000009	 -1	 0.000000	 10.736997
77	 15	 15	 1	 0.005836	 -1	 0.000000	 9.294702
78	 15	 15	 1	 0.000013	 -1	 0.000000	 11.314130
79	 15	 15	 1	 0.000069	 -1	 0.000000	 7.679619
80	 15	 15	 1	 0.000043	 -1	 0.000000	 12.005596
81	 15	 15	 1	 0.000025	 -1	 0.000000	 11.157433
82	 15	 15	 1	 0.000045	 -1	 0.000000	 10.920028
83	 15	 15	 1	 0.000014	 -1	 0.000000	 10.265634
84	 15	 15	 1	 0.000018	 -1	 0.000000	 10.036987
85	 15	 15	 1	 0.000011	 -1	 0.000000	 8.515814
86	 15	 15	 1	 24.710006	 -1	 0.000000	 7.958862
87	 15	 15	 1	 0.000032	 -1	 0.000000	 9.701203
88	 15	 15	 1	 0.045890	 -1	 0.000000	 9.301035
89	 15	 15	 1	 0.000013	 -1	 0.000000	 9.938340
90	 15	 15	 1	 0.000010	 -1	 0.000000	 9.187604
91	 15	 15	 1	 0.000080	 -1	 0.000000	 14.418756
92	 15	 15	 1	 0.000024	 -1	 0.000000	 11.723537
93	 15	 15	 1	 0.000011	 -1	 0.000000	 12.955183
94	 15	 15	 1	 0.000044	 -1	 0.000000	 21.485910
95	 15	 15	 1	 0.000020	 -1	 0.000000	 13.244222
96	 15	 15	 1	 0.000049	 -1	 0.000000	 8.997511
97	 15	 15	 1	 27.540541	 -1	 0.000000	 8.153237
98	 15	 15	 1	 0.000021	 -1	 0.000000	 13.462016
99	 15	 15	 1	 0.000010	 -1	 0.000000	 8.285665
100	 15	 15	 1	 0.000025	 -1	 0.000000	 15.378053
101	 15	 15	 1	 0.000052	 -1	 0.000000	 14.211417
102	 15	 15	 1	 18.195782	 -1	 0.000000	 7.550354
103	 15	 15	 1	 0.507889	 -1	 0.000000	 11.627571
104	 15	 15	 1	 0.000012	 -1	 0.000000	 12.194510
105	 15	 15	 1	 0.000016	 -1	 0.000000	 10.570562
106	 15	 15	 1	 0.000022	 -1	 0.000000	 12.538174
107	 15	 15	 1	 0.000009	 -1	 0.000000	 8.277726
108	 15	 15	 1	 0.000023	 -1	 0.000000	 10.190634
109	 15	 15	 1	 0.000026	 -1	 0.000000	 10.650815
110	 15	 15	 1	 0.000020	 -1	 0.000000	 6.787003
111	 15	 15	 1	 0.000056	 -1	 0.000000	 11.253829
112	 15	 15	 1	 18.290808	 -1	 0.000000	 10.287981
2306	 11	 11	 0	 465.048885	 -1	 0.000000	 3.511868
113	 15	 15	 1	 0.000015	 -1	 0.000000	 8.548629
114	 15	 15	 1	 0.000025	 -1	 0.000000	 12.400157
115	 15	 15	 1	 0.000007	 -1	 0.000000	 12.962339
116	 15	 15	 1	 0.000051	 -1	 0.000000	 12.551392
117	 15	 15	 1	 0.000019	 -1	 0.000000	 8.848775
118	 15	 15	 0	 119.322335	 -1	 0.000000	 9.873774
119	 15	 15	 1	 0.000027	 -1	 0.000000	 9.518535
120	 15	 15	 1	 0.000018	 -1	 0.000000	 9.807209
121	 15	 15	 1	 0.000066	 -1	 0.000000	 8.513871
122	 15	 15	 1	 94.714141	 -1	 0.000000	 14.606297
123	 15	 15	 1	 0.000046	 -1	 0.000000	 8.255290
124	 15	 15	 1	 0.000027	 -1	 0.000000	 7.849978
125	 15	 15	 1	 0.000025	 -1	 0.000000	 7.180407
126	 15	 15	 1	 0.000040	 -1	 0.000000	 9.939880
127	 15	 15	 1	 0.000016	 -1	 0.000000	 7.129150
128	 15	 15	 1	 0.000062	 -1	 0.000000	 9.599298
129	 15	 15	 1	 0.000036	 -1	 0.000000	 11.384767
130	 15	 15	 1	 0.000031	 -1	 0.000000	 10.109028
131	 15	 15	 1	 0.000027	 -1	 0.000000	 15.425756
132	 15	 15	 1	 0.000022	 -1	 0.000000	 8.413742
133	 15	 15	 1	 0.000039	 -1	 0.000000	 8.430335
134	 15	 15	 1	 0.000023	 -1	 0.000000	 9.092228
135	 15	 15	 1	 0.000058	 -1	 0.000000	 8.433558
136	 15	 15	 1	 0.000008	 -1	 0.000000	 8.371124
137	 15	 15	 1	 0.000019	 -1	 0.000000	 8.973214
138	 15	 15	 1	 0.000026	 -1	 0.000000	 10.932284
139	 15	 15	 1	 0.000026	 -1	 0.000000	 8.256584
140	 15	 15	 1	 0.000048	 -1	 0.000000	 11.639140
141	 15	 15	 1	 0.000026	 -1	 0.000000	 9.716148
142	 15	 15	 1	 0.000023	 -1	 0.000000	 15.779902
143	 15	 15	 1	 0.000029	 -1	 0.000000	 11.279791
144	 15	 15	 1	 9.631771	 -1	 0.000000	 12.784231
145	 15	 15	 1	 0.000072	 -1	 0.000000	 8.650352
146	 15	 15	 1	 0.000026	 -1	 0.000000	 9.948833
147	 15	 15	 1	 0.000030	 -1	 0.000000	 9.758504
148	 15	 15	 1	 0.000023	 -1	 0.000000	 9.465632
149	 15	 15	 1	 0.008974	 -1	 0.000000	 5.841021
150	 15	 15	 1	 0.000051	 -1	 0.000000	 8.532988
151	 15	 15	 1	 0.000020	 -1	 0.000000	 8.441746
152	 15	 15	 1	 0.000014	 -1	 0.000000	 9.636056
153	 15	 15	 1	 0.000030	 -1	 0.000000	 8.378475
154	 15	 15	 1	 26.126538	 -1	 0.000000	 9.279896
155	 15	 15	 1	 86.311838	 -1	 0.000000	 11.746431
156	 15	 15	 1	 0.000018	 -1	 0.000000	 8.019869
157	 15	 15	 1	 85.330413	 -1	 0.000000	 8.999460
158	 15	 15	 1	 0.000012	 -1	 0.000000	 10.340796
159	 15	 15	 1	 0.000011	 -1	 0.000000	 8.410763
160	 15	 15	 1	 0.000016	 -1	 0.000000	 9.438633
161	 15	 15	 1	 0.000207	 -1	 0.000000	 12.193278
162	 15	 15	 1	 0.000042	 -1	 0.000000	 10.997701
163	 15	 15	 1	 0.000011	 -1	 0.000000	 14.035889
164	 15	 15	 1	 0.000013	 -1	 0.000000	 12.746854
165	 15	 15	 1	 0.000035	 -1	 0.000000	 14.898461
1616	 7	 7	 0	 449.599329	 -1	 0.000000	 2.258894
166	 15	 15	 1	 0.000004	 -1	 0.000000	 11.261477
167	 15	 15	 1	 0.000016	 -1	 0.000000	 8.791779
168	 15	 15	 1	 0.000011	 -1	 0.000000	 11.799095
170	 15	 15	 1	 98.662986	 -1	 0.000000	 12.699457
171	 15	 15	 1	 0.000021	 -1	 0.000000	 9.302427
172	 15	 15	 1	 0.042945	 -1	 0.000000	 8.911645
174	 15	 15	 1	 0.000044	 -1	 0.000000	 9.814021
175	 15	 15	 0	 159.949520	 -1	 0.000000	 8.720262
176	 15	 15	 1	 0.000018	 -1	 0.000000	 11.332339
177	 15	 15	 1	 0.000034	 -1	 0.000000	 11.281365
178	 15	 15	 1	 0.000007	 -1	 0.000000	 9.273264
179	 15	 15	 1	 0.000025	 -1	 0.000000	 7.209391
180	 15	 15	 1	 0.028736	 -1	 0.000000	 8.984923
181	 15	 15	 1	 0.000014	 -1	 0.000000	 9.213017
182	 15	 15	 1	 0.000027	 -1	 0.000000	 9.832444
183	 15	 15	 1	 0.000020	 -1	 0.000000	 9.305312
184	 15	 15	 1	 48.457011	 -1	 0.000000	 11.031539
185	 15	 15	 0	 112.269706	 -1	 0.000000	 9.672356
186	 15	 15	 1	 0.000020	 -1	 0.000000	 10.899134
187	 15	 15	 1	 0.000009	 -1	 0.000000	 18.283901
188	 15	 15	 1	 0.000020	 -1	 0.000000	 6.435236
189	 15	 15	 1	 0.000108	 -1	 0.000000	 9.752008
190	 15	 15	 1	 2.451740	 -1	 0.000000	 15.417385
192	 15	 15	 1	 0.000035	 -1	 0.000000	 8.276266
193	 15	 15	 1	 0.000019	 -1	 0.000000	 10.341687
194	 15	 15	 1	 0.000047	 -1	 0.000000	 9.198019
195	 15	 15	 1	 0.000014	 -1	 0.000000	 11.381765
2580	 7	 7	 0	 429.100294	 -1	 0.000000	 2.637061
196	 15	 15	 1	 0.000035	 -1	 0.000000	 12.484032
197	 15	 15	 1	 0.000042	 -1	 0.000000	 11.242276
198	 15	 15	 1	 0.202032	 -1	 0.000000	 14.988904
199	 15	 15	 1	 25.492491	 -1	 0.000000	 14.278101
200	 15	 15	 1	 0.014894	 -1	 0.000000	 10.256528
201	 15	 15	 1	 0.000043	 -1	 0.000000	 12.600114
202	 15	 15	 1	 0.000028	 -1	 0.000000	 7.575972
203	 15	 15	 1	 0.218125	 -1	 0.000000	 10.391071
1	 15	 15	 1	 0.000016	 -1	 0.000000	 8.860167
2	 15	 15	 1	 0.000060	 -1	 0.000000	 10.549047
3	 15	 15	 1	 0.000006	 -1	 0.000000	 8.360610
4	 15	 15	 1	 0.000032	 -1	 0.000000	 9.651460
5	 15	 15	 1	 0.000030	 -1	 0.000000	 10.392962
6	 15	 15	 1	 0.000022	 -1	 0.000000	 10.067986
11	 15	 15	 1	 0.000027	 -1	 0.000000	 10.513843
12	 15	 15	 1	 0.000042	 -1	 0.000000	 8.622090
13	 15	 15	 1	 0.044594	 -1	 0.000000	 11.353586
14	 15	 15	 1	 0.000037	 -1	 0.000000	 9.805050
15	 15	 15	 1	 0.000027	 -1	 0.000000	 9.534678
16	 15	 15	 1	 0.001434	 -1	 0.000000	 7.611667
17	 15	 15	 1	 0.000028	 -1	 0.000000	 9.660141
18	 15	 15	 1	 0.000021	 -1	 0.000000	 6.519059
>>> gr_fir_ccf: using E
>>> gr_fir_fff: using E
gr_buffer::allocate_buffer: warning: tried to allocate
   22 items of size 2928. Due to alignment requirements
   256 were allocated.  If this isn't OK, consider padding
   your structure to a power-of-two bytes.
   On this platform, our allocation granularity is 4096 bytes.
26	 15	 15	 1	 0.000022	 -1	 0.000000	 10.420588
27	 15	 15	 1	 0.000056	 -1	 0.000000	 8.891477
28	 15	 15	 1	 0.000006	 -1	 0.000000	 10.967765
29	 15	 15	 1	 0.011608	 -1	 0.000000	 8.858502
30	 15	 15	 1	 0.000034	 -1	 0.000000	 7.722330
31	 15	 15	 0	 254.955363	 -1	 0.000000	 10.282546
32	 15	 15	 1	 0.000028	 -1	 0.000000	 8.990233
33	 15	 15	 1	 2.050704	 -1	 0.000000	 9.427295
34	 15	 15	 1	 0.000039	 -1	 0.000000	 11.036626
35	 15	 15	 1	 0.000027	 -1	 0.000000	 8.504478
36	 15	 15	 1	 0.000030	 -1	 0.000000	 9.789721
37	 15	 15	 1	 0.000045	 -1	 0.000000	 9.201556
38	 15	 15	 1	 0.000018	 -1	 0.000000	 6.891798
39	 15	 15	 0	 258.041924	 -1	 0.000000	 6.950319
40	 15	 15	 1	 0.000027	 -1	 0.000000	 10.668796
41	 15	 15	 1	 0.000021	 -1	 0.000000	 11.690989
42	 15	 15	 1	 0.000048	 -1	 0.000000	 11.278732
43	 15	 15	 1	 76.753336	 -1	 0.000000	 10.391068
44	 15	 15	 1	 0.014761	 -1	 0.000000	 8.264337
45	 15	 15	 1	 0.000049	 -1	 0.000000	 7.628932
46	 15	 15	 1	 0.000023	 -1	 0.000000	 10.751569
47	 15	 15	 1	 0.000009	 -1	 0.000000	 11.250584
48	 15	 15	 1	 0.000019	 -1	 0.000000	 11.321538
49	 15	 15	 1	 0.000014	 -1	 0.000000	 10.383642
50	 15	 15	 1	 0.000028	 -1	 0.000000	 10.463634
51	 15	 15	 0	 88.077722	 -1	 0.000000	 11.749212
52	 15	 15	 1	 0.000051	 -1	 0.000000	 8.431184
53	 15	 15	 1	 0.000008	 -1	 0.000000	 6.613586
54	 15	 15	 1	 0.000017	 -1	 0.000000	 8.164448
55	 15	 15	 1	 0.000035	 -1	 0.000000	 10.111284
56	 15	 15	 1	 0.000028	 -1	 0.000000	 9.318359
57	 15	 15	 1	 0.000030	 -1	 0.000000	 8.592185
58	 15	 15	 1	 0.000010	 -1	 0.000000	 16.272100
59	 15	 15	 1	 0.000052	 -1	 0.000000	 14.579080
60	 15	 15	 1	 0.000012	 -1	 0.000000	 7.362208
61	 15	 15	 1	 0.050707	 -1	 0.000000	 11.549728
62	 15	 15	 1	 0.000035	 -1	 0.000000	 10.045415
63	 15	 15	 1	 48.530065	 -1	 0.000000	 10.301334
64	 15	 15	 1	 0.000051	 -1	 0.000000	 11.000703
65	 15	 15	 1	 0.000027	 -1	 0.000000	 9.187064
66	 15	 15	 0	 289.968902	 -1	 0.000000	 8.121181
67	 15	 15	 1	 0.000029	 -1	 0.000000	 9.615647
68	 15	 15	 1	 0.000014	 -1	 0.000000	 7.294100
69	 15	 15	 1	 0.000035	 -1	 0.000000	 12.095045
70	 15	 15	 1	 0.000076	 -1	 0.000000	 8.631888
71	 15	 15	 1	 0.000039	 -1	 0.000000	 10.910638
72	 15	 15	 1	 0.000025	 -1	 0.000000	 9.499220
73	 15	 15	 1	 0.000005	 -1	 0.000000	 13.825817
74	 15	 15	 1	 0.000016	 -1	 0.000000	 8.066215
75	 15	 15	 1	 0.000040	 -1	 0.000000	 7.312951
76	 15	 15	 1	 0.000054	 -1	 0.000000	 11.974163
77	 15	 15	 1	 0.000024	 -1	 0.000000	 9.294381
78	 15	 15	 1	 0.000012	 -1	 0.000000	 10.900054
79	 15	 15	 0	 272.580956	 -1	 0.000000	 9.634109
80	 15	 15	 1	 0.000036	 -1	 0.000000	 9.979399
81	 15	 15	 0	 176.908266	 -1	 0.000000	 8.985197
20	 5	 5	 1	 0.001293	 -1	 0.000000	 8.318468
21	 5	 5	 1	 0.001705	 -1	 0.000000	 9.165609
22	 5	 5	 1	 0.016708	 -1	 0.000000	 8.019666
23	 5	 5	 1	 0.001646	 -1	 0.000000	 8.590787
24	 5	 5	 1	 0.001148	 -1	 0.000000	 18.176849
25	 5	 5	 1	 0.011676	 -1	 0.000000	 8.960114
26	 5	 5	 1	 0.049710	 -1	 0.000000	 12.787165
27	 5	 5	 1	 0.001079	 -1	 0.000000	 10.074302
28	 5	 5	 1	 0.001327	 -1	 0.000000	 9.425253
29	 5	 5	 1	 0.008961	 -1	 0.000000	 8.318274
30	 5	 5	 1	 0.010920	 -1	 0.000000	 12.984066
31	 5	 5	 1	 0.007796	 -1	 0.000000	 9.468460
32	 5	 5	 1	 0.000900	 -1	 0.000000	 11.922413
33	 5	 5	 1	 0.009230	 -1	 0.000000	 11.129985
34	 5	 5	 1	 0.006161	 -1	 0.000000	 9.946408
35	 5	 5	 1	 0.008047	 -1	 0.000000	 10.221575
36	 5	 5	 1	 0.010482	 -1	 0.000000	 7.194188
37	 5	 5	 1	 39.334176	 -1	 0.000000	 8.919588
38	 5	 5	 1	 0.001737	 -1	 0.000000	 8.547042
39	 5	 5	 1	 0.006538	 -1	 0.000000	 10.313081
40	 5	 5	 1	 35.955990	 -1	 0.000000	 13.516508
41	 5	 5	 1	 0.008979	 -1	 0.000000	 11.222451
42	 5	 5	 1	 0.001304	 -1	 0.000000	 10.239283
43	 5	 5	 1	 0.041023	 -1	 0.000000	 10.188809
44	 5	 5	 1	 55.953615	 -1	 0.000000	 7.804677
45	 5	 5	 1	 0.000998	 -1	 0.000000	 12.352513
46	 5	 5	 1	 5.269484	 -1	 0.000000	 9.303066
47	 5	 5	 1	 0.000964	 -1	 0.000000	 9.760103
48	 5	 5	 1	 0.004699	 -1	 0.000000	 9.824347
49	 5	 5	 1	 0.008014	 -1	 0.000000	 12.288985
50	 5	 5	 1	 0.000874	 -1	 0.000000	 13.054672
51	 5	 5	 1	 0.008613	 -1	 0.000000	 9.510849
52	 5	 5	 1	 14.229086	 -1	 0.000000	 12.156686
53	 5	 5	 1	 0.004706	 -1	 0.000000	 14.091735
54	 5	 5	 1	 0.014552	 -1	 0.000000	 9.139136
55	 5	 5	 1	 0.000876	 -1	 0.000000	 9.560268
56	 5	 5	 1	 0.006368	 -1	 0.000000	 12.076916
57	 5	 5	 1	 0.006157	 -1	 0.000000	 8.251387
58	 5	 5	 0	 177.338875	 -1	 0.000000	 9.204419
59	 5	 5	 1	 0.007108	 -1	 0.000000	 9.928020
60	 5	 5	 1	 0.000860	 -1	 0.000000	 10.401983
61	 5	 5	 1	 0.007722	 -1	 0.000000	 9.480073
62	 5	 5	 1	 0.012425	 -1	 0.000000	 11.651986
63	 5	 5	 1	 0.000844	 -1	 0.000000	 18.084373
64	 5	 5	 1	 15.429015	 -1	 0.000000	 12.449518
65	 5	 5	 1	 0.001348	 -1	 0.000000	 7.873426
66	 5	 5	 1	 0.008928	 -1	 0.000000	 8.096819
67	 5	 5	 1	 0.014066	 -1	 0.000000	 11.632026
68	 5	 5	 1	 0.008474	 -1	 0.000000	 11.605480
69	 5	 5	 1	 0.010634	 -1	 0.000000	 11.682543
70	 5	 5	 1	 0.012767	 -1	 0.000000	 12.069934
71	 5	 5	 1	 0.011431	 -1	 0.000000	 12.461161
72	 5	 5	 1	 0.001498	 -1	 0.000000	 9.305574
73	 5	 5	 1	 0.008021	 -1	 0.000000	 7.759483
74	 5	 5	 1	 6.537751	 -1	 0.000000	 8.402966
75	 5	 5	 1	 0.005096	 -1	 0.000000	 10.719071
76	 5	 5	 1	 0.014902	 -1	 0.000000	 8.221766
77	 5	 5	 1	 0.001966	 -1	 0.000000	 8.001892
78	 5	 5	 1	 0.009730	 -1	 0.000000	 9.403901
79	 5	 5	 1	 0.005597	 -1	 0.000000	 10.727276
80	 5	 5	 1	 0.006965	 -1	 0.000000	 8.887077
81	 5	 5	 1	 0.007875	 -1	 0.000000	 10.612173
82	 5	 5	 1	 0.001857	 -1	 0.000000	 7.329373
83	 5	 5	 1	 0.000771	 -1	 0.000000	 11.845735
84	 5	 5	 1	 0.001228	 -1	 0.000000	 9.775200
85	 5	 5	 1	 0.006730	 -1	 0.000000	 9.253822
86	 5	 5	 1	 0.008174	 -1	 0.000000	 17.707668
87	 5	 5	 1	 0.000993	 -1	 0.000000	 13.511726
88	 5	 5	 1	 0.004446	 -1	 0.000000	 9.122862
89	 5	 5	 1	 0.008480	 -1	 0.000000	 9.547781
90	 5	 5	 1	 0.008659	 -1	 0.000000	 7.977897
91	 5	 5	 1	 0.001342	 -1	 0.000000	 10.760675
93	 5	 5	 1	 0.004384	 -1	 0.000000	 9.694257
94	 5	 5	 1	 0.001224	 -1	 0.000000	 13.812293
95	 5	 5	 1	 0.005610	 -1	 0.000000	 10.011412
96	 5	 5	 1	 0.011126	 -1	 0.000000	 11.202694
97	 5	 5	 1	 0.008437	 -1	 0.000000	 12.728894
98	 5	 5	 1	 0.000935	 -1	 0.000000	 11.221704
99	 5	 5	 1	 0.018392	 -1	 0.000000	 8.625050
101	 5	 5	 1	 22.096896	 -1	 0.000000	 8.470275
102	 5	 5	 1	 0.012606	 -1	 0.000000	 16.995043
103	 5	 5	 1	 0.009232	 -1	 0.000000	 7.934639
104	 5	 5	 1	 0.001102	 -1	 0.000000	 16.253454
105	 5	 5	 1	 0.011199	 -1	 0.000000	 15.112718
106	 5	 5	 1	 0.009442	 -1	 0.000000	 9.502921
107	 5	 5	 1	 0.014432	 -1	 0.000000	 10.785860
108	 5	 5	 1	 0.000673	 -1	 0.000000	 10.385867
109	 5	 5	 1	 89.491969	 -1	 0.000000	 9.831505
110	 5	 5	 1	 0.001202	 -1	 0.000000	 12.329673
111	 5	 5	 1	 0.008318	 -1	 0.000000	 8.622782
112	 5	 5	 1	 0.005937	 -1	 0.000000	 10.730154
113	 5	 5	 1	 0.000767	 -1	 0.000000	 9.666073
114	 5	 5	 1	 0.001240	 -1	 0.000000	 16.382673
115	 5	 5	 1	 0.001134	 -1	 0.000000	 9.482270
116	 5	 5	 1	 0.008007	 -1	 0.000000	 9.299661
117	 5	 5	 1	 0.001079	 -1	 0.000000	 17.375948
119	 5	 5	 1	 0.007747	 -1	 0.000000	 12.006947
120	 5	 5	 1	 0.006126	 -1	 0.000000	 10.598358
121	 5	 5	 1	 0.008687	 -1	 0.000000	 9.672553
122	 5	 5	 1	 0.012221	 -1	 0.000000	 8.735632
123	 5	 5	 1	 0.008300	 -1	 0.000000	 8.790956
124	 5	 5	 1	 0.001124	 -1	 0.000000	 12.130374
125	 5	 5	 1	 2.391911	 -1	 0.000000	 10.196758
126	 5	 5	 1	 0.013544	 -1	 0.000000	 8.024284
127	 5	 5	 1	 0.015102	 -1	 0.000000	 12.372620
128	 5	 5	 1	 0.005021	 -1	 0.000000	 11.009041
129	 5	 5	 1	 0.001118	 -1	 0.000000	 9.874163
130	 5	 5	 1	 0.010357	 -1	 0.000000	 11.782618
131	 5	 5	 1	 3.508985	 -1	 0.000000	 9.635938
132	 5	 5	 1	 0.001392	 -1	 0.000000	 10.366316
133	 5	 5	 1	 0.008872	 -1	 0.000000	 7.822894
134	 5	 5	 1	 0.012179	 -1	 0.000000	 11.195621
135	 5	 5	 1	 1.355713	 -1	 0.000000	 12.153337
136	 5	 5	 1	 0.006715	 -1	 0.000000	 12.160143
138	 5	 5	 1	 13.269798	 -1	 0.000000	 9.001477
139	 5	 5	 1	 0.007557	 -1	 0.000000	 10.591709
140	 5	 5	 1	 0.001188	 -1	 0.000000	 9.240509
141	 5	 5	 1	 0.005942	 -1	 0.000000	 14.758124
142	 5	 5	 1	 0.008623	 -1	 0.000000	 11.575984
143	 5	 5	 1	 0.001450	 -1	 0.000000	 9.058369
144	 5	 5	 1	 0.010118	 -1	 0.000000	 7.838869
145	 5	 5	 1	 0.014026	 -1	 0.000000	 13.667927
146	 5	 5	 1	 0.005557	 -1	 0.000000	 10.229369
147	 5	 5	 1	 0.009053	 -1	 0.000000	 8.585670
148	 5	 5	 1	 0.006614	 -1	 0.000000	 8.198695
149	 5	 5	 1	 0.007647	 -1	 0.000000	 9.696371
150	 5	 5	 1	 0.001058	 -1	 0.000000	 10.191925
151	 5	 5	 1	 0.005435	 -1	 0.000000	 8.852832
152	 5	 5	 1	 0.006918	 -1	 0.000000	 9.057478
153	 5	 5	 1	 0.001133	 -1	 0.000000	 10.960676
154	 5	 5	 1	 0.008212	 -1	 0.000000	 10.189873
155	 5	 5	 1	 0.001111	 -1	 0.000000	 12.180511
156	 5	 5	 0	 179.275892	 -1	 0.000000	 8.945252
157	 5	 5	 1	 0.009700	 -1	 0.000000	 7.876677
158	 5	 5	 1	 0.001045	 -1	 0.000000	 14.710690
159	 5	 5	 1	 0.005654	 -1	 0.000000	 8.476081
160	 5	 5	 1	 0.001099	 -1	 0.000000	 16.278913
161	 5	 5	 1	 0.005275	 -1	 0.000000	 9.560706
162	 5	 5	 1	 0.007939	 -1	 0.000000	 9.549518
163	 5	 5	 1	 0.000910	 -1	 0.000000	 10.726169
164	 5	 5	 1	 0.010447	 -1	 0.000000	 12.643308
165	 5	 5	 1	 0.296495	 -1	 0.000000	 8.458873
166	 5	 5	 1	 0.000913	 -1	 0.000000	 12.833268
167	 5	 5	 1	 1.390439	 -1	 0.000000	 7.573129
168	 5	 5	 1	 0.005381	 -1	 0.000000	 8.600209
169	 5	 5	 1	 0.001122	 -1	 0.000000	 7.388370
170	 5	 5	 1	 0.010666	 -1	 0.000000	 10.267859
171	 5	 5	 1	 0.001257	 -1	 0.000000	 8.293179
172	 5	 5	 1	 3.403405	 -1	 0.000000	 9.706255
173	 5	 5	 1	 0.010015	 -1	 0.000000	 12.487786
174	 5	 5	 1	 0.001091	 -1	 0.000000	 10.720757
175	 5	 5	 1	 46.483633	 -1	 0.000000	 9.919600
176	 5	 5	 1	 0.006023	 -1	 0.000000	 9.779696
177	 5	 5	 1	 0.009294	 -1	 0.000000	 8.169209
178	 5	 5	 1	 0.006104	 -1	 0.000000	 9.169803
179	 5	 5	 1	 0.001044	 -1	 0.000000	 14.775431
180	 5	 5	 1	 0.001296	 -1	 0.000000	 10.902040
181	 5	 5	 1	 0.006768	 -1	 0.000000	 9.577037
182	 5	 5	 1	 0.011825	 -1	 0.000000	 15.295129
183	 5	 5	 1	 0.005458	 -1	 0.000000	 12.850371
184	 5	 5	 1	 0.000649	 -1	 0.000000	 11.382105
185	 5	 5	 1	 0.001274	 -1	 0.000000	 8.954859
186	 5	 5	 1	 0.007370	 -1	 0.000000	 8.612793
187	 5	 5	 1	 0.614793	 -1	 0.000000	 9.733816
188	 5	 5	 1	 0.006736	 -1	 0.000000	 10.681120
189	 5	 5	 1	 0.005828	 -1	 0.000000	 8.318852
190	 5	 5	 1	 0.008666	 -1	 0.000000	 9.699132
191	 5	 5	 1	 102.976310	 -1	 0.000000	 16.594772
192	 5	 5	 1	 0.295842	 -1	 0.000000	 7.597232
193	 5	 5	 1	 0.001152	 -1	 0.000000	 9.520939
194	 5	 5	 1	 0.005510	 -1	 0.000000	 10.719715
195	 5	 5	 0	 263.269321	 -1	 0.000000	 10.788056
196	 5	 5	 1	 0.005449	 -1	 0.000000	 9.054788
197	 5	 5	 1	 1.674352	 -1	 0.000000	 12.044188
198	 5	 5	 1	 0.011849	 -1	 0.000000	 10.567347
36	 5	 5	 1	 0.006081	 -1	 0.000000	 8.419595
37	 5	 5	 1	 0.013143	 -1	 0.000000	 9.164994
38	 5	 5	 1	 0.001512	 -1	 0.000000	 8.478752
39	 5	 5	 1	 0.001167	 -1	 0.000000	 12.280613
40	 5	 5	 1	 0.005812	 -1	 0.000000	 12.063273
41	 5	 5	 1	 0.001071	 -1	 0.000000	 11.358033
42	 5	 5	 1	 0.001521	 -1	 0.000000	 11.006612
43	 5	 5	 1	 0.008115	 -1	 0.000000	 12.225284
44	 5	 5	 1	 0.001357	 -1	 0.000000	 11.091664
45	 5	 5	 1	 0.001259	 -1	 0.000000	 9.231833
46	 5	 5	 1	 52.090602	 -1	 0.000000	 9.109557
47	 5	 5	 1	 0.006798	 -1	 0.000000	 8.151512
48	 5	 5	 1	 0.001057	 -1	 0.000000	 9.476670
49	 5	 5	 1	 0.001086	 -1	 0.000000	 11.835988
50	 5	 5	 1	 0.009479	 -1	 0.000000	 8.494885
51	 5	 5	 1	 0.006238	 -1	 0.000000	 12.547131
52	 5	 5	 1	 0.000983	 -1	 0.000000	 10.709347
53	 5	 5	 1	 76.410489	 -1	 0.000000	 11.622217
54	 5	 5	 1	 0.001294	 -1	 0.000000	 10.181802
55	 5	 5	 1	 0.001057	 -1	 0.000000	 13.910065
56	 5	 5	 1	 0.000735	 -1	 0.000000	 11.004450
57	 5	 5	 1	 2.515794	 -1	 0.000000	 9.034978
58	 5	 5	 1	 0.001177	 -1	 0.000000	 7.947230
59	 5	 5	 1	 0.001696	 -1	 0.000000	 10.703625
60	 5	 5	 1	 0.007475	 -1	 0.000000	 10.492157
61	 5	 5	 1	 0.000905	 -1	 0.000000	 15.085020
62	 5	 5	 1	 0.001302	 -1	 0.000000	 11.679554
63	 5	 5	 1	 0.006447	 -1	 0.000000	 14.247551
64	 5	 5	 1	 0.009636	 -1	 0.000000	 11.430834
65	 5	 5	 1	 0.006966	 -1	 0.000000	 10.078067
66	 5	 5	 1	 0.001009	 -1	 0.000000	 10.321421
67	 5	 5	 1	 0.001111	 -1	 0.000000	 11.162341
68	 5	 5	 1	 0.005789	 -1	 0.000000	 12.000620
74	 13	 13	 0	 391.466206	 -1	 0.000000	 11.770686
69	 5	 5	 1	 0.001599	 -1	 0.000000	 9.292473
70	 5	 5	 1	 0.005633	 -1	 0.000000	 11.223552
71	 5	 5	 1	 0.008078	 -1	 0.000000	 8.240559
72	 5	 5	 1	 0.005780	 -1	 0.000000	 9.980804
73	 5	 5	 1	 0.001162	 -1	 0.000000	 12.537926
74	 5	 5	 1	 0.012997	 -1	 0.000000	 10.631597
75	 5	 5	 1	 0.006758	 -1	 0.000000	 13.753585
76	 5	 5	 1	 0.000925	 -1	 0.000000	 12.477727
77	 5	 5	 1	 0.006794	 -1	 0.000000	 11.038610
78	 5	 5	 1	 0.001322	 -1	 0.000000	 9.781564
79	 5	 5	 1	 0.007962	 -1	 0.000000	 9.049469
80	 5	 5	 1	 0.006022	 -1	 0.000000	 9.081870
81	 5	 5	 1	 0.006435	 -1	 0.000000	 10.524552
82	 5	 5	 1	 0.006435	 -1	 0.000000	 9.478852
83	 5	 5	 1	 0.005713	 -1	 0.000000	 9.152127
84	 5	 5	 1	 0.001469	 -1	 0.000000	 12.317674
85	 5	 5	 1	 0.006975	 -1	 0.000000	 11.973514
86	 5	 5	 1	 0.000819	 -1	 0.000000	 10.620653
87	 5	 5	 1	 0.007830	 -1	 0.000000	 9.770712
88	 5	 5	 1	 0.008562	 -1	 0.000000	 9.832344
89	 5	 5	 1	 0.001387	 -1	 0.000000	 10.492540
90	 5	 5	 1	 0.000947	 -1	 0.000000	 13.078298
91	 5	 5	 1	 0.013167	 -1	 0.000000	 8.391816
92	 5	 5	 1	 0.007935	 -1	 0.000000	 11.018438
93	 5	 5	 1	 0.000763	 -1	 0.000000	 12.937921
94	 5	 5	 1	 0.016275	 -1	 0.000000	 10.597062
95	 5	 5	 1	 0.001064	 -1	 0.000000	 14.537032
96	 5	 5	 1	 18.701982	 -1	 0.000000	 13.371269
97	 5	 5	 1	 0.006595	 -1	 0.000000	 14.002923
98	 5	 5	 1	 0.000874	 -1	 0.000000	 10.878508
99	 5	 5	 1	 0.013890	 -1	 0.000000	 9.473769
100	 5	 5	 1	 0.001047	 -1	 0.000000	 12.907960
101	 5	 5	 1	 0.004936	 -1	 0.000000	 11.618581
102	 5	 5	 1	 0.009974	 -1	 0.000000	 9.003695
103	 5	 5	 1	 0.001003	 -1	 0.000000	 8.908711
104	 5	 5	 1	 0.013254	 -1	 0.000000	 10.544175
105	 5	 5	 1	 4.695369	 -1	 0.000000	 10.284142
107	 5	 5	 1	 0.186743	 -1	 0.000000	 8.327178
108	 5	 5	 1	 0.008210	 -1	 0.000000	 12.969687
109	 5	 5	 1	 0.006831	 -1	 0.000000	 8.813677
110	 5	 5	 1	 0.005875	 -1	 0.000000	 9.382526
111	 5	 5	 1	 0.001100	 -1	 0.000000	 11.749461
112	 5	 5	 1	 0.006832	 -1	 0.000000	 11.634365
113	 5	 5	 1	 0.011835	 -1	 0.000000	 10.479625
114	 5	 5	 1	 0.013777	 -1	 0.000000	 15.219555
115	 5	 5	 1	 0.246547	 -1	 0.000000	 9.465009
116	 5	 5	 1	 65.381127	 -1	 0.000000	 10.295027
117	 5	 5	 1	 0.005600	 -1	 0.000000	 20.222504
118	 5	 5	 1	 0.000921	 -1	 0.000000	 10.386751
119	 5	 5	 1	 0.013375	 -1	 0.000000	 10.954590
120	 5	 5	 1	 1.034840	 -1	 0.000000	 9.251839
121	 5	 5	 1	 0.001003	 -1	 0.000000	 16.356647
122	 5	 5	 1	 0.001144	 -1	 0.000000	 14.702193
123	 5	 5	 1	 0.009581	 -1	 0.000000	 7.305789
125	 5	 5	 1	 0.001052	 -1	 0.000000	 10.141230
126	 5	 5	 1	 69.407121	 -1	 0.000000	 14.606526
127	 5	 5	 1	 0.001166	 -1	 0.000000	 12.801519
128	 5	 5	 1	 0.001128	 -1	 0.000000	 9.676768
129	 5	 5	 1	 0.001184	 -1	 0.000000	 15.325144
130	 5	 5	 1	 0.012544	 -1	 0.000000	 9.228540
131	 5	 5	 1	 0.001076	 -1	 0.000000	 10.720279
132	 5	 5	 1	 0.001488	 -1	 0.000000	 8.320499
133	 5	 5	 1	 0.001533	 -1	 0.000000	 9.799121
134	 5	 5	 1	 0.013240	 -1	 0.000000	 12.282230
135	 5	 5	 1	 0.000871	 -1	 0.000000	 10.880597
136	 5	 5	 1	 0.006144	 -1	 0.000000	 12.390059
137	 5	 5	 1	 0.001110	 -1	 0.000000	 11.048172
138	 5	 5	 1	 0.005337	 -1	 0.000000	 11.392872
139	 5	 5	 1	 6.708056	 -1	 0.000000	 10.515146
140	 5	 5	 1	 0.001252	 -1	 0.000000	 12.977593
141	 5	 5	 1	 0.001147	 -1	 0.000000	 14.950983
142	 5	 5	 1	 0.006493	 -1	 0.000000	 10.405764
143	 5	 5	 1	 0.005468	 -1	 0.000000	 8.830585
144	 5	 5	 1	 0.001570	 -1	 0.000000	 10.128809
145	 5	 5	 1	 0.000883	 -1	 0.000000	 13.463183
146	 5	 5	 1	 0.009434	 -1	 0.000000	 15.426748
147	 5	 5	 1	 0.006763	 -1	 0.000000	 12.505561
148	 5	 5	 1	 0.010702	 -1	 0.000000	 8.381789
149	 5	 5	 1	 0.012871	 -1	 0.000000	 10.085766
150	 5	 5	 1	 0.001103	 -1	 0.000000	 8.552155
151	 5	 5	 1	 65.430393	 -1	 0.000000	 7.408017
152	 5	 5	 1	 0.001301	 -1	 0.000000	 8.632104
153	 5	 5	 1	 0.006833	 -1	 0.000000	 8.712437
154	 5	 5	 0	 100.919395	 -1	 0.000000	 15.582204
155	 5	 5	 1	 0.008578	 -1	 0.000000	 9.735081
156	 5	 5	 1	 4.964201	 -1	 0.000000	 9.144551
157	 5	 5	 1	 0.013628	 -1	 0.000000	 8.757752
158	 5	 5	 1	 0.001189	 -1	 0.000000	 11.865554
159	 5	 5	 1	 0.269412	 -1	 0.000000	 10.132175
160	 5	 5	 1	 0.005638	 -1	 0.000000	 9.856328
161	 5	 5	 1	 0.001454	 -1	 0.000000	 8.625914
162	 5	 5	 1	 0.011415	 -1	 0.000000	 9.491232
163	 5	 5	 1	 0.000981	 -1	 0.000000	 9.991672
164	 5	 5	 1	 0.001178	 -1	 0.000000	 9.324848
165	 5	 5	 1	 0.000757	 -1	 0.000000	 9.142796
166	 5	 5	 1	 58.135238	 -1	 0.000000	 13.686179
167	 5	 5	 1	 0.001785	 -1	 0.000000	 9.907791
168	 5	 5	 1	 0.001141	 -1	 0.000000	 13.325782
169	 5	 5	 1	 0.016287	 -1	 0.000000	 8.137611
3226	 11	 11	 0	 451.765302	 -1	 0.000000	 5.304474
170	 5	 5	 1	 0.139581	 -1	 0.000000	 7.266655
171	 5	 5	 1	 7.193844	 -1	 0.000000	 9.510013
2787	 9	 9	 0	 458.951775	 -1	 0.000000	 6.235666
172	 5	 5	 1	 0.006810	 -1	 0.000000	 9.096111
173	 5	 5	 1	 0.056743	 -1	 0.000000	 7.998991
174	 5	 5	 1	 0.009898	 -1	 0.000000	 9.015341
175	 5	 5	 1	 0.011077	 -1	 0.000000	 8.947632
176	 5	 5	 1	 0.011181	 -1	 0.000000	 9.649358
177	 5	 5	 1	 0.007274	 -1	 0.000000	 8.928940
178	 5	 5	 1	 0.008307	 -1	 0.000000	 7.902678
179	 5	 5	 1	 0.005651	 -1	 0.000000	 13.927361
180	 5	 5	 1	 0.000769	 -1	 0.000000	 15.026465
181	 5	 5	 1	 0.013388	 -1	 0.000000	 9.064283
182	 5	 5	 1	 0.008770	 -1	 0.000000	 7.825289
183	 5	 5	 1	 2.670436	 -1	 0.000000	 7.797965
184	 5	 5	 1	 0.000798	 -1	 0.000000	 11.783221
185	 5	 5	 1	 0.004767	 -1	 0.000000	 10.367555
186	 5	 5	 1	 0.011238	 -1	 0.000000	 9.602785
187	 5	 5	 1	 0.001212	 -1	 0.000000	 8.411758
188	 5	 5	 1	 0.006767	 -1	 0.000000	 9.285651
189	 5	 5	 1	 0.007390	 -1	 0.000000	 13.161357
190	 5	 5	 1	 0.010790	 -1	 0.000000	 9.619292
522	 10	 10	 0	 470.392437	 -1	 0.000000	 4.083008
191	 5	 5	 1	 0.005822	 -1	 0.000000	 13.757694
192	 5	 5	 1	 0.009529	 -1	 0.000000	 8.398174
193	 5	 5	 1	 0.007426	 -1	 0.000000	 7.584873
194	 5	 5	 1	 41.829298	 -1	 0.000000	 13.289369
195	 5	 5	 1	 0.007082	 -1	 0.000000	 12.203754
196	 5	 5	 1	 0.001047	 -1	 0.000000	 10.050992
197	 5	 5	 1	 0.006178	 -1	 0.000000	 9.994330
198	 5	 5	 1	 0.005201	 -1	 0.000000	 10.856411
199	 5	 5	 1	 0.001091	 -1	 0.000000	 8.156673
200	 5	 5	 1	 0.013721	 -1	 0.000000	 8.476348
201	 5	 5	 1	 0.014305	 -1	 0.000000	 12.666398
202	 5	 5	 1	 0.001049	 -1	 0.000000	 10.190912
203	 5	 5	 1	 0.012903	 -1	 0.000000	 8.541390
204	 5	 5	 0	 127.369252	 -1	 0.000000	 16.859430
205	 5	 5	 1	 0.009300	 -1	 0.000000	 9.875532
206	 5	 5	 1	 9.299916	 -1	 0.000000	 13.981774
207	 5	 5	 1	 0.009117	 -1	 0.000000	 10.546015
208	 5	 5	 1	 0.006321	 -1	 0.000000	 22.845888
209	 5	 5	 1	 0.001101	 -1	 0.000000	 16.176455
210	 5	 5	 1	 0.001198	 -1	 0.000000	 10.284384
211	 5	 5	 1	 0.001150	 -1	 0.000000	 11.388524
212	 5	 5	 1	 0.008672	 -1	 0.000000	 9.387325
213	 5	 5	 1	 0.001527	 -1	 0.000000	 8.553731
214	 5	 5	 1	 0.001010	 -1	 0.000000	 11.003765
215	 5	 5	 1	 0.012903	 -1	 0.000000	 19.026556
216	 5	 5	 1	 0.000955	 -1	 0.000000	 8.955158
217	 5	 5	 1	 0.005096	 -1	 0.000000	 17.124500
218	 5	 5	 1	 0.007475	 -1	 0.000000	 15.059170
219	 5	 5	 1	 0.010735	 -1	 0.000000	 10.804111
220	 5	 5	 0	 135.485428	 -1	 0.000000	 9.970140
223	 5	 5	 1	 0.054280	 -1	 0.000000	 11.062949
225	 5	 5	 1	 0.289788	 -1	 0.000000	 6.491791
226	 5	 5	 0	 238.778911	 -1	 0.000000	 8.294028
227	 5	 5	 0	 183.232583	 -1	 0.000000	 9.533314
228	 5	 5	 0	 337.255657	 -1	 0.000000	 6.417200
230	 5	 5	 1	 0.013372	 -1	 0.000000	 8.393489
231	 5	 5	 1	 0.000982	 -1	 0.000000	 12.503522
232	 5	 5	 1	 0.000898	 -1	 0.000000	 19.859800
233	 5	 5	 1	 1.174357	 -1	 0.000000	 8.851773
234	 5	 5	 1	 0.000871	 -1	 0.000000	 10.529725
235	 5	 5	 1	 0.009528	 -1	 0.000000	 8.726294
236	 5	 5	 1	 0.005849	 -1	 0.000000	 9.127569
237	 5	 5	 1	 21.189076	 -1	 0.000000	 9.804239
238	 5	 5	 1	 0.009775	 -1	 0.000000	 10.091955
240	 5	 5	 0	 495.585353	 -1	 0.000000	 13.072324
243	 5	 5	 0	 237.198533	 -1	 0.000000	 13.798257
246	 5	 5	 1	 0.001189	 -1	 0.000000	 9.761303
247	 5	 5	 1	 0.007361	 -1	 0.000000	 9.033154
248	 5	 5	 0	 200.739104	 -1	 0.000000	 9.267470
250	 5	 5	 1	 0.006192	 -1	 0.000000	 15.159275
251	 5	 5	 1	 0.006412	 -1	 0.000000	 11.892106
253	 5	 5	 1	 0.006726	 -1	 0.000000	 11.189409
256	 5	 5	 1	 0.005058	 -1	 0.000000	 10.946416
258	 5	 5	 1	 0.000937	 -1	 0.000000	 10.566718
262	 5	 5	 1	 0.001622	 -1	 0.000000	 10.752559
266	 5	 5	 1	 0.006992	 -1	 0.000000	 12.734956
267	 5	 5	 0	 237.213187	 -1	 0.000000	 8.798676
269	 5	 5	 0	 495.592979	 -1	 0.000000	 11.326850
270	 5	 5	 1	 0.005764	 -1	 0.000000	 12.182076
272	 5	 5	 1	 0.010836	 -1	 0.000000	 12.573709
273	 5	 5	 1	 0.006217	 -1	 0.000000	 8.676329
274	 5	 5	 1	 0.001115	 -1	 0.000000	 9.587339
275	 5	 5	 1	 0.005178	 -1	 0.000000	 9.577143
277	 5	 5	 1	 0.001127	 -1	 0.000000	 10.834176
279	 5	 5	 1	 0.001301	 -1	 0.000000	 9.132364
280	 5	 5	 0	 238.235490	 -1	 0.000000	 9.649331
282	 5	 5	 0	 237.159300	 -1	 0.000000	 12.162627
284	 5	 5	 1	 0.006814	 -1	 0.000000	 14.033176
286	 5	 5	 0	 422.533091	 -1	 0.000000	 9.216023
287	 5	 5	 1	 0.012924	 -1	 0.000000	 9.887091
289	 5	 5	 1	 5.380708	 -1	 0.000000	 10.611423
290	 5	 5	 1	 0.008517	 -1	 0.000000	 9.374694
291	 5	 5	 1	 0.011156	 -1	 0.000000	 7.674926
292	 5	 5	 1	 9.173656	 -1	 0.000000	 8.082184
293	 5	 5	 1	 0.005010	 -1	 0.000000	 9.403019
294	 5	 5	 0	 205.180142	 -1	 0.000000	 12.727858
295	 5	 5	 1	 0.001257	 -1	 0.000000	 8.665695
296	 5	 5	 1	 0.006341	 -1	 0.000000	 8.032584
2940	 10	 10	 0	 475.751461	 -1	 0.000000	 4.201748
297	 5	 5	 1	 0.013942	 -1	 0.000000	 11.812893
298	 5	 5	 1	 0.010647	 -1	 0.000000	 9.574952
300	 5	 5	 1	 0.012482	 -1	 0.000000	 14.408677
303	 5	 5	 1	 0.003963	 -1	 0.000000	 8.620599
304	 5	 5	 1	 0.042267	 -1	 0.000000	 12.200435
306	 5	 5	 1	 0.010671	 -1	 0.000000	 8.626232
307	 5	 5	 0	 463.756848	 -1	 0.000000	 9.087976
308	 5	 5	 0	 237.220265	 -1	 0.000000	 10.120843
309	 5	 5	 1	 1.092724	 -1	 0.000000	 11.223905
310	 5	 5	 1	 104.831837	 -1	 0.000000	 9.132360
312	 5	 5	 1	 0.012331	 -1	 0.000000	 10.258924
313	 5	 5	 1	 0.005505	 -1	 0.000000	 11.056957
314	 5	 5	 1	 0.015344	 -1	 0.000000	 9.773861
315	 5	 5	 1	 0.001137	 -1	 0.000000	 13.764338
316	 5	 5	 1	 0.000963	 -1	 0.000000	 10.383347
317	 5	 5	 1	 0.010926	 -1	 0.000000	 10.469132
318	 5	 5	 0	 432.582249	 -1	 0.000000	 12.713964
319	 5	 5	 1	 0.001620	 -1	 0.000000	 8.346915
322	 5	 5	 1	 0.001210	 -1	 0.000000	 11.992558
328	 5	 5	 1	 0.008462	 -1	 0.000000	 9.687593
329	 5	 5	 0	 495.636231	 -1	 0.000000	 12.986606
330	 5	 5	 1	 0.010333	 -1	 0.000000	 7.147681
331	 5	 5	 0	 445.663755	 -1	 0.000000	 9.782047
333	 5	 5	 0	 147.230955	 -1	 0.000000	 11.287121
334	 5	 5	 0	 413.254417	 -1	 0.000000	 14.212916
335	 5	 5	 1	 0.001107	 -1	 0.000000	 10.512353
337	 5	 5	 1	 0.009087	 -1	 0.000000	 18.455738
338	 5	 5	 1	 0.007991	 -1	 0.000000	 11.981481
339	 5	 5	 1	 0.005346	 -1	 0.000000	 9.630834
342	 5	 5	 1	 0.001110	 -1	 0.000000	 13.614401
344	 5	 5	 0	 364.868734	 -1	 0.000000	 5.497122
351	 5	 5	 1	 0.001172	 -1	 0.000000	 10.966312
380	 5	 5	 1	 0.208041	 -1	 0.000000	 11.896991
381	 5	 5	 1	 0.002306	 -1	 0.000000	 7.798412
382	 5	 5	 1	 0.012009	 -1	 0.000000	 10.305173
383	 5	 5	 1	 25.653313	 -1	 0.000000	 10.899195
384	 5	 5	 0	 90.757303	 -1	 0.000000	 14.397788
2073	 13	 13	 0	 322.951933	 -1	 0.000000	 5.889382
385	 5	 5	 1	 0.000858	 -1	 0.000000	 11.049013
386	 5	 5	 1	 0.001282	 -1	 0.000000	 11.697007
387	 5	 5	 1	 21.484562	 -1	 0.000000	 10.448730
388	 5	 5	 1	 2.353848	 -1	 0.000000	 9.159622
389	 5	 5	 1	 0.001111	 -1	 0.000000	 9.429949
390	 5	 5	 1	 0.008118	 -1	 0.000000	 10.214647
391	 5	 5	 1	 0.007602	 -1	 0.000000	 10.581450
392	 5	 5	 1	 0.845252	 -1	 0.000000	 9.385552
393	 5	 5	 1	 0.006563	 -1	 0.000000	 8.308414
394	 5	 5	 1	 0.005897	 -1	 0.000000	 8.802024
395	 5	 5	 1	 32.217677	 -1	 0.000000	 14.796157
396	 5	 5	 1	 39.495003	 -1	 0.000000	 7.708825
397	 5	 5	 1	 0.008202	 -1	 0.000000	 10.432068
398	 5	 5	 1	 0.007551	 -1	 0.000000	 12.697737
399	 5	 5	 1	 0.007606	 -1	 0.000000	 12.751007
400	 5	 5	 1	 7.518242	 -1	 0.000000	 17.297810
401	 5	 5	 1	 0.001329	 -1	 0.000000	 9.980030
402	 5	 5	 1	 0.006138	 -1	 0.000000	 7.885694
403	 5	 5	 1	 0.013978	 -1	 0.000000	 9.102053
404	 5	 5	 1	 0.001220	 -1	 0.000000	 17.323803
405	 5	 5	 1	 0.004324	 -1	 0.000000	 8.764435
406	 5	 5	 1	 0.006705	 -1	 0.000000	 10.100595
407	 5	 5	 1	 0.001068	 -1	 0.000000	 10.935660
408	 5	 5	 1	 0.010416	 -1	 0.000000	 7.344332
409	 5	 5	 1	 0.011306	 -1	 0.000000	 11.527923
410	 5	 5	 1	 0.005551	 -1	 0.000000	 9.250034
411	 5	 5	 1	 60.956705	 -1	 0.000000	 13.308197
412	 5	 5	 1	 0.000991	 -1	 0.000000	 10.105313
413	 5	 5	 1	 0.001606	 -1	 0.000000	 8.721201
414	 5	 5	 1	 0.012588	 -1	 0.000000	 8.031647
415	 5	 5	 1	 82.211861	 -1	 0.000000	 10.962311
420	 5	 5	 1	 0.001018	 -1	 0.000000	 11.476210
421	 5	 5	 1	 0.000982	 -1	 0.000000	 10.407419
422	 5	 5	 1	 23.764711	 -1	 0.000000	 8.443283
423	 5	 5	 1	 0.001315	 -1	 0.000000	 11.208059
424	 5	 5	 1	 0.001374	 -1	 0.000000	 7.630308
425	 5	 5	 1	 0.024998	 -1	 0.000000	 11.995767
426	 5	 5	 1	 0.000929	 -1	 0.000000	 13.347222
427	 5	 5	 1	 0.007717	 -1	 0.000000	 9.378148
428	 5	 5	 1	 0.001227	 -1	 0.000000	 9.348330
429	 5	 5	 1	 0.005751	 -1	 0.000000	 10.204090
430	 5	 5	 1	 0.006100	 -1	 0.000000	 11.640022
2191	 3	 3	 0	 486.922697	 -1	 0.000000	 9.712343
431	 5	 5	 0	 486.441060	 -1	 0.000000	 7.424040
432	 5	 5	 1	 0.009015	 -1	 0.000000	 11.355663
433	 5	 5	 1	 0.004104	 -1	 0.000000	 10.149313
434	 5	 5	 1	 1.198835	 -1	 0.000000	 8.108738
435	 5	 5	 1	 0.012385	 -1	 0.000000	 11.606204
436	 5	 5	 1	 122.240250	 -1	 0.000000	 10.406750
437	 5	 5	 1	 0.005800	 -1	 0.000000	 8.046590
438	 5	 5	 1	 0.008740	 -1	 0.000000	 8.204580
439	 5	 5	 1	 14.665674	 -1	 0.000000	 9.317581
440	 5	 5	 1	 0.001051	 -1	 0.000000	 11.007346
442	 5	 5	 1	 0.009895	 -1	 0.000000	 10.049570
445	 5	 5	 1	 11.807121	 -1	 0.000000	 11.534647
446	 5	 5	 1	 0.005144	 -1	 0.000000	 10.644180
447	 5	 5	 1	 0.012688	 -1	 0.000000	 13.739521
448	 5	 5	 1	 0.007892	 -1	 0.000000	 7.797576
452	 5	 5	 1	 0.008210	 -1	 0.000000	 11.027259
453	 5	 5	 1	 105.313757	 -1	 0.000000	 12.379570
454	 5	 5	 1	 0.001222	 -1	 0.000000	 8.913095
455	 5	 5	 1	 0.001024	 -1	 0.000000	 8.150930
456	 5	 5	 1	 0.001404	 -1	 0.000000	 14.335628
457	 5	 5	 1	 0.004928	 -1	 0.000000	 16.938250
458	 5	 5	 1	 0.000877	 -1	 0.000000	 13.365526
459	 5	 5	 1	 0.001340	 -1	 0.000000	 9.347438
460	 5	 5	 1	 0.006826	 -1	 0.000000	 10.653888
461	 5	 5	 1	 0.005907	 -1	 0.000000	 8.098006
462	 5	 5	 1	 0.012562	 -1	 0.000000	 9.992693
463	 5	 5	 1	 0.000969	 -1	 0.000000	 20.720335
464	 5	 5	 1	 0.005799	 -1	 0.000000	 8.298078
465	 5	 5	 1	 0.011263	 -1	 0.000000	 15.001343
480	 5	 5	 1	 0.006173	 -1	 0.000000	 10.837178
490	 5	 5	 1	 0.001087	 -1	 0.000000	 7.730251
491	 5	 5	 1	 0.007466	 -1	 0.000000	 10.185710
492	 5	 5	 1	 0.011525	 -1	 0.000000	 13.496338
493	 5	 5	 1	 0.006681	 -1	 0.000000	 9.507291
3644	 13	 13	 1	 235.934804	 -1	 0.000000	 3.367462
>>> gr_fir_ccf: using E
>>> gr_fir_fff: using E
gr_buffer::allocate_buffer: warning: tried to allocate
   22 items of size 2928. Due to alignment requirements
   256 were allocated.  If this isn't OK, consider padding
   your structure to a power-of-two bytes.
   On this platform, our allocation granularity is 4096 bytes.
2690	 13	 13	 0	 359.910300	 -1	 0.000000	 5.401594
4073	 5	 5	 0	 400.770063	 -1	 0.000000	 4.853216
0	 7	 7	 1	 0.005522	 -1	 0.000000	 8.111490
1	 7	 7	 1	 0.022167	 -1	 0.000000	 11.215671
2	 7	 7	 1	 0.057797	 -1	 0.000000	 10.452968
3	 7	 7	 1	 0.060251	 -1	 0.000000	 10.970640
4	 7	 7	 1	 0.018183	 -1	 0.000000	 9.315427
5	 7	 7	 0	 287.162332	 -1	 0.000000	 10.771611
6	 7	 7	 1	 0.024130	 -1	 0.000000	 10.070164
7	 7	 7	 1	 0.004810	 -1	 0.000000	 10.103981
8	 7	 7	 1	 0.003336	 -1	 0.000000	 12.528926
9	 7	 7	 1	 0.036660	 -1	 0.000000	 9.614591
10	 7	 7	 1	 0.028167	 -1	 0.000000	 8.088501
11	 7	 7	 1	 0.045786	 -1	 0.000000	 10.697091
12	 7	 7	 0	 348.349640	 -1	 0.000000	 8.785890
13	 7	 7	 1	 0.074972	 -1	 0.000000	 10.191745
14	 7	 7	 1	 2.245186	 -1	 0.000000	 8.804401
15	 7	 7	 1	 0.031303	 -1	 0.000000	 13.262224
16	 7	 7	 1	 0.003125	 -1	 0.000000	 9.618726
17	 7	 7	 1	 0.004355	 -1	 0.000000	 14.051038
18	 7	 7	 1	 0.032719	 -1	 0.000000	 9.741470
>>> gr_fir_ccf: using E
>>> gr_fir_fff: using E
terminate called after throwing an instance of 'std::invalid_argument'
  what():  gr_ofdm_demod: Incorrect subcarriers allocated
>>> gr_fir_ccf: using E
>>> gr_fir_fff: using E
terminate called after throwing an instance of 'std::invalid_argument'
  what():  gr_ofdm_demod: Incorrect subcarriers allocated
>>> gr_fir_ccf: using E
>>> gr_fir_fff: using E
gr_buffer::allocate_buffer: warning: tried to allocate
   22 items of size 2928. Due to alignment requirements
   256 were allocated.  If this isn't OK, consider padding
   your structure to a power-of-two bytes.
   On this platform, our allocation granularity is 4096 bytes.
28	 9	 9	 1	 7.585958	 -1	 0.000000	 13.282729
29	 9	 9	 1	 104.088174	 -1	 0.000000	 8.258882
30	 9	 9	 1	 156.571885	 -1	 0.000000	 10.773177
31	 9	 9	 1	 6.361825	 -1	 0.000000	 8.418335
32	 9	 9	 1	 121.421494	 -1	 0.000000	 8.637054
33	 9	 9	 1	 119.861536	 -1	 0.000000	 11.157835
34	 9	 9	 1	 5.637842	 -1	 0.000000	 9.515531
35	 9	 9	 1	 133.386045	 -1	 0.000000	 11.044058
36	 9	 9	 1	 5.629993	 -1	 0.000000	 15.327536
37	 9	 9	 1	 135.311110	 -1	 0.000000	 13.107596
38	 9	 9	 1	 6.558424	 -1	 0.000000	 10.330084
40	 9	 9	 1	 121.456246	 -1	 0.000000	 13.887596
41	 9	 9	 1	 125.550282	 -1	 0.000000	 12.212548
42	 9	 9	 1	 5.835703	 -1	 0.000000	 7.726059
43	 9	 9	 1	 111.121295	 -1	 0.000000	 9.838986
44	 9	 9	 1	 6.293219	 -1	 0.000000	 12.966003
45	 9	 9	 1	 9.463714	 -1	 0.000000	 9.858070
46	 9	 9	 1	 7.552124	 -1	 0.000000	 8.292164
47	 9	 9	 1	 6.012659	 -1	 0.000000	 10.712118
48	 9	 9	 1	 4.686208	 -1	 0.000000	 12.496276
49	 9	 9	 1	 105.520450	 -1	 0.000000	 22.394896
50	 9	 9	 1	 7.092214	 -1	 0.000000	 11.568666
51	 9	 9	 1	 6.997082	 -1	 0.000000	 7.969475
52	 9	 9	 1	 116.624081	 -1	 0.000000	 12.051538
3097	 3	 3	 0	 489.520937	 -1	 0.000000	 5.631162
53	 9	 9	 0	 484.147352	 -1	 0.000000	 9.546492
54	 9	 9	 0	 129.738926	 -1	 0.000000	 10.072804
55	 9	 9	 0	 91.707365	 -1	 0.000000	 8.973022
56	 9	 9	 0	 148.511189	 -1	 0.000000	 8.915343
57	 9	 9	 0	 142.129804	 -1	 0.000000	 10.264159
58	 9	 9	 0	 73.900570	 -1	 0.000000	 10.298623
59	 9	 9	 0	 21.831013	 -1	 0.000000	 8.904581
60	 9	 9	 0	 109.200253	 -1	 0.000000	 10.719396
61	 9	 9	 0	 55.644363	 -1	 0.000000	 10.170178
63	 9	 9	 0	 101.310140	 -1	 0.000000	 19.615036
>>> gr_fir_ccf: using E
>>> gr_fir_fff: using E
gr_buffer::allocate_buffer: warning: tried to allocate
   22 items of size 2928. Due to alignment requirements
   256 were allocated.  If this isn't OK, consider padding
   your structure to a power-of-two bytes.
   On this platform, our allocation granularity is 4096 bytes.
37	 11	 11	 1	 61.467100	 -1	 0.000000	 9.915383
38	 11	 11	 1	 15.846430	 -1	 0.000000	 7.993765
39	 11	 11	 1	 45.106508	 -1	 0.000000	 10.465420
40	 11	 11	 1	 82.592776	 -1	 0.000000	 8.700095
41	 11	 11	 1	 84.524399	 -1	 0.000000	 11.308368
42	 11	 11	 1	 53.443542	 -1	 0.000000	 9.728456
43	 11	 11	 1	 14.752300	 -1	 0.000000	 7.936047
44	 11	 11	 1	 7.423685	 -1	 0.000000	 9.826573
45	 11	 11	 1	 72.394231	 -1	 0.000000	 10.819112
46	 11	 11	 1	 7.814568	 -1	 0.000000	 9.429346
47	 11	 11	 1	 68.900843	 -1	 0.000000	 11.401806
48	 11	 11	 1	 10.871683	 -1	 0.000000	 8.743314
49	 11	 11	 1	 9.029535	 -1	 0.000000	 14.472332
50	 11	 11	 1	 57.536615	 -1	 0.000000	 13.121091
51	 11	 11	 1	 10.355587	 -1	 0.000000	 8.523473
52	 11	 11	 1	 53.747137	 -1	 0.000000	 11.060959
54	 11	 11	 1	 7.531631	 -1	 0.000000	 14.048038
55	 11	 11	 1	 10.455777	 -1	 0.000000	 12.434041
56	 11	 11	 1	 8.094267	 -1	 0.000000	 9.468648
57	 11	 11	 1	 10.952333	 -1	 0.000000	 9.295081
58	 11	 11	 1	 125.516144	 -1	 0.000000	 7.928751
59	 11	 11	 1	 11.304498	 -1	 0.000000	 10.250434
60	 11	 11	 1	 8.761593	 -1	 0.000000	 12.073531
61	 11	 11	 1	 7.106927	 -1	 0.000000	 11.851233
62	 11	 11	 1	 83.872247	 -1	 0.000000	 8.783247
63	 11	 11	 1	 9.125967	 -1	 0.000000	 10.874729
64	 11	 11	 1	 82.976620	 -1	 0.000000	 8.990066
65	 11	 11	 1	 6.547482	 -1	 0.000000	 10.765879
66	 11	 11	 1	 7.284731	 -1	 0.000000	 12.657992
67	 11	 11	 1	 11.770465	 -1	 0.000000	 13.586100
68	 11	 11	 1	 7.607006	 -1	 0.000000	 10.104724
69	 11	 11	 1	 17.425597	 -1	 0.000000	 8.636891
70	 11	 11	 1	 53.996435	 -1	 0.000000	 9.415119
71	 11	 11	 1	 64.220465	 -1	 0.000000	 7.939203
72	 11	 11	 1	 9.205362	 -1	 0.000000	 14.130645
73	 11	 11	 1	 5.606595	 -1	 0.000000	 12.039296
74	 11	 11	 1	 9.116128	 -1	 0.000000	 11.242569
75	 11	 11	 1	 57.350150	 -1	 0.000000	 10.661322
76	 11	 11	 1	 7.171356	 -1	 0.000000	 12.079755
77	 11	 11	 0	 92.634678	 -1	 0.000000	 11.222551
78	 11	 11	 1	 8.109158	 -1	 0.000000	 9.561480
79	 11	 11	 1	 69.410377	 -1	 0.000000	 9.742838
80	 11	 11	 1	 65.895690	 -1	 0.000000	 8.668683
81	 11	 11	 1	 105.659981	 -1	 0.000000	 8.421153
82	 11	 11	 1	 7.635283	 -1	 0.000000	 10.167459
83	 11	 11	 1	 65.003305	 -1	 0.000000	 12.288665
84	 11	 11	 1	 8.566792	 -1	 0.000000	 9.577724
85	 11	 11	 1	 9.499322	 -1	 0.000000	 8.231083
86	 11	 11	 1	 8.531081	 -1	 0.000000	 9.866819
87	 11	 11	 1	 52.136318	 -1	 0.000000	 10.750718
88	 11	 11	 1	 9.483376	 -1	 0.000000	 10.777197
89	 11	 11	 1	 9.680557	 -1	 0.000000	 10.035141
90	 11	 11	 1	 9.840089	 -1	 0.000000	 9.303155
91	 11	 11	 1	 8.311061	 -1	 0.000000	 11.212170
93	 11	 11	 1	 14.261351	 -1	 0.000000	 8.775948
94	 11	 11	 1	 6.023350	 -1	 0.000000	 9.257166
95	 11	 11	 1	 10.514264	 -1	 0.000000	 10.752844
96	 11	 11	 1	 8.050349	 -1	 0.000000	 12.270267
98	 11	 11	 1	 5.753750	 -1	 0.000000	 9.741474
99	 11	 11	 1	 8.239737	 -1	 0.000000	 14.011712
101	 11	 11	 1	 7.848929	 -1	 0.000000	 11.104544
102	 11	 11	 1	 8.561958	 -1	 0.000000	 14.395841
103	 11	 11	 1	 12.531975	 -1	 0.000000	 8.475784
104	 11	 11	 1	 8.048949	 -1	 0.000000	 8.459991
105	 11	 11	 1	 13.523992	 -1	 0.000000	 9.561090
106	 11	 11	 1	 43.806232	 -1	 0.000000	 13.889146
107	 11	 11	 1	 16.438874	 -1	 0.000000	 7.822319
108	 11	 11	 1	 11.679676	 -1	 0.000000	 9.585093
109	 11	 11	 1	 7.152694	 -1	 0.000000	 12.950727
110	 11	 11	 1	 9.428619	 -1	 0.000000	 13.972716
111	 11	 11	 1	 6.339384	 -1	 0.000000	 14.760036
113	 11	 11	 1	 13.488510	 -1	 0.000000	 9.588105
114	 11	 11	 1	 10.791623	 -1	 0.000000	 8.420382
115	 11	 11	 1	 72.687787	 -1	 0.000000	 8.763627
116	 11	 11	 1	 47.768443	 -1	 0.000000	 11.032092
117	 11	 11	 1	 58.395579	 -1	 0.000000	 9.337219
118	 11	 11	 1	 11.021403	 -1	 0.000000	 8.061503
119	 11	 11	 1	 12.491013	 -1	 0.000000	 9.262904
>>> gr_fir_ccf: using E
>>> gr_fir_fff: using E
gr_buffer::allocate_buffer: warning: tried to allocate
   22 items of size 2928. Due to alignment requirements
   256 were allocated.  If this isn't OK, consider padding
   your structure to a power-of-two bytes.
   On this platform, our allocation granularity is 4096 bytes.
40	 11	 11	 1	 13.174730	 -1	 0.000000	 9.171902
41	 11	 11	 1	 9.382017	 -1	 0.000000	 12.133074
43	 11	 11	 1	 11.945859	 -1	 0.000000	 10.708656
44	 11	 11	 1	 10.296896	 -1	 0.000000	 9.664447
45	 11	 11	 1	 11.948350	 -1	 0.000000	 9.206253
46	 11	 11	 1	 6.245115	 -1	 0.000000	 9.667546
47	 11	 11	 1	 75.923873	 -1	 0.000000	 14.155710
48	 11	 11	 1	 9.282459	 -1	 0.000000	 11.525733
50	 11	 11	 1	 6.528516	 -1	 0.000000	 10.432222
51	 11	 11	 1	 7.632607	 -1	 0.000000	 9.477445
52	 11	 11	 1	 67.255461	 -1	 0.000000	 8.961371
53	 11	 11	 1	 5.232637	 -1	 0.000000	 9.488703
54	 11	 11	 1	 18.439694	 -1	 0.000000	 8.057281
55	 11	 11	 1	 13.777553	 -1	 0.000000	 10.352870
56	 11	 11	 1	 43.731197	 -1	 0.000000	 12.632132
57	 11	 11	 1	 9.761945	 -1	 0.000000	 9.656857
>>> gr_fir_ccf: using E
>>> gr_fir_fff: using E
gr_buffer::allocate_buffer: warning: tried to allocate
   22 items of size 2928. Due to alignment requirements
   256 were allocated.  If this isn't OK, consider padding
   your structure to a power-of-two bytes.
   On this platform, our allocation granularity is 4096 bytes.
35	 10	 10	 1	 132.223997	 -1	 0.000000	 12.060992
36	 10	 10	 1	 171.945940	 -1	 0.000000	 13.385203
37	 10	 10	 1	 280.150505	 -1	 0.000000	 7.607441
38	 10	 10	 0	 390.137512	 -1	 0.000000	 11.369944
39	 10	 10	 0	 373.665894	 -1	 0.000000	 9.256597
40	 10	 10	 0	 355.970075	 -1	 0.000000	 9.487294
41	 10	 10	 1	 201.752319	 -1	 0.000000	 11.717473
42	 10	 10	 0	 379.654471	 -1	 0.000000	 8.977848
43	 10	 10	 0	 437.140192	 -1	 0.000000	 8.499640
44	 10	 10	 1	 138.006179	 -1	 0.000000	 11.964269
45	 10	 10	 0	 408.383202	 -1	 0.000000	 9.991784
46	 10	 10	 1	 163.370584	 -1	 0.000000	 11.988555
47	 10	 10	 1	 169.879115	 -1	 0.000000	 16.172926
48	 10	 10	 1	 262.166237	 -1	 0.000000	 8.753173
49	 10	 10	 1	 134.823198	 -1	 0.000000	 10.150381
50	 10	 10	 0	 380.440397	 -1	 0.000000	 10.824553
51	 10	 10	 0	 430.537929	 -1	 0.000000	 8.626630
52	 10	 10	 1	 121.310585	 -1	 0.000000	 10.016463
53	 10	 10	 0	 405.584569	 -1	 0.000000	 14.489000
54	 10	 10	 1	 146.328094	 -1	 0.000000	 11.226192
55	 10	 10	 1	 229.889289	 -1	 0.000000	 8.145646
56	 10	 10	 0	 410.243320	 -1	 0.000000	 9.995121
57	 10	 10	 0	 365.257122	 -1	 0.000000	 8.524708
58	 10	 10	 1	 175.080347	 -1	 0.000000	 9.390319
60	 10	 10	 1	 167.050437	 -1	 0.000000	 11.291399
61	 10	 10	 1	 168.862749	 -1	 0.000000	 21.141830
62	 10	 10	 1	 186.448475	 -1	 0.000000	 9.911580
63	 10	 10	 0	 411.928146	 -1	 0.000000	 9.678430
64	 10	 10	 1	 134.949061	 -1	 0.000000	 13.158077
65	 10	 10	 1	 184.038045	 -1	 0.000000	 10.203461
66	 10	 10	 1	 233.028208	 -1	 0.000000	 9.152450
67	 10	 10	 0	 448.091527	 -1	 0.000000	 9.420976
68	 10	 10	 1	 187.147442	 -1	 0.000000	 11.723862
69	 10	 10	 0	 426.455524	 -1	 0.000000	 15.467871
70	 10	 10	 1	 210.638594	 -1	 0.000000	 17.493074
71	 10	 10	 1	 146.661254	 -1	 0.000000	 11.435151
72	 10	 10	 0	 395.853679	 -1	 0.000000	 12.438372
73	 10	 10	 0	 401.189272	 -1	 0.000000	 11.444726
74	 10	 10	 1	 132.769517	 -1	 0.000000	 12.139413
75	 10	 10	 0	 410.611264	 -1	 0.000000	 14.244213
76	 10	 10	 1	 185.940734	 -1	 0.000000	 12.873319
77	 10	 10	 1	 306.150754	 -1	 0.000000	 8.365069
78	 10	 10	 1	 189.474658	 -1	 0.000000	 14.411730
79	 10	 10	 1	 200.774142	 -1	 0.000000	 9.965590
80	 10	 10	 0	 422.444363	 -1	 0.000000	 10.091887
81	 10	 10	 1	 141.822576	 -1	 0.000000	 11.360907
82	 10	 10	 1	 163.833222	 -1	 0.000000	 9.982644
83	 10	 10	 0	 424.007985	 -1	 0.000000	 9.576865
84	 10	 10	 0	 387.298777	 -1	 0.000000	 10.397860
85	 10	 10	 1	 231.960651	 -1	 0.000000	 10.000304
86	 10	 10	 0	 369.914921	 -1	 0.000000	 9.145602
87	 10	 10	 1	 115.455140	 -1	 0.000000	 8.063323
88	 10	 10	 0	 406.144219	 -1	 0.000000	 8.952060
89	 10	 10	 0	 429.715459	 -1	 0.000000	 8.745096
90	 10	 10	 0	 440.434785	 -1	 0.000000	 8.225730
91	 10	 10	 0	 439.575110	 -1	 0.000000	 8.921497
1355	 5	 5	 0	 408.247954	 -1	 0.000000	 4.685144
92	 10	 10	 1	 191.558860	 -1	 0.000000	 9.145072
93	 10	 10	 1	 173.324164	 -1	 0.000000	 10.826623
94	 10	 10	 1	 214.626834	 -1	 0.000000	 9.220777
95	 10	 10	 1	 321.416738	 -1	 0.000000	 7.433017
96	 10	 10	 0	 398.511720	 -1	 0.000000	 13.602831
97	 10	 10	 1	 164.499068	 -1	 0.000000	 12.235464
99	 10	 10	 1	 170.988046	 -1	 0.000000	 9.805901
100	 10	 10	 0	 410.730822	 -1	 0.000000	 13.833157
101	 10	 10	 0	 401.610278	 -1	 0.000000	 10.189765
102	 10	 10	 1	 116.560751	 -1	 0.000000	 13.447394
103	 10	 10	 1	 87.977806	 -1	 0.000000	 7.507513
104	 10	 10	 1	 131.574736	 -1	 0.000000	 10.216312
105	 10	 10	 1	 171.612746	 -1	 0.000000	 9.842582
106	 10	 10	 0	 382.202275	 -1	 0.000000	 10.503604
107	 10	 10	 0	 410.534141	 -1	 0.000000	 10.360160
108	 10	 10	 1	 221.244030	 -1	 0.000000	 8.202172
109	 10	 10	 1	 127.165570	 -1	 0.000000	 10.070251
110	 10	 10	 1	 189.143485	 -1	 0.000000	 8.946751
111	 10	 10	 1	 161.906680	 -1	 0.000000	 10.474484
112	 10	 10	 0	 428.775643	 -1	 0.000000	 7.904217
113	 10	 10	 0	 405.796834	 -1	 0.000000	 12.624818
115	 10	 10	 1	 134.521647	 -1	 0.000000	 11.608922
116	 10	 10	 1	 247.651727	 -1	 0.000000	 10.255280
117	 10	 10	 1	 159.023955	 -1	 0.000000	 10.639181
118	 10	 10	 0	 417.313021	 -1	 0.000000	 7.791096
119	 10	 10	 1	 170.837074	 -1	 0.000000	 11.273429
120	 10	 10	 1	 355.814303	 -1	 0.000000	 14.246269
121	 10	 10	 0	 412.005179	 -1	 0.000000	 10.563276
122	 10	 10	 0	 403.106109	 -1	 0.000000	 9.512233
123	 10	 10	 1	 238.644867	 -1	 0.000000	 11.171407
124	 10	 10	 0	 423.224396	 -1	 0.000000	 8.035245
125	 10	 10	 1	 181.990813	 -1	 0.000000	 9.349172
126	 10	 10	 1	 213.141908	 -1	 0.000000	 14.870027
127	 10	 10	 0	 387.630402	 -1	 0.000000	 9.454169
128	 10	 10	 1	 232.135728	 -1	 0.000000	 11.187342
130	 10	 10	 0	 401.413668	 -1	 0.000000	 9.792010
131	 10	 10	 1	 173.527877	 -1	 0.000000	 13.947663
132	 10	 10	 1	 142.755985	 -1	 0.000000	 16.205915
133	 10	 10	 0	 422.208104	 -1	 0.000000	 10.000666
134	 10	 10	 1	 188.080936	 -1	 0.000000	 10.896436
135	 10	 10	 1	 186.515813	 -1	 0.000000	 11.776640
136	 10	 10	 0	 408.045236	 -1	 0.000000	 9.121797
137	 10	 10	 0	 370.241469	 -1	 0.000000	 10.970991
138	 10	 10	 0	 409.720283	 -1	 0.000000	 15.995803
140	 10	 10	 1	 190.067930	 -1	 0.000000	 17.761047
141	 10	 10	 1	 153.194498	 -1	 0.000000	 12.931934
142	 10	 10	 0	 412.382534	 -1	 0.000000	 8.506489
143	 10	 10	 1	 155.642340	 -1	 0.000000	 12.709001
144	 10	 10	 0	 381.894651	 -1	 0.000000	 9.635329
145	 10	 10	 0	 449.124908	 -1	 0.000000	 8.997590
146	 10	 10	 1	 262.634837	 -1	 0.000000	 7.479747
147	 10	 10	 0	 394.582960	 -1	 0.000000	 8.332577
148	 10	 10	 1	 187.786824	 -1	 0.000000	 11.113737
149	 10	 10	 1	 119.025352	 -1	 0.000000	 16.009699
150	 10	 10	 0	 385.994425	 -1	 0.000000	 9.784092
151	 10	 10	 1	 381.750018	 -1	 0.000000	 12.852473
152	 10	 10	 0	 392.472467	 -1	 0.000000	 16.309319
154	 10	 10	 0	 379.085992	 -1	 0.000000	 10.974483
155	 10	 10	 0	 404.603244	 -1	 0.000000	 13.901299
156	 10	 10	 1	 340.653551	 -1	 0.000000	 8.664353
157	 10	 10	 0	 424.893068	 -1	 0.000000	 8.385026
158	 10	 10	 1	 258.421414	 -1	 0.000000	 9.203676
159	 10	 10	 0	 389.416284	 -1	 0.000000	 11.403561
160	 10	 10	 1	 175.032082	 -1	 0.000000	 9.583223
161	 10	 10	 1	 118.299436	 -1	 0.000000	 10.404435
162	 10	 10	 1	 219.152760	 -1	 0.000000	 9.888023
163	 10	 10	 1	 150.836495	 -1	 0.000000	 9.464980
164	 10	 10	 1	 179.972825	 -1	 0.000000	 10.217434
165	 10	 10	 0	 411.839710	 -1	 0.000000	 10.942496
166	 10	 10	 0	 387.121160	 -1	 0.000000	 11.045870
167	 10	 10	 1	 192.658804	 -1	 0.000000	 10.094201
168	 10	 10	 0	 386.608840	 -1	 0.000000	 9.370972
169	 10	 10	 1	 247.573813	 -1	 0.000000	 9.457028
170	 10	 10	 1	 150.575330	 -1	 0.000000	 11.158151
171	 10	 10	 1	 120.912692	 -1	 0.000000	 9.356153
172	 10	 10	 0	 369.033894	 -1	 0.000000	 9.901215
173	 10	 10	 1	 197.411773	 -1	 0.000000	 10.028067
174	 10	 10	 0	 389.023485	 -1	 0.000000	 8.834447
175	 10	 10	 1	 185.245823	 -1	 0.000000	 13.473980
176	 10	 10	 1	 198.594375	 -1	 0.000000	 7.818710
177	 10	 10	 0	 402.891296	 -1	 0.000000	 10.029943
178	 10	 10	 1	 156.889891	 -1	 0.000000	 11.067822
179	 10	 10	 1	 251.636286	 -1	 0.000000	 9.659256
180	 10	 10	 1	 226.419783	 -1	 0.000000	 8.709428
181	 10	 10	 1	 166.335153	 -1	 0.000000	 10.197078
182	 10	 10	 1	 173.902650	 -1	 0.000000	 12.408678
183	 10	 10	 1	 124.616613	 -1	 0.000000	 10.619766
184	 10	 10	 1	 325.891549	 -1	 0.000000	 8.107521
185	 10	 10	 1	 327.080590	 -1	 0.000000	 6.648383
186	 10	 10	 1	 230.558229	 -1	 0.000000	 8.982459
187	 10	 10	 1	 168.156542	 -1	 0.000000	 17.045485
188	 10	 10	 1	 153.248217	 -1	 0.000000	 10.339448
189	 10	 10	 1	 202.830171	 -1	 0.000000	 9.223274
190	 10	 10	 1	 97.819685	 -1	 0.000000	 8.202866
191	 10	 10	 0	 399.561225	 -1	 0.000000	 10.790082
192	 10	 10	 1	 186.982111	 -1	 0.000000	 10.511066
193	 10	 10	 1	 155.030522	 -1	 0.000000	 10.106240
194	 10	 10	 1	 152.586003	 -1	 0.000000	 10.311157
195	 10	 10	 1	 215.886660	 -1	 0.000000	 9.114836
196	 10	 10	 1	 172.608015	 -1	 0.000000	 8.781696
197	 10	 10	 1	 201.909470	 -1	 0.000000	 10.828338
198	 10	 10	 1	 195.975086	 -1	 0.000000	 9.286300
199	 10	 10	 1	 356.062195	 -1	 0.000000	 7.376683
200	 10	 10	 1	 202.319806	 -1	 0.000000	 9.074240
201	 10	 10	 1	 240.070791	 -1	 0.000000	 8.634680
202	 10	 10	 0	 479.801562	 -1	 0.000000	 11.264861
203	 10	 10	 0	 373.945400	 -1	 0.000000	 18.017775
205	 10	 10	 1	 264.843723	 -1	 0.000000	 7.947340
206	 10	 10	 0	 423.723033	 -1	 0.000000	 8.305411
207	 10	 10	 0	 387.794170	 -1	 0.000000	 10.329842
2216	 11	 11	 0	 463.411128	 -1	 0.000000	 7.670122
208	 10	 10	 1	 145.623566	 -1	 0.000000	 12.640334
209	 10	 10	 0	 429.395619	 -1	 0.000000	 9.954796
210	 10	 10	 1	 185.120811	 -1	 0.000000	 10.237394
211	 10	 10	 1	 271.996440	 -1	 0.000000	 8.615895
212	 10	 10	 1	 125.842647	 -1	 0.000000	 10.220848
213	 10	 10	 1	 167.436386	 -1	 0.000000	 12.051311
214	 10	 10	 1	 172.404833	 -1	 0.000000	 16.149611
215	 10	 10	 1	 117.601068	 -1	 0.000000	 9.097860
216	 10	 10	 1	 285.340370	 -1	 0.000000	 8.416067
217	 10	 10	 1	 235.272601	 -1	 0.000000	 8.547166
218	 10	 10	 0	 400.002286	 -1	 0.000000	 9.194932
219	 10	 10	 1	 214.896067	 -1	 0.000000	 11.608454
220	 10	 10	 0	 465.795205	 -1	 0.000000	 5.701082
221	 10	 10	 1	 248.533065	 -1	 0.000000	 9.206612
222	 10	 10	 1	 143.119524	 -1	 0.000000	 16.044405
223	 10	 10	 1	 134.813471	 -1	 0.000000	 13.424846
224	 10	 10	 0	 417.680871	 -1	 0.000000	 12.363120
227	 10	 10	 1	 191.634681	 -1	 0.000000	 9.178575
228	 10	 10	 1	 146.339373	 -1	 0.000000	 12.660614
229	 10	 10	 1	 168.260683	 -1	 0.000000	 13.306751
230	 10	 10	 1	 130.376025	 -1	 0.000000	 13.131449
231	 10	 10	 1	 214.744450	 -1	 0.000000	 13.851742
232	 10	 10	 1	 137.928687	 -1	 0.000000	 10.552372
234	 10	 10	 1	 192.661948	 -1	 0.000000	 10.859838
235	 10	 10	 1	 259.877785	 -1	 0.000000	 7.168316
236	 10	 10	 0	 437.983043	 -1	 0.000000	 8.903073
238	 10	 10	 0	 409.169141	 -1	 0.000000	 9.987043
239	 10	 10	 1	 206.644024	 -1	 0.000000	 9.469923
1964	 10	 10	 0	 477.624206	 -1	 0.000000	 4.525991
241	 10	 10	 0	 446.147513	 -1	 0.000000	 8.289475
246	 10	 10	 1	 188.878209	 -1	 0.000000	 9.617473
248	 10	 10	 0	 419.357137	 -1	 0.000000	 10.179775
280	 10	 10	 0	 396.604002	 -1	 0.000000	 15.633269
281	 10	 10	 1	 217.903588	 -1	 0.000000	 11.798751
283	 10	 10	 0	 446.615751	 -1	 0.000000	 10.283755
284	 10	 10	 0	 376.569958	 -1	 0.000000	 10.049982
285	 10	 10	 1	 151.473391	 -1	 0.000000	 12.616048
286	 10	 10	 1	 204.513771	 -1	 0.000000	 9.344745
287	 10	 10	 1	 271.701569	 -1	 0.000000	 9.269408
288	 10	 10	 0	 432.653468	 -1	 0.000000	 8.065161
289	 10	 10	 1	 168.152843	 -1	 0.000000	 10.348917
297	 10	 10	 1	 351.304889	 -1	 0.000000	 7.245168
298	 10	 10	 0	 408.315473	 -1	 0.000000	 11.004893
302	 10	 10	 0	 421.609749	 -1	 0.000000	 8.542252
303	 10	 10	 1	 162.282228	 -1	 0.000000	 10.189867
304	 10	 10	 0	 399.143947	 -1	 0.000000	 12.286855
305	 10	 10	 1	 173.118865	 -1	 0.000000	 14.938686
306	 10	 10	 1	 127.297855	 -1	 0.000000	 11.117318
307	 10	 10	 1	 144.390389	 -1	 0.000000	 11.407073
308	 10	 10	 1	 126.676388	 -1	 0.000000	 8.883089
309	 10	 10	 1	 251.485505	 -1	 0.000000	 8.866261
310	 10	 10	 1	 188.042339	 -1	 0.000000	 12.827418
311	 10	 10	 1	 139.917126	 -1	 0.000000	 10.603054
313	 10	 10	 1	 125.798940	 -1	 0.000000	 14.976637
314	 10	 10	 0	 385.000323	 -1	 0.000000	 9.576853
315	 10	 10	 1	 255.504888	 -1	 0.000000	 9.226542
316	 10	 10	 1	 181.388198	 -1	 0.000000	 8.643877
317	 10	 10	 1	 169.529331	 -1	 0.000000	 11.527404
318	 10	 10	 0	 389.397888	 -1	 0.000000	 14.151764
319	 10	 10	 1	 337.266520	 -1	 0.000000	 7.346313
294	 10	 10	 1	 168.384532	 -1	 0.000000	 9.956118
295	 10	 10	 1	 151.067513	 -1	 0.000000	 11.791493
320	 10	 10	 1	 249.147877	 -1	 0.000000	 8.410208
321	 10	 10	 1	 177.104417	 -1	 0.000000	 17.259071
322	 10	 10	 1	 146.400461	 -1	 0.000000	 9.710715
323	 10	 10	 1	 112.151434	 -1	 0.000000	 11.766191
324	 10	 10	 1	 214.492868	 -1	 0.000000	 9.127296
325	 10	 10	 1	 142.140068	 -1	 0.000000	 14.281697
326	 10	 10	 1	 171.721626	 -1	 0.000000	 10.676379
327	 10	 10	 0	 415.078238	 -1	 0.000000	 8.239394
>>> gr_fir_ccf: using E
>>> gr_fir_fff: using E
gr_buffer::allocate_buffer: warning: tried to allocate
   22 items of size 2928. Due to alignment requirements
   256 were allocated.  If this isn't OK, consider padding
   your structure to a power-of-two bytes.
   On this platform, our allocation granularity is 4096 bytes.
40	 10	 10	 1	 218.534649	 -1	 0.000000	 13.348881
41	 10	 10	 1	 298.186790	 -1	 0.000000	 7.403087
42	 10	 10	 1	 141.664142	 -1	 0.000000	 10.448921
43	 10	 10	 1	 134.901394	 -1	 0.000000	 8.501373
44	 10	 10	 1	 105.494122	 -1	 0.000000	 9.174854
45	 10	 10	 0	 436.449815	 -1	 0.000000	 8.326946
47	 10	 10	 1	 190.931605	 -1	 0.000000	 10.443460
48	 10	 10	 0	 394.477973	 -1	 0.000000	 7.932678
49	 10	 10	 1	 124.429963	 -1	 0.000000	 13.768095
50	 10	 10	 1	 157.735178	 -1	 0.000000	 9.858704
51	 10	 10	 0	 418.893088	 -1	 0.000000	 11.395578
52	 10	 10	 0	 403.750535	 -1	 0.000000	 17.916367
53	 10	 10	 1	 117.610894	 -1	 0.000000	 8.150858
54	 10	 10	 0	 434.839143	 -1	 0.000000	 8.545358
56	 10	 10	 1	 181.640345	 -1	 0.000000	 9.853083
57	 10	 10	 1	 193.554899	 -1	 0.000000	 8.654097
58	 10	 10	 1	 147.834686	 -1	 0.000000	 13.967721
