>>> gr_fir_ccf: using E
>>> gr_fir_fff: using E
terminate called after throwing an instance of 'std::invalid_argument'
  what():  gr_ofdm_demod: Incorrect subcarriers allocated
>>> gr_fir_ccf: using E
>>> gr_fir_fff: using E
gr_buffer::allocate_buffer: warning: tried to allocate
   22 items of size 2928. Due to alignment requirements
   256 were allocated.  If this isn't OK, consider padding
   your structure to a power-of-two bytes.
   On this platform, our allocation granularity is 4096 bytes.
25	 13	 13	 1	 0.000016	 -1	 0.000000	 10.934173
26	 13	 13	 1	 0.000005	 -1	 0.000000	 12.568861
27	 13	 13	 1	 0.411412	 -1	 0.000000	 9.307298
28	 13	 13	 1	 0.000004	 -1	 0.000000	 11.937512
29	 13	 13	 1	 0.000007	 -1	 0.000000	 10.400584
30	 13	 13	 1	 0.000010	 -1	 0.000000	 12.144392
31	 13	 13	 1	 0.000036	 -1	 0.000000	 6.893734
32	 13	 13	 1	 0.000005	 -1	 0.000000	 12.516831
33	 13	 13	 1	 0.000007	 -1	 0.000000	 9.536044
34	 13	 13	 1	 0.000006	 -1	 0.000000	 8.057649
35	 13	 13	 1	 0.000141	 -1	 0.000000	 8.835392
36	 13	 13	 1	 0.000007	 -1	 0.000000	 9.156489
37	 13	 13	 1	 0.000007	 -1	 0.000000	 13.084387
38	 13	 13	 1	 4.178249	 -1	 0.000000	 6.973125
39	 13	 13	 1	 0.000013	 -1	 0.000000	 7.156650
40	 13	 13	 1	 0.000006	 -1	 0.000000	 9.690285
41	 13	 13	 1	 0.000009	 -1	 0.000000	 6.830337
42	 13	 13	 1	 0.000009	 -1	 0.000000	 8.427207
43	 13	 13	 1	 0.000008	 -1	 0.000000	 7.816147
44	 13	 13	 1	 0.000006	 -1	 0.000000	 11.118032
45	 13	 13	 1	 0.000008	 -1	 0.000000	 10.235699
46	 13	 13	 1	 0.000006	 -1	 0.000000	 7.961271
47	 13	 13	 1	 0.000005	 -1	 0.000000	 12.101857
22	 15	 15	 1	 0.000039	 -1	 0.000000	 12.037841
23	 15	 15	 1	 0.000040	 -1	 0.000000	 8.690791
24	 15	 15	 0	 145.911201	 -1	 0.000000	 10.261793
25	 15	 15	 1	 0.000119	 -1	 0.000000	 8.804523
26	 15	 15	 1	 0.000116	 -1	 0.000000	 9.060138
27	 15	 15	 1	 0.000044	 -1	 0.000000	 7.970116
28	 15	 15	 1	 0.000057	 -1	 0.000000	 9.078035
29	 15	 15	 1	 0.000110	 -1	 0.000000	 8.606462
30	 15	 15	 1	 0.000038	 -1	 0.000000	 8.398710
31	 15	 15	 1	 0.000048	 -1	 0.000000	 8.658658
32	 15	 15	 1	 0.000093	 -1	 0.000000	 10.915639
33	 15	 15	 1	 0.000222	 -1	 0.000000	 9.718693
34	 15	 15	 0	 218.040061	 -1	 0.000000	 7.582059
35	 15	 15	 1	 0.000048	 -1	 0.000000	 7.529887
36	 15	 15	 1	 63.354636	 -1	 0.000000	 6.745588
37	 15	 15	 1	 85.634652	 -1	 0.000000	 7.293153
38	 15	 15	 1	 0.000200	 -1	 0.000000	 8.797670
39	 15	 15	 1	 0.000054	 -1	 0.000000	 13.356438
40	 15	 15	 1	 3.516770	 -1	 0.000000	 8.503366
41	 15	 15	 1	 0.000045	 -1	 0.000000	 8.853447
42	 15	 15	 1	 0.000043	 -1	 0.000000	 10.512376
43	 15	 15	 1	 0.000065	 -1	 0.000000	 15.666650
44	 15	 15	 1	 0.000049	 -1	 0.000000	 7.685723
45	 15	 15	 1	 0.000056	 -1	 0.000000	 8.105875
47	 15	 15	 1	 1.576921	 -1	 0.000000	 6.832274
48	 15	 15	 1	 0.000048	 -1	 0.000000	 7.549191
49	 15	 15	 1	 0.000060	 -1	 0.000000	 8.142426
50	 15	 15	 1	 0.000041	 -1	 0.000000	 9.756598
51	 15	 15	 1	 0.000068	 -1	 0.000000	 12.565922
52	 15	 15	 0	 204.499884	 -1	 0.000000	 8.122387
53	 15	 15	 1	 0.000080	 -1	 0.000000	 11.863166
54	 15	 15	 1	 0.000041	 -1	 0.000000	 12.790177
55	 15	 15	 1	 0.000275	 -1	 0.000000	 9.283586
56	 15	 15	 1	 0.064312	 -1	 0.000000	 7.732853
57	 15	 15	 1	 0.000053	 -1	 0.000000	 8.631393
58	 15	 15	 1	 0.000049	 -1	 0.000000	 7.695422
59	 15	 15	 1	 0.000094	 -1	 0.000000	 12.521854
60	 15	 15	 1	 0.000057	 -1	 0.000000	 8.640932
61	 15	 15	 1	 0.000101	 -1	 0.000000	 9.159857
62	 15	 15	 1	 0.000058	 -1	 0.000000	 12.426595
63	 15	 15	 1	 0.000057	 -1	 0.000000	 8.533382
64	 15	 15	 1	 0.000040	 -1	 0.000000	 8.813730
65	 15	 15	 1	 0.000070	 -1	 0.000000	 7.831127
66	 15	 15	 1	 0.049035	 -1	 0.000000	 8.007301
67	 15	 15	 1	 0.000046	 -1	 0.000000	 10.427828
68	 15	 15	 1	 1.215321	 -1	 0.000000	 6.882449
69	 15	 15	 1	 0.000040	 -1	 0.000000	 10.379426
70	 15	 15	 1	 0.000121	 -1	 0.000000	 11.963839
71	 15	 15	 1	 0.000129	 -1	 0.000000	 9.365125
72	 15	 15	 1	 0.000038	 -1	 0.000000	 9.992587
73	 15	 15	 1	 0.000056	 -1	 0.000000	 7.761679
74	 15	 15	 0	 142.630397	 -1	 0.000000	 6.953400
75	 15	 15	 1	 0.035064	 -1	 0.000000	 7.375277
76	 15	 15	 1	 0.000082	 -1	 0.000000	 9.498812
77	 15	 15	 0	 289.075462	 -1	 0.000000	 5.962408
78	 15	 15	 1	 0.000042	 -1	 0.000000	 9.436436
79	 15	 15	 1	 0.007582	 -1	 0.000000	 7.437651
80	 15	 15	 1	 0.000097	 -1	 0.000000	 9.193577
81	 15	 15	 1	 0.000051	 -1	 0.000000	 11.089774
82	 15	 15	 1	 0.000084	 -1	 0.000000	 10.760437
83	 15	 15	 1	 0.000043	 -1	 0.000000	 9.083537
84	 15	 15	 1	 0.000043	 -1	 0.000000	 8.172512
85	 15	 15	 1	 0.000042	 -1	 0.000000	 7.403725
86	 15	 15	 1	 0.000031	 -1	 0.000000	 9.524518
87	 15	 15	 1	 0.000118	 -1	 0.000000	 8.296606
88	 15	 15	 1	 0.000036	 -1	 0.000000	 9.244882
89	 15	 15	 1	 0.000072	 -1	 0.000000	 14.559049
90	 15	 15	 1	 0.000044	 -1	 0.000000	 9.871085
91	 15	 15	 0	 226.689996	 -1	 0.000000	 5.855074
92	 15	 15	 1	 0.000039	 -1	 0.000000	 12.306197
95	 15	 15	 1	 0.000117	 -1	 0.000000	 11.311324
96	 15	 15	 1	 0.000629	 -1	 0.000000	 8.444069
97	 15	 15	 1	 0.000056	 -1	 0.000000	 9.843540
98	 15	 15	 1	 0.000033	 -1	 0.000000	 9.028403
99	 15	 15	 1	 0.000118	 -1	 0.000000	 7.396422
100	 15	 15	 1	 0.000049	 -1	 0.000000	 9.116967
101	 15	 15	 1	 0.000096	 -1	 0.000000	 10.485314
102	 15	 15	 1	 0.000063	 -1	 0.000000	 8.232849
103	 15	 15	 1	 0.000035	 -1	 0.000000	 8.263830
104	 15	 15	 1	 0.000038	 -1	 0.000000	 10.958453
105	 15	 15	 1	 0.000036	 -1	 0.000000	 12.333681
106	 15	 15	 1	 0.000135	 -1	 0.000000	 8.681681
107	 15	 15	 1	 56.477901	 -1	 0.000000	 6.485837
108	 15	 15	 1	 0.000031	 -1	 0.000000	 11.220186
109	 15	 15	 1	 0.000061	 -1	 0.000000	 8.328454
110	 15	 15	 0	 125.559562	 -1	 0.000000	 9.286817
111	 15	 15	 1	 0.000046	 -1	 0.000000	 9.468426
112	 15	 15	 1	 0.000047	 -1	 0.000000	 8.073302
113	 15	 15	 1	 0.000043	 -1	 0.000000	 10.272810
114	 15	 15	 1	 0.000060	 -1	 0.000000	 9.818557
115	 15	 15	 1	 0.000213	 -1	 0.000000	 8.746398
116	 15	 15	 0	 125.024472	 -1	 0.000000	 6.269993
117	 15	 15	 1	 0.000046	 -1	 0.000000	 10.395680
118	 15	 15	 0	 228.329465	 -1	 0.000000	 5.538568
119	 15	 15	 1	 0.000050	 -1	 0.000000	 8.741968
120	 15	 15	 1	 0.025907	 -1	 0.000000	 6.913748
121	 15	 15	 1	 0.000055	 -1	 0.000000	 8.245284
122	 15	 15	 1	 0.000062	 -1	 0.000000	 7.658592
123	 15	 15	 1	 0.000049	 -1	 0.000000	 8.265518
124	 15	 15	 1	 0.000062	 -1	 0.000000	 12.633272
125	 15	 15	 1	 0.000038	 -1	 0.000000	 11.936518
126	 15	 15	 1	 0.000056	 -1	 0.000000	 7.830589
127	 15	 15	 1	 0.000057	 -1	 0.000000	 10.248282
128	 15	 15	 1	 63.211382	 -1	 0.000000	 6.377159
129	 15	 15	 1	 0.000061	 -1	 0.000000	 9.648599
130	 15	 15	 1	 0.000039	 -1	 0.000000	 8.852941
132	 15	 15	 1	 0.000043	 -1	 0.000000	 9.698993
133	 15	 15	 1	 0.000042	 -1	 0.000000	 13.696812
134	 15	 15	 1	 2.709598	 -1	 0.000000	 6.784475
135	 15	 15	 1	 0.000203	 -1	 0.000000	 8.658589
136	 15	 15	 1	 0.000124	 -1	 0.000000	 7.967714
137	 15	 15	 1	 0.000026	 -1	 0.000000	 9.229722
138	 15	 15	 1	 0.000044	 -1	 0.000000	 8.416154
139	 15	 15	 1	 0.000070	 -1	 0.000000	 7.985114
140	 15	 15	 1	 0.000071	 -1	 0.000000	 14.722113
141	 15	 15	 1	 0.000174	 -1	 0.000000	 7.887074
142	 15	 15	 1	 0.000048	 -1	 0.000000	 12.735212
143	 15	 15	 1	 0.000116	 -1	 0.000000	 9.689776
144	 15	 15	 1	 0.000034	 -1	 0.000000	 18.786272
145	 15	 15	 1	 74.148635	 -1	 0.000000	 8.319553
146	 15	 15	 1	 0.000040	 -1	 0.000000	 11.226018
147	 15	 15	 1	 0.000041	 -1	 0.000000	 11.569469
148	 15	 15	 1	 0.000036	 -1	 0.000000	 12.886722
149	 15	 15	 1	 0.000065	 -1	 0.000000	 9.753026
150	 15	 15	 1	 0.000047	 -1	 0.000000	 7.771894
151	 15	 15	 1	 0.015294	 -1	 0.000000	 7.154581
152	 15	 15	 1	 0.000032	 -1	 0.000000	 11.826941
153	 15	 15	 1	 0.000041	 -1	 0.000000	 11.163282
154	 15	 15	 1	 0.000043	 -1	 0.000000	 9.929571
155	 15	 15	 1	 0.000217	 -1	 0.000000	 13.810412
156	 15	 15	 1	 0.000126	 -1	 0.000000	 8.070956
157	 15	 15	 1	 73.494523	 -1	 0.000000	 6.293946
158	 15	 15	 1	 0.000114	 -1	 0.000000	 8.706129
159	 15	 15	 1	 0.000100	 -1	 0.000000	 9.455284
160	 15	 15	 1	 0.000096	 -1	 0.000000	 8.556488
161	 15	 15	 1	 0.000039	 -1	 0.000000	 10.079403
162	 15	 15	 1	 0.000035	 -1	 0.000000	 13.959595
163	 15	 15	 1	 0.000219	 -1	 0.000000	 7.315063
164	 15	 15	 0	 122.229441	 -1	 0.000000	 9.517472
165	 15	 15	 1	 0.000088	 -1	 0.000000	 8.535126
166	 15	 15	 1	 0.000087	 -1	 0.000000	 11.652735
167	 15	 15	 1	 0.000033	 -1	 0.000000	 8.768740
168	 15	 15	 1	 0.000058	 -1	 0.000000	 10.330993
169	 15	 15	 1	 127.066032	 -1	 0.000000	 7.907778
170	 15	 15	 1	 0.000044	 -1	 0.000000	 8.273419
171	 15	 15	 1	 0.000044	 -1	 0.000000	 9.170818
172	 15	 15	 1	 0.000249	 -1	 0.000000	 10.051888
173	 15	 15	 1	 0.000041	 -1	 0.000000	 9.559903
174	 15	 15	 1	 0.000039	 -1	 0.000000	 10.907760
175	 15	 15	 1	 0.000046	 -1	 0.000000	 9.949151
176	 15	 15	 1	 0.000057	 -1	 0.000000	 8.570504
177	 15	 15	 1	 0.000110	 -1	 0.000000	 8.809447
178	 15	 15	 1	 0.000052	 -1	 0.000000	 9.113061
179	 15	 15	 1	 0.000031	 -1	 0.000000	 14.365482
180	 15	 15	 1	 0.000071	 -1	 0.000000	 9.936917
181	 15	 15	 1	 0.000080	 -1	 0.000000	 8.637596
183	 15	 15	 1	 0.000047	 -1	 0.000000	 14.050684
184	 15	 15	 1	 0.000045	 -1	 0.000000	 15.152231
185	 15	 15	 1	 0.000040	 -1	 0.000000	 9.016006
186	 15	 15	 1	 0.000029	 -1	 0.000000	 9.520779
187	 15	 15	 1	 21.205286	 -1	 0.000000	 6.616847
188	 15	 15	 1	 0.481568	 -1	 0.000000	 6.633914
189	 15	 15	 1	 53.256279	 -1	 0.000000	 7.336878
190	 15	 15	 1	 0.000046	 -1	 0.000000	 8.430914
191	 15	 15	 1	 0.000074	 -1	 0.000000	 8.560971
220	 15	 15	 1	 0.000034	 -1	 0.000000	 10.249391
31	 5	 5	 1	 0.019391	 -1	 0.000000	 10.377844
32	 5	 5	 1	 0.031187	 -1	 0.000000	 8.920207
33	 5	 5	 1	 0.010976	 -1	 0.000000	 12.713726
34	 5	 5	 1	 0.008723	 -1	 0.000000	 7.582756
35	 5	 5	 1	 0.009419	 -1	 0.000000	 13.574919
36	 5	 5	 1	 0.019924	 -1	 0.000000	 9.171140
37	 5	 5	 1	 0.008369	 -1	 0.000000	 10.545440
38	 5	 5	 1	 103.008441	 -1	 0.000000	 9.869884
39	 5	 5	 1	 0.008915	 -1	 0.000000	 9.024104
40	 5	 5	 1	 10.918425	 -1	 0.000000	 6.934500
41	 5	 5	 1	 0.009192	 -1	 0.000000	 12.696969
42	 5	 5	 1	 0.005921	 -1	 0.000000	 14.821820
43	 5	 5	 1	 0.006276	 -1	 0.000000	 10.686325
44	 5	 5	 1	 0.008328	 -1	 0.000000	 7.959298
45	 5	 5	 1	 0.006381	 -1	 0.000000	 8.898026
46	 5	 5	 1	 0.005932	 -1	 0.000000	 9.298857
47	 5	 5	 1	 0.006449	 -1	 0.000000	 11.802655
48	 5	 5	 1	 0.008790	 -1	 0.000000	 10.310264
49	 5	 5	 0	 81.722767	 -1	 0.000000	 7.062935
50	 5	 5	 1	 0.006599	 -1	 0.000000	 8.939591
51	 5	 5	 1	 0.008180	 -1	 0.000000	 9.843748
52	 5	 5	 1	 0.022170	 -1	 0.000000	 10.938545
53	 5	 5	 1	 0.006819	 -1	 0.000000	 7.684699
54	 5	 5	 1	 0.006758	 -1	 0.000000	 10.800922
55	 5	 5	 1	 0.006843	 -1	 0.000000	 9.083964
56	 5	 5	 1	 149.041054	 -1	 0.000000	 8.691717
57	 5	 5	 1	 0.020484	 -1	 0.000000	 8.784900
58	 5	 5	 1	 0.006655	 -1	 0.000000	 8.833247
59	 5	 5	 1	 0.005332	 -1	 0.000000	 9.686057
60	 5	 5	 1	 0.007912	 -1	 0.000000	 7.462123
61	 5	 5	 1	 0.011324	 -1	 0.000000	 9.622286
62	 5	 5	 1	 0.007097	 -1	 0.000000	 10.293200
63	 5	 5	 1	 0.026624	 -1	 0.000000	 7.838603
64	 5	 5	 1	 0.028006	 -1	 0.000000	 11.857122
66	 5	 5	 1	 0.007558	 -1	 0.000000	 9.193136
67	 5	 5	 1	 0.005186	 -1	 0.000000	 10.537439
68	 5	 5	 1	 0.015340	 -1	 0.000000	 12.813730
69	 5	 5	 1	 0.012002	 -1	 0.000000	 6.734804
70	 5	 5	 1	 0.208696	 -1	 0.000000	 7.562898
71	 5	 5	 1	 74.317683	 -1	 0.000000	 7.110487
72	 5	 5	 1	 0.014122	 -1	 0.000000	 10.092967
73	 5	 5	 1	 0.025053	 -1	 0.000000	 11.154081
74	 5	 5	 1	 0.006933	 -1	 0.000000	 11.343421
75	 5	 5	 1	 0.011904	 -1	 0.000000	 9.464790
76	 5	 5	 1	 0.023686	 -1	 0.000000	 8.416758
77	 5	 5	 1	 0.006347	 -1	 0.000000	 9.848927
78	 5	 5	 0	 154.301330	 -1	 0.000000	 8.419090
79	 5	 5	 1	 0.006672	 -1	 0.000000	 12.249369
80	 5	 5	 1	 0.007436	 -1	 0.000000	 8.867098
81	 5	 5	 1	 0.006097	 -1	 0.000000	 12.577894
908	 5	 5	 0	 415.489908	 -1	 0.000000	 7.815114
82	 5	 5	 1	 95.456453	 -1	 0.000000	 15.508947
83	 5	 5	 1	 80.213091	 -1	 0.000000	 7.591539
84	 5	 5	 1	 0.008263	 -1	 0.000000	 8.292210
85	 5	 5	 1	 0.005058	 -1	 0.000000	 9.480833
86	 5	 5	 1	 0.050855	 -1	 0.000000	 8.939321
87	 5	 5	 1	 0.011761	 -1	 0.000000	 14.445213
88	 5	 5	 1	 80.837666	 -1	 0.000000	 7.897347
89	 5	 5	 1	 0.006937	 -1	 0.000000	 9.244687
90	 5	 5	 1	 56.820257	 -1	 0.000000	 8.245392
91	 5	 5	 1	 0.008325	 -1	 0.000000	 9.305154
93	 5	 5	 1	 0.006787	 -1	 0.000000	 8.287405
94	 5	 5	 1	 23.259838	 -1	 0.000000	 6.688952
95	 5	 5	 1	 0.008653	 -1	 0.000000	 12.741455
96	 5	 5	 1	 0.005383	 -1	 0.000000	 10.266277
97	 5	 5	 1	 0.025595	 -1	 0.000000	 6.533616
98	 5	 5	 1	 0.010436	 -1	 0.000000	 11.062434
99	 5	 5	 1	 2.886897	 -1	 0.000000	 6.982143
100	 5	 5	 1	 0.010297	 -1	 0.000000	 8.235971
101	 5	 5	 1	 0.007987	 -1	 0.000000	 8.577292
102	 5	 5	 1	 0.024048	 -1	 0.000000	 9.668443
103	 5	 5	 1	 0.005341	 -1	 0.000000	 11.697326
104	 5	 5	 1	 24.679191	 -1	 0.000000	 6.389537
105	 5	 5	 1	 0.006268	 -1	 0.000000	 8.934886
106	 5	 5	 1	 18.898588	 -1	 0.000000	 6.854403
107	 5	 5	 1	 0.006446	 -1	 0.000000	 7.884246
108	 5	 5	 1	 0.005478	 -1	 0.000000	 9.102092
109	 5	 5	 1	 35.272279	 -1	 0.000000	 9.155938
110	 5	 5	 1	 0.008509	 -1	 0.000000	 7.434045
111	 5	 5	 1	 0.013613	 -1	 0.000000	 9.176153
112	 5	 5	 1	 0.011178	 -1	 0.000000	 7.098861
113	 5	 5	 1	 0.004769	 -1	 0.000000	 11.417688
114	 5	 5	 1	 0.004268	 -1	 0.000000	 11.261228
115	 5	 5	 0	 125.578917	 -1	 0.000000	 7.305017
116	 5	 5	 1	 0.006269	 -1	 0.000000	 11.848431
117	 5	 5	 1	 0.010846	 -1	 0.000000	 10.072758
118	 5	 5	 1	 0.006718	 -1	 0.000000	 9.351643
119	 5	 5	 1	 0.005907	 -1	 0.000000	 10.989512
120	 5	 5	 1	 0.006059	 -1	 0.000000	 13.414136
121	 5	 5	 1	 0.007874	 -1	 0.000000	 8.020356
122	 5	 5	 1	 0.013934	 -1	 0.000000	 10.000812
123	 5	 5	 1	 0.006293	 -1	 0.000000	 15.650299
124	 5	 5	 1	 0.010675	 -1	 0.000000	 9.525126
126	 5	 5	 1	 0.030870	 -1	 0.000000	 13.985620
127	 5	 5	 1	 0.005890	 -1	 0.000000	 9.286757
128	 5	 5	 1	 0.153213	 -1	 0.000000	 6.413820
129	 5	 5	 1	 0.009816	 -1	 0.000000	 10.785368
130	 5	 5	 1	 0.007773	 -1	 0.000000	 11.841851
131	 5	 5	 1	 0.007241	 -1	 0.000000	 15.751575
132	 5	 5	 0	 340.413279	 -1	 0.000000	 6.866355
133	 5	 5	 1	 0.010848	 -1	 0.000000	 13.352991
134	 5	 5	 1	 0.006403	 -1	 0.000000	 11.068488
135	 5	 5	 1	 0.010277	 -1	 0.000000	 7.466204
136	 5	 5	 1	 0.007905	 -1	 0.000000	 8.304534
137	 5	 5	 1	 15.223730	 -1	 0.000000	 7.054197
138	 5	 5	 1	 0.702132	 -1	 0.000000	 6.473947
139	 5	 5	 1	 0.007398	 -1	 0.000000	 10.165451
140	 5	 5	 1	 100.478008	 -1	 0.000000	 8.069418
141	 5	 5	 1	 0.005530	 -1	 0.000000	 10.373524
142	 5	 5	 1	 0.009234	 -1	 0.000000	 8.412004
143	 5	 5	 1	 0.006171	 -1	 0.000000	 11.079121
144	 5	 5	 1	 26.954355	 -1	 0.000000	 7.979545
145	 5	 5	 0	 127.683654	 -1	 0.000000	 8.200356
146	 5	 5	 1	 75.540103	 -1	 0.000000	 8.030239
147	 5	 5	 1	 0.006820	 -1	 0.000000	 12.750237
148	 5	 5	 1	 0.011874	 -1	 0.000000	 11.847902
149	 5	 5	 1	 0.011415	 -1	 0.000000	 10.544148
150	 5	 5	 1	 131.564914	 -1	 0.000000	 5.901874
151	 5	 5	 1	 22.427383	 -1	 0.000000	 7.768823
152	 5	 5	 1	 0.010821	 -1	 0.000000	 9.417288
153	 5	 5	 1	 0.024218	 -1	 0.000000	 7.945179
154	 5	 5	 1	 0.014190	 -1	 0.000000	 8.936015
155	 5	 5	 1	 0.294800	 -1	 0.000000	 6.815410
156	 5	 5	 1	 0.011233	 -1	 0.000000	 8.652205
157	 5	 5	 1	 0.026740	 -1	 0.000000	 8.933541
158	 5	 5	 1	 0.002742	 -1	 0.000000	 11.563251
159	 5	 5	 1	 0.007438	 -1	 0.000000	 12.310289
160	 5	 5	 1	 0.006114	 -1	 0.000000	 9.126846
161	 5	 5	 1	 0.203737	 -1	 0.000000	 7.085877
162	 5	 5	 1	 0.007023	 -1	 0.000000	 8.668212
163	 5	 5	 1	 0.004640	 -1	 0.000000	 9.870576
164	 5	 5	 1	 0.008503	 -1	 0.000000	 11.441246
165	 5	 5	 1	 21.404047	 -1	 0.000000	 7.676489
166	 5	 5	 0	 203.949423	 -1	 0.000000	 6.429475
167	 5	 5	 1	 82.683079	 -1	 0.000000	 8.547753
168	 5	 5	 1	 0.007510	 -1	 0.000000	 11.340894
169	 5	 5	 1	 0.012110	 -1	 0.000000	 7.670171
170	 5	 5	 1	 0.004246	 -1	 0.000000	 7.929436
171	 5	 5	 1	 0.005743	 -1	 0.000000	 10.885146
172	 5	 5	 0	 230.806644	 -1	 0.000000	 6.445737
173	 5	 5	 1	 0.006676	 -1	 0.000000	 11.838345
174	 5	 5	 1	 6.784853	 -1	 0.000000	 6.002076
175	 5	 5	 1	 0.003836	 -1	 0.000000	 8.192697
176	 5	 5	 1	 0.005158	 -1	 0.000000	 9.055988
177	 5	 5	 0	 83.924262	 -1	 0.000000	 7.534340
178	 5	 5	 1	 0.206328	 -1	 0.000000	 7.016754
179	 5	 5	 1	 0.022982	 -1	 0.000000	 8.320048
180	 5	 5	 1	 0.052632	 -1	 0.000000	 9.733530
181	 5	 5	 1	 0.006647	 -1	 0.000000	 9.345272
220	 5	 5	 1	 0.005925	 -1	 0.000000	 9.308986
2350	 5	 5	 0	 412.965402	 -1	 0.000000	 4.634301
221	 5	 5	 1	 0.007396	 -1	 0.000000	 8.973475
222	 5	 5	 1	 3.042522	 -1	 0.000000	 6.848974
223	 5	 5	 0	 180.498901	 -1	 0.000000	 5.681158
224	 5	 5	 1	 0.010530	 -1	 0.000000	 7.941872
225	 5	 5	 1	 6.285440	 -1	 0.000000	 8.920508
226	 5	 5	 1	 0.006457	 -1	 0.000000	 9.210777
227	 5	 5	 1	 0.003176	 -1	 0.000000	 9.665663
228	 5	 5	 1	 0.008200	 -1	 0.000000	 11.255752
229	 5	 5	 1	 66.407162	 -1	 0.000000	 8.439811
230	 5	 5	 1	 0.007752	 -1	 0.000000	 10.609091
231	 5	 5	 1	 0.006219	 -1	 0.000000	 16.013676
232	 5	 5	 1	 0.022260	 -1	 0.000000	 8.315476
233	 5	 5	 1	 0.005594	 -1	 0.000000	 10.645007
235	 5	 5	 1	 0.008114	 -1	 0.000000	 10.340009
240	 5	 5	 1	 0.026247	 -1	 0.000000	 7.294281
241	 5	 5	 1	 0.009252	 -1	 0.000000	 10.000909
242	 5	 5	 1	 0.019551	 -1	 0.000000	 10.034650
243	 5	 5	 1	 0.006557	 -1	 0.000000	 10.429171
244	 5	 5	 1	 0.023473	 -1	 0.000000	 7.686708
245	 5	 5	 1	 0.007524	 -1	 0.000000	 10.794829
246	 5	 5	 1	 62.148714	 -1	 0.000000	 6.732032
247	 5	 5	 1	 0.010813	 -1	 0.000000	 8.852690
248	 5	 5	 1	 0.006201	 -1	 0.000000	 10.072979
249	 5	 5	 1	 0.007165	 -1	 0.000000	 10.568157
250	 5	 5	 1	 0.004309	 -1	 0.000000	 8.967269
251	 5	 5	 1	 0.008153	 -1	 0.000000	 8.007460
252	 5	 5	 1	 0.008247	 -1	 0.000000	 8.129847
253	 5	 5	 1	 0.004086	 -1	 0.000000	 10.365975
254	 5	 5	 1	 20.629686	 -1	 0.000000	 8.440125
255	 5	 5	 0	 237.234141	 -1	 0.000000	 9.216282
260	 5	 5	 1	 123.825760	 -1	 0.000000	 8.237706
261	 5	 5	 1	 0.006497	 -1	 0.000000	 8.706658
262	 5	 5	 1	 0.004865	 -1	 0.000000	 10.251500
263	 5	 5	 1	 0.003412	 -1	 0.000000	 10.608994
264	 5	 5	 1	 0.015286	 -1	 0.000000	 8.775137
265	 5	 5	 1	 27.316816	 -1	 0.000000	 7.381667
266	 5	 5	 1	 0.008856	 -1	 0.000000	 9.060597
267	 5	 5	 1	 0.218333	 -1	 0.000000	 8.381927
274	 5	 5	 1	 0.005683	 -1	 0.000000	 8.372042
278	 5	 5	 1	 0.007546	 -1	 0.000000	 8.122867
279	 5	 5	 1	 0.007499	 -1	 0.000000	 8.024441
281	 5	 5	 1	 0.007673	 -1	 0.000000	 8.363012
282	 5	 5	 1	 0.009617	 -1	 0.000000	 16.634573
283	 5	 5	 1	 4.243949	 -1	 0.000000	 6.978582
284	 5	 5	 1	 0.022281	 -1	 0.000000	 8.790619
285	 5	 5	 1	 0.010378	 -1	 0.000000	 18.448227
286	 5	 5	 1	 0.009257	 -1	 0.000000	 8.830185
287	 5	 5	 1	 2.880888	 -1	 0.000000	 6.293589
288	 5	 5	 1	 104.143076	 -1	 0.000000	 7.265438
289	 5	 5	 1	 42.532433	 -1	 0.000000	 9.796111
290	 5	 5	 1	 0.007009	 -1	 0.000000	 7.541283
291	 5	 5	 1	 0.003585	 -1	 0.000000	 10.076772
292	 5	 5	 1	 0.009291	 -1	 0.000000	 11.542059
293	 5	 5	 1	 0.005530	 -1	 0.000000	 10.381263
294	 5	 5	 1	 58.475577	 -1	 0.000000	 6.891613
295	 5	 5	 1	 0.030905	 -1	 0.000000	 11.040964
296	 5	 5	 1	 0.010388	 -1	 0.000000	 9.341291
297	 5	 5	 1	 0.038771	 -1	 0.000000	 9.639768
298	 5	 5	 1	 0.004762	 -1	 0.000000	 8.963067
299	 5	 5	 1	 31.140569	 -1	 0.000000	 6.321336
>>> gr_fir_ccf: using E
>>> gr_fir_fff: using E
gr_buffer::allocate_buffer: warning: tried to allocate
   22 items of size 2928. Due to alignment requirements
   256 were allocated.  If this isn't OK, consider padding
   your structure to a power-of-two bytes.
   On this platform, our allocation granularity is 4096 bytes.
20	 5	 5	 1	 0.007979	 -1	 0.000000	 9.673594
21	 5	 5	 1	 0.006808	 -1	 0.000000	 10.830151
22	 5	 5	 1	 86.741266	 -1	 0.000000	 6.861961
23	 5	 5	 1	 0.006455	 -1	 0.000000	 8.184021
25	 5	 5	 1	 0.003762	 -1	 0.000000	 8.234151
1628	 5	 5	 0	 399.559366	 -1	 0.000000	 6.778658
26	 5	 5	 1	 0.009535	 -1	 0.000000	 9.578266
27	 5	 5	 1	 0.032571	 -1	 0.000000	 10.410383
28	 5	 5	 1	 0.197670	 -1	 0.000000	 9.100457
29	 5	 5	 1	 0.003186	 -1	 0.000000	 10.646586
30	 5	 5	 1	 0.009721	 -1	 0.000000	 8.462595
31	 5	 5	 1	 0.006271	 -1	 0.000000	 10.457733
32	 5	 5	 1	 0.029212	 -1	 0.000000	 6.945880
33	 5	 5	 1	 0.007107	 -1	 0.000000	 8.343049
34	 5	 5	 1	 0.006419	 -1	 0.000000	 10.854215
35	 5	 5	 1	 0.006647	 -1	 0.000000	 11.358596
36	 5	 5	 1	 0.008034	 -1	 0.000000	 8.716789
37	 5	 5	 1	 0.008664	 -1	 0.000000	 7.204611
38	 5	 5	 1	 0.006429	 -1	 0.000000	 10.117825
39	 5	 5	 1	 0.007678	 -1	 0.000000	 8.794345
40	 5	 5	 1	 0.008903	 -1	 0.000000	 10.690110
41	 5	 5	 1	 0.020790	 -1	 0.000000	 9.695637
42	 5	 5	 1	 69.894077	 -1	 0.000000	 10.942268
43	 5	 5	 1	 0.022018	 -1	 0.000000	 11.707624
44	 5	 5	 1	 0.006380	 -1	 0.000000	 9.104581
45	 5	 5	 1	 0.007658	 -1	 0.000000	 9.145201
46	 5	 5	 0	 133.761877	 -1	 0.000000	 7.291928
47	 5	 5	 1	 0.009941	 -1	 0.000000	 9.639399
48	 5	 5	 1	 0.006556	 -1	 0.000000	 8.424705
49	 5	 5	 1	 0.008124	 -1	 0.000000	 9.368922
50	 5	 5	 1	 0.007522	 -1	 0.000000	 8.506989
51	 5	 5	 1	 0.005432	 -1	 0.000000	 9.134094
52	 5	 5	 1	 0.385792	 -1	 0.000000	 6.213159
53	 5	 5	 1	 0.006255	 -1	 0.000000	 9.684596
54	 5	 5	 1	 0.009199	 -1	 0.000000	 7.753298
55	 5	 5	 1	 0.911269	 -1	 0.000000	 7.108488
56	 5	 5	 1	 0.005741	 -1	 0.000000	 8.880150
57	 5	 5	 1	 0.011861	 -1	 0.000000	 9.574215
58	 5	 5	 1	 0.026333	 -1	 0.000000	 7.984263
59	 5	 5	 1	 0.010530	 -1	 0.000000	 11.532673
60	 5	 5	 1	 0.008331	 -1	 0.000000	 17.284046
61	 5	 5	 1	 0.006287	 -1	 0.000000	 9.890398
62	 5	 5	 1	 0.008155	 -1	 0.000000	 8.571823
64	 5	 5	 1	 12.738070	 -1	 0.000000	 7.288848
65	 5	 5	 1	 0.006836	 -1	 0.000000	 9.142839
66	 5	 5	 1	 0.010573	 -1	 0.000000	 9.243864
68	 5	 5	 1	 0.010176	 -1	 0.000000	 11.615740
69	 5	 5	 1	 0.010026	 -1	 0.000000	 11.593368
70	 5	 5	 1	 0.014071	 -1	 0.000000	 10.003879
71	 5	 5	 1	 0.008429	 -1	 0.000000	 8.287981
72	 5	 5	 1	 0.011730	 -1	 0.000000	 7.916542
73	 5	 5	 1	 0.077167	 -1	 0.000000	 6.938859
74	 5	 5	 1	 0.008635	 -1	 0.000000	 11.999815
75	 5	 5	 1	 80.889480	 -1	 0.000000	 7.768997
76	 5	 5	 1	 64.140042	 -1	 0.000000	 8.834817
77	 5	 5	 1	 0.004470	 -1	 0.000000	 11.104522
78	 5	 5	 1	 0.008962	 -1	 0.000000	 8.378182
79	 5	 5	 1	 81.922032	 -1	 0.000000	 7.313165
80	 5	 5	 1	 0.011878	 -1	 0.000000	 10.548368
81	 5	 5	 1	 0.007207	 -1	 0.000000	 9.611128
82	 5	 5	 1	 0.009344	 -1	 0.000000	 7.991059
83	 5	 5	 1	 0.009007	 -1	 0.000000	 10.276302
84	 5	 5	 1	 0.008849	 -1	 0.000000	 8.257050
85	 5	 5	 1	 0.005042	 -1	 0.000000	 11.481943
86	 5	 5	 1	 0.011304	 -1	 0.000000	 12.893147
87	 5	 5	 1	 0.012986	 -1	 0.000000	 12.551914
88	 5	 5	 1	 0.012490	 -1	 0.000000	 11.415667
89	 5	 5	 1	 0.008226	 -1	 0.000000	 8.557237
90	 5	 5	 1	 0.456367	 -1	 0.000000	 6.664283
91	 5	 5	 1	 0.006497	 -1	 0.000000	 9.702696
92	 5	 5	 1	 77.567671	 -1	 0.000000	 6.926212
93	 5	 5	 1	 0.005450	 -1	 0.000000	 8.967322
94	 5	 5	 1	 0.025731	 -1	 0.000000	 13.943883
95	 5	 5	 1	 0.009326	 -1	 0.000000	 9.096815
96	 5	 5	 1	 0.005317	 -1	 0.000000	 9.649671
97	 5	 5	 1	 0.029157	 -1	 0.000000	 10.711899
98	 5	 5	 1	 0.007042	 -1	 0.000000	 14.854130
99	 5	 5	 1	 0.004847	 -1	 0.000000	 8.136631
100	 5	 5	 1	 0.010655	 -1	 0.000000	 13.685925
101	 5	 5	 1	 0.006995	 -1	 0.000000	 8.394485
102	 5	 5	 1	 0.005898	 -1	 0.000000	 11.849688
103	 5	 5	 1	 0.028127	 -1	 0.000000	 9.122661
104	 5	 5	 1	 1.785919	 -1	 0.000000	 7.140595
105	 5	 5	 1	 96.456215	 -1	 0.000000	 8.190711
106	 5	 5	 1	 0.007133	 -1	 0.000000	 9.587405
107	 5	 5	 1	 0.024716	 -1	 0.000000	 8.307147
108	 5	 5	 1	 0.008944	 -1	 0.000000	 14.007186
109	 5	 5	 1	 0.009475	 -1	 0.000000	 15.473591
110	 5	 5	 1	 0.007446	 -1	 0.000000	 8.704849
111	 5	 5	 1	 0.021800	 -1	 0.000000	 13.959327
112	 5	 5	 1	 0.008709	 -1	 0.000000	 7.400363
113	 5	 5	 1	 0.009454	 -1	 0.000000	 7.709676
114	 5	 5	 1	 19.808785	 -1	 0.000000	 7.734734
115	 5	 5	 1	 0.005314	 -1	 0.000000	 10.501884
116	 5	 5	 1	 0.011403	 -1	 0.000000	 12.838393
117	 5	 5	 1	 0.009978	 -1	 0.000000	 8.386449
118	 5	 5	 0	 195.985074	 -1	 0.000000	 7.065667
119	 5	 5	 1	 51.219223	 -1	 0.000000	 7.704502
120	 5	 5	 1	 0.004952	 -1	 0.000000	 14.854190
121	 5	 5	 1	 0.008455	 -1	 0.000000	 12.352419
122	 5	 5	 1	 64.228620	 -1	 0.000000	 7.373730
123	 5	 5	 1	 0.021440	 -1	 0.000000	 8.226401
124	 5	 5	 1	 0.008048	 -1	 0.000000	 16.768156
125	 5	 5	 1	 0.008033	 -1	 0.000000	 10.179164
126	 5	 5	 1	 0.206441	 -1	 0.000000	 7.415878
127	 5	 5	 1	 59.187963	 -1	 0.000000	 7.240791
128	 5	 5	 1	 29.782499	 -1	 0.000000	 6.392758
129	 5	 5	 1	 0.009538	 -1	 0.000000	 10.308188
130	 5	 5	 0	 294.560448	 -1	 0.000000	 7.399971
131	 5	 5	 1	 0.007208	 -1	 0.000000	 7.657056
132	 5	 5	 1	 0.013712	 -1	 0.000000	 7.977611
133	 5	 5	 1	 0.051924	 -1	 0.000000	 8.281033
134	 5	 5	 1	 0.009590	 -1	 0.000000	 11.995210
135	 5	 5	 0	 260.185407	 -1	 0.000000	 7.349701
136	 5	 5	 1	 0.014220	 -1	 0.000000	 10.035980
137	 5	 5	 1	 0.008269	 -1	 0.000000	 8.313466
138	 5	 5	 1	 0.008041	 -1	 0.000000	 9.394413
>>> gr_fir_ccf: using E
>>> gr_fir_fff: using E
terminate called after throwing an instance of 'std::invalid_argument'
  what():  gr_ofdm_demod: Incorrect subcarriers allocated
>>> gr_fir_ccf: using E
>>> gr_fir_fff: using E
gr_buffer::allocate_buffer: warning: tried to allocate
   22 items of size 2928. Due to alignment requirements
   256 were allocated.  If this isn't OK, consider padding
   your structure to a power-of-two bytes.
   On this platform, our allocation granularity is 4096 bytes.
0	 9	 9	 1	 140.909341	 -1	 0.000000	 11.500836
1	 9	 9	 1	 139.959707	 -1	 0.000000	 8.545871
2	 9	 9	 1	 171.083798	 -1	 0.000000	 10.113578
3	 9	 9	 1	 144.851672	 -1	 0.000000	 14.059013
4	 9	 9	 1	 136.075569	 -1	 0.000000	 10.186126
5	 9	 9	 1	 39.561066	 -1	 0.000000	 11.678844
6	 9	 9	 1	 129.752539	 -1	 0.000000	 8.629431
7	 9	 9	 1	 147.476806	 -1	 0.000000	 8.216200
8	 9	 9	 1	 141.484067	 -1	 0.000000	 9.819667
9	 9	 9	 1	 142.319745	 -1	 0.000000	 8.132642
10	 9	 9	 1	 33.767719	 -1	 0.000000	 8.312962
11	 9	 9	 1	 74.508185	 -1	 0.000000	 11.350204
12	 9	 9	 1	 127.231324	 -1	 0.000000	 11.983205
13	 9	 9	 1	 49.023482	 -1	 0.000000	 10.619423
14	 9	 9	 1	 192.695546	 -1	 0.000000	 13.142503
15	 9	 9	 1	 168.029416	 -1	 0.000000	 8.400232
16	 9	 9	 1	 40.906895	 -1	 0.000000	 8.833933
17	 9	 9	 1	 42.931648	 -1	 0.000000	 10.216687
18	 9	 9	 1	 29.629705	 -1	 0.000000	 7.856299
>>> gr_fir_ccf: using E
>>> gr_fir_fff: using E
gr_buffer::allocate_buffer: warning: tried to allocate
   22 items of size 2928. Due to alignment requirements
   256 were allocated.  If this isn't OK, consider padding
   your structure to a power-of-two bytes.
   On this platform, our allocation granularity is 4096 bytes.
36	 9	 9	 1	 147.000871	 -1	 0.000000	 14.685033
37	 9	 9	 1	 116.603503	 -1	 0.000000	 10.055912
38	 9	 9	 1	 116.834476	 -1	 0.000000	 9.585592
39	 9	 9	 1	 80.953246	 -1	 0.000000	 10.439013
40	 9	 9	 1	 152.355740	 -1	 0.000000	 9.072090
41	 9	 9	 1	 29.371110	 -1	 0.000000	 11.057053
43	 9	 9	 1	 25.581613	 -1	 0.000000	 10.457508
44	 9	 9	 1	 79.111886	 -1	 0.000000	 13.028341
45	 9	 9	 1	 56.365239	 -1	 0.000000	 9.822928
46	 9	 9	 1	 43.139082	 -1	 0.000000	 10.817112
47	 9	 9	 1	 151.274837	 -1	 0.000000	 12.218427
48	 9	 9	 1	 102.398504	 -1	 0.000000	 13.743826
49	 9	 9	 1	 32.501671	 -1	 0.000000	 9.577127
50	 9	 9	 1	 133.554216	 -1	 0.000000	 9.047944
51	 9	 9	 1	 156.903851	 -1	 0.000000	 9.579998
52	 9	 9	 1	 71.822027	 -1	 0.000000	 10.529344
53	 9	 9	 1	 35.699022	 -1	 0.000000	 9.946920
54	 9	 9	 1	 142.846320	 -1	 0.000000	 11.300035
55	 9	 9	 1	 56.529388	 -1	 0.000000	 8.821127
56	 9	 9	 1	 146.394683	 -1	 0.000000	 14.538877
57	 9	 9	 1	 41.246961	 -1	 0.000000	 13.177588
58	 9	 9	 1	 162.824346	 -1	 0.000000	 9.691678
59	 9	 9	 1	 139.816704	 -1	 0.000000	 8.319842
60	 9	 9	 1	 33.685119	 -1	 0.000000	 13.600764
61	 9	 9	 1	 111.404894	 -1	 0.000000	 10.297184
62	 9	 9	 1	 142.289557	 -1	 0.000000	 9.255898
63	 9	 9	 1	 41.693910	 -1	 0.000000	 13.382529
64	 9	 9	 1	 158.763069	 -1	 0.000000	 10.789218
65	 9	 9	 1	 122.939041	 -1	 0.000000	 10.947571
66	 9	 9	 1	 64.981753	 -1	 0.000000	 11.085423
67	 9	 9	 1	 54.765981	 -1	 0.000000	 10.758245
70	 9	 9	 1	 33.687837	 -1	 0.000000	 11.500411
71	 9	 9	 1	 149.280676	 -1	 0.000000	 9.301325
72	 9	 9	 1	 150.119538	 -1	 0.000000	 8.600117
73	 9	 9	 1	 45.467656	 -1	 0.000000	 10.705104
74	 9	 9	 1	 142.779460	 -1	 0.000000	 14.959271
75	 9	 9	 1	 134.733124	 -1	 0.000000	 10.668221
76	 9	 9	 1	 143.496341	 -1	 0.000000	 10.927773
77	 9	 9	 1	 127.784254	 -1	 0.000000	 11.246879
78	 9	 9	 1	 158.166651	 -1	 0.000000	 8.285776
79	 9	 9	 1	 156.024820	 -1	 0.000000	 11.244817
80	 9	 9	 1	 138.865034	 -1	 0.000000	 10.087147
81	 9	 9	 1	 148.494150	 -1	 0.000000	 9.218596
82	 9	 9	 1	 57.134343	 -1	 0.000000	 11.322994
83	 9	 9	 1	 154.002278	 -1	 0.000000	 11.180926
84	 9	 9	 1	 47.224703	 -1	 0.000000	 8.889261
87	 9	 9	 1	 128.834031	 -1	 0.000000	 10.124110
88	 9	 9	 1	 110.994839	 -1	 0.000000	 10.138307
90	 9	 9	 1	 75.391978	 -1	 0.000000	 7.236492
91	 9	 9	 1	 153.007036	 -1	 0.000000	 11.165644
>>> gr_fir_ccf: using E
>>> gr_fir_fff: using E
gr_buffer::allocate_buffer: warning: tried to allocate
   22 items of size 2928. Due to alignment requirements
   256 were allocated.  If this isn't OK, consider padding
   your structure to a power-of-two bytes.
   On this platform, our allocation granularity is 4096 bytes.
26	 9	 9	 1	 82.254536	 -1	 0.000000	 11.177379
27	 9	 9	 1	 132.259297	 -1	 0.000000	 11.437908
28	 9	 9	 1	 41.783452	 -1	 0.000000	 11.394712
29	 9	 9	 1	 119.256416	 -1	 0.000000	 9.817713
30	 9	 9	 1	 150.279000	 -1	 0.000000	 22.823448
31	 9	 9	 1	 58.274440	 -1	 0.000000	 19.705910
146	 11	 11	 0	 450.117426	 -1	 0.000000	 8.693423
32	 9	 9	 1	 92.551475	 -1	 0.000000	 9.928061
33	 9	 9	 1	 134.899401	 -1	 0.000000	 9.228346
34	 9	 9	 1	 153.810182	 -1	 0.000000	 8.336840
35	 9	 9	 1	 70.301078	 -1	 0.000000	 10.502224
36	 9	 9	 1	 142.876079	 -1	 0.000000	 13.320149
37	 9	 9	 1	 26.425412	 -1	 0.000000	 10.819914
38	 9	 9	 1	 147.653578	 -1	 0.000000	 8.907640
39	 9	 9	 1	 164.450951	 -1	 0.000000	 9.434205
40	 9	 9	 1	 145.224205	 -1	 0.000000	 9.356655
41	 9	 9	 1	 124.070293	 -1	 0.000000	 10.714192
42	 9	 9	 1	 44.659639	 -1	 0.000000	 15.429535
44	 9	 9	 1	 156.309668	 -1	 0.000000	 7.813429
45	 9	 9	 1	 135.325816	 -1	 0.000000	 9.607713
46	 9	 9	 1	 44.501451	 -1	 0.000000	 8.713182
47	 9	 9	 1	 35.365669	 -1	 0.000000	 9.963350
48	 9	 9	 1	 139.423516	 -1	 0.000000	 7.417069
49	 9	 9	 1	 65.095985	 -1	 0.000000	 13.342727
50	 9	 9	 1	 33.193066	 -1	 0.000000	 10.499853
51	 9	 9	 1	 178.537991	 -1	 0.000000	 9.496629
52	 9	 9	 1	 147.684444	 -1	 0.000000	 8.985264
53	 9	 9	 1	 34.841285	 -1	 0.000000	 15.115130
55	 9	 9	 1	 123.740927	 -1	 0.000000	 12.576997
56	 9	 9	 1	 104.265936	 -1	 0.000000	 10.193309
57	 9	 9	 1	 66.725240	 -1	 0.000000	 9.519240
59	 9	 9	 1	 32.730286	 -1	 0.000000	 14.831896
60	 9	 9	 1	 137.118220	 -1	 0.000000	 8.894362
61	 9	 9	 1	 128.295457	 -1	 0.000000	 9.314690
63	 9	 9	 1	 95.812505	 -1	 0.000000	 12.957064
64	 9	 9	 1	 97.126542	 -1	 0.000000	 12.316081
65	 9	 9	 1	 94.403484	 -1	 0.000000	 9.600744
66	 9	 9	 1	 38.715697	 -1	 0.000000	 9.016241
68	 9	 9	 1	 126.329237	 -1	 0.000000	 10.410337
69	 9	 9	 1	 38.887024	 -1	 0.000000	 12.927325
70	 9	 9	 1	 74.037643	 -1	 0.000000	 11.731630
71	 9	 9	 1	 153.010227	 -1	 0.000000	 8.689242
72	 9	 9	 1	 131.178318	 -1	 0.000000	 8.648223
73	 9	 9	 1	 55.475247	 -1	 0.000000	 9.304399
74	 9	 9	 1	 54.457970	 -1	 0.000000	 8.907810
75	 9	 9	 1	 148.648924	 -1	 0.000000	 14.590457
76	 9	 9	 1	 141.798711	 -1	 0.000000	 17.146450
77	 9	 9	 1	 138.514891	 -1	 0.000000	 11.172718
78	 9	 9	 1	 168.306612	 -1	 0.000000	 9.423745
79	 9	 9	 1	 158.410697	 -1	 0.000000	 8.750905
80	 9	 9	 1	 38.636514	 -1	 0.000000	 9.949312
81	 9	 9	 1	 40.637382	 -1	 0.000000	 8.543166
82	 9	 9	 1	 73.360896	 -1	 0.000000	 9.193748
83	 9	 9	 1	 127.519306	 -1	 0.000000	 9.779578
84	 9	 9	 1	 27.272437	 -1	 0.000000	 9.764239
85	 9	 9	 1	 46.564153	 -1	 0.000000	 10.319064
86	 9	 9	 1	 84.978002	 -1	 0.000000	 9.734448
87	 9	 9	 1	 115.275658	 -1	 0.000000	 8.890518
88	 9	 9	 1	 140.917436	 -1	 0.000000	 8.452024
89	 9	 9	 1	 140.226862	 -1	 0.000000	 9.691773
90	 9	 9	 1	 64.009093	 -1	 0.000000	 10.998892
91	 9	 9	 1	 29.292114	 -1	 0.000000	 11.118442
92	 9	 9	 1	 153.367714	 -1	 0.000000	 9.528214
93	 9	 9	 1	 28.066586	 -1	 0.000000	 8.551726
94	 9	 9	 1	 126.575444	 -1	 0.000000	 9.649663
95	 9	 9	 1	 196.806746	 -1	 0.000000	 13.743942
96	 9	 9	 1	 145.480756	 -1	 0.000000	 10.757118
97	 9	 9	 1	 46.105318	 -1	 0.000000	 13.334591
98	 9	 9	 1	 119.709866	 -1	 0.000000	 10.172799
99	 9	 9	 1	 136.422048	 -1	 0.000000	 10.980627
101	 9	 9	 1	 140.231012	 -1	 0.000000	 8.071694
102	 9	 9	 1	 56.411443	 -1	 0.000000	 14.445769
103	 9	 9	 1	 143.618247	 -1	 0.000000	 9.160588
104	 9	 9	 1	 101.056605	 -1	 0.000000	 8.910357
105	 9	 9	 1	 37.891243	 -1	 0.000000	 14.005514
106	 9	 9	 1	 25.416179	 -1	 0.000000	 8.869918
107	 9	 9	 1	 167.349615	 -1	 0.000000	 13.494187
108	 9	 9	 1	 142.379196	 -1	 0.000000	 10.150415
109	 9	 9	 1	 31.504529	 -1	 0.000000	 11.347734
110	 9	 9	 1	 46.556912	 -1	 0.000000	 8.169095
111	 9	 9	 1	 102.747547	 -1	 0.000000	 10.437453
112	 9	 9	 1	 27.903063	 -1	 0.000000	 10.768879
113	 9	 9	 1	 155.980867	 -1	 0.000000	 10.439001
114	 9	 9	 1	 142.999893	 -1	 0.000000	 9.034889
115	 9	 9	 1	 151.372980	 -1	 0.000000	 18.093826
116	 9	 9	 1	 91.566079	 -1	 0.000000	 9.722146
117	 9	 9	 1	 23.950217	 -1	 0.000000	 12.453206
118	 9	 9	 1	 56.866936	 -1	 0.000000	 8.163683
119	 9	 9	 1	 34.870948	 -1	 0.000000	 14.234933
120	 9	 9	 1	 25.980504	 -1	 0.000000	 9.150783
122	 9	 9	 1	 47.384075	 -1	 0.000000	 10.138207
123	 9	 9	 1	 111.163517	 -1	 0.000000	 12.010549
124	 9	 9	 1	 34.841205	 -1	 0.000000	 8.168471
125	 9	 9	 1	 38.711364	 -1	 0.000000	 9.839896
126	 9	 9	 1	 134.951706	 -1	 0.000000	 8.805641
127	 9	 9	 1	 167.781987	 -1	 0.000000	 9.445205
128	 9	 9	 1	 131.814470	 -1	 0.000000	 11.334733
130	 9	 9	 1	 60.552157	 -1	 0.000000	 11.113008
131	 9	 9	 1	 138.618667	 -1	 0.000000	 14.439047
132	 9	 9	 1	 39.531186	 -1	 0.000000	 7.750363
133	 9	 9	 1	 26.182633	 -1	 0.000000	 11.564842
134	 9	 9	 1	 80.972086	 -1	 0.000000	 9.422212
135	 9	 9	 1	 131.770159	 -1	 0.000000	 8.884786
136	 9	 9	 1	 156.246499	 -1	 0.000000	 10.448372
137	 9	 9	 1	 58.220228	 -1	 0.000000	 8.936550
138	 9	 9	 1	 65.559346	 -1	 0.000000	 8.470422
139	 9	 9	 1	 113.686810	 -1	 0.000000	 9.709149
140	 9	 9	 1	 146.671155	 -1	 0.000000	 9.084232
141	 9	 9	 1	 145.854549	 -1	 0.000000	 9.509420
142	 9	 9	 1	 36.819872	 -1	 0.000000	 12.717797
143	 9	 9	 1	 154.807810	 -1	 0.000000	 10.812505
144	 9	 9	 1	 153.373112	 -1	 0.000000	 6.810566
145	 9	 9	 1	 53.613319	 -1	 0.000000	 12.494429
146	 9	 9	 1	 55.464227	 -1	 0.000000	 15.442971
147	 9	 9	 1	 140.893680	 -1	 0.000000	 15.467973
148	 9	 9	 1	 35.504660	 -1	 0.000000	 9.086163
149	 9	 9	 1	 110.082106	 -1	 0.000000	 12.116951
150	 9	 9	 1	 183.676170	 -1	 0.000000	 17.025721
151	 9	 9	 1	 138.999685	 -1	 0.000000	 12.656665
152	 9	 9	 1	 25.951221	 -1	 0.000000	 9.617852
153	 9	 9	 1	 83.337364	 -1	 0.000000	 10.751904
154	 9	 9	 1	 111.698686	 -1	 0.000000	 9.042722
155	 9	 9	 1	 159.845067	 -1	 0.000000	 13.995425
156	 9	 9	 1	 141.644596	 -1	 0.000000	 8.256650
157	 9	 9	 1	 44.198886	 -1	 0.000000	 7.543362
158	 9	 9	 1	 173.394604	 -1	 0.000000	 8.893323
159	 9	 9	 1	 126.902647	 -1	 0.000000	 9.795256
160	 9	 9	 1	 43.347251	 -1	 0.000000	 12.689408
161	 9	 9	 1	 139.296961	 -1	 0.000000	 9.039517
162	 9	 9	 1	 110.880251	 -1	 0.000000	 11.047368
163	 9	 9	 1	 131.894192	 -1	 0.000000	 11.195489
164	 9	 9	 1	 54.836338	 -1	 0.000000	 10.426988
165	 9	 9	 1	 91.736821	 -1	 0.000000	 7.475747
166	 9	 9	 1	 141.957697	 -1	 0.000000	 7.796054
167	 9	 9	 1	 146.899602	 -1	 0.000000	 7.646533
168	 9	 9	 1	 70.537237	 -1	 0.000000	 7.779878
170	 9	 9	 1	 102.399094	 -1	 0.000000	 13.196122
171	 9	 9	 1	 164.535110	 -1	 0.000000	 6.723970
172	 9	 9	 1	 152.073128	 -1	 0.000000	 9.673207
173	 9	 9	 1	 99.923186	 -1	 0.000000	 9.642034
174	 9	 9	 1	 143.064988	 -1	 0.000000	 7.827618
175	 9	 9	 1	 146.952778	 -1	 0.000000	 7.685174
176	 9	 9	 1	 171.253341	 -1	 0.000000	 6.499146
177	 9	 9	 1	 76.781089	 -1	 0.000000	 11.374920
178	 9	 9	 1	 31.792878	 -1	 0.000000	 8.688046
179	 9	 9	 1	 95.529476	 -1	 0.000000	 8.877377
180	 9	 9	 1	 138.745836	 -1	 0.000000	 9.246672
181	 9	 9	 1	 51.877929	 -1	 0.000000	 8.509347
182	 9	 9	 1	 119.913068	 -1	 0.000000	 11.786034
183	 9	 9	 1	 162.802504	 -1	 0.000000	 13.788301
184	 9	 9	 1	 48.522865	 -1	 0.000000	 12.713893
185	 9	 9	 1	 57.689920	 -1	 0.000000	 10.544500
186	 9	 9	 1	 155.505207	 -1	 0.000000	 12.570525
187	 9	 9	 1	 43.525220	 -1	 0.000000	 13.015847
189	 9	 9	 1	 165.322314	 -1	 0.000000	 9.786804
190	 9	 9	 1	 49.262292	 -1	 0.000000	 8.901293
191	 9	 9	 1	 130.587562	 -1	 0.000000	 9.308331
192	 9	 9	 1	 135.076063	 -1	 0.000000	 9.295879
193	 9	 9	 1	 141.166784	 -1	 0.000000	 9.779870
194	 9	 9	 1	 115.381448	 -1	 0.000000	 9.288441
195	 9	 9	 1	 138.297389	 -1	 0.000000	 9.772014
196	 9	 9	 1	 38.692720	 -1	 0.000000	 10.580900
197	 9	 9	 1	 38.777607	 -1	 0.000000	 11.376824
198	 9	 9	 1	 144.334984	 -1	 0.000000	 8.300082
199	 9	 9	 1	 44.882911	 -1	 0.000000	 9.843247
200	 9	 9	 1	 159.523658	 -1	 0.000000	 8.851166
201	 9	 9	 1	 59.134988	 -1	 0.000000	 13.437275
203	 9	 9	 1	 124.136951	 -1	 0.000000	 10.302310
204	 9	 9	 1	 144.983005	 -1	 0.000000	 11.885802
206	 9	 9	 1	 46.555286	 -1	 0.000000	 8.651742
207	 9	 9	 1	 94.918126	 -1	 0.000000	 13.277697
208	 9	 9	 1	 156.656149	 -1	 0.000000	 8.844061
209	 9	 9	 1	 164.654166	 -1	 0.000000	 9.194501
210	 9	 9	 1	 19.992716	 -1	 0.000000	 13.473601
211	 9	 9	 1	 73.340237	 -1	 0.000000	 10.637587
212	 9	 9	 1	 134.696258	 -1	 0.000000	 11.448145
214	 9	 9	 1	 63.021484	 -1	 0.000000	 9.949500
215	 9	 9	 1	 149.540089	 -1	 0.000000	 7.197254
217	 9	 9	 1	 148.781858	 -1	 0.000000	 8.515151
218	 9	 9	 1	 84.864311	 -1	 0.000000	 8.405304
219	 9	 9	 1	 182.949776	 -1	 0.000000	 9.853450
220	 9	 9	 1	 143.965146	 -1	 0.000000	 10.470102
223	 9	 9	 1	 143.152871	 -1	 0.000000	 11.744321
225	 9	 9	 1	 75.943484	 -1	 0.000000	 8.586780
227	 9	 9	 1	 103.719843	 -1	 0.000000	 7.196926
229	 9	 9	 1	 141.775643	 -1	 0.000000	 9.587336
230	 9	 9	 1	 74.887845	 -1	 0.000000	 8.330672
231	 9	 9	 1	 126.727965	 -1	 0.000000	 8.955842
260	 9	 9	 1	 155.704594	 -1	 0.000000	 8.519133
261	 9	 9	 1	 129.190642	 -1	 0.000000	 9.551903
262	 9	 9	 1	 34.804038	 -1	 0.000000	 8.577390
263	 9	 9	 1	 158.046303	 -1	 0.000000	 7.951740
264	 9	 9	 1	 161.903836	 -1	 0.000000	 12.713016
265	 9	 9	 1	 41.542669	 -1	 0.000000	 9.215455
266	 9	 9	 1	 26.533108	 -1	 0.000000	 11.620867
267	 9	 9	 1	 148.840671	 -1	 0.000000	 8.935232
268	 9	 9	 1	 138.959307	 -1	 0.000000	 9.618491
269	 9	 9	 1	 55.488780	 -1	 0.000000	 9.574827
270	 9	 9	 1	 40.123442	 -1	 0.000000	 14.575911
271	 9	 9	 1	 91.471907	 -1	 0.000000	 8.117048
272	 9	 9	 1	 110.983662	 -1	 0.000000	 8.864288
273	 9	 9	 1	 40.579523	 -1	 0.000000	 7.737815
240	 9	 9	 1	 153.333184	 -1	 0.000000	 11.788592
280	 9	 9	 1	 50.057377	 -1	 0.000000	 8.636532
281	 9	 9	 1	 135.663150	 -1	 0.000000	 11.248908
282	 9	 9	 1	 134.810118	 -1	 0.000000	 9.053646
283	 9	 9	 1	 150.473917	 -1	 0.000000	 7.974565
284	 9	 9	 1	 31.603302	 -1	 0.000000	 20.053560
285	 9	 9	 1	 143.685951	 -1	 0.000000	 8.837553
286	 9	 9	 1	 106.375156	 -1	 0.000000	 11.430559
287	 9	 9	 1	 88.962497	 -1	 0.000000	 14.960393
288	 9	 9	 1	 51.761727	 -1	 0.000000	 8.626821
289	 9	 9	 1	 150.713154	 -1	 0.000000	 8.695148
290	 9	 9	 1	 135.665494	 -1	 0.000000	 12.075110
291	 9	 9	 1	 24.970657	 -1	 0.000000	 10.822367
292	 9	 9	 1	 24.173931	 -1	 0.000000	 11.013233
293	 9	 9	 1	 135.088807	 -1	 0.000000	 9.111589
294	 9	 9	 1	 146.986940	 -1	 0.000000	 8.024898
295	 9	 9	 1	 147.625036	 -1	 0.000000	 7.900741
296	 9	 9	 1	 79.520071	 -1	 0.000000	 8.152530
297	 9	 9	 1	 124.638629	 -1	 0.000000	 13.717725
298	 9	 9	 1	 136.895208	 -1	 0.000000	 8.579542
299	 9	 9	 1	 146.877267	 -1	 0.000000	 9.334229
302	 9	 9	 1	 126.844765	 -1	 0.000000	 11.959531
304	 9	 9	 1	 115.134944	 -1	 0.000000	 9.987440
305	 9	 9	 1	 149.213813	 -1	 0.000000	 7.391888
306	 9	 9	 1	 148.802806	 -1	 0.000000	 9.825029
307	 9	 9	 1	 54.925174	 -1	 0.000000	 10.970305
308	 9	 9	 1	 53.627650	 -1	 0.000000	 15.544969
309	 9	 9	 1	 44.897309	 -1	 0.000000	 8.742666
310	 9	 9	 1	 142.385084	 -1	 0.000000	 10.483062
311	 9	 9	 1	 71.189513	 -1	 0.000000	 7.536666
312	 9	 9	 1	 166.765015	 -1	 0.000000	 11.100964
313	 9	 9	 1	 141.522012	 -1	 0.000000	 11.233759
320	 9	 9	 1	 118.018565	 -1	 0.000000	 10.800708
321	 9	 9	 1	 148.046977	 -1	 0.000000	 8.794982
322	 9	 9	 1	 140.855496	 -1	 0.000000	 12.932065
323	 9	 9	 1	 121.466910	 -1	 0.000000	 12.999566
324	 9	 9	 1	 173.798342	 -1	 0.000000	 10.256101
325	 9	 9	 1	 140.236732	 -1	 0.000000	 12.257199
326	 9	 9	 1	 56.684111	 -1	 0.000000	 11.167217
332	 9	 9	 1	 125.127327	 -1	 0.000000	 16.778255
333	 9	 9	 1	 144.463207	 -1	 0.000000	 11.838355
334	 9	 9	 1	 189.157448	 -1	 0.000000	 13.485868
335	 9	 9	 1	 44.552654	 -1	 0.000000	 10.218104
336	 9	 9	 1	 44.902182	 -1	 0.000000	 9.595442
337	 9	 9	 1	 127.164091	 -1	 0.000000	 8.575344
338	 9	 9	 1	 156.988819	 -1	 0.000000	 9.404078
339	 9	 9	 1	 119.623446	 -1	 0.000000	 13.174513
319	 9	 9	 1	 52.724438	 -1	 0.000000	 11.358970
341	 9	 9	 1	 67.817040	 -1	 0.000000	 9.316610
342	 9	 9	 1	 150.327191	 -1	 0.000000	 12.867013
343	 9	 9	 1	 115.486378	 -1	 0.000000	 10.810909
344	 9	 9	 1	 103.829045	 -1	 0.000000	 9.611770
345	 9	 9	 1	 139.384274	 -1	 0.000000	 9.508056
346	 9	 9	 1	 54.882366	 -1	 0.000000	 9.281225
347	 9	 9	 1	 65.231538	 -1	 0.000000	 10.779428
348	 9	 9	 1	 150.448619	 -1	 0.000000	 10.911056
349	 9	 9	 1	 134.186100	 -1	 0.000000	 8.647896
350	 9	 9	 1	 79.867384	 -1	 0.000000	 8.793054
351	 9	 9	 1	 95.269082	 -1	 0.000000	 8.502773
352	 9	 9	 1	 142.604783	 -1	 0.000000	 10.660859
353	 9	 9	 1	 159.477665	 -1	 0.000000	 11.538267
354	 9	 9	 1	 22.736449	 -1	 0.000000	 10.243107
355	 9	 9	 1	 38.635674	 -1	 0.000000	 8.751491
356	 9	 9	 1	 144.162815	 -1	 0.000000	 13.978351
357	 9	 9	 1	 157.857810	 -1	 0.000000	 8.926233
358	 9	 9	 1	 147.506696	 -1	 0.000000	 7.378995
359	 9	 9	 1	 52.795124	 -1	 0.000000	 10.306706
360	 9	 9	 1	 141.099438	 -1	 0.000000	 9.115838
361	 9	 9	 1	 125.172399	 -1	 0.000000	 9.337777
362	 9	 9	 1	 39.855577	 -1	 0.000000	 11.927509
363	 9	 9	 1	 66.291501	 -1	 0.000000	 10.686327
364	 9	 9	 1	 220.153814	 -1	 0.000000	 10.006407
366	 9	 9	 1	 145.460016	 -1	 0.000000	 11.097440
367	 9	 9	 1	 158.390894	 -1	 0.000000	 7.817777
368	 9	 9	 1	 153.390002	 -1	 0.000000	 7.544453
369	 9	 9	 1	 29.302830	 -1	 0.000000	 8.574221
370	 9	 9	 1	 53.399434	 -1	 0.000000	 8.289973
371	 9	 9	 1	 138.914034	 -1	 0.000000	 9.616062
372	 9	 9	 1	 79.813827	 -1	 0.000000	 14.754118
373	 9	 9	 1	 154.761666	 -1	 0.000000	 7.184029
374	 9	 9	 1	 165.853208	 -1	 0.000000	 12.227660
375	 9	 9	 1	 142.188857	 -1	 0.000000	 8.908190
381	 9	 9	 1	 58.486388	 -1	 0.000000	 10.857361
382	 9	 9	 1	 191.388603	 -1	 0.000000	 11.595334
383	 9	 9	 1	 38.146753	 -1	 0.000000	 11.768719
384	 9	 9	 1	 161.791228	 -1	 0.000000	 8.016302
385	 9	 9	 1	 150.006172	 -1	 0.000000	 8.283203
386	 9	 9	 1	 54.801122	 -1	 0.000000	 9.121687
2214	 11	 11	 0	 460.319212	 -1	 0.000000	 9.156284
388	 9	 9	 1	 148.673361	 -1	 0.000000	 8.083195
389	 9	 9	 1	 84.649099	 -1	 0.000000	 8.708863
390	 9	 9	 1	 156.546225	 -1	 0.000000	 8.680806
391	 9	 9	 1	 138.132475	 -1	 0.000000	 13.440830
392	 9	 9	 1	 140.253584	 -1	 0.000000	 9.713361
393	 9	 9	 1	 23.386046	 -1	 0.000000	 10.468604
394	 9	 9	 1	 157.629174	 -1	 0.000000	 8.109653
395	 9	 9	 1	 37.910946	 -1	 0.000000	 11.188489
396	 9	 9	 1	 143.577650	 -1	 0.000000	 7.171193
397	 9	 9	 1	 42.676457	 -1	 0.000000	 10.285973
398	 9	 9	 1	 118.638947	 -1	 0.000000	 8.579955
399	 9	 9	 1	 142.840598	 -1	 0.000000	 8.928623
400	 9	 9	 1	 57.075093	 -1	 0.000000	 9.992203
401	 9	 9	 1	 144.701792	 -1	 0.000000	 11.806402
402	 9	 9	 1	 149.992389	 -1	 0.000000	 11.179543
403	 9	 9	 1	 126.600098	 -1	 0.000000	 8.253086
406	 9	 9	 1	 31.978886	 -1	 0.000000	 11.671148
407	 9	 9	 1	 66.063657	 -1	 0.000000	 19.031996
409	 9	 9	 1	 160.562434	 -1	 0.000000	 8.218837
410	 9	 9	 1	 26.341513	 -1	 0.000000	 7.615373
411	 9	 9	 1	 147.445888	 -1	 0.000000	 9.497902
413	 9	 9	 1	 56.989116	 -1	 0.000000	 8.235500
414	 9	 9	 1	 35.621318	 -1	 0.000000	 9.128085
415	 9	 9	 1	 135.740081	 -1	 0.000000	 10.231690
416	 9	 9	 1	 64.952294	 -1	 0.000000	 9.880905
417	 9	 9	 1	 83.126720	 -1	 0.000000	 10.227089
418	 9	 9	 1	 120.976925	 -1	 0.000000	 12.674201
420	 9	 9	 1	 38.695541	 -1	 0.000000	 10.485285
421	 9	 9	 1	 27.577106	 -1	 0.000000	 13.597407
422	 9	 9	 1	 141.530756	 -1	 0.000000	 9.455754
423	 9	 9	 1	 52.970515	 -1	 0.000000	 11.526750
424	 9	 9	 1	 92.700968	 -1	 0.000000	 13.393004
425	 9	 9	 1	 159.695356	 -1	 0.000000	 10.919129
426	 9	 9	 1	 155.774436	 -1	 0.000000	 7.347546
427	 9	 9	 1	 27.447555	 -1	 0.000000	 15.161516
428	 9	 9	 1	 34.462545	 -1	 0.000000	 12.201135
429	 9	 9	 1	 30.526535	 -1	 0.000000	 12.689424
430	 9	 9	 1	 165.698803	 -1	 0.000000	 7.145772
431	 9	 9	 1	 158.607442	 -1	 0.000000	 10.808112
440	 9	 9	 1	 201.471136	 -1	 0.000000	 12.273182
445	 9	 9	 1	 147.428251	 -1	 0.000000	 10.271943
446	 9	 9	 1	 136.843377	 -1	 0.000000	 12.460754
447	 9	 9	 1	 28.813570	 -1	 0.000000	 11.161287
448	 9	 9	 1	 177.258703	 -1	 0.000000	 8.307524
449	 9	 9	 1	 128.609154	 -1	 0.000000	 10.265180
450	 9	 9	 1	 146.251952	 -1	 0.000000	 9.197203
451	 9	 9	 1	 151.528809	 -1	 0.000000	 11.868794
452	 9	 9	 1	 153.675187	 -1	 0.000000	 9.248365
453	 9	 9	 1	 79.331946	 -1	 0.000000	 12.413274
454	 9	 9	 1	 64.921012	 -1	 0.000000	 12.059804
455	 9	 9	 1	 34.764357	 -1	 0.000000	 12.314289
456	 9	 9	 1	 153.412539	 -1	 0.000000	 10.808142
458	 9	 9	 1	 87.566647	 -1	 0.000000	 9.706942
459	 9	 9	 1	 30.344782	 -1	 0.000000	 9.873914
460	 9	 9	 1	 128.675689	 -1	 0.000000	 12.473631
461	 9	 9	 1	 56.495820	 -1	 0.000000	 11.084556
462	 9	 9	 1	 74.893844	 -1	 0.000000	 10.010741
463	 9	 9	 1	 97.066284	 -1	 0.000000	 14.414708
464	 9	 9	 1	 29.396910	 -1	 0.000000	 10.319419
465	 9	 9	 1	 112.759808	 -1	 0.000000	 11.300109
466	 9	 9	 1	 24.747721	 -1	 0.000000	 14.735139
467	 9	 9	 1	 160.927512	 -1	 0.000000	 7.224305
468	 9	 9	 1	 147.700792	 -1	 0.000000	 7.595961
469	 9	 9	 1	 146.909251	 -1	 0.000000	 10.166458
470	 9	 9	 1	 141.550504	 -1	 0.000000	 10.187682
471	 9	 9	 1	 24.870130	 -1	 0.000000	 11.031876
472	 9	 9	 1	 106.795835	 -1	 0.000000	 9.191010
473	 9	 9	 1	 24.753285	 -1	 0.000000	 9.839318
474	 9	 9	 1	 77.319240	 -1	 0.000000	 8.725928
475	 9	 9	 1	 150.423111	 -1	 0.000000	 13.703092
476	 9	 9	 1	 182.408141	 -1	 0.000000	 13.772754
477	 9	 9	 1	 141.154758	 -1	 0.000000	 9.950789
480	 9	 9	 1	 137.397245	 -1	 0.000000	 10.865816
481	 9	 9	 1	 161.920945	 -1	 0.000000	 8.039726
482	 9	 9	 1	 19.656321	 -1	 0.000000	 11.061162
483	 9	 9	 1	 96.150364	 -1	 0.000000	 14.501967
484	 9	 9	 1	 146.627337	 -1	 0.000000	 13.977094
485	 9	 9	 1	 46.745308	 -1	 0.000000	 9.680405
486	 9	 9	 1	 107.536386	 -1	 0.000000	 7.463187
487	 9	 9	 1	 68.975254	 -1	 0.000000	 10.000090
488	 9	 9	 1	 132.959288	 -1	 0.000000	 8.382958
489	 9	 9	 1	 136.784705	 -1	 0.000000	 11.466911
490	 9	 9	 1	 145.638623	 -1	 0.000000	 8.948170
491	 9	 9	 1	 97.438154	 -1	 0.000000	 9.568227
492	 9	 9	 1	 116.818017	 -1	 0.000000	 10.768867
493	 9	 9	 1	 74.474506	 -1	 0.000000	 11.591492
494	 9	 9	 1	 148.704367	 -1	 0.000000	 10.051792
495	 9	 9	 1	 46.186587	 -1	 0.000000	 8.962549
496	 9	 9	 1	 72.791770	 -1	 0.000000	 10.935164
497	 9	 9	 1	 119.550861	 -1	 0.000000	 17.251579
498	 9	 9	 1	 42.292564	 -1	 0.000000	 7.181351
499	 9	 9	 1	 81.366848	 -1	 0.000000	 10.222404
0	 11	 11	 1	 184.566808	 -1	 0.000000	 10.741431
1	 11	 11	 1	 167.710782	 -1	 0.000000	 7.482419
2	 11	 11	 1	 90.545596	 -1	 0.000000	 12.691095
3	 11	 11	 1	 91.786312	 -1	 0.000000	 7.251643
4	 11	 11	 1	 221.739797	 -1	 0.000000	 9.258312
5	 11	 11	 1	 132.072554	 -1	 0.000000	 9.944023
6	 11	 11	 1	 193.950318	 -1	 0.000000	 14.172062
11	 11	 11	 1	 165.903355	 -1	 0.000000	 9.997081
12	 11	 11	 1	 268.123575	 -1	 0.000000	 10.610061
13	 11	 11	 1	 288.474405	 -1	 0.000000	 10.405418
14	 11	 11	 1	 86.845826	 -1	 0.000000	 13.525769
15	 11	 11	 1	 64.164869	 -1	 0.000000	 12.453311
16	 11	 11	 1	 216.257232	 -1	 0.000000	 10.552755
17	 11	 11	 1	 105.584531	 -1	 0.000000	 10.535726
2513	 15	 15	 0	 373.438869	 -1	 0.000000	 6.688335
18	 11	 11	 1	 212.167274	 -1	 0.000000	 9.552122
19	 11	 11	 1	 126.195568	 -1	 0.000000	 9.084050
20	 11	 11	 1	 96.382331	 -1	 0.000000	 12.733750
>>> gr_fir_ccf: using E
>>> gr_fir_fff: using E
gr_buffer::allocate_buffer: warning: tried to allocate
   22 items of size 2928. Due to alignment requirements
   256 were allocated.  If this isn't OK, consider padding
   your structure to a power-of-two bytes.
   On this platform, our allocation granularity is 4096 bytes.
40	 11	 11	 1	 196.338136	 -1	 0.000000	 10.533594
41	 11	 11	 1	 98.768239	 -1	 0.000000	 8.879178
42	 11	 11	 1	 126.842930	 -1	 0.000000	 8.982621
43	 11	 11	 1	 172.010499	 -1	 0.000000	 8.404588
44	 11	 11	 1	 207.882291	 -1	 0.000000	 8.267808
45	 11	 11	 1	 191.545440	 -1	 0.000000	 10.207784
46	 11	 11	 1	 65.706664	 -1	 0.000000	 12.769149
47	 11	 11	 1	 202.346565	 -1	 0.000000	 8.732589
49	 11	 11	 1	 187.024571	 -1	 0.000000	 11.102254
50	 11	 11	 1	 68.217649	 -1	 0.000000	 9.379208
51	 11	 11	 1	 122.763989	 -1	 0.000000	 9.511357
52	 11	 11	 1	 136.069627	 -1	 0.000000	 8.400908
53	 11	 11	 1	 137.227303	 -1	 0.000000	 8.780897
54	 11	 11	 1	 286.160472	 -1	 0.000000	 10.508224
55	 11	 11	 1	 256.196499	 -1	 0.000000	 9.166594
>>> gr_fir_ccf: using E
>>> gr_fir_fff: using E
gr_buffer::allocate_buffer: warning: tried to allocate
   22 items of size 2928. Due to alignment requirements
   256 were allocated.  If this isn't OK, consider padding
   your structure to a power-of-two bytes.
   On this platform, our allocation granularity is 4096 bytes.
>>> gr_fir_ccf: using E
>>> gr_fir_fff: using E
terminate called after throwing an instance of 'std::invalid_argument'
  what():  gr_ofdm_demod: Incorrect subcarriers allocated
>>> gr_fir_ccf: using E
>>> gr_fir_fff: using E
gr_buffer::allocate_buffer: warning: tried to allocate
   22 items of size 2928. Due to alignment requirements
   256 were allocated.  If this isn't OK, consider padding
   your structure to a power-of-two bytes.
   On this platform, our allocation granularity is 4096 bytes.
32	 10	 10	 0	 441.879194	 -1	 0.000000	 10.584422
33	 10	 10	 0	 468.395586	 -1	 0.000000	 14.444985
34	 10	 10	 1	 338.191683	 -1	 0.000000	 11.728970
35	 10	 10	 0	 475.401083	 -1	 0.000000	 9.966105
36	 10	 10	 0	 433.426844	 -1	 0.000000	 11.513093
37	 10	 10	 0	 454.254853	 -1	 0.000000	 7.830093
38	 10	 10	 0	 473.676486	 -1	 0.000000	 13.035737
39	 10	 10	 0	 454.156686	 -1	 0.000000	 7.634608
40	 10	 10	 0	 429.663207	 -1	 0.000000	 9.552897
41	 10	 10	 0	 458.738870	 -1	 0.000000	 7.188215
42	 10	 10	 0	 439.693453	 -1	 0.000000	 20.341911
43	 10	 10	 1	 380.447549	 -1	 0.000000	 8.468777
44	 10	 10	 0	 438.188728	 -1	 0.000000	 11.631446
45	 10	 10	 0	 398.795087	 -1	 0.000000	 9.411420
46	 10	 10	 1	 347.235098	 -1	 0.000000	 10.827664
47	 10	 10	 1	 386.588534	 -1	 0.000000	 14.092767
48	 10	 10	 1	 334.378539	 -1	 0.000000	 9.862777
49	 10	 10	 0	 451.343697	 -1	 0.000000	 7.609567
50	 10	 10	 1	 343.002361	 -1	 0.000000	 11.634267
51	 10	 10	 0	 472.923983	 -1	 0.000000	 14.849902
52	 10	 10	 1	 378.571974	 -1	 0.000000	 9.882348
53	 10	 10	 0	 426.699477	 -1	 0.000000	 9.828005
54	 10	 10	 1	 335.853022	 -1	 0.000000	 10.825270
55	 10	 10	 0	 457.399246	 -1	 0.000000	 9.149715
56	 10	 10	 1	 344.466769	 -1	 0.000000	 13.987177
1784	 13	 13	 0	 377.940160	 -1	 0.000000	 14.750546
57	 10	 10	 0	 469.268418	 -1	 0.000000	 7.945704
58	 10	 10	 0	 446.978901	 -1	 0.000000	 7.838567
59	 10	 10	 0	 464.523538	 -1	 0.000000	 9.035798
60	 10	 10	 1	 375.162198	 -1	 0.000000	 9.197168
61	 10	 10	 0	 403.566567	 -1	 0.000000	 9.095066
62	 10	 10	 1	 355.488602	 -1	 0.000000	 12.824558
63	 10	 10	 0	 384.006665	 -1	 0.000000	 10.588398
64	 10	 10	 0	 452.467041	 -1	 0.000000	 11.032384
65	 10	 10	 1	 306.903979	 -1	 0.000000	 15.465438
66	 10	 10	 0	 431.697359	 -1	 0.000000	 12.782472
67	 10	 10	 1	 343.000812	 -1	 0.000000	 9.667984
68	 10	 10	 1	 357.207472	 -1	 0.000000	 10.059953
69	 10	 10	 0	 463.351378	 -1	 0.000000	 9.546928
70	 10	 10	 0	 462.842004	 -1	 0.000000	 7.820695
71	 10	 10	 0	 419.373780	 -1	 0.000000	 9.168461
72	 10	 10	 0	 424.425378	 -1	 0.000000	 14.434275
74	 10	 10	 0	 476.359195	 -1	 0.000000	 12.173729
75	 10	 10	 0	 375.465576	 -1	 0.000000	 8.214666
76	 10	 10	 1	 333.481557	 -1	 0.000000	 12.347547
77	 10	 10	 0	 437.683512	 -1	 0.000000	 9.588304
78	 10	 10	 0	 444.145233	 -1	 0.000000	 9.679134
79	 10	 10	 0	 450.770754	 -1	 0.000000	 12.383881
80	 10	 10	 0	 442.766978	 -1	 0.000000	 13.148349
81	 10	 10	 1	 387.410230	 -1	 0.000000	 13.391587
82	 10	 10	 1	 366.357725	 -1	 0.000000	 10.458537
83	 10	 10	 1	 365.895699	 -1	 0.000000	 14.709288
84	 10	 10	 0	 426.037075	 -1	 0.000000	 10.824280
85	 10	 10	 1	 380.381330	 -1	 0.000000	 8.593916
86	 10	 10	 1	 340.817610	 -1	 0.000000	 8.852094
87	 10	 10	 0	 455.089610	 -1	 0.000000	 7.666761
88	 10	 10	 1	 352.510651	 -1	 0.000000	 8.497028
89	 10	 10	 0	 435.484128	 -1	 0.000000	 12.801891
90	 10	 10	 0	 377.479989	 -1	 0.000000	 8.380961
91	 10	 10	 0	 462.919638	 -1	 0.000000	 8.122941
93	 10	 10	 0	 458.983844	 -1	 0.000000	 9.328938
94	 10	 10	 0	 404.307520	 -1	 0.000000	 13.313689
95	 10	 10	 0	 430.442920	 -1	 0.000000	 11.905481
96	 10	 10	 0	 443.558440	 -1	 0.000000	 15.865063
97	 10	 10	 0	 405.124314	 -1	 0.000000	 7.610060
98	 10	 10	 1	 352.395013	 -1	 0.000000	 10.761450
99	 10	 10	 1	 357.311933	 -1	 0.000000	 14.693851
102	 10	 10	 1	 341.685959	 -1	 0.000000	 9.634282
103	 10	 10	 0	 388.570312	 -1	 0.000000	 11.389688
104	 10	 10	 0	 442.385337	 -1	 0.000000	 9.162749
105	 10	 10	 1	 396.913932	 -1	 0.000000	 8.198585
106	 10	 10	 0	 444.200748	 -1	 0.000000	 9.237712
107	 10	 10	 1	 377.116936	 -1	 0.000000	 8.269132
109	 10	 10	 0	 445.088188	 -1	 0.000000	 11.443157
110	 10	 10	 0	 466.005431	 -1	 0.000000	 10.240922
111	 10	 10	 0	 479.128803	 -1	 0.000000	 9.048027
112	 10	 10	 0	 407.302696	 -1	 0.000000	 9.084745
113	 10	 10	 1	 361.954382	 -1	 0.000000	 9.813523
114	 10	 10	 1	 385.569624	 -1	 0.000000	 11.631034
116	 10	 10	 0	 415.241301	 -1	 0.000000	 10.745631
117	 10	 10	 1	 348.446930	 -1	 0.000000	 12.308022
118	 10	 10	 0	 364.285175	 -1	 0.000000	 11.826757
119	 10	 10	 1	 357.952593	 -1	 0.000000	 12.073019
120	 10	 10	 0	 414.418133	 -1	 0.000000	 8.351124
121	 10	 10	 0	 458.107497	 -1	 0.000000	 7.446253
122	 10	 10	 0	 423.943281	 -1	 0.000000	 11.811173
123	 10	 10	 1	 413.739624	 -1	 0.000000	 9.507384
124	 10	 10	 1	 354.765310	 -1	 0.000000	 8.676996
125	 10	 10	 0	 421.885414	 -1	 0.000000	 9.954611
126	 10	 10	 0	 440.343029	 -1	 0.000000	 14.361618
127	 10	 10	 0	 437.547206	 -1	 0.000000	 9.555972
128	 10	 10	 0	 423.556248	 -1	 0.000000	 10.644688
129	 10	 10	 0	 424.066714	 -1	 0.000000	 9.968131
130	 10	 10	 0	 477.054257	 -1	 0.000000	 13.481636
131	 10	 10	 0	 471.683471	 -1	 0.000000	 9.045246
132	 10	 10	 1	 367.495884	 -1	 0.000000	 10.089526
133	 10	 10	 1	 357.570105	 -1	 0.000000	 8.942028
134	 10	 10	 0	 446.911736	 -1	 0.000000	 9.089236
135	 10	 10	 0	 471.672548	 -1	 0.000000	 12.317752
136	 10	 10	 0	 445.052970	 -1	 0.000000	 9.083348
137	 10	 10	 0	 475.162084	 -1	 0.000000	 11.768072
138	 10	 10	 0	 452.275654	 -1	 0.000000	 8.582556
139	 10	 10	 0	 374.484545	 -1	 0.000000	 8.140428
140	 10	 10	 1	 368.221164	 -1	 0.000000	 9.341756
141	 10	 10	 1	 361.262326	 -1	 0.000000	 16.229292
142	 10	 10	 0	 442.354062	 -1	 0.000000	 11.764172
143	 10	 10	 1	 391.785089	 -1	 0.000000	 10.892540
144	 10	 10	 0	 450.258291	 -1	 0.000000	 8.614559
145	 10	 10	 0	 415.459426	 -1	 0.000000	 8.418009
146	 10	 10	 0	 458.751663	 -1	 0.000000	 11.484859
147	 10	 10	 0	 428.613126	 -1	 0.000000	 8.709140
148	 10	 10	 0	 462.622668	 -1	 0.000000	 7.030185
149	 10	 10	 1	 353.312804	 -1	 0.000000	 10.871660
150	 10	 10	 0	 406.048120	 -1	 0.000000	 11.190126
151	 10	 10	 0	 473.053512	 -1	 0.000000	 11.150776
153	 10	 10	 0	 466.491948	 -1	 0.000000	 10.143633
155	 10	 10	 0	 358.130371	 -1	 0.000000	 9.835975
156	 10	 10	 0	 452.127577	 -1	 0.000000	 8.764447
157	 10	 10	 0	 451.686369	 -1	 0.000000	 7.864996
158	 10	 10	 0	 432.493610	 -1	 0.000000	 8.321516
159	 10	 10	 0	 470.369694	 -1	 0.000000	 8.889311
160	 10	 10	 0	 471.173149	 -1	 0.000000	 8.312198
161	 10	 10	 0	 470.202232	 -1	 0.000000	 10.171719
162	 10	 10	 0	 407.258270	 -1	 0.000000	 13.753873
163	 10	 10	 0	 447.130871	 -1	 0.000000	 10.842820
164	 10	 10	 0	 458.159778	 -1	 0.000000	 9.810570
165	 10	 10	 1	 381.139356	 -1	 0.000000	 16.179300
166	 10	 10	 0	 420.286099	 -1	 0.000000	 10.471373
167	 10	 10	 1	 315.353369	 -1	 0.000000	 8.996034
168	 10	 10	 1	 326.470776	 -1	 0.000000	 11.196069
169	 10	 10	 0	 393.785573	 -1	 0.000000	 9.084106
170	 10	 10	 1	 398.855098	 -1	 0.000000	 9.575248
171	 10	 10	 1	 370.459201	 -1	 0.000000	 12.430191
172	 10	 10	 0	 413.934674	 -1	 0.000000	 12.392983
173	 10	 10	 0	 435.851572	 -1	 0.000000	 10.114140
174	 10	 10	 0	 430.290394	 -1	 0.000000	 9.230961
175	 10	 10	 0	 459.950402	 -1	 0.000000	 7.516201
177	 10	 10	 0	 442.624354	 -1	 0.000000	 8.260107
178	 10	 10	 1	 350.946238	 -1	 0.000000	 9.584563
179	 10	 10	 0	 424.820800	 -1	 0.000000	 13.980472
180	 10	 10	 1	 308.522197	 -1	 0.000000	 9.845119
181	 10	 10	 0	 448.368097	 -1	 0.000000	 11.261761
182	 10	 10	 0	 471.608721	 -1	 0.000000	 9.706015
183	 10	 10	 0	 456.278682	 -1	 0.000000	 7.886963
184	 10	 10	 1	 367.179660	 -1	 0.000000	 15.071612
185	 10	 10	 0	 479.173276	 -1	 0.000000	 9.013959
186	 10	 10	 0	 415.867291	 -1	 0.000000	 8.699048
187	 10	 10	 0	 417.550190	 -1	 0.000000	 10.172344
188	 10	 10	 0	 446.204236	 -1	 0.000000	 10.300582
189	 10	 10	 1	 367.807243	 -1	 0.000000	 10.737623
190	 10	 10	 0	 456.986163	 -1	 0.000000	 9.806682
191	 10	 10	 1	 386.499279	 -1	 0.000000	 8.391665
192	 10	 10	 1	 335.390942	 -1	 0.000000	 12.686007
193	 10	 10	 0	 431.657636	 -1	 0.000000	 11.811492
194	 10	 10	 0	 445.135489	 -1	 0.000000	 12.786915
195	 10	 10	 0	 439.059101	 -1	 0.000000	 8.172360
196	 10	 10	 0	 418.691920	 -1	 0.000000	 11.370679
197	 10	 10	 0	 458.538412	 -1	 0.000000	 7.487512
198	 10	 10	 0	 451.245323	 -1	 0.000000	 11.395893
199	 10	 10	 1	 343.454018	 -1	 0.000000	 13.996936
200	 10	 10	 0	 458.882782	 -1	 0.000000	 10.188714
201	 10	 10	 0	 432.413880	 -1	 0.000000	 7.162490
202	 10	 10	 0	 475.848081	 -1	 0.000000	 8.359669
203	 10	 10	 0	 462.763114	 -1	 0.000000	 7.968431
204	 10	 10	 0	 424.346910	 -1	 0.000000	 11.317039
205	 10	 10	 0	 406.994604	 -1	 0.000000	 8.842501
206	 10	 10	 1	 350.020639	 -1	 0.000000	 8.791202
207	 10	 10	 0	 418.612867	 -1	 0.000000	 13.932817
210	 10	 10	 0	 479.641553	 -1	 0.000000	 14.449183
211	 10	 10	 0	 417.024188	 -1	 0.000000	 8.286379
212	 10	 10	 1	 370.304441	 -1	 0.000000	 15.369052
214	 10	 10	 0	 463.325988	 -1	 0.000000	 8.758322
216	 10	 10	 0	 398.016288	 -1	 0.000000	 8.471272
217	 10	 10	 0	 434.215101	 -1	 0.000000	 9.834000
218	 10	 10	 0	 464.384055	 -1	 0.000000	 16.755651
219	 10	 10	 0	 432.769317	 -1	 0.000000	 10.145030
220	 10	 10	 0	 447.921151	 -1	 0.000000	 9.220748
223	 10	 10	 0	 367.476537	 -1	 0.000000	 8.124816
226	 10	 10	 0	 480.100723	 -1	 0.000000	 9.753181
228	 10	 10	 0	 415.925851	 -1	 0.000000	 11.097411
229	 10	 10	 0	 478.055848	 -1	 0.000000	 3.316573
231	 10	 10	 1	 370.922771	 -1	 0.000000	 11.753148
232	 10	 10	 0	 398.698146	 -1	 0.000000	 9.280083
233	 10	 10	 0	 441.534447	 -1	 0.000000	 10.122191
234	 10	 10	 0	 412.171911	 -1	 0.000000	 7.125352
236	 10	 10	 1	 361.675121	 -1	 0.000000	 9.469296
237	 10	 10	 1	 356.818731	 -1	 0.000000	 11.153115
238	 10	 10	 0	 437.510062	 -1	 0.000000	 9.131462
239	 10	 10	 1	 360.147258	 -1	 0.000000	 11.113126
244	 10	 10	 0	 446.530490	 -1	 0.000000	 7.614713
247	 10	 10	 0	 475.591026	 -1	 0.000000	 13.017106
249	 10	 10	 0	 439.823484	 -1	 0.000000	 8.993337
253	 10	 10	 0	 469.495813	 -1	 0.000000	 14.655700
254	 10	 10	 0	 466.246984	 -1	 0.000000	 8.356027
255	 10	 10	 0	 473.263993	 -1	 0.000000	 7.768805
256	 10	 10	 0	 412.726268	 -1	 0.000000	 10.596430
257	 10	 10	 0	 428.340754	 -1	 0.000000	 10.411093
259	 10	 10	 1	 341.624699	 -1	 0.000000	 11.998528
260	 10	 10	 0	 437.355372	 -1	 0.000000	 12.562247
264	 10	 10	 0	 458.652791	 -1	 0.000000	 10.250927
266	 10	 10	 1	 324.119518	 -1	 0.000000	 14.155869
268	 10	 10	 1	 314.312555	 -1	 0.000000	 9.833407
270	 10	 10	 0	 407.976183	 -1	 0.000000	 8.123675
272	 10	 10	 0	 441.865666	 -1	 0.000000	 11.520627
273	 10	 10	 1	 374.705909	 -1	 0.000000	 12.869475
274	 10	 10	 0	 408.218530	 -1	 0.000000	 9.188517
275	 10	 10	 0	 472.611655	 -1	 0.000000	 10.183594
276	 10	 10	 0	 402.044571	 -1	 0.000000	 8.146028
278	 10	 10	 0	 450.552093	 -1	 0.000000	 9.979627
280	 10	 10	 0	 426.004799	 -1	 0.000000	 15.179281
282	 10	 10	 0	 459.236869	 -1	 0.000000	 8.268833
284	 10	 10	 0	 472.369043	 -1	 0.000000	 8.004071
286	 10	 10	 1	 301.147081	 -1	 0.000000	 14.101438
288	 10	 10	 0	 495.607429	 -1	 0.000000	 8.700123
289	 10	 10	 0	 427.493232	 -1	 0.000000	 10.553832
290	 10	 10	 0	 445.359744	 -1	 0.000000	 9.043047
291	 10	 10	 0	 440.476664	 -1	 0.000000	 9.170000
292	 10	 10	 1	 372.828395	 -1	 0.000000	 9.820906
293	 10	 10	 1	 366.301787	 -1	 0.000000	 11.378551
294	 10	 10	 0	 425.522836	 -1	 0.000000	 9.922334
295	 10	 10	 0	 476.824033	 -1	 0.000000	 7.748408
297	 10	 10	 0	 410.473393	 -1	 0.000000	 8.880610
298	 10	 10	 0	 436.727652	 -1	 0.000000	 13.194026
299	 10	 10	 1	 375.671615	 -1	 0.000000	 7.892231
300	 10	 10	 0	 476.087567	 -1	 0.000000	 14.956909
305	 10	 10	 0	 421.985401	 -1	 0.000000	 11.312677
307	 10	 10	 0	 481.070236	 -1	 0.000000	 10.453174
309	 10	 10	 0	 429.707234	 -1	 0.000000	 8.454301
310	 10	 10	 0	 433.751151	 -1	 0.000000	 15.148587
311	 10	 10	 1	 341.447531	 -1	 0.000000	 10.556298
312	 10	 10	 1	 302.536021	 -1	 0.000000	 8.072048
539	 15	 15	 0	 371.051232	 -1	 0.000000	 4.760504
313	 10	 10	 0	 456.595758	 -1	 0.000000	 8.428370
314	 10	 10	 0	 427.727914	 -1	 0.000000	 9.871564
316	 10	 10	 1	 321.076679	 -1	 0.000000	 8.375401
317	 10	 10	 0	 446.074387	 -1	 0.000000	 8.443330
321	 10	 10	 0	 456.733497	 -1	 0.000000	 8.632868
322	 10	 10	 0	 416.144879	 -1	 0.000000	 12.008278
324	 10	 10	 1	 313.211884	 -1	 0.000000	 10.668824
325	 10	 10	 1	 292.873747	 -1	 0.000000	 10.629940
326	 10	 10	 0	 472.224882	 -1	 0.000000	 10.019168
3310	 10	 10	 0	 479.076553	 -1	 0.000000	 6.922369
331	 10	 10	 0	 451.349401	 -1	 0.000000	 12.231659
332	 10	 10	 0	 431.995165	 -1	 0.000000	 12.314179
333	 10	 10	 0	 440.500132	 -1	 0.000000	 8.525050
335	 10	 10	 0	 474.557224	 -1	 0.000000	 9.620391
336	 10	 10	 1	 407.252076	 -1	 0.000000	 10.439230
337	 10	 10	 1	 355.060262	 -1	 0.000000	 16.272402
338	 10	 10	 0	 444.662268	 -1	 0.000000	 10.691957
339	 10	 10	 0	 405.215457	 -1	 0.000000	 7.948388
344	 10	 10	 0	 450.265901	 -1	 0.000000	 12.027645
345	 10	 10	 1	 351.416442	 -1	 0.000000	 8.162674
347	 10	 10	 0	 466.154757	 -1	 0.000000	 10.252818
348	 10	 10	 0	 478.416067	 -1	 0.000000	 8.348089
354	 10	 10	 0	 396.168496	 -1	 0.000000	 10.813821
380	 10	 10	 0	 394.356643	 -1	 0.000000	 12.227743
381	 10	 10	 0	 477.887047	 -1	 0.000000	 15.177204
382	 10	 10	 0	 437.232313	 -1	 0.000000	 7.715621
383	 10	 10	 1	 356.430038	 -1	 0.000000	 10.335273
385	 10	 10	 1	 326.533343	 -1	 0.000000	 14.364886
386	 10	 10	 1	 338.110435	 -1	 0.000000	 11.261434
387	 10	 10	 0	 427.290297	 -1	 0.000000	 9.162076
389	 10	 10	 0	 446.821048	 -1	 0.000000	 9.714958
390	 10	 10	 1	 381.645754	 -1	 0.000000	 7.899946
392	 10	 10	 0	 479.041039	 -1	 0.000000	 8.750872
393	 10	 10	 0	 456.746751	 -1	 0.000000	 8.361740
394	 10	 10	 0	 451.446210	 -1	 0.000000	 9.936927
395	 10	 10	 0	 433.699907	 -1	 0.000000	 12.978248
396	 10	 10	 0	 449.355171	 -1	 0.000000	 10.889330
397	 10	 10	 0	 375.753989	 -1	 0.000000	 10.168299
398	 10	 10	 1	 394.396519	 -1	 0.000000	 11.518057
399	 10	 10	 0	 473.941513	 -1	 0.000000	 13.238433
400	 10	 10	 0	 460.160811	 -1	 0.000000	 10.683895
401	 10	 10	 1	 376.242164	 -1	 0.000000	 8.956191
402	 10	 10	 0	 442.951704	 -1	 0.000000	 8.368210
403	 10	 10	 0	 423.745728	 -1	 0.000000	 8.405258
404	 10	 10	 1	 406.344786	 -1	 0.000000	 16.074190
405	 10	 10	 0	 398.989450	 -1	 0.000000	 7.662634
406	 10	 10	 0	 455.421439	 -1	 0.000000	 11.796078
407	 10	 10	 1	 343.853364	 -1	 0.000000	 13.293085
408	 10	 10	 0	 451.629783	 -1	 0.000000	 8.857795
409	 10	 10	 1	 346.015167	 -1	 0.000000	 11.557063
410	 10	 10	 0	 398.465944	 -1	 0.000000	 12.062609
411	 10	 10	 1	 401.266339	 -1	 0.000000	 11.219045
412	 10	 10	 0	 455.342035	 -1	 0.000000	 10.527368
413	 10	 10	 0	 460.911440	 -1	 0.000000	 7.586054
1886	 13	 13	 0	 388.875291	 -1	 0.000000	 7.259377
414	 10	 10	 0	 413.566168	 -1	 0.000000	 10.848540
415	 10	 10	 0	 447.812330	 -1	 0.000000	 8.686321
416	 10	 10	 1	 361.978573	 -1	 0.000000	 11.760599
417	 10	 10	 1	 386.892965	 -1	 0.000000	 14.679420
418	 10	 10	 0	 434.650515	 -1	 0.000000	 9.529758
419	 10	 10	 1	 350.961382	 -1	 0.000000	 8.743572
420	 10	 10	 0	 453.138492	 -1	 0.000000	 7.296026
421	 10	 10	 1	 382.673308	 -1	 0.000000	 9.969419
422	 10	 10	 0	 385.480921	 -1	 0.000000	 10.759092
423	 10	 10	 0	 439.832701	 -1	 0.000000	 8.607561
424	 10	 10	 1	 367.851888	 -1	 0.000000	 9.695948
425	 10	 10	 0	 437.081959	 -1	 0.000000	 22.755066
426	 10	 10	 0	 435.872692	 -1	 0.000000	 13.371433
427	 10	 10	 0	 447.838630	 -1	 0.000000	 10.684650
750	 15	 15	 0	 391.355793	 -1	 0.000000	 4.071313
428	 10	 10	 1	 385.574636	 -1	 0.000000	 7.557323
429	 10	 10	 1	 361.333476	 -1	 0.000000	 9.500318
430	 10	 10	 0	 440.309533	 -1	 0.000000	 7.468609
431	 10	 10	 0	 446.626944	 -1	 0.000000	 10.384013
432	 10	 10	 0	 455.164826	 -1	 0.000000	 8.369231
440	 10	 10	 0	 427.392232	 -1	 0.000000	 12.182534
441	 10	 10	 0	 402.472072	 -1	 0.000000	 10.957516
442	 10	 10	 0	 457.540495	 -1	 0.000000	 8.244956
443	 10	 10	 0	 474.684613	 -1	 0.000000	 7.671978
444	 10	 10	 1	 338.544596	 -1	 0.000000	 17.095501
445	 10	 10	 0	 432.429866	 -1	 0.000000	 12.318637
446	 10	 10	 0	 449.547272	 -1	 0.000000	 10.131571
447	 10	 10	 0	 432.303787	 -1	 0.000000	 9.294944
453	 10	 10	 0	 434.438785	 -1	 0.000000	 8.839181
454	 10	 10	 0	 394.903073	 -1	 0.000000	 10.501249
455	 10	 10	 0	 445.013555	 -1	 0.000000	 7.199290
459	 10	 10	 0	 374.257989	 -1	 0.000000	 9.362679
460	 10	 10	 0	 480.899349	 -1	 0.000000	 9.988853
461	 10	 10	 0	 460.247638	 -1	 0.000000	 9.424687
462	 10	 10	 0	 439.534695	 -1	 0.000000	 16.482161
463	 10	 10	 0	 471.228210	 -1	 0.000000	 8.284694
465	 10	 10	 0	 434.188027	 -1	 0.000000	 10.684209
466	 10	 10	 0	 389.229288	 -1	 0.000000	 10.572706
467	 10	 10	 0	 469.140106	 -1	 0.000000	 8.107711
