>>> gr_fir_ccf: using E
>>> gr_fir_fff: using E
gr_buffer::allocate_buffer: warning: tried to allocate
   22 items of size 2928. Due to alignment requirements
   256 were allocated.  If this isn't OK, consider padding
   your structure to a power-of-two bytes.
   On this platform, our allocation granularity is 4096 bytes.
40	 13	 13	 1	 0.000003	 -1	 0.000000	 6.374035
41	 13	 13	 1	 1.647499	 -1	 0.000000	 8.491755
42	 13	 13	 1	 0.117018	 -1	 0.000000	 6.821209
43	 13	 13	 1	 0.000004	 -1	 0.000000	 6.480063
45	 13	 13	 1	 0.000003	 -1	 0.000000	 6.360464
46	 13	 13	 1	 0.000005	 -1	 0.000000	 5.941133
47	 13	 13	 1	 0.000005	 -1	 0.000000	 5.662313
48	 13	 13	 1	 0.000001	 -1	 0.000000	 7.854339
49	 13	 13	 1	 0.000001	 -1	 0.000000	 6.982179
51	 13	 13	 1	 0.000004	 -1	 0.000000	 6.747380
52	 13	 13	 1	 0.000002	 -1	 0.000000	 7.656802
53	 13	 13	 1	 0.000001	 -1	 0.000000	 6.062305
54	 13	 13	 1	 0.000005	 -1	 0.000000	 6.261611
55	 13	 13	 1	 0.000004	 -1	 0.000000	 6.317971
56	 13	 13	 1	 0.000004	 -1	 0.000000	 6.167135
57	 13	 13	 1	 0.000002	 -1	 0.000000	 7.633940
58	 13	 13	 1	 32.029219	 -1	 0.000000	 7.129064
59	 13	 13	 1	 0.000004	 -1	 0.000000	 6.007336
60	 13	 13	 1	 0.000004	 -1	 0.000000	 6.276618
61	 13	 13	 1	 0.000004	 -1	 0.000000	 5.944558
62	 13	 13	 1	 0.000004	 -1	 0.000000	 6.061161
63	 13	 13	 1	 0.000004	 -1	 0.000000	 6.118326
64	 13	 13	 1	 0.000004	 -1	 0.000000	 6.402196
65	 13	 13	 1	 0.000004	 -1	 0.000000	 6.727316
66	 13	 13	 1	 0.000004	 -1	 0.000000	 5.897759
67	 13	 13	 1	 0.000004	 -1	 0.000000	 6.302515
68	 13	 13	 1	 0.000593	 -1	 0.000000	 7.503050
69	 13	 13	 1	 0.149046	 -1	 0.000000	 6.450545
70	 13	 13	 1	 0.000001	 -1	 0.000000	 6.277021
71	 13	 13	 1	 0.000003	 -1	 0.000000	 6.362540
72	 13	 13	 1	 0.000004	 -1	 0.000000	 6.298156
73	 13	 13	 1	 0.000004	 -1	 0.000000	 6.540785
74	 13	 13	 1	 0.000001	 -1	 0.000000	 6.220565
75	 13	 13	 1	 0.000004	 -1	 0.000000	 6.390179
76	 13	 13	 1	 0.000003	 -1	 0.000000	 7.001967
77	 13	 13	 1	 0.000003	 -1	 0.000000	 6.430315
78	 13	 13	 1	 0.000004	 -1	 0.000000	 6.925794
79	 13	 13	 1	 0.000003	 -1	 0.000000	 7.861393
80	 13	 13	 1	 0.000004	 -1	 0.000000	 6.673542
81	 13	 13	 1	 0.000001	 -1	 0.000000	 6.867660
82	 13	 13	 1	 0.000005	 -1	 0.000000	 5.984173
83	 13	 13	 1	 0.000004	 -1	 0.000000	 6.421685
84	 13	 13	 1	 0.000005	 -1	 0.000000	 5.680788
85	 13	 13	 1	 0.000005	 -1	 0.000000	 7.102889
86	 13	 13	 1	 0.546693	 -1	 0.000000	 6.058914
87	 13	 13	 1	 0.000004	 -1	 0.000000	 6.253381
88	 13	 13	 1	 0.000001	 -1	 0.000000	 6.830342
89	 13	 13	 1	 0.000003	 -1	 0.000000	 7.014629
90	 13	 13	 1	 0.000005	 -1	 0.000000	 6.853567
91	 13	 13	 1	 0.000003	 -1	 0.000000	 6.278625
92	 13	 13	 1	 0.000004	 -1	 0.000000	 7.463608
93	 13	 13	 1	 0.000003	 -1	 0.000000	 7.011433
94	 13	 13	 1	 0.000004	 -1	 0.000000	 6.213830
95	 13	 13	 1	 0.000003	 -1	 0.000000	 6.514142
96	 13	 13	 1	 0.000001	 -1	 0.000000	 7.958696
97	 13	 13	 1	 1.657623	 -1	 0.000000	 7.002006
98	 13	 13	 1	 0.000398	 -1	 0.000000	 6.847604
99	 13	 13	 1	 0.000004	 -1	 0.000000	 6.858845
100	 13	 13	 1	 0.000003	 -1	 0.000000	 6.688539
101	 13	 13	 1	 0.000003	 -1	 0.000000	 6.565457
102	 13	 13	 1	 0.000005	 -1	 0.000000	 6.113486
103	 13	 13	 1	 0.000003	 -1	 0.000000	 7.105230
104	 13	 13	 1	 0.000001	 -1	 0.000000	 6.707777
105	 13	 13	 1	 0.000004	 -1	 0.000000	 6.450987
106	 13	 13	 1	 0.000003	 -1	 0.000000	 6.854129
108	 13	 13	 1	 0.089603	 -1	 0.000000	 6.421572
109	 13	 13	 1	 0.000005	 -1	 0.000000	 6.226848
110	 13	 13	 1	 0.000004	 -1	 0.000000	 6.291116
111	 13	 13	 1	 0.000003	 -1	 0.000000	 7.423743
112	 13	 13	 1	 40.582747	 -1	 0.000000	 7.239228
113	 13	 13	 1	 0.000004	 -1	 0.000000	 6.432806
114	 13	 13	 1	 0.000005	 -1	 0.000000	 6.539900
115	 13	 13	 1	 0.000003	 -1	 0.000000	 6.316315
116	 13	 13	 1	 0.000001	 -1	 0.000000	 7.189856
117	 13	 13	 1	 0.000001	 -1	 0.000000	 7.448585
118	 13	 13	 1	 0.000003	 -1	 0.000000	 7.535638
119	 13	 13	 1	 0.000004	 -1	 0.000000	 6.989381
120	 13	 13	 1	 0.000003	 -1	 0.000000	 6.154964
121	 13	 13	 1	 0.000004	 -1	 0.000000	 6.276975
122	 13	 13	 1	 0.000004	 -1	 0.000000	 6.210009
123	 13	 13	 1	 0.000001	 -1	 0.000000	 6.154102
124	 13	 13	 1	 0.000006	 -1	 0.000000	 5.899299
125	 13	 13	 1	 0.000003	 -1	 0.000000	 5.780723
126	 13	 13	 1	 0.000004	 -1	 0.000000	 6.075343
127	 13	 13	 1	 0.000001	 -1	 0.000000	 6.255558
128	 13	 13	 1	 0.000003	 -1	 0.000000	 7.058823
4020	 5	 5	 0	 412.444033	 -1	 0.000000	 3.620826
129	 13	 13	 1	 0.000003	 -1	 0.000000	 6.887889
130	 13	 13	 1	 0.000004	 -1	 0.000000	 6.083396
131	 13	 13	 1	 0.000004	 -1	 0.000000	 6.250385
132	 13	 13	 1	 0.000003	 -1	 0.000000	 7.381857
133	 13	 13	 1	 0.000003	 -1	 0.000000	 6.011934
134	 13	 13	 1	 0.000005	 -1	 0.000000	 6.048459
135	 13	 13	 1	 0.000003	 -1	 0.000000	 6.504050
136	 13	 13	 1	 0.000004	 -1	 0.000000	 6.403774
137	 13	 13	 1	 0.000004	 -1	 0.000000	 6.324747
138	 13	 13	 1	 0.000003	 -1	 0.000000	 6.801821
139	 13	 13	 1	 39.779340	 -1	 0.000000	 7.861599
141	 13	 13	 1	 0.000001	 -1	 0.000000	 7.374542
142	 13	 13	 1	 0.000003	 -1	 0.000000	 7.206528
143	 13	 13	 1	 0.000006	 -1	 0.000000	 5.632019
144	 13	 13	 1	 0.000003	 -1	 0.000000	 7.748702
145	 13	 13	 1	 0.000003	 -1	 0.000000	 7.283042
146	 13	 13	 1	 51.754760	 -1	 0.000000	 6.848324
926	 11	 11	 0	 462.747543	 -1	 0.000000	 4.725131
147	 13	 13	 1	 0.000004	 -1	 0.000000	 6.352396
148	 13	 13	 1	 0.000003	 -1	 0.000000	 6.427613
149	 13	 13	 1	 0.000003	 -1	 0.000000	 7.220052
150	 13	 13	 1	 0.000003	 -1	 0.000000	 7.190317
151	 13	 13	 1	 0.000005	 -1	 0.000000	 6.385659
152	 13	 13	 1	 0.000004	 -1	 0.000000	 6.328320
153	 13	 13	 1	 0.000004	 -1	 0.000000	 6.374161
154	 13	 13	 1	 0.000001	 -1	 0.000000	 7.283671
155	 13	 13	 1	 0.000003	 -1	 0.000000	 6.359193
156	 13	 13	 1	 0.000004	 -1	 0.000000	 6.930453
157	 13	 13	 1	 0.000003	 -1	 0.000000	 7.820558
158	 13	 13	 1	 0.192780	 -1	 0.000000	 7.785718
159	 13	 13	 1	 0.000000	 -1	 0.000000	 8.599839
160	 13	 13	 1	 0.000004	 -1	 0.000000	 6.322925
161	 13	 13	 1	 0.000004	 -1	 0.000000	 6.585464
162	 13	 13	 1	 0.000003	 -1	 0.000000	 6.610616
163	 13	 13	 1	 0.000001	 -1	 0.000000	 7.587420
164	 13	 13	 1	 0.000003	 -1	 0.000000	 6.461572
165	 13	 13	 1	 0.000003	 -1	 0.000000	 6.710183
166	 13	 13	 1	 0.000003	 -1	 0.000000	 7.230603
167	 13	 13	 1	 0.000003	 -1	 0.000000	 7.796675
169	 13	 13	 1	 0.000003	 -1	 0.000000	 6.313900
170	 13	 13	 1	 0.000004	 -1	 0.000000	 6.491693
171	 13	 13	 1	 0.000004	 -1	 0.000000	 6.352324
172	 13	 13	 1	 0.000005	 -1	 0.000000	 5.830834
173	 13	 13	 1	 0.014326	 -1	 0.000000	 5.886885
174	 13	 13	 1	 0.000003	 -1	 0.000000	 6.504395
175	 13	 13	 1	 0.000004	 -1	 0.000000	 6.675470
176	 13	 13	 1	 0.000001	 -1	 0.000000	 7.092284
177	 13	 13	 1	 0.000001	 -1	 0.000000	 6.853049
178	 13	 13	 1	 0.000003	 -1	 0.000000	 7.654401
179	 13	 13	 1	 0.000001	 -1	 0.000000	 7.225344
215	 13	 13	 0	 168.675974	 -1	 0.000000	 9.860300
216	 13	 13	 1	 0.000004	 -1	 0.000000	 6.265576
14	 13	 13	 0	 484.220519	 -1	 0.000000	 6.547328
15	 13	 13	 1	 24.725563	 -1	 0.000000	 6.543740
16	 13	 13	 1	 0.000003	 -1	 0.000000	 5.887836
17	 13	 13	 1	 0.000004	 -1	 0.000000	 6.804936
18	 13	 13	 1	 0.322919	 -1	 0.000000	 7.668611
441	 11	 11	 1	 78.551039	 -1	 0.000000	 2.484113
19	 13	 13	 0	 467.959378	 -1	 0.000000	 6.621476
20	 13	 13	 1	 0.000005	 -1	 0.000000	 5.850727
2099	 9	 9	 1	 287.561918	 -1	 0.000000	 3.074710
21	 13	 13	 0	 462.703240	 -1	 0.000000	 6.735704
22	 13	 13	 1	 0.000005	 -1	 0.000000	 5.968993
23	 13	 13	 1	 0.000003	 -1	 0.000000	 7.839032
24	 13	 13	 1	 30.724853	 -1	 0.000000	 6.116886
25	 13	 13	 1	 0.000004	 -1	 0.000000	 7.670074
26	 13	 13	 1	 0.000003	 -1	 0.000000	 7.208384
>>> gr_fir_ccf: using E
>>> gr_fir_fff: using E
terminate called after throwing an instance of 'std::invalid_argument'
  what():  gr_ofdm_demod: Incorrect subcarriers allocated
>>> gr_fir_ccf: using E
>>> gr_fir_fff: using E
gr_buffer::allocate_buffer: warning: tried to allocate
   22 items of size 2928. Due to alignment requirements
   256 were allocated.  If this isn't OK, consider padding
   your structure to a power-of-two bytes.
   On this platform, our allocation granularity is 4096 bytes.
40	 15	 15	 1	 0.000023	 -1	 0.000000	 5.899163
41	 15	 15	 1	 0.000019	 -1	 0.000000	 5.802399
42	 15	 15	 1	 0.000025	 -1	 0.000000	 7.011157
43	 15	 15	 1	 0.000017	 -1	 0.000000	 7.157686
44	 15	 15	 1	 0.000034	 -1	 0.000000	 6.013732
45	 15	 15	 1	 0.000034	 -1	 0.000000	 6.312797
46	 15	 15	 1	 0.000028	 -1	 0.000000	 6.878360
3887	 13	 13	 0	 344.256469	 -1	 0.000000	 7.735043
47	 15	 15	 0	 167.397964	 -1	 0.000000	 7.006326
48	 15	 15	 1	 0.000005	 -1	 0.000000	 8.649960
49	 15	 15	 1	 26.419493	 -1	 0.000000	 6.487066
50	 15	 15	 1	 0.000046	 -1	 0.000000	 5.985146
51	 15	 15	 1	 5.075786	 -1	 0.000000	 6.508328
52	 15	 15	 1	 0.000036	 -1	 0.000000	 6.063921
53	 15	 15	 1	 56.716908	 -1	 0.000000	 7.578326
54	 15	 15	 1	 0.000007	 -1	 0.000000	 6.597218
55	 15	 15	 0	 5.003030	 -1	 0.000000	 6.136381
56	 15	 15	 1	 0.000018	 -1	 0.000000	 6.998963
57	 15	 15	 1	 0.000037	 -1	 0.000000	 5.754232
58	 15	 15	 1	 0.000016	 -1	 0.000000	 6.384150
59	 15	 15	 1	 0.000006	 -1	 0.000000	 7.218087
60	 15	 15	 1	 0.000017	 -1	 0.000000	 6.405651
61	 15	 15	 1	 0.000029	 -1	 0.000000	 6.230115
62	 15	 15	 0	 123.455798	 -1	 0.000000	 7.131193
2324	 15	 15	 0	 364.693923	 -1	 0.000000	 6.669055
63	 15	 15	 1	 0.000016	 -1	 0.000000	 6.390022
64	 15	 15	 1	 0.000033	 -1	 0.000000	 6.549420
65	 15	 15	 1	 0.000018	 -1	 0.000000	 7.198390
66	 15	 15	 1	 0.000024	 -1	 0.000000	 5.839293
67	 15	 15	 1	 0.000015	 -1	 0.000000	 8.076386
68	 15	 15	 1	 0.000012	 -1	 0.000000	 6.741338
69	 15	 15	 1	 0.000008	 -1	 0.000000	 6.930214
70	 15	 15	 0	 168.492232	 -1	 0.000000	 7.338180
71	 15	 15	 1	 0.000008	 -1	 0.000000	 6.804017
73	 15	 15	 1	 0.000023	 -1	 0.000000	 6.269270
74	 15	 15	 1	 0.000020	 -1	 0.000000	 6.834459
75	 15	 15	 1	 0.000006	 -1	 0.000000	 7.053057
76	 15	 15	 1	 0.000009	 -1	 0.000000	 6.573287
77	 15	 15	 1	 0.000018	 -1	 0.000000	 6.167245
78	 15	 15	 1	 0.000005	 -1	 0.000000	 7.205676
79	 15	 15	 1	 48.556834	 -1	 0.000000	 6.504468
80	 15	 15	 1	 0.000022	 -1	 0.000000	 6.357478
81	 15	 15	 1	 0.000006	 -1	 0.000000	 7.846106
82	 15	 15	 1	 0.000024	 -1	 0.000000	 5.739076
83	 15	 15	 1	 0.000008	 -1	 0.000000	 6.429911
>>> gr_fir_ccf: using E
>>> gr_fir_fff: using E
gr_buffer::allocate_buffer: warning: tried to allocate
   22 items of size 2928. Due to alignment requirements
   256 were allocated.  If this isn't OK, consider padding
   your structure to a power-of-two bytes.
   On this platform, our allocation granularity is 4096 bytes.
40	 15	 15	 1	 0.000018	 -1	 0.000000	 6.485592
41	 15	 15	 1	 0.000006	 -1	 0.000000	 8.609046
42	 15	 15	 1	 0.000022	 -1	 0.000000	 5.995957
43	 15	 15	 1	 0.000024	 -1	 0.000000	 6.528427
44	 15	 15	 1	 0.000005	 -1	 0.000000	 8.648107
45	 15	 15	 1	 0.000017	 -1	 0.000000	 6.434331
46	 15	 15	 1	 0.000022	 -1	 0.000000	 6.188107
47	 15	 15	 1	 0.000025	 -1	 0.000000	 6.865727
1072	 5	 5	 0	 417.595250	 -1	 0.000000	 9.670134
48	 15	 15	 1	 0.000019	 -1	 0.000000	 6.442891
49	 15	 15	 1	 0.000006	 -1	 0.000000	 7.206679
50	 15	 15	 1	 0.000006	 -1	 0.000000	 7.868012
52	 15	 15	 0	 127.059149	 -1	 0.000000	 7.623749
53	 15	 15	 1	 0.000008	 -1	 0.000000	 6.786145
54	 15	 15	 1	 0.000007	 -1	 0.000000	 6.312782
55	 15	 15	 1	 44.619736	 -1	 0.000000	 6.322063
56	 15	 15	 1	 0.000036	 -1	 0.000000	 5.927535
57	 15	 15	 1	 0.000024	 -1	 0.000000	 6.276727
58	 15	 15	 1	 0.000022	 -1	 0.000000	 6.475773
59	 15	 15	 1	 0.000006	 -1	 0.000000	 6.371596
60	 15	 15	 1	 0.000009	 -1	 0.000000	 6.468867
61	 15	 15	 1	 0.000023	 -1	 0.000000	 6.275051
62	 15	 15	 1	 0.000028	 -1	 0.000000	 6.239038
63	 15	 15	 1	 0.000022	 -1	 0.000000	 5.980496
64	 15	 15	 1	 0.000020	 -1	 0.000000	 8.066487
65	 15	 15	 1	 0.000008	 -1	 0.000000	 6.492496
66	 15	 15	 1	 0.000023	 -1	 0.000000	 6.215562
67	 15	 15	 1	 0.000027	 -1	 0.000000	 5.284044
68	 15	 15	 1	 0.000006	 -1	 0.000000	 7.099819
69	 15	 15	 0	 147.305449	 -1	 0.000000	 6.944539
70	 15	 15	 1	 0.000031	 -1	 0.000000	 6.503799
71	 15	 15	 1	 0.000041	 -1	 0.000000	 6.821842
72	 15	 15	 1	 0.000030	 -1	 0.000000	 7.062803
73	 15	 15	 1	 0.000021	 -1	 0.000000	 7.127540
74	 15	 15	 1	 0.000025	 -1	 0.000000	 5.763435
75	 15	 15	 1	 0.000016	 -1	 0.000000	 7.291936
76	 15	 15	 1	 0.000006	 -1	 0.000000	 6.997589
77	 15	 15	 1	 0.000006	 -1	 0.000000	 8.549697
78	 15	 15	 1	 0.000017	 -1	 0.000000	 6.374084
79	 15	 15	 1	 0.000027	 -1	 0.000000	 7.242276
80	 15	 15	 1	 0.000025	 -1	 0.000000	 6.117745
81	 15	 15	 1	 0.000014	 -1	 0.000000	 5.965196
82	 15	 15	 1	 0.000026	 -1	 0.000000	 7.444563
1187	 5	 5	 0	 404.874497	 -1	 0.000000	 3.395396
83	 15	 15	 1	 0.000019	 -1	 0.000000	 6.160796
84	 15	 15	 1	 0.000019	 -1	 0.000000	 7.092906
85	 15	 15	 1	 0.000009	 -1	 0.000000	 5.735030
86	 15	 15	 1	 0.000008	 -1	 0.000000	 6.444713
87	 15	 15	 1	 0.000022	 -1	 0.000000	 6.379337
88	 15	 15	 1	 0.434441	 -1	 0.000000	 8.016139
89	 15	 15	 1	 0.000021	 -1	 0.000000	 7.541040
90	 15	 15	 1	 0.000008	 -1	 0.000000	 6.233326
91	 15	 15	 1	 0.000019	 -1	 0.000000	 7.132247
92	 15	 15	 1	 0.000020	 -1	 0.000000	 6.894412
93	 15	 15	 1	 0.000016	 -1	 0.000000	 6.185942
94	 15	 15	 1	 0.000025	 -1	 0.000000	 6.313723
95	 15	 15	 1	 0.000005	 -1	 0.000000	 7.487828
96	 15	 15	 1	 0.000008	 -1	 0.000000	 6.454134
97	 15	 15	 1	 0.000006	 -1	 0.000000	 7.690582
98	 15	 15	 1	 0.000005	 -1	 0.000000	 7.488123
99	 15	 15	 1	 0.000006	 -1	 0.000000	 7.039792
100	 15	 15	 1	 0.000018	 -1	 0.000000	 6.540926
101	 15	 15	 1	 0.000033	 -1	 0.000000	 6.914800
102	 15	 15	 1	 0.000022	 -1	 0.000000	 5.954971
103	 15	 15	 1	 0.000028	 -1	 0.000000	 5.966771
104	 15	 15	 1	 0.000017	 -1	 0.000000	 6.270898
1327	 7	 7	 0	 431.741833	 -1	 0.000000	 8.418249
105	 15	 15	 1	 9.112939	 -1	 0.000000	 7.813029
106	 15	 15	 1	 0.000023	 -1	 0.000000	 6.809288
107	 15	 15	 1	 0.000020	 -1	 0.000000	 6.239716
108	 15	 15	 1	 0.380311	 -1	 0.000000	 8.563970
109	 15	 15	 1	 0.000009	 -1	 0.000000	 6.118641
110	 15	 15	 1	 0.000026	 -1	 0.000000	 6.596055
111	 15	 15	 1	 0.000006	 -1	 0.000000	 7.076804
112	 15	 15	 1	 0.000017	 -1	 0.000000	 6.876473
113	 15	 15	 1	 0.000007	 -1	 0.000000	 7.275996
114	 15	 15	 1	 0.000018	 -1	 0.000000	 6.956048
115	 15	 15	 1	 0.000021	 -1	 0.000000	 8.005202
116	 15	 15	 1	 0.000018	 -1	 0.000000	 7.506562
117	 15	 15	 1	 0.000006	 -1	 0.000000	 6.592826
118	 15	 15	 1	 0.000007	 -1	 0.000000	 7.083408
119	 15	 15	 1	 0.000031	 -1	 0.000000	 5.843020
120	 15	 15	 1	 0.004478	 -1	 0.000000	 7.891783
121	 15	 15	 1	 0.000005	 -1	 0.000000	 7.044931
122	 15	 15	 1	 0.000017	 -1	 0.000000	 6.695641
123	 15	 15	 1	 0.000006	 -1	 0.000000	 7.679520
124	 15	 15	 1	 0.000027	 -1	 0.000000	 6.468404
125	 15	 15	 0	 130.047214	 -1	 0.000000	 6.472121
126	 15	 15	 1	 0.000014	 -1	 0.000000	 6.298127
127	 15	 15	 1	 0.000008	 -1	 0.000000	 6.609202
128	 15	 15	 1	 0.000028	 -1	 0.000000	 6.951473
129	 15	 15	 1	 123.304842	 -1	 0.000000	 6.653097
130	 15	 15	 1	 0.000007	 -1	 0.000000	 6.627968
131	 15	 15	 1	 0.000014	 -1	 0.000000	 5.954049
132	 15	 15	 1	 0.000021	 -1	 0.000000	 6.689263
133	 15	 15	 1	 0.000021	 -1	 0.000000	 6.110556
134	 15	 15	 1	 0.000019	 -1	 0.000000	 6.942035
135	 15	 15	 1	 0.000035	 -1	 0.000000	 7.324205
136	 15	 15	 1	 0.000021	 -1	 0.000000	 7.518697
138	 15	 15	 1	 0.000014	 -1	 0.000000	 6.766893
139	 15	 15	 1	 0.002084	 -1	 0.000000	 7.698230
140	 15	 15	 1	 0.000015	 -1	 0.000000	 6.401001
141	 15	 15	 1	 0.000018	 -1	 0.000000	 6.327513
142	 15	 15	 1	 0.000007	 -1	 0.000000	 7.179738
143	 15	 15	 1	 0.000017	 -1	 0.000000	 6.137145
144	 15	 15	 1	 0.002742	 -1	 0.000000	 6.678097
145	 15	 15	 1	 0.000016	 -1	 0.000000	 6.383479
146	 15	 15	 1	 0.000015	 -1	 0.000000	 6.707946
147	 15	 15	 1	 107.951729	 -1	 0.000000	 6.605217
148	 15	 15	 1	 0.000020	 -1	 0.000000	 6.825941
149	 15	 15	 1	 0.000032	 -1	 0.000000	 5.626984
150	 15	 15	 1	 0.000005	 -1	 0.000000	 6.501382
151	 15	 15	 1	 2.390821	 -1	 0.000000	 7.321212
152	 15	 15	 1	 0.000039	 -1	 0.000000	 6.665324
153	 15	 15	 1	 0.000009	 -1	 0.000000	 5.879349
154	 15	 15	 1	 3.199348	 -1	 0.000000	 7.054311
155	 15	 15	 1	 0.000016	 -1	 0.000000	 5.984127
156	 15	 15	 1	 0.000027	 -1	 0.000000	 6.735700
157	 15	 15	 1	 0.000019	 -1	 0.000000	 6.799325
158	 15	 15	 1	 0.000026	 -1	 0.000000	 6.124051
159	 15	 15	 1	 0.000023	 -1	 0.000000	 6.131685
160	 15	 15	 1	 0.000014	 -1	 0.000000	 5.986279
161	 15	 15	 1	 0.002326	 -1	 0.000000	 7.758430
162	 15	 15	 1	 0.000006	 -1	 0.000000	 6.860206
163	 15	 15	 1	 0.000026	 -1	 0.000000	 6.760884
164	 15	 15	 0	 289.605174	 -1	 0.000000	 7.608993
165	 15	 15	 1	 0.000016	 -1	 0.000000	 6.434987
166	 15	 15	 1	 0.000032	 -1	 0.000000	 6.374146
167	 15	 15	 1	 0.000022	 -1	 0.000000	 6.284966
168	 15	 15	 1	 0.000009	 -1	 0.000000	 6.130143
169	 15	 15	 1	 0.000028	 -1	 0.000000	 6.423165
170	 15	 15	 1	 0.000021	 -1	 0.000000	 6.418143
171	 15	 15	 1	 0.001903	 -1	 0.000000	 9.021011
172	 15	 15	 1	 0.000022	 -1	 0.000000	 6.542451
173	 15	 15	 1	 0.000021	 -1	 0.000000	 7.116716
174	 15	 15	 1	 43.885943	 -1	 0.000000	 7.058983
175	 15	 15	 1	 0.000032	 -1	 0.000000	 6.639118
176	 15	 15	 1	 0.000006	 -1	 0.000000	 7.789134
178	 15	 15	 1	 0.000020	 -1	 0.000000	 6.502066
179	 15	 15	 1	 0.002569	 -1	 0.000000	 7.377482
180	 15	 15	 1	 0.000008	 -1	 0.000000	 6.628192
181	 15	 15	 1	 0.000017	 -1	 0.000000	 6.844207

40	 5	 5	 1	 0.007919	 -1	 0.000000	 6.668110
41	 5	 5	 1	 0.005438	 -1	 0.000000	 5.834661
42	 5	 5	 1	 0.001454	 -1	 0.000000	 6.371496
43	 5	 5	 1	 0.004384	 -1	 0.000000	 7.719180
44	 5	 5	 1	 0.000729	 -1	 0.000000	 7.681957
45	 5	 5	 1	 0.001206	 -1	 0.000000	 6.995046
47	 5	 5	 1	 0.001665	 -1	 0.000000	 6.669363
48	 5	 5	 1	 44.558569	 -1	 0.000000	 7.115090
49	 5	 5	 1	 0.006425	 -1	 0.000000	 6.373042
50	 5	 5	 1	 0.001247	 -1	 0.000000	 6.634554
51	 5	 5	 1	 0.001795	 -1	 0.000000	 6.367681
52	 5	 5	 1	 0.006844	 -1	 0.000000	 7.191817
53	 5	 5	 1	 0.004328	 -1	 0.000000	 6.347352
54	 5	 5	 1	 14.350228	 -1	 0.000000	 7.941985
55	 5	 5	 1	 0.028659	 -1	 0.000000	 9.230827
56	 5	 5	 1	 0.010973	 -1	 0.000000	 5.854741
57	 5	 5	 1	 0.026190	 -1	 0.000000	 6.811394
58	 5	 5	 1	 0.005234	 -1	 0.000000	 6.181571
59	 5	 5	 1	 0.010760	 -1	 0.000000	 6.413463
60	 5	 5	 1	 0.007718	 -1	 0.000000	 6.371629
61	 5	 5	 1	 18.054869	 -1	 0.000000	 6.560910
62	 5	 5	 1	 0.008977	 -1	 0.000000	 6.833008
63	 5	 5	 1	 0.005813	 -1	 0.000000	 6.715138
64	 5	 5	 1	 0.006812	 -1	 0.000000	 7.334317
65	 5	 5	 1	 28.168070	 -1	 0.000000	 6.695275
66	 5	 5	 1	 0.012900	 -1	 0.000000	 6.041957
67	 5	 5	 1	 0.000854	 -1	 0.000000	 7.063213
68	 5	 5	 1	 0.007943	 -1	 0.000000	 5.839071
69	 5	 5	 1	 55.260413	 -1	 0.000000	 6.642634
70	 5	 5	 1	 8.128460	 -1	 0.000000	 6.717019
71	 5	 5	 1	 0.006160	 -1	 0.000000	 6.023208
72	 5	 5	 1	 0.007024	 -1	 0.000000	 6.922733
73	 5	 5	 1	 0.000891	 -1	 0.000000	 7.372781
74	 5	 5	 1	 0.006027	 -1	 0.000000	 7.224076
75	 5	 5	 1	 16.124220	 -1	 0.000000	 7.069061
76	 5	 5	 1	 0.009858	 -1	 0.000000	 6.423073
77	 5	 5	 1	 0.001036	 -1	 0.000000	 6.884770
78	 5	 5	 1	 0.001208	 -1	 0.000000	 7.360751
79	 5	 5	 1	 0.001044	 -1	 0.000000	 6.826674
80	 5	 5	 1	 0.006111	 -1	 0.000000	 6.305140
81	 5	 5	 1	 0.002559	 -1	 0.000000	 7.017866
82	 5	 5	 1	 3.578334	 -1	 0.000000	 8.734339
1831	 11	 11	 0	 457.766998	 -1	 0.000000	 5.205625
83	 5	 5	 1	 0.001213	 -1	 0.000000	 6.915753
84	 5	 5	 1	 0.540827	 -1	 0.000000	 6.827256
85	 5	 5	 1	 0.008427	 -1	 0.000000	 7.303275
86	 5	 5	 1	 0.001056	 -1	 0.000000	 7.205840
87	 5	 5	 1	 0.004360	 -1	 0.000000	 7.079691
88	 5	 5	 1	 0.001199	 -1	 0.000000	 6.782845
89	 5	 5	 1	 0.000985	 -1	 0.000000	 7.023519
90	 5	 5	 1	 0.006630	 -1	 0.000000	 6.776107
91	 5	 5	 1	 0.003560	 -1	 0.000000	 6.279715
92	 5	 5	 1	 0.007785	 -1	 0.000000	 6.905402
93	 5	 5	 1	 0.008028	 -1	 0.000000	 7.458317
94	 5	 5	 1	 0.005418	 -1	 0.000000	 6.143760
95	 5	 5	 1	 0.003775	 -1	 0.000000	 6.573501
96	 5	 5	 1	 0.001002	 -1	 0.000000	 7.242005
97	 5	 5	 1	 0.000952	 -1	 0.000000	 7.430659
98	 5	 5	 1	 0.000965	 -1	 0.000000	 7.117004
99	 5	 5	 1	 2.116435	 -1	 0.000000	 7.022598
100	 5	 5	 1	 0.006239	 -1	 0.000000	 6.758769
101	 5	 5	 1	 0.004164	 -1	 0.000000	 6.770935
102	 5	 5	 1	 0.003701	 -1	 0.000000	 7.167671
3201	 15	 15	 0	 403.627190	 -1	 0.000000	 4.487082
103	 5	 5	 1	 2.167712	 -1	 0.000000	 8.110173
104	 5	 5	 1	 0.000913	 -1	 0.000000	 8.236429
105	 5	 5	 1	 0.002035	 -1	 0.000000	 5.889246
106	 5	 5	 1	 0.005409	 -1	 0.000000	 6.667837
14	 7	 7	 0	 424.465676	 -1	 0.000000	 9.609313
107	 5	 5	 1	 0.001036	 -1	 0.000000	 7.003787
108	 5	 5	 1	 0.005027	 -1	 0.000000	 6.405285
109	 5	 5	 1	 0.008958	 -1	 0.000000	 6.888224
110	 5	 5	 1	 0.006660	 -1	 0.000000	 6.785848
111	 5	 5	 1	 0.000733	 -1	 0.000000	 7.834603
112	 5	 5	 1	 0.001837	 -1	 0.000000	 6.330299
113	 5	 5	 1	 25.191775	 -1	 0.000000	 6.569178
114	 5	 5	 1	 60.092713	 -1	 0.000000	 8.056848
115	 5	 5	 1	 0.008987	 -1	 0.000000	 7.006675
116	 5	 5	 1	 0.002009	 -1	 0.000000	 5.919314
117	 5	 5	 1	 0.004308	 -1	 0.000000	 6.504150
118	 5	 5	 1	 0.011114	 -1	 0.000000	 5.523823
119	 5	 5	 0	 93.872564	 -1	 0.000000	 8.188699
120	 5	 5	 1	 0.009209	 -1	 0.000000	 6.162859
121	 5	 5	 1	 0.001910	 -1	 0.000000	 5.966369
122	 5	 5	 1	 0.006582	 -1	 0.000000	 6.356406
123	 5	 5	 1	 0.001118	 -1	 0.000000	 7.085402
124	 5	 5	 1	 0.003518	 -1	 0.000000	 7.409481
125	 5	 5	 1	 3.218394	 -1	 0.000000	 7.362800
126	 5	 5	 1	 0.001489	 -1	 0.000000	 6.177977
127	 5	 5	 1	 0.003769	 -1	 0.000000	 7.693198
128	 5	 5	 1	 0.001098	 -1	 0.000000	 7.492683
129	 5	 5	 1	 0.004215	 -1	 0.000000	 6.231878
130	 5	 5	 1	 0.001079	 -1	 0.000000	 6.963953
131	 5	 5	 1	 42.579351	 -1	 0.000000	 6.892099
132	 5	 5	 1	 0.005724	 -1	 0.000000	 6.627501
133	 5	 5	 1	 0.002762	 -1	 0.000000	 5.993178
134	 5	 5	 1	 0.005235	 -1	 0.000000	 6.106882
135	 5	 5	 1	 0.004552	 -1	 0.000000	 6.815062
136	 5	 5	 1	 40.651516	 -1	 0.000000	 7.185118
137	 5	 5	 1	 0.003711	 -1	 0.000000	 6.252679
138	 5	 5	 1	 0.005540	 -1	 0.000000	 6.663427
139	 5	 5	 1	 0.002482	 -1	 0.000000	 7.120642
140	 5	 5	 1	 0.001231	 -1	 0.000000	 6.706021
141	 5	 5	 1	 0.001134	 -1	 0.000000	 6.545674
142	 5	 5	 1	 0.024612	 -1	 0.000000	 9.459916
143	 5	 5	 1	 0.327716	 -1	 0.000000	 10.141136
144	 5	 5	 1	 0.003322	 -1	 0.000000	 7.325792
145	 5	 5	 1	 0.003996	 -1	 0.000000	 7.192749
146	 5	 5	 1	 0.001020	 -1	 0.000000	 6.495165
147	 5	 5	 1	 0.010235	 -1	 0.000000	 6.401580
148	 5	 5	 1	 0.004204	 -1	 0.000000	 6.355670
149	 5	 5	 1	 0.006748	 -1	 0.000000	 6.716977
150	 5	 5	 1	 0.000967	 -1	 0.000000	 6.978705
151	 5	 5	 1	 0.009245	 -1	 0.000000	 6.109936
152	 5	 5	 1	 0.001232	 -1	 0.000000	 6.794398
153	 5	 5	 1	 27.298418	 -1	 0.000000	 6.830168
154	 5	 5	 1	 0.007283	 -1	 0.000000	 7.200585
155	 5	 5	 1	 0.001085	 -1	 0.000000	 7.207721
156	 5	 5	 1	 0.001229	 -1	 0.000000	 6.243043
157	 5	 5	 1	 0.012451	 -1	 0.000000	 6.028881
158	 5	 5	 1	 0.005921	 -1	 0.000000	 6.001118
159	 5	 5	 1	 0.001847	 -1	 0.000000	 5.892004

40	 7	 7	 1	 0.030567	 -1	 0.000000	 6.655843
41	 7	 7	 1	 0.049757	 -1	 0.000000	 6.899579
42	 7	 7	 1	 0.003970	 -1	 0.000000	 7.080004
43	 7	 7	 1	 0.042982	 -1	 0.000000	 7.319056
44	 7	 7	 1	 139.577999	 -1	 0.000000	 8.029994
45	 7	 7	 1	 0.036347	 -1	 0.000000	 7.807838
46	 7	 7	 1	 0.026920	 -1	 0.000000	 6.276692
47	 7	 7	 1	 0.047344	 -1	 0.000000	 6.078586
48	 7	 7	 1	 0.054707	 -1	 0.000000	 7.100183
49	 7	 7	 1	 0.040821	 -1	 0.000000	 6.893256
50	 7	 7	 1	 0.040087	 -1	 0.000000	 6.846454
51	 7	 7	 1	 125.557545	 -1	 0.000000	 7.376771
52	 7	 7	 1	 0.004947	 -1	 0.000000	 6.625197
53	 7	 7	 1	 0.020731	 -1	 0.000000	 6.867146
54	 7	 7	 1	 0.030415	 -1	 0.000000	 7.021144
55	 7	 7	 1	 2.478011	 -1	 0.000000	 8.669642
56	 7	 7	 1	 0.075261	 -1	 0.000000	 6.000508
57	 7	 7	 1	 0.047614	 -1	 0.000000	 6.323031
58	 7	 7	 1	 0.048512	 -1	 0.000000	 6.858846
59	 7	 7	 1	 0.014944	 -1	 0.000000	 7.077066
60	 7	 7	 1	 0.029683	 -1	 0.000000	 6.714190
61	 7	 7	 1	 158.097977	 -1	 0.000000	 6.867403
62	 7	 7	 1	 12.164220	 -1	 0.000000	 7.421116
63	 7	 7	 1	 0.043917	 -1	 0.000000	 6.622765
64	 7	 7	 1	 71.686097	 -1	 0.000000	 8.508424
65	 7	 7	 1	 0.028857	 -1	 0.000000	 6.802830
66	 7	 7	 1	 0.060504	 -1	 0.000000	 6.154274
67	 7	 7	 1	 0.003686	 -1	 0.000000	 6.585856
68	 7	 7	 1	 0.005009	 -1	 0.000000	 6.936299
69	 7	 7	 1	 0.005851	 -1	 0.000000	 6.428119
70	 7	 7	 1	 0.043151	 -1	 0.000000	 6.725778
71	 7	 7	 1	 1.331911	 -1	 0.000000	 7.703526
72	 7	 7	 1	 0.051362	 -1	 0.000000	 6.787865
73	 7	 7	 1	 0.004502	 -1	 0.000000	 6.416133
74	 7	 7	 1	 0.003296	 -1	 0.000000	 7.097280
75	 7	 7	 1	 42.496031	 -1	 0.000000	 6.667598
76	 7	 7	 1	 108.330713	 -1	 0.000000	 6.652667
77	 7	 7	 1	 0.119995	 -1	 0.000000	 5.741609
78	 7	 7	 1	 0.006707	 -1	 0.000000	 6.198123
79	 7	 7	 1	 0.047668	 -1	 0.000000	 6.525268
80	 7	 7	 1	 0.106137	 -1	 0.000000	 5.567427
81	 7	 7	 1	 0.059588	 -1	 0.000000	 5.708148
82	 7	 7	 1	 0.005673	 -1	 0.000000	 6.560707
83	 7	 7	 1	 0.004106	 -1	 0.000000	 6.741371
84	 7	 7	 1	 0.003997	 -1	 0.000000	 7.059695
85	 7	 7	 1	 0.004678	 -1	 0.000000	 6.922640
86	 7	 7	 1	 38.444740	 -1	 0.000000	 6.860996
87	 7	 7	 1	 0.003316	 -1	 0.000000	 7.871375
88	 7	 7	 1	 0.069681	 -1	 0.000000	 7.030281
89	 7	 7	 1	 0.031519	 -1	 0.000000	 6.589720
90	 7	 7	 1	 0.053553	 -1	 0.000000	 7.044460
91	 7	 7	 1	 0.003783	 -1	 0.000000	 6.567118
92	 7	 7	 1	 0.006362	 -1	 0.000000	 6.329297
93	 7	 7	 1	 0.003137	 -1	 0.000000	 7.144909
94	 7	 7	 1	 0.004428	 -1	 0.000000	 7.147513
95	 7	 7	 1	 0.030293	 -1	 0.000000	 7.864909
96	 7	 7	 1	 3.724205	 -1	 0.000000	 7.526268
97	 7	 7	 1	 0.060045	 -1	 0.000000	 6.107096
98	 7	 7	 1	 0.034089	 -1	 0.000000	 6.013518
99	 7	 7	 1	 0.062486	 -1	 0.000000	 6.099709
100	 7	 7	 1	 0.003335	 -1	 0.000000	 7.040458
101	 7	 7	 1	 0.004686	 -1	 0.000000	 7.179055
102	 7	 7	 1	 0.322114	 -1	 0.000000	 7.376295
103	 7	 7	 1	 0.080025	 -1	 0.000000	 7.093889
104	 7	 7	 1	 0.045203	 -1	 0.000000	 6.404949
105	 7	 7	 1	 0.060119	 -1	 0.000000	 6.774928
106	 7	 7	 1	 0.003735	 -1	 0.000000	 7.819314
108	 7	 7	 1	 0.006051	 -1	 0.000000	 6.199706
110	 7	 7	 1	 0.002676	 -1	 0.000000	 7.916142
111	 7	 7	 1	 0.095722	 -1	 0.000000	 5.955768
112	 7	 7	 1	 0.003260	 -1	 0.000000	 7.556729
113	 7	 7	 1	 0.010886	 -1	 0.000000	 5.517240
114	 7	 7	 1	 0.004411	 -1	 0.000000	 6.792301
115	 7	 7	 1	 0.003490	 -1	 0.000000	 7.001425
116	 7	 7	 1	 0.003756	 -1	 0.000000	 6.973598
117	 7	 7	 1	 0.039504	 -1	 0.000000	 5.929415
118	 7	 7	 1	 0.069974	 -1	 0.000000	 7.059227
119	 7	 7	 1	 0.032111	 -1	 0.000000	 6.750979
120	 7	 7	 1	 159.611027	 -1	 0.000000	 6.871047
121	 7	 7	 1	 0.063504	 -1	 0.000000	 5.949039
122	 7	 7	 1	 0.022655	 -1	 0.000000	 7.754200
123	 7	 7	 1	 0.006996	 -1	 0.000000	 6.077732
124	 7	 7	 1	 0.065274	 -1	 0.000000	 6.332283
125	 7	 7	 1	 0.037958	 -1	 0.000000	 6.833786
126	 7	 7	 1	 0.046811	 -1	 0.000000	 7.177292
127	 7	 7	 1	 42.721779	 -1	 0.000000	 7.044615
128	 7	 7	 1	 0.148757	 -1	 0.000000	 6.511892
129	 7	 7	 1	 0.003197	 -1	 0.000000	 7.068546
130	 7	 7	 1	 0.005190	 -1	 0.000000	 7.047073
131	 7	 7	 1	 0.003050	 -1	 0.000000	 7.590603
132	 7	 7	 1	 0.067944	 -1	 0.000000	 6.364478
133	 7	 7	 1	 0.003307	 -1	 0.000000	 7.208584
134	 7	 7	 1	 0.056764	 -1	 0.000000	 6.126942
135	 7	 7	 1	 0.004917	 -1	 0.000000	 6.804545
136	 7	 7	 1	 0.043532	 -1	 0.000000	 6.657232
137	 7	 7	 1	 38.348465	 -1	 0.000000	 7.655713
138	 7	 7	 1	 0.003786	 -1	 0.000000	 7.080535
139	 7	 7	 1	 0.060997	 -1	 0.000000	 6.356936
140	 7	 7	 1	 0.004202	 -1	 0.000000	 7.375568
141	 7	 7	 1	 0.031400	 -1	 0.000000	 7.142535
142	 7	 7	 1	 0.029793	 -1	 0.000000	 6.922391
1286	 10	 10	 0	 479.734355	 -1	 0.000000	 3.921108
143	 7	 7	 1	 1.846165	 -1	 0.000000	 6.724808
144	 7	 7	 1	 0.002389	 -1	 0.000000	 8.580039
145	 7	 7	 1	 0.007284	 -1	 0.000000	 6.297816
146	 7	 7	 1	 0.052172	 -1	 0.000000	 6.683077
147	 7	 7	 1	 0.035038	 -1	 0.000000	 6.929423
148	 7	 7	 1	 0.036074	 -1	 0.000000	 7.460406
149	 7	 7	 1	 0.003316	 -1	 0.000000	 7.440588
150	 7	 7	 1	 0.095067	 -1	 0.000000	 6.866095
151	 7	 7	 1	 0.034223	 -1	 0.000000	 7.066598
152	 7	 7	 1	 0.003836	 -1	 0.000000	 7.012369
153	 7	 7	 1	 0.003955	 -1	 0.000000	 7.215406
154	 7	 7	 0	 172.829592	 -1	 0.000000	 6.864927
155	 7	 7	 1	 0.006322	 -1	 0.000000	 6.252285
156	 7	 7	 1	 0.032889	 -1	 0.000000	 7.532893
157	 7	 7	 1	 0.005017	 -1	 0.000000	 6.849427
158	 7	 7	 1	 0.081703	 -1	 0.000000	 5.925143
159	 7	 7	 1	 0.039338	 -1	 0.000000	 7.338128
160	 7	 7	 1	 0.005366	 -1	 0.000000	 6.499403
161	 7	 7	 1	 0.005872	 -1	 0.000000	 6.132840
162	 7	 7	 1	 0.046752	 -1	 0.000000	 7.040999
163	 7	 7	 1	 0.033211	 -1	 0.000000	 6.504271
164	 7	 7	 1	 0.059949	 -1	 0.000000	 6.310449
165	 7	 7	 1	 35.283954	 -1	 0.000000	 7.369088
166	 7	 7	 1	 0.004578	 -1	 0.000000	 6.598871
167	 7	 7	 1	 0.004175	 -1	 0.000000	 6.709271
168	 7	 7	 1	 0.002833	 -1	 0.000000	 7.148180
169	 7	 7	 1	 0.087282	 -1	 0.000000	 6.480437
170	 7	 7	 1	 143.451829	 -1	 0.000000	 6.932304
171	 7	 7	 1	 4.706628	 -1	 0.000000	 6.352654
172	 7	 7	 1	 0.003471	 -1	 0.000000	 7.159393
173	 7	 7	 1	 0.058298	 -1	 0.000000	 6.548318
174	 7	 7	 1	 0.082989	 -1	 0.000000	 6.340766
175	 7	 7	 1	 0.003465	 -1	 0.000000	 6.837585
176	 7	 7	 1	 0.047687	 -1	 0.000000	 6.892756
177	 7	 7	 1	 0.042998	 -1	 0.000000	 5.943627
178	 7	 7	 1	 0.003282	 -1	 0.000000	 7.543745
179	 7	 7	 1	 0.007229	 -1	 0.000000	 6.207603
180	 7	 7	 1	 0.024309	 -1	 0.000000	 6.735852
181	 7	 7	 1	 0.004039	 -1	 0.000000	 7.094431
182	 7	 7	 1	 0.004351	 -1	 0.000000	 6.720717
183	 7	 7	 1	 0.004938	 -1	 0.000000	 6.458601
184	 7	 7	 1	 19.199356	 -1	 0.000000	 6.941455
185	 7	 7	 1	 0.191050	 -1	 0.000000	 7.448555
186	 7	 7	 1	 0.095109	 -1	 0.000000	 6.060963
187	 7	 7	 1	 0.004615	 -1	 0.000000	 6.540539
188	 7	 7	 1	 0.050226	 -1	 0.000000	 6.466257
189	 7	 7	 1	 0.003451	 -1	 0.000000	 6.971236
190	 7	 7	 1	 0.004724	 -1	 0.000000	 7.035056
191	 7	 7	 1	 4.479413	 -1	 0.000000	 7.527599
192	 7	 7	 1	 0.004499	 -1	 0.000000	 6.820420
193	 7	 7	 1	 0.053583	 -1	 0.000000	 6.805647
194	 7	 7	 1	 0.077087	 -1	 0.000000	 6.850865
195	 7	 7	 1	 0.041228	 -1	 0.000000	 6.497696
196	 7	 7	 1	 0.044166	 -1	 0.000000	 6.749453
197	 7	 7	 1	 0.051207	 -1	 0.000000	 6.703125
198	 7	 7	 1	 0.087911	 -1	 0.000000	 5.767516
199	 7	 7	 1	 0.075737	 -1	 0.000000	 6.147069
200	 7	 7	 1	 0.031346	 -1	 0.000000	 7.168719
1784	 15	 15	 0	 390.043182	 -1	 0.000000	 4.560475
201	 7	 7	 1	 0.002521	 -1	 0.000000	 8.033172
202	 7	 7	 1	 0.023971	 -1	 0.000000	 7.474738
203	 7	 7	 1	 130.152885	 -1	 0.000000	 6.465288
204	 7	 7	 1	 0.003343	 -1	 0.000000	 6.966628
205	 7	 7	 1	 0.003366	 -1	 0.000000	 7.418098
206	 7	 7	 1	 0.088628	 -1	 0.000000	 6.045616
207	 7	 7	 1	 0.036647	 -1	 0.000000	 9.912711
208	 7	 7	 1	 0.057734	 -1	 0.000000	 7.229745
209	 7	 7	 1	 29.224654	 -1	 0.000000	 6.593282
210	 7	 7	 1	 0.006139	 -1	 0.000000	 6.486286
211	 7	 7	 1	 0.014114	 -1	 0.000000	 6.752358
212	 7	 7	 1	 0.003895	 -1	 0.000000	 6.868452
213	 7	 7	 1	 0.005261	 -1	 0.000000	 5.895336
214	 7	 7	 1	 0.039723	 -1	 0.000000	 6.940107
215	 7	 7	 1	 11.813450	 -1	 0.000000	 7.720282
216	 7	 7	 1	 0.043623	 -1	 0.000000	 6.525370
217	 7	 7	 1	 0.050539	 -1	 0.000000	 6.673923
218	 7	 7	 1	 0.003364	 -1	 0.000000	 7.685010
219	 7	 7	 1	 0.402872	 -1	 0.000000	 7.743460
220	 7	 7	 0	 439.722267	 -1	 0.000000	 8.010262
221	 7	 7	 1	 0.050640	 -1	 0.000000	 6.249513
224	 7	 7	 1	 8.483958	 -1	 0.000000	 8.869924
225	 7	 7	 1	 0.003319	 -1	 0.000000	 7.143178
226	 7	 7	 1	 0.003486	 -1	 0.000000	 7.406857
227	 7	 7	 1	 0.045183	 -1	 0.000000	 6.997071
228	 7	 7	 1	 8.782595	 -1	 0.000000	 5.966688
226	 10	 10	 0	 476.612877	 -1	 0.000000	 2.632091
229	 7	 7	 1	 0.088801	 -1	 0.000000	 6.538061
230	 7	 7	 1	 0.028245	 -1	 0.000000	 6.680735
231	 7	 7	 1	 0.049696	 -1	 0.000000	 6.021315
232	 7	 7	 1	 0.073706	 -1	 0.000000	 6.593752
233	 7	 7	 1	 0.047469	 -1	 0.000000	 6.643576
234	 7	 7	 0	 144.553386	 -1	 0.000000	 6.468597
235	 7	 7	 1	 0.051033	 -1	 0.000000	 6.280256
236	 7	 7	 1	 0.004564	 -1	 0.000000	 6.513160
237	 7	 7	 1	 2.175185	 -1	 0.000000	 7.838505
238	 7	 7	 1	 0.041124	 -1	 0.000000	 6.905089
239	 7	 7	 0	 419.677482	 -1	 0.000000	 6.485816
241	 7	 7	 1	 0.006755	 -1	 0.000000	 6.168160
242	 7	 7	 1	 0.004863	 -1	 0.000000	 6.381538
245	 7	 7	 1	 0.043233	 -1	 0.000000	 6.859626
246	 7	 7	 1	 0.005465	 -1	 0.000000	 6.558484
247	 7	 7	 1	 0.043977	 -1	 0.000000	 6.475993
991	 10	 10	 0	 478.684770	 -1	 0.000000	 4.231152
249	 7	 7	 1	 75.175059	 -1	 0.000000	 6.051964
251	 7	 7	 1	 0.060655	 -1	 0.000000	 6.128699
252	 7	 7	 1	 0.048745	 -1	 0.000000	 7.270781
253	 7	 7	 1	 0.004362	 -1	 0.000000	 6.726480
254	 7	 7	 1	 87.563982	 -1	 0.000000	 5.546607
255	 7	 7	 1	 96.699824	 -1	 0.000000	 9.509374
256	 7	 7	 1	 0.017670	 -1	 0.000000	 5.952396
257	 7	 7	 1	 0.033306	 -1	 0.000000	 6.628407
259	 7	 7	 1	 1.194606	 -1	 0.000000	 11.397848
261	 7	 7	 1	 89.927163	 -1	 0.000000	 6.057901
262	 7	 7	 1	 0.071469	 -1	 0.000000	 6.514380
263	 7	 7	 0	 336.825092	 -1	 0.000000	 6.058212
264	 7	 7	 1	 0.007427	 -1	 0.000000	 6.380499
268	 7	 7	 1	 0.092640	 -1	 0.000000	 6.198009
269	 7	 7	 0	 158.966685	 -1	 0.000000	 7.225652
270	 7	 7	 1	 0.103591	 -1	 0.000000	 6.875557
272	 7	 7	 1	 93.932937	 -1	 0.000000	 5.701767
273	 7	 7	 1	 0.002661	 -1	 0.000000	 7.180266
274	 7	 7	 1	 0.003513	 -1	 0.000000	 7.887293
275	 7	 7	 1	 1.391430	 -1	 0.000000	 6.467889
276	 7	 7	 0	 337.922050	 -1	 0.000000	 7.627829
277	 7	 7	 1	 0.012822	 -1	 0.000000	 4.965095
278	 7	 7	 1	 0.003476	 -1	 0.000000	 7.003014
279	 7	 7	 1	 0.002588	 -1	 0.000000	 7.939304
280	 7	 7	 1	 0.003091	 -1	 0.000000	 7.223218
282	 7	 7	 1	 0.046106	 -1	 0.000000	 6.654609
285	 7	 7	 1	 107.945611	 -1	 0.000000	 6.761835
286	 7	 7	 1	 0.006797	 -1	 0.000000	 6.238795
293	 7	 7	 0	 9.417694	 -1	 0.000000	 6.629887
294	 7	 7	 1	 0.007484	 -1	 0.000000	 6.209072
295	 7	 7	 1	 0.075970	 -1	 0.000000	 6.105146
296	 7	 7	 1	 77.960649	 -1	 0.000000	 7.265480
297	 7	 7	 1	 21.660103	 -1	 0.000000	 6.195348
298	 7	 7	 1	 0.048926	 -1	 0.000000	 5.696396
299	 7	 7	 1	 92.471056	 -1	 0.000000	 9.257593
300	 7	 7	 0	 495.503289	 -1	 0.000000	 6.034012
304	 7	 7	 0	 460.156951	 -1	 0.000000	 6.321280
306	 7	 7	 1	 0.002419	 -1	 0.000000	 8.492715
307	 7	 7	 1	 7.431913	 -1	 0.000000	 9.024419
308	 7	 7	 1	 0.088330	 -1	 0.000000	 7.210733
309	 7	 7	 1	 14.019950	 -1	 0.000000	 7.394800
311	 7	 7	 1	 0.062375	 -1	 0.000000	 6.377687
312	 7	 7	 1	 47.464848	 -1	 0.000000	 7.117528
313	 7	 7	 1	 0.037281	 -1	 0.000000	 6.515372
316	 7	 7	 1	 13.085062	 -1	 0.000000	 6.792346
317	 7	 7	 1	 0.044143	 -1	 0.000000	 6.229933
318	 7	 7	 1	 0.030542	 -1	 0.000000	 6.799123
321	 7	 7	 0	 416.893656	 -1	 0.000000	 6.191426
323	 7	 7	 0	 143.476475	 -1	 0.000000	 7.353632
324	 7	 7	 1	 0.005278	 -1	 0.000000	 6.767885
325	 7	 7	 1	 0.026534	 -1	 0.000000	 7.253225
328	 7	 7	 1	 0.023339	 -1	 0.000000	 7.351654
329	 7	 7	 1	 0.051888	 -1	 0.000000	 6.428525
330	 7	 7	 1	 27.525033	 -1	 0.000000	 6.296633
332	 7	 7	 1	 0.003709	 -1	 0.000000	 7.063906
334	 7	 7	 1	 0.042847	 -1	 0.000000	 6.631488
335	 7	 7	 1	 0.053624	 -1	 0.000000	 5.846033
336	 7	 7	 1	 87.741248	 -1	 0.000000	 6.460737
337	 7	 7	 1	 108.003925	 -1	 0.000000	 6.257762
338	 7	 7	 1	 0.004836	 -1	 0.000000	 6.366931
339	 7	 7	 1	 0.004602	 -1	 0.000000	 6.981517
342	 7	 7	 1	 0.036628	 -1	 0.000000	 6.570897
343	 7	 7	 1	 13.205514	 -1	 0.000000	 7.729052
344	 7	 7	 1	 47.685549	 -1	 0.000000	 6.272186
347	 7	 7	 1	 0.003578	 -1	 0.000000	 7.086070
348	 7	 7	 1	 0.047301	 -1	 0.000000	 7.370070
349	 7	 7	 1	 90.190719	 -1	 0.000000	 7.621150
350	 7	 7	 0	 217.461576	 -1	 0.000000	 9.024418
351	 7	 7	 1	 0.052865	 -1	 0.000000	 6.534389
352	 7	 7	 1	 0.045812	 -1	 0.000000	 7.546956
353	 7	 7	 1	 0.090930	 -1	 0.000000	 6.529763
354	 7	 7	 1	 0.003959	 -1	 0.000000	 6.379866
380	 7	 7	 1	 0.104099	 -1	 0.000000	 5.880021
381	 7	 7	 1	 0.015410	 -1	 0.000000	 6.110878
382	 7	 7	 1	 0.059901	 -1	 0.000000	 6.442272
383	 7	 7	 1	 0.041792	 -1	 0.000000	 7.394800
384	 7	 7	 1	 0.034599	 -1	 0.000000	 6.487958
391	 7	 7	 1	 0.005676	 -1	 0.000000	 6.613081
392	 7	 7	 1	 0.025207	 -1	 0.000000	 7.313065
393	 7	 7	 1	 0.002846	 -1	 0.000000	 7.786138
394	 7	 7	 1	 130.319663	 -1	 0.000000	 7.566988
395	 7	 7	 1	 0.024892	 -1	 0.000000	 8.056581
396	 7	 7	 1	 0.069071	 -1	 0.000000	 5.906310
397	 7	 7	 1	 0.020080	 -1	 0.000000	 7.092068
398	 7	 7	 1	 0.002840	 -1	 0.000000	 7.670808
399	 7	 7	 1	 0.053468	 -1	 0.000000	 6.556695
400	 7	 7	 1	 0.069935	 -1	 0.000000	 6.532608
401	 7	 7	 1	 0.043023	 -1	 0.000000	 6.877655
402	 7	 7	 1	 0.005060	 -1	 0.000000	 6.664244
403	 7	 7	 1	 0.070838	 -1	 0.000000	 6.120640
404	 7	 7	 1	 0.025167	 -1	 0.000000	 6.791764
405	 7	 7	 1	 0.051697	 -1	 0.000000	 5.957381
406	 7	 7	 1	 0.006527	 -1	 0.000000	 6.311001
407	 7	 7	 1	 0.036767	 -1	 0.000000	 6.144217
408	 7	 7	 0	 160.777287	 -1	 0.000000	 6.874612
409	 7	 7	 0	 183.008741	 -1	 0.000000	 8.042463
410	 7	 7	 1	 0.072236	 -1	 0.000000	 6.801590
411	 7	 7	 1	 0.004545	 -1	 0.000000	 6.829631
412	 7	 7	 1	 0.004120	 -1	 0.000000	 6.646392
413	 7	 7	 1	 0.032673	 -1	 0.000000	 6.884115
414	 7	 7	 1	 0.041860	 -1	 0.000000	 7.122012
415	 7	 7	 1	 2.047179	 -1	 0.000000	 7.942929
416	 7	 7	 1	 0.003914	 -1	 0.000000	 6.940971
417	 7	 7	 1	 0.067053	 -1	 0.000000	 6.823827
418	 7	 7	 1	 1.057485	 -1	 0.000000	 7.499536
419	 7	 7	 1	 0.051930	 -1	 0.000000	 6.873577
420	 7	 7	 1	 0.098129	 -1	 0.000000	 6.399207
421	 7	 7	 1	 0.030583	 -1	 0.000000	 6.479703
422	 7	 7	 1	 67.594109	 -1	 0.000000	 7.016017
423	 7	 7	 1	 0.066339	 -1	 0.000000	 6.423372
424	 7	 7	 1	 0.009157	 -1	 0.000000	 5.854162
425	 7	 7	 1	 0.086293	 -1	 0.000000	 6.076599
426	 7	 7	 1	 0.035128	 -1	 0.000000	 7.750726
427	 7	 7	 1	 0.003851	 -1	 0.000000	 6.836595
428	 7	 7	 0	 245.272052	 -1	 0.000000	 7.448621
429	 7	 7	 1	 0.002716	 -1	 0.000000	 7.846215
430	 7	 7	 1	 0.029782	 -1	 0.000000	 6.697475
431	 7	 7	 1	 0.002709	 -1	 0.000000	 8.230840
432	 7	 7	 1	 0.034229	 -1	 0.000000	 6.796027
440	 7	 7	 1	 0.021743	 -1	 0.000000	 7.086729
441	 7	 7	 1	 0.003994	 -1	 0.000000	 6.920611
442	 7	 7	 1	 80.467125	 -1	 0.000000	 6.628445
443	 7	 7	 1	 0.051490	 -1	 0.000000	 7.168978
3180	 13	 13	 0	 373.292461	 -1	 0.000000	 4.672409
444	 7	 7	 1	 0.004172	 -1	 0.000000	 6.871665
445	 7	 7	 1	 0.028387	 -1	 0.000000	 6.136364
446	 7	 7	 1	 0.090426	 -1	 0.000000	 5.866522
447	 7	 7	 1	 0.003630	 -1	 0.000000	 7.312547
448	 7	 7	 1	 0.003542	 -1	 0.000000	 7.663085
449	 7	 7	 1	 0.054718	 -1	 0.000000	 6.693759
450	 7	 7	 1	 0.002800	 -1	 0.000000	 8.126367
457	 7	 7	 1	 0.048039	 -1	 0.000000	 6.517663
458	 7	 7	 1	 0.006002	 -1	 0.000000	 6.241221
459	 7	 7	 1	 0.033570	 -1	 0.000000	 7.247188
460	 7	 7	 1	 0.042132	 -1	 0.000000	 6.767424
461	 7	 7	 1	 0.006069	 -1	 0.000000	 6.282400
462	 7	 7	 1	 0.003947	 -1	 0.000000	 7.165818
463	 7	 7	 1	 0.056256	 -1	 0.000000	 6.243198
464	 7	 7	 1	 0.039216	 -1	 0.000000	 6.814650
465	 7	 7	 1	 0.003518	 -1	 0.000000	 7.151679
466	 7	 7	 1	 0.032700	 -1	 0.000000	 7.803030
467	 7	 7	 1	 0.023588	 -1	 0.000000	 7.242778
468	 7	 7	 1	 0.060467	 -1	 0.000000	 6.306271
469	 7	 7	 1	 0.050502	 -1	 0.000000	 7.101848
470	 7	 7	 1	 0.031165	 -1	 0.000000	 6.885309
471	 7	 7	 1	 0.005959	 -1	 0.000000	 6.459593
472	 7	 7	 1	 0.004947	 -1	 0.000000	 6.475710
473	 7	 7	 1	 0.077186	 -1	 0.000000	 5.914392
474	 7	 7	 1	 3.349880	 -1	 0.000000	 8.640629
475	 7	 7	 1	 169.380792	 -1	 0.000000	 6.658553
476	 7	 7	 1	 0.033013	 -1	 0.000000	 7.337656
477	 7	 7	 1	 0.040393	 -1	 0.000000	 7.518990
478	 7	 7	 1	 0.074776	 -1	 0.000000	 6.460515
479	 7	 7	 0	 167.567932	 -1	 0.000000	 6.260293
480	 7	 7	 1	 0.006025	 -1	 0.000000	 6.048758
481	 7	 7	 1	 0.024406	 -1	 0.000000	 6.439327
3509	 10	 10	 0	 480.031914	 -1	 0.000000	 4.615198
482	 7	 7	 1	 0.066318	 -1	 0.000000	 5.851781
483	 7	 7	 1	 0.005452	 -1	 0.000000	 6.511431
484	 7	 7	 1	 0.003287	 -1	 0.000000	 7.031580
485	 7	 7	 1	 0.063643	 -1	 0.000000	 6.298769
486	 7	 7	 1	 0.018095	 -1	 0.000000	 7.655788
494	 7	 7	 1	 0.043842	 -1	 0.000000	 6.397006
495	 7	 7	 1	 0.048398	 -1	 0.000000	 6.566712
496	 7	 7	 0	 144.709222	 -1	 0.000000	 7.374237
497	 7	 7	 1	 0.040422	 -1	 0.000000	 6.833020
498	 7	 7	 1	 0.061133	 -1	 0.000000	 6.522943
499	 7	 7	 1	 0.003412	 -1	 0.000000	 7.688732
492	 7	 7	 1	 72.562333	 -1	 0.000000	 8.861228
0	 7	 7	 1	 0.106995	 -1	 0.000000	 6.467833
1	 7	 7	 1	 0.044200	 -1	 0.000000	 6.481974
2	 7	 7	 1	 0.096797	 -1	 0.000000	 6.154749
3	 7	 7	 0	 190.849807	 -1	 0.000000	 6.978852
>>> gr_fir_ccf: using E
>>> gr_fir_fff: using E
terminate called after throwing an instance of 'std::invalid_argument'
  what():  gr_ofdm_demod: Incorrect subcarriers allocated
>>> gr_fir_ccf: using E
>>> gr_fir_fff: using E
gr_buffer::allocate_buffer: warning: tried to allocate
   22 items of size 2928. Due to alignment requirements
   256 were allocated.  If this isn't OK, consider padding
   your structure to a power-of-two bytes.
   On this platform, our allocation granularity is 4096 bytes.
58	 9	 9	 1	 3.417357	 -1	 0.000000	 7.967914
59	 9	 9	 1	 5.926945	 -1	 0.000000	 6.537502
60	 9	 9	 1	 4.027382	 -1	 0.000000	 7.258781
61	 9	 9	 1	 96.238885	 -1	 0.000000	 6.269133
62	 9	 9	 1	 91.439601	 -1	 0.000000	 6.306947
63	 9	 9	 1	 6.530094	 -1	 0.000000	 6.208631
65	 9	 9	 1	 100.260505	 -1	 0.000000	 6.164490
66	 9	 9	 1	 7.092747	 -1	 0.000000	 6.349753
67	 9	 9	 1	 106.682840	 -1	 0.000000	 6.044120
68	 9	 9	 1	 4.891206	 -1	 0.000000	 6.486522
69	 9	 9	 1	 111.658976	 -1	 0.000000	 5.872004
70	 9	 9	 1	 4.076834	 -1	 0.000000	 7.928376
71	 9	 9	 1	 93.232817	 -1	 0.000000	 6.292340
72	 9	 9	 1	 4.099926	 -1	 0.000000	 7.422875
73	 9	 9	 1	 6.056500	 -1	 0.000000	 6.166295
74	 9	 9	 1	 103.017556	 -1	 0.000000	 7.136819
75	 9	 9	 1	 5.170620	 -1	 0.000000	 6.871048
76	 9	 9	 1	 107.198607	 -1	 0.000000	 6.298531
77	 9	 9	 1	 116.930204	 -1	 0.000000	 7.129080
78	 9	 9	 1	 102.977462	 -1	 0.000000	 6.434072
79	 9	 9	 1	 6.192327	 -1	 0.000000	 6.591686
80	 9	 9	 1	 5.803089	 -1	 0.000000	 6.617978
81	 9	 9	 1	 97.492293	 -1	 0.000000	 6.287668
82	 9	 9	 1	 3.671495	 -1	 0.000000	 7.746862
83	 9	 9	 1	 5.042910	 -1	 0.000000	 7.009930
84	 9	 9	 1	 95.604956	 -1	 0.000000	 6.307055
85	 9	 9	 1	 5.013186	 -1	 0.000000	 6.814420
86	 9	 9	 1	 4.974229	 -1	 0.000000	 7.501872
>>> gr_fir_ccf: using E
>>> gr_fir_fff: using E
gr_buffer::allocate_buffer: warning: tried to allocate
   22 items of size 2928. Due to alignment requirements
   256 were allocated.  If this isn't OK, consider padding
   your structure to a power-of-two bytes.
   On this platform, our allocation granularity is 4096 bytes.
50	 9	 9	 1	 88.648309	 -1	 0.000000	 7.401059
51	 9	 9	 1	 5.615565	 -1	 0.000000	 6.540438
52	 9	 9	 1	 95.231036	 -1	 0.000000	 6.472806
53	 9	 9	 1	 3.849900	 -1	 0.000000	 7.247395
54	 9	 9	 1	 103.845384	 -1	 0.000000	 6.465179
55	 9	 9	 1	 4.843392	 -1	 0.000000	 6.659662
56	 9	 9	 1	 109.986090	 -1	 0.000000	 7.747149
57	 9	 9	 1	 88.422890	 -1	 0.000000	 6.510762
58	 9	 9	 1	 4.267170	 -1	 0.000000	 6.891467
59	 9	 9	 1	 100.355313	 -1	 0.000000	 6.044866
60	 9	 9	 1	 89.503732	 -1	 0.000000	 6.200865
61	 9	 9	 1	 97.675443	 -1	 0.000000	 6.857939
62	 9	 9	 1	 84.446987	 -1	 0.000000	 6.910498
63	 9	 9	 1	 107.577040	 -1	 0.000000	 5.924646
64	 9	 9	 1	 18.342930	 -1	 0.000000	 5.311235
65	 9	 9	 1	 3.744526	 -1	 0.000000	 7.781666
67	 9	 9	 1	 84.554755	 -1	 0.000000	 6.747837
69	 9	 9	 1	 110.925320	 -1	 0.000000	 6.535134
70	 9	 9	 1	 117.587481	 -1	 0.000000	 5.407232
71	 9	 9	 1	 85.418378	 -1	 0.000000	 6.597929
72	 9	 9	 1	 8.147676	 -1	 0.000000	 6.172987
73	 9	 9	 1	 5.178198	 -1	 0.000000	 7.101348
74	 9	 9	 1	 4.239852	 -1	 0.000000	 7.275681
75	 9	 9	 1	 88.780880	 -1	 0.000000	 6.348746
>>> gr_fir_ccf: using E
>>> gr_fir_fff: using E
gr_buffer::allocate_buffer: warning: tried to allocate
   22 items of size 2928. Due to alignment requirements
   256 were allocated.  If this isn't OK, consider padding
   your structure to a power-of-two bytes.
   On this platform, our allocation granularity is 4096 bytes.
57	 11	 11	 1	 90.230555	 -1	 0.000000	 7.605983
58	 11	 11	 1	 105.679193	 -1	 0.000000	 7.039880
59	 11	 11	 1	 10.694901	 -1	 0.000000	 7.319697
60	 11	 11	 1	 11.339876	 -1	 0.000000	 6.536008
1825	 5	 5	 0	 420.272704	 -1	 0.000000	 4.754816
61	 11	 11	 1	 8.614992	 -1	 0.000000	 7.601647
62	 11	 11	 1	 13.348130	 -1	 0.000000	 6.557580
63	 11	 11	 1	 9.271426	 -1	 0.000000	 7.045671
64	 11	 11	 1	 118.881141	 -1	 0.000000	 6.181612
65	 11	 11	 1	 91.514858	 -1	 0.000000	 6.248398
66	 11	 11	 1	 9.441968	 -1	 0.000000	 7.024738
67	 11	 11	 1	 91.143032	 -1	 0.000000	 6.905803
68	 11	 11	 1	 13.474069	 -1	 0.000000	 6.279589
69	 11	 11	 1	 14.461486	 -1	 0.000000	 6.362526
70	 11	 11	 1	 76.666431	 -1	 0.000000	 6.344395
71	 11	 11	 1	 15.375343	 -1	 0.000000	 6.395555
72	 11	 11	 1	 85.387780	 -1	 0.000000	 6.719198
73	 11	 11	 1	 9.503919	 -1	 0.000000	 6.945054
74	 11	 11	 1	 9.203691	 -1	 0.000000	 7.699813
75	 11	 11	 1	 14.347130	 -1	 0.000000	 6.355824
76	 11	 11	 1	 8.450953	 -1	 0.000000	 7.660440
77	 11	 11	 1	 11.236431	 -1	 0.000000	 7.013133
78	 11	 11	 1	 10.479579	 -1	 0.000000	 6.598223
79	 11	 11	 1	 54.191042	 -1	 0.000000	 7.326225
80	 11	 11	 1	 12.627881	 -1	 0.000000	 6.551606
81	 11	 11	 1	 61.337673	 -1	 0.000000	 7.101564
82	 11	 11	 1	 13.657436	 -1	 0.000000	 6.534120
83	 11	 11	 1	 14.438798	 -1	 0.000000	 6.443398
84	 11	 11	 1	 9.215883	 -1	 0.000000	 7.387766
85	 11	 11	 1	 6.070758	 -1	 0.000000	 8.851371
86	 11	 11	 1	 12.182307	 -1	 0.000000	 6.537763
87	 11	 11	 1	 10.697129	 -1	 0.000000	 6.744905
89	 11	 11	 1	 55.155169	 -1	 0.000000	 7.775146
90	 11	 11	 1	 11.189296	 -1	 0.000000	 6.681534
91	 11	 11	 1	 138.062250	 -1	 0.000000	 5.830846
92	 11	 11	 1	 9.327852	 -1	 0.000000	 6.977350
93	 11	 11	 1	 64.174368	 -1	 0.000000	 6.300848
94	 11	 11	 1	 8.843897	 -1	 0.000000	 7.187777
95	 11	 11	 1	 10.780492	 -1	 0.000000	 6.775941
96	 11	 11	 1	 22.628119	 -1	 0.000000	 6.174415
97	 11	 11	 1	 79.759092	 -1	 0.000000	 7.903763
98	 11	 11	 1	 16.951304	 -1	 0.000000	 6.094425
>>> gr_fir_ccf: using E
>>> gr_fir_fff: using E
gr_buffer::allocate_buffer: warning: tried to allocate
   22 items of size 2928. Due to alignment requirements
   256 were allocated.  If this isn't OK, consider padding
   your structure to a power-of-two bytes.
   On this platform, our allocation granularity is 4096 bytes.
1162	 13	 13	 0	 398.304859	 -1	 0.000000	 4.756317
4019	 9	 9	 0	 450.210841	 -1	 0.000000	 6.907641
3600	 10	 10	 0	 475.945405	 -1	 0.000000	 9.992721
487	 9	 9	 0	 451.764586	 -1	 0.000000	 1.328902
1881	 13	 13	 0	 347.188676	 -1	 0.000000	 5.915461
275	 13	 13	 0	 376.344643	 -1	 0.000000	 10.148834
3854	 7	 7	 0	 439.660797	 -1	 0.000000	 3.124048
2827	 15	 15	 0	 378.326325	 -1	 0.000000	 9.600263
622	 13	 13	 0	 365.902621	 -1	 0.000000	 2.348355
489	 9	 9	 0	 450.522696	 -1	 0.000000	 3.315363
0	 10	 10	 0	 443.887065	 -1	 0.000000	 6.692044
1	 10	 10	 0	 466.650851	 -1	 0.000000	 6.020314
2	 10	 10	 1	 318.184694	 -1	 0.000000	 6.729784
3	 10	 10	 0	 443.494316	 -1	 0.000000	 6.127346
4	 10	 10	 0	 383.156828	 -1	 0.000000	 5.984799
5	 10	 10	 0	 449.863447	 -1	 0.000000	 6.412868
6	 10	 10	 0	 449.314359	 -1	 0.000000	 5.978024
7	 10	 10	 0	 448.116315	 -1	 0.000000	 6.739597
8	 10	 10	 0	 438.986874	 -1	 0.000000	 6.218945
9	 10	 10	 1	 262.277768	 -1	 0.000000	 7.334746
10	 10	 10	 0	 437.793666	 -1	 0.000000	 6.331725
11	 10	 10	 0	 391.452400	 -1	 0.000000	 5.791716
12	 10	 10	 0	 432.180069	 -1	 0.000000	 6.316917
13	 10	 10	 1	 350.091033	 -1	 0.000000	 6.530857
14	 10	 10	 1	 367.450267	 -1	 0.000000	 6.111010
15	 10	 10	 0	 444.918564	 -1	 0.000000	 6.344820
16	 10	 10	 1	 305.339053	 -1	 0.000000	 6.680892
17	 10	 10	 0	 461.250368	 -1	 0.000000	 5.925049
18	 10	 10	 0	 448.568737	 -1	 0.000000	 6.219876
20	 10	 10	 1	 242.254120	 -1	 0.000000	 7.502265
21	 10	 10	 1	 376.153317	 -1	 0.000000	 6.291165
22	 10	 10	 0	 451.138168	 -1	 0.000000	 6.524995
23	 10	 10	 0	 420.693857	 -1	 0.000000	 7.423662
29	 10	 10	 0	 446.548758	 -1	 0.000000	 6.275532
30	 10	 10	 1	 330.611995	 -1	 0.000000	 6.896646
31	 10	 10	 1	 172.657594	 -1	 0.000000	 8.235606
32	 10	 10	 0	 395.236734	 -1	 0.000000	 8.137310
33	 10	 10	 1	 230.143991	 -1	 0.000000	 6.808938
34	 10	 10	 0	 452.828105	 -1	 0.000000	 6.671121
35	 10	 10	 1	 248.769322	 -1	 0.000000	 7.517374
36	 10	 10	 1	 271.089955	 -1	 0.000000	 6.739049
37	 10	 10	 1	 367.120198	 -1	 0.000000	 6.230879
38	 10	 10	 0	 412.403274	 -1	 0.000000	 7.072623
39	 10	 10	 0	 431.138004	 -1	 0.000000	 6.723288
49	 10	 10	 1	 349.115161	 -1	 0.000000	 5.994081
50	 10	 10	 1	 246.547254	 -1	 0.000000	 7.014049
51	 10	 10	 1	 379.817183	 -1	 0.000000	 6.258949
52	 10	 10	 1	 358.348669	 -1	 0.000000	 6.155215
53	 10	 10	 1	 247.389176	 -1	 0.000000	 7.219388
54	 10	 10	 1	 246.797209	 -1	 0.000000	 7.417017
55	 10	 10	 1	 257.567437	 -1	 0.000000	 7.650026
56	 10	 10	 0	 465.002488	 -1	 0.000000	 5.561563
>>> gr_fir_ccf: using E
>>> gr_fir_fff: using E
gr_buffer::allocate_buffer: warning: tried to allocate
   22 items of size 2928. Due to alignment requirements
   256 were allocated.  If this isn't OK, consider padding
   your structure to a power-of-two bytes.
   On this platform, our allocation granularity is 4096 bytes.
60	 10	 10	 1	 241.599858	 -1	 0.000000	 7.402857
61	 10	 10	 1	 291.425346	 -1	 0.000000	 6.613583
62	 10	 10	 0	 448.128269	 -1	 0.000000	 6.401001
63	 10	 10	 1	 258.801865	 -1	 0.000000	 7.132904
64	 10	 10	 0	 306.593171	 -1	 0.000000	 6.750370
65	 10	 10	 0	 442.422571	 -1	 0.000000	 6.448731
66	 10	 10	 0	 441.689976	 -1	 0.000000	 7.053424
67	 10	 10	 1	 281.913803	 -1	 0.000000	 7.059459
68	 10	 10	 1	 332.131605	 -1	 0.000000	 5.988398
69	 10	 10	 0	 464.763557	 -1	 0.000000	 6.869668
70	 10	 10	 1	 372.600155	 -1	 0.000000	 6.661305
72	 10	 10	 1	 203.405379	 -1	 0.000000	 8.044528
73	 10	 10	 0	 438.024029	 -1	 0.000000	 6.585833
74	 10	 10	 0	 457.892320	 -1	 0.000000	 6.679597
75	 10	 10	 0	 415.936900	 -1	 0.000000	 8.552534
76	 10	 10	 1	 284.727120	 -1	 0.000000	 6.822638
77	 10	 10	 0	 437.674495	 -1	 0.000000	 6.138124
78	 10	 10	 0	 445.036945	 -1	 0.000000	 6.795649
79	 10	 10	 1	 194.703340	 -1	 0.000000	 7.936363
80	 10	 10	 0	 437.290770	 -1	 0.000000	 7.143193
81	 10	 10	 0	 462.985431	 -1	 0.000000	 6.871140
82	 10	 10	 0	 412.044250	 -1	 0.000000	 7.449698
83	 10	 10	 0	 449.064886	 -1	 0.000000	 6.887810
84	 10	 10	 1	 288.620132	 -1	 0.000000	 6.769428
85	 10	 10	 0	 453.216037	 -1	 0.000000	 7.150256
86	 10	 10	 0	 363.887259	 -1	 0.000000	 7.796337
87	 10	 10	 0	 459.214292	 -1	 0.000000	 6.799910
88	 10	 10	 0	 468.635881	 -1	 0.000000	 6.366495
89	 10	 10	 1	 312.066584	 -1	 0.000000	 6.612161
90	 10	 10	 1	 298.056948	 -1	 0.000000	 7.198659
91	 10	 10	 1	 330.820197	 -1	 0.000000	 6.827118
92	 10	 10	 1	 287.249078	 -1	 0.000000	 6.528693
93	 10	 10	 1	 319.031169	 -1	 0.000000	 6.987625
94	 10	 10	 0	 449.824997	 -1	 0.000000	 5.963797
95	 10	 10	 0	 378.414060	 -1	 0.000000	 6.110026
96	 10	 10	 1	 333.876816	 -1	 0.000000	 6.328942
97	 10	 10	 1	 388.053668	 -1	 0.000000	 6.372860
98	 10	 10	 0	 452.469733	 -1	 0.000000	 6.480633
100	 10	 10	 1	 315.014825	 -1	 0.000000	 6.468694
101	 10	 10	 1	 328.580529	 -1	 0.000000	 6.216340
102	 10	 10	 1	 282.215401	 -1	 0.000000	 6.792117
103	 10	 10	 1	 214.235884	 -1	 0.000000	 8.726525
104	 10	 10	 1	 334.353942	 -1	 0.000000	 6.363297
105	 10	 10	 1	 289.294486	 -1	 0.000000	 6.391724
106	 10	 10	 1	 243.909119	 -1	 0.000000	 7.110433
107	 10	 10	 1	 331.124108	 -1	 0.000000	 6.257493
108	 10	 10	 0	 400.398573	 -1	 0.000000	 6.898216
109	 10	 10	 0	 469.286686	 -1	 0.000000	 5.961710
110	 10	 10	 0	 477.169584	 -1	 0.000000	 6.044171
111	 10	 10	 0	 467.861249	 -1	 0.000000	 5.719799
112	 10	 10	 1	 296.994051	 -1	 0.000000	 6.850538
113	 10	 10	 1	 243.371234	 -1	 0.000000	 6.941546
114	 10	 10	 1	 333.725276	 -1	 0.000000	 6.615839
115	 10	 10	 0	 425.287867	 -1	 0.000000	 7.875286
116	 10	 10	 1	 261.747612	 -1	 0.000000	 7.048092
117	 10	 10	 1	 363.972532	 -1	 0.000000	 6.411544
118	 10	 10	 1	 230.028708	 -1	 0.000000	 7.346452
119	 10	 10	 1	 271.181446	 -1	 0.000000	 7.457310
120	 10	 10	 1	 387.829656	 -1	 0.000000	 6.089463
121	 10	 10	 0	 446.695481	 -1	 0.000000	 6.565265
122	 10	 10	 1	 243.498539	 -1	 0.000000	 7.164090
123	 10	 10	 1	 293.743699	 -1	 0.000000	 6.674540
124	 10	 10	 1	 240.611757	 -1	 0.000000	 7.834068
125	 10	 10	 0	 456.310779	 -1	 0.000000	 5.713842
126	 10	 10	 0	 474.524774	 -1	 0.000000	 6.605302
127	 10	 10	 1	 284.412524	 -1	 0.000000	 6.747832
128	 10	 10	 0	 412.861373	 -1	 0.000000	 7.087936
129	 10	 10	 1	 247.503455	 -1	 0.000000	 7.478332
130	 10	 10	 0	 451.954144	 -1	 0.000000	 7.388753
131	 10	 10	 0	 475.354554	 -1	 0.000000	 6.061140
132	 10	 10	 1	 273.238386	 -1	 0.000000	 7.328019
133	 10	 10	 1	 346.554664	 -1	 0.000000	 6.299878
134	 10	 10	 1	 268.983008	 -1	 0.000000	 7.190556
135	 10	 10	 1	 324.014809	 -1	 0.000000	 6.676589
136	 10	 10	 1	 357.694061	 -1	 0.000000	 6.376499
137	 10	 10	 0	 417.649231	 -1	 0.000000	 7.068470
138	 10	 10	 1	 272.736841	 -1	 0.000000	 7.331795
139	 10	 10	 1	 321.813882	 -1	 0.000000	 6.810144
140	 10	 10	 0	 430.062267	 -1	 0.000000	 7.033568
141	 10	 10	 1	 342.118596	 -1	 0.000000	 6.378144
142	 10	 10	 0	 435.959502	 -1	 0.000000	 6.102891
143	 10	 10	 0	 428.624981	 -1	 0.000000	 7.235796
144	 10	 10	 1	 209.492863	 -1	 0.000000	 8.192835
145	 10	 10	 1	 366.592880	 -1	 0.000000	 6.178105
146	 10	 10	 0	 448.562688	 -1	 0.000000	 6.806198
147	 10	 10	 1	 308.670251	 -1	 0.000000	 6.868405
148	 10	 10	 0	 390.889641	 -1	 0.000000	 6.224977
149	 10	 10	 0	 463.907842	 -1	 0.000000	 6.118165
150	 10	 10	 1	 333.947379	 -1	 0.000000	 6.402677
151	 10	 10	 1	 180.991126	 -1	 0.000000	 7.678900
152	 10	 10	 0	 436.983129	 -1	 0.000000	 6.248765
153	 10	 10	 0	 406.840372	 -1	 0.000000	 6.943620
154	 10	 10	 1	 332.057602	 -1	 0.000000	 6.413131
155	 10	 10	 1	 300.279141	 -1	 0.000000	 7.035212
156	 10	 10	 0	 470.461241	 -1	 0.000000	 5.980103
157	 10	 10	 1	 252.455149	 -1	 0.000000	 7.129613
158	 10	 10	 1	 294.505776	 -1	 0.000000	 6.829754
159	 10	 10	 0	 430.202404	 -1	 0.000000	 6.745440
160	 10	 10	 1	 336.469785	 -1	 0.000000	 6.620909
161	 10	 10	 1	 188.990904	 -1	 0.000000	 7.808465
162	 10	 10	 1	 269.382832	 -1	 0.000000	 7.214984
163	 10	 10	 0	 444.376791	 -1	 0.000000	 7.113098
164	 10	 10	 1	 279.983501	 -1	 0.000000	 6.992239
165	 10	 10	 1	 334.800740	 -1	 0.000000	 6.746265
166	 10	 10	 1	 269.298285	 -1	 0.000000	 7.141244
167	 10	 10	 1	 322.051256	 -1	 0.000000	 6.526191
168	 10	 10	 1	 139.696610	 -1	 0.000000	 8.889260
169	 10	 10	 0	 451.731814	 -1	 0.000000	 5.986169
170	 10	 10	 1	 288.001590	 -1	 0.000000	 7.069923
171	 10	 10	 1	 319.472596	 -1	 0.000000	 6.348738
172	 10	 10	 1	 338.757717	 -1	 0.000000	 6.567781
>>> gr_fir_ccf: using E
>>> gr_fir_fff: using E
gr_buffer::allocate_buffer: warning: tried to allocate
   22 items of size 2928. Due to alignment requirements
   256 were allocated.  If this isn't OK, consider padding
   your structure to a power-of-two bytes.
   On this platform, our allocation granularity is 4096 bytes.
60	 10	 10	 0	 445.188342	 -1	 0.000000	 6.908349
61	 10	 10	 0	 456.232326	 -1	 0.000000	 6.647736
62	 10	 10	 0	 391.771361	 -1	 0.000000	 6.039295
63	 10	 10	 0	 459.285550	 -1	 0.000000	 6.827727
64	 10	 10	 0	 431.445335	 -1	 0.000000	 7.263428
65	 10	 10	 0	 441.365758	 -1	 0.000000	 6.603538
425	 7	 7	 0	 426.245877	 -1	 0.000000	 4.328618
66	 10	 10	 0	 461.865673	 -1	 0.000000	 6.104616
67	 10	 10	 0	 463.809669	 -1	 0.000000	 6.812876
68	 10	 10	 1	 298.184899	 -1	 0.000000	 7.386896
69	 10	 10	 1	 168.102837	 -1	 0.000000	 8.359126
70	 10	 10	 1	 206.219192	 -1	 0.000000	 8.137868
71	 10	 10	 0	 408.771160	 -1	 0.000000	 6.926606
72	 10	 10	 1	 185.373339	 -1	 0.000000	 7.683113
73	 10	 10	 0	 459.856345	 -1	 0.000000	 6.407724
74	 10	 10	 0	 463.342223	 -1	 0.000000	 6.423876
75	 10	 10	 1	 337.963673	 -1	 0.000000	 6.310740
76	 10	 10	 0	 445.967348	 -1	 0.000000	 6.767078
77	 10	 10	 0	 447.661296	 -1	 0.000000	 5.819819
78	 10	 10	 1	 254.377682	 -1	 0.000000	 8.225583
79	 10	 10	 0	 397.309852	 -1	 0.000000	 7.781069
80	 10	 10	 1	 297.286909	 -1	 0.000000	 6.356476
81	 10	 10	 1	 292.068551	 -1	 0.000000	 6.723746
82	 10	 10	 1	 271.594927	 -1	 0.000000	 6.866796
83	 10	 10	 0	 470.317534	 -1	 0.000000	 6.269133
84	 10	 10	 0	 388.463635	 -1	 0.000000	 7.747574
85	 10	 10	 1	 302.315211	 -1	 0.000000	 6.552715
86	 10	 10	 1	 202.023399	 -1	 0.000000	 8.175500
87	 10	 10	 0	 445.604306	 -1	 0.000000	 6.859321
88	 10	 10	 0	 457.053570	 -1	 0.000000	 6.671300
89	 10	 10	 0	 462.932182	 -1	 0.000000	 5.952699
90	 10	 10	 1	 312.462992	 -1	 0.000000	 6.834805
91	 10	 10	 1	 226.484597	 -1	 0.000000	 7.742615
92	 10	 10	 0	 441.808805	 -1	 0.000000	 6.788426
93	 10	 10	 1	 323.380965	 -1	 0.000000	 6.575913
94	 10	 10	 0	 406.857246	 -1	 0.000000	 7.963884
95	 10	 10	 1	 273.704802	 -1	 0.000000	 7.101168
96	 10	 10	 1	 256.374779	 -1	 0.000000	 6.963774
97	 10	 10	 1	 317.805259	 -1	 0.000000	 6.930797
1812	 11	 11	 0	 462.512401	 -1	 0.000000	 1.302222
98	 10	 10	 1	 355.551226	 -1	 0.000000	 6.176810
99	 10	 10	 1	 248.323455	 -1	 0.000000	 7.081682
100	 10	 10	 0	 454.643573	 -1	 0.000000	 7.311872
101	 10	 10	 0	 422.872986	 -1	 0.000000	 6.570293
102	 10	 10	 0	 404.226555	 -1	 0.000000	 5.892531
103	 10	 10	 0	 422.665269	 -1	 0.000000	 6.371360
104	 10	 10	 1	 269.591832	 -1	 0.000000	 6.524415
105	 10	 10	 0	 427.993868	 -1	 0.000000	 6.983348
106	 10	 10	 0	 393.603415	 -1	 0.000000	 6.982880
107	 10	 10	 0	 469.556081	 -1	 0.000000	 6.089731
108	 10	 10	 1	 180.862642	 -1	 0.000000	 8.388966
109	 10	 10	 1	 247.483139	 -1	 0.000000	 7.077195
110	 10	 10	 1	 294.867633	 -1	 0.000000	 7.093058
111	 10	 10	 1	 184.879566	 -1	 0.000000	 8.199280
112	 10	 10	 1	 291.555185	 -1	 0.000000	 6.740873
113	 10	 10	 0	 446.132310	 -1	 0.000000	 6.827575
114	 10	 10	 1	 350.218419	 -1	 0.000000	 6.438087
116	 10	 10	 1	 281.250161	 -1	 0.000000	 6.864404
117	 10	 10	 1	 307.101321	 -1	 0.000000	 7.046873
118	 10	 10	 0	 465.046932	 -1	 0.000000	 6.505354
119	 10	 10	 1	 247.223290	 -1	 0.000000	 7.317747
120	 10	 10	 1	 315.862150	 -1	 0.000000	 6.589509
121	 10	 10	 0	 449.686917	 -1	 0.000000	 6.252343
122	 10	 10	 0	 452.910134	 -1	 0.000000	 6.661319
123	 10	 10	 0	 425.468934	 -1	 0.000000	 6.741039
124	 10	 10	 1	 314.137713	 -1	 0.000000	 6.410681
125	 10	 10	 1	 309.359075	 -1	 0.000000	 6.828190
126	 10	 10	 1	 181.284939	 -1	 0.000000	 8.386297
127	 10	 10	 0	 404.304464	 -1	 0.000000	 7.827642
128	 10	 10	 0	 404.743451	 -1	 0.000000	 7.727994
129	 10	 10	 1	 238.256244	 -1	 0.000000	 7.870629
130	 10	 10	 0	 431.574367	 -1	 0.000000	 8.005127
131	 10	 10	 1	 256.154203	 -1	 0.000000	 7.743911
132	 10	 10	 0	 459.168387	 -1	 0.000000	 6.144507
133	 10	 10	 1	 178.735155	 -1	 0.000000	 8.800719
134	 10	 10	 1	 258.941729	 -1	 0.000000	 7.062798
135	 10	 10	 1	 351.383601	 -1	 0.000000	 6.312337
136	 10	 10	 0	 425.358196	 -1	 0.000000	 5.734659
137	 10	 10	 1	 334.179797	 -1	 0.000000	 6.727668
138	 10	 10	 1	 342.406754	 -1	 0.000000	 6.617743
139	 10	 10	 1	 321.555157	 -1	 0.000000	 6.602752
140	 10	 10	 1	 248.621037	 -1	 0.000000	 6.846603
141	 10	 10	 0	 412.670175	 -1	 0.000000	 6.578452
142	 10	 10	 1	 369.744507	 -1	 0.000000	 6.096039
143	 10	 10	 1	 241.513347	 -1	 0.000000	 7.198546
145	 10	 10	 1	 319.560836	 -1	 0.000000	 6.517972
146	 10	 10	 0	 441.644647	 -1	 0.000000	 6.304329
148	 10	 10	 1	 353.259139	 -1	 0.000000	 6.246895
149	 10	 10	 1	 329.552331	 -1	 0.000000	 6.577090
150	 10	 10	 1	 270.761277	 -1	 0.000000	 7.239024
151	 10	 10	 0	 431.111100	 -1	 0.000000	 6.168727
152	 10	 10	 0	 404.119949	 -1	 0.000000	 7.237909
153	 10	 10	 1	 274.664230	 -1	 0.000000	 7.227483
154	 10	 10	 1	 206.504697	 -1	 0.000000	 7.535371
156	 10	 10	 1	 193.999019	 -1	 0.000000	 8.574358
157	 10	 10	 1	 342.438346	 -1	 0.000000	 6.109647
158	 10	 10	 0	 469.173468	 -1	 0.000000	 6.303445
159	 10	 10	 1	 243.243675	 -1	 0.000000	 7.639986
160	 10	 10	 1	 225.820688	 -1	 0.000000	 7.168221
161	 10	 10	 0	 470.138113	 -1	 0.000000	 6.293305
162	 10	 10	 1	 317.422064	 -1	 0.000000	 7.301761
163	 10	 10	 0	 453.834782	 -1	 0.000000	 7.068089
164	 10	 10	 1	 391.133707	 -1	 0.000000	 6.305295
165	 10	 10	 1	 229.030018	 -1	 0.000000	 7.112848
166	 10	 10	 1	 258.256231	 -1	 0.000000	 7.030795
167	 10	 10	 1	 318.890566	 -1	 0.000000	 6.934988
169	 10	 10	 1	 327.615739	 -1	 0.000000	 6.480783
170	 10	 10	 1	 256.126401	 -1	 0.000000	 7.132571
171	 10	 10	 1	 231.610481	 -1	 0.000000	 8.018389
172	 10	 10	 0	 456.703752	 -1	 0.000000	 5.909484
173	 10	 10	 1	 257.976054	 -1	 0.000000	 6.961482
174	 10	 10	 1	 357.217226	 -1	 0.000000	 6.237818
175	 10	 10	 1	 238.664622	 -1	 0.000000	 7.472022
176	 10	 10	 1	 374.777183	 -1	 0.000000	 6.161127
177	 10	 10	 0	 451.846031	 -1	 0.000000	 6.487543
178	 10	 10	 1	 372.553161	 -1	 0.000000	 6.256499
180	 10	 10	 1	 308.713421	 -1	 0.000000	 6.588260
181	 10	 10	 1	 246.320106	 -1	 0.000000	 7.036642
182	 10	 10	 1	 312.602085	 -1	 0.000000	 6.676461
183	 10	 10	 1	 314.451943	 -1	 0.000000	 6.744916
184	 10	 10	 0	 462.392914	 -1	 0.000000	 6.535603
185	 10	 10	 1	 248.117284	 -1	 0.000000	 7.271866
186	 10	 10	 1	 289.672160	 -1	 0.000000	 6.476048
187	 10	 10	 0	 430.433361	 -1	 0.000000	 6.634846
188	 10	 10	 1	 209.243802	 -1	 0.000000	 7.114206
189	 10	 10	 1	 347.346318	 -1	 0.000000	 6.592765
190	 10	 10	 1	 287.957362	 -1	 0.000000	 7.034047
191	 10	 10	 1	 304.485620	 -1	 0.000000	 7.068715
192	 10	 10	 0	 456.811298	 -1	 0.000000	 6.091074
