>>> gr_fir_ccf: using E
>>> gr_fir_fff: using E
gr_buffer::allocate_buffer: warning: tried to allocate
   22 items of size 2928. Due to alignment requirements
   256 were allocated.  If this isn't OK, consider padding
   your structure to a power-of-two bytes.
   On this platform, our allocation granularity is 4096 bytes.
40	 13	 13	 1	 0.000009	 -1	 0.000000	 3.790897
42	 13	 13	 1	 0.000007	 -1	 0.000000	 3.624044
43	 13	 13	 1	 35.814782	 -1	 0.000000	 4.162008
44	 13	 13	 1	 0.000002	 -1	 0.000000	 4.453230
45	 13	 13	 1	 0.000007	 -1	 0.000000	 3.975862
46	 13	 13	 1	 0.000007	 -1	 0.000000	 3.661178
47	 13	 13	 1	 0.000008	 -1	 0.000000	 3.894167
48	 13	 13	 1	 0.000006	 -1	 0.000000	 3.878365
49	 13	 13	 1	 0.000006	 -1	 0.000000	 3.686269
50	 13	 13	 1	 0.000006	 -1	 0.000000	 3.888060
51	 13	 13	 1	 0.000004	 -1	 0.000000	 3.590831
52	 13	 13	 1	 0.000008	 -1	 0.000000	 4.004422
53	 13	 13	 1	 0.000005	 -1	 0.000000	 4.062993
54	 13	 13	 1	 0.000009	 -1	 0.000000	 3.605559
55	 13	 13	 1	 0.000001	 -1	 0.000000	 3.778280
56	 13	 13	 1	 0.136059	 -1	 0.000000	 4.076249
57	 13	 13	 1	 0.000007	 -1	 0.000000	 3.802781
58	 13	 13	 1	 0.000005	 -1	 0.000000	 3.954897
59	 13	 13	 1	 0.000002	 -1	 0.000000	 3.885770
60	 13	 13	 1	 0.000008	 -1	 0.000000	 4.009525
61	 13	 13	 1	 0.000006	 -1	 0.000000	 3.988268
62	 13	 13	 1	 0.000006	 -1	 0.000000	 4.192059
63	 13	 13	 1	 0.000005	 -1	 0.000000	 3.894934
64	 13	 13	 1	 0.000007	 -1	 0.000000	 3.770638
2439	 11	 11	 0	 454.254159	 -1	 0.000000	 6.119538
65	 13	 13	 1	 32.322332	 -1	 0.000000	 3.949030
568	 15	 15	 0	 363.714083	 -1	 0.000000	 3.942628
66	 13	 13	 1	 0.000008	 -1	 0.000000	 3.946774
67	 13	 13	 1	 0.649744	 -1	 0.000000	 4.221891
68	 13	 13	 1	 0.000006	 -1	 0.000000	 3.863160
69	 13	 13	 1	 0.000006	 -1	 0.000000	 3.848433
70	 13	 13	 1	 0.000005	 -1	 0.000000	 4.051327
71	 13	 13	 1	 0.000008	 -1	 0.000000	 3.909790
72	 13	 13	 1	 0.000006	 -1	 0.000000	 3.796618
73	 13	 13	 1	 0.000006	 -1	 0.000000	 3.951805
74	 13	 13	 1	 0.000006	 -1	 0.000000	 3.829765
75	 13	 13	 1	 0.000007	 -1	 0.000000	 3.806699
76	 13	 13	 1	 0.000006	 -1	 0.000000	 4.103159
77	 13	 13	 1	 0.000001	 -1	 0.000000	 4.195189
78	 13	 13	 1	 0.000002	 -1	 0.000000	 4.079112
79	 13	 13	 1	 0.000001	 -1	 0.000000	 4.061606
80	 13	 13	 1	 0.015191	 -1	 0.000000	 4.163242
81	 13	 13	 1	 0.000006	 -1	 0.000000	 4.169162
82	 13	 13	 1	 0.000004	 -1	 0.000000	 3.670035
83	 13	 13	 1	 0.000006	 -1	 0.000000	 3.895181
84	 13	 13	 1	 0.000002	 -1	 0.000000	 3.947349
85	 13	 13	 1	 0.000008	 -1	 0.000000	 3.777313
86	 13	 13	 1	 0.015402	 -1	 0.000000	 3.916130
87	 13	 13	 1	 11.503137	 -1	 0.000000	 3.714048
88	 13	 13	 1	 0.000007	 -1	 0.000000	 3.743558
89	 13	 13	 1	 0.000002	 -1	 0.000000	 4.356795
90	 13	 13	 1	 0.218478	 -1	 0.000000	 4.130500
92	 13	 13	 1	 0.000006	 -1	 0.000000	 3.832182
93	 13	 13	 1	 0.000002	 -1	 0.000000	 3.932536
94	 13	 13	 1	 0.000005	 -1	 0.000000	 3.630129
95	 13	 13	 1	 0.000007	 -1	 0.000000	 3.701588
96	 13	 13	 1	 0.000005	 -1	 0.000000	 3.745463
97	 13	 13	 1	 0.000007	 -1	 0.000000	 4.319560
99	 13	 13	 1	 0.000007	 -1	 0.000000	 3.798767
100	 13	 13	 1	 0.000010	 -1	 0.000000	 4.336361
101	 13	 13	 1	 0.000006	 -1	 0.000000	 4.262504
102	 13	 13	 1	 0.000002	 -1	 0.000000	 3.817625
103	 13	 13	 1	 0.000006	 -1	 0.000000	 4.023594
104	 13	 13	 1	 21.498626	 -1	 0.000000	 4.219824
105	 13	 13	 1	 0.000007	 -1	 0.000000	 3.855212
106	 13	 13	 1	 47.283959	 -1	 0.000000	 3.944165
107	 13	 13	 1	 0.000007	 -1	 0.000000	 3.946174
108	 13	 13	 1	 0.000001	 -1	 0.000000	 3.863420
109	 13	 13	 1	 0.000002	 -1	 0.000000	 3.834751
110	 13	 13	 1	 0.000006	 -1	 0.000000	 3.831716
111	 13	 13	 1	 0.000004	 -1	 0.000000	 3.665714
3556	 10	 10	 0	 478.152874	 -1	 0.000000	 4.274771
112	 13	 13	 1	 0.000007	 -1	 0.000000	 3.973217
113	 13	 13	 1	 0.000006	 -1	 0.000000	 3.955647
114	 13	 13	 1	 0.000006	 -1	 0.000000	 3.793502
115	 13	 13	 1	 0.000005	 -1	 0.000000	 3.794182
116	 13	 13	 1	 0.000006	 -1	 0.000000	 3.998995
117	 13	 13	 1	 0.000007	 -1	 0.000000	 4.069036
118	 13	 13	 1	 0.000005	 -1	 0.000000	 3.813238
119	 13	 13	 1	 0.000006	 -1	 0.000000	 4.179920
120	 13	 13	 1	 0.000006	 -1	 0.000000	 3.736348
121	 13	 13	 1	 0.521331	 -1	 0.000000	 3.844091
122	 13	 13	 1	 0.000009	 -1	 0.000000	 3.797218
123	 13	 13	 1	 0.000006	 -1	 0.000000	 3.786255
124	 13	 13	 1	 0.000010	 -1	 0.000000	 3.979991
125	 13	 13	 1	 0.000005	 -1	 0.000000	 3.744643
126	 13	 13	 1	 0.000005	 -1	 0.000000	 3.839815
127	 13	 13	 1	 0.000008	 -1	 0.000000	 3.963433
128	 13	 13	 1	 0.000005	 -1	 0.000000	 3.744108
129	 13	 13	 1	 0.000002	 -1	 0.000000	 4.166626
130	 13	 13	 1	 0.000001	 -1	 0.000000	 4.222408
131	 13	 13	 1	 0.000006	 -1	 0.000000	 3.794607
132	 13	 13	 1	 0.000004	 -1	 0.000000	 3.704494
133	 13	 13	 1	 0.000002	 -1	 0.000000	 4.033542
134	 13	 13	 1	 0.000007	 -1	 0.000000	 4.119681
135	 13	 13	 1	 0.000004	 -1	 0.000000	 3.814549
136	 13	 13	 1	 0.000007	 -1	 0.000000	 3.950229
137	 13	 13	 1	 0.000006	 -1	 0.000000	 3.544105
138	 13	 13	 1	 0.000008	 -1	 0.000000	 4.093339
139	 13	 13	 1	 0.000007	 -1	 0.000000	 4.169562
140	 13	 13	 1	 0.021822	 -1	 0.000000	 4.052108
141	 13	 13	 1	 0.000007	 -1	 0.000000	 3.943406
142	 13	 13	 1	 0.000005	 -1	 0.000000	 3.590021
143	 13	 13	 1	 0.000008	 -1	 0.000000	 3.823470
144	 13	 13	 1	 0.000005	 -1	 0.000000	 3.731773
145	 13	 13	 1	 0.000007	 -1	 0.000000	 3.768928
146	 13	 13	 1	 0.000007	 -1	 0.000000	 3.724488
147	 13	 13	 1	 0.000002	 -1	 0.000000	 4.232687
148	 13	 13	 1	 0.000006	 -1	 0.000000	 3.844423
149	 13	 13	 1	 0.000005	 -1	 0.000000	 3.925014
150	 13	 13	 1	 1.095128	 -1	 0.000000	 3.813652
151	 13	 13	 1	 0.000006	 -1	 0.000000	 4.015566
152	 13	 13	 1	 0.000005	 -1	 0.000000	 3.882014
153	 13	 13	 1	 0.000002	 -1	 0.000000	 4.233576
154	 13	 13	 1	 0.000005	 -1	 0.000000	 3.877428
155	 13	 13	 1	 0.009933	 -1	 0.000000	 3.936170
156	 13	 13	 1	 0.000008	 -1	 0.000000	 3.571109
157	 13	 13	 1	 0.000009	 -1	 0.000000	 4.133251
158	 13	 13	 1	 0.000005	 -1	 0.000000	 3.981904
159	 13	 13	 1	 0.000006	 -1	 0.000000	 3.751678
160	 13	 13	 1	 0.000008	 -1	 0.000000	 3.674257
161	 13	 13	 1	 0.000001	 -1	 0.000000	 3.922429
346	 15	 15	 0	 382.629060	 -1	 0.000000	 2.437683
162	 13	 13	 1	 0.000006	 -1	 0.000000	 3.509261
163	 13	 13	 1	 0.000005	 -1	 0.000000	 3.956511
164	 13	 13	 1	 0.000002	 -1	 0.000000	 4.337249
165	 13	 13	 1	 0.000007	 -1	 0.000000	 3.862934
167	 13	 13	 1	 0.000006	 -1	 0.000000	 3.769163
168	 13	 13	 1	 0.000005	 -1	 0.000000	 3.764343
169	 13	 13	 1	 0.000006	 -1	 0.000000	 3.764548
170	 13	 13	 1	 0.000001	 -1	 0.000000	 3.881076
171	 13	 13	 1	 0.000008	 -1	 0.000000	 3.961731
172	 13	 13	 1	 2.248637	 -1	 0.000000	 4.297277
33	 15	 15	 1	 0.000030	 -1	 0.000000	 4.081343
34	 15	 15	 1	 0.000034	 -1	 0.000000	 4.027474
35	 15	 15	 1	 0.000011	 -1	 0.000000	 3.856795
36	 15	 15	 1	 0.000041	 -1	 0.000000	 3.954411
38	 15	 15	 1	 0.000049	 -1	 0.000000	 3.802749
39	 15	 15	 1	 0.000055	 -1	 0.000000	 4.020136
40	 15	 15	 1	 0.000029	 -1	 0.000000	 4.028689
41	 15	 15	 1	 0.000023	 -1	 0.000000	 3.762265
42	 15	 15	 1	 0.000047	 -1	 0.000000	 3.913467
43	 15	 15	 1	 0.000042	 -1	 0.000000	 3.773346
44	 15	 15	 1	 0.000086	 -1	 0.000000	 4.034647
46	 15	 15	 1	 0.000034	 -1	 0.000000	 3.514027
47	 15	 15	 1	 0.000038	 -1	 0.000000	 4.041353
48	 15	 15	 1	 0.000032	 -1	 0.000000	 3.942563
49	 15	 15	 1	 0.019594	 -1	 0.000000	 4.055788
50	 15	 15	 1	 0.000045	 -1	 0.000000	 3.870746
51	 15	 15	 1	 0.000034	 -1	 0.000000	 4.209559
52	 15	 15	 1	 67.174150	 -1	 0.000000	 3.812293
53	 15	 15	 1	 0.000039	 -1	 0.000000	 3.936293
54	 15	 15	 1	 0.000067	 -1	 0.000000	 3.697355
55	 15	 15	 1	 0.000051	 -1	 0.000000	 3.829508
56	 15	 15	 1	 0.000064	 -1	 0.000000	 4.375994
57	 15	 15	 1	 0.000060	 -1	 0.000000	 4.307210
58	 15	 15	 1	 0.000027	 -1	 0.000000	 3.842970
59	 15	 15	 1	 0.000073	 -1	 0.000000	 3.657768
60	 15	 15	 1	 0.000035	 -1	 0.000000	 3.652391
61	 15	 15	 1	 0.000044	 -1	 0.000000	 3.940549
62	 15	 15	 1	 0.000044	 -1	 0.000000	 3.852370
63	 15	 15	 1	 0.000030	 -1	 0.000000	 3.764950
64	 15	 15	 1	 0.000015	 -1	 0.000000	 4.079605
2217	 15	 15	 0	 422.548933	 -1	 0.000000	 4.512287
65	 15	 15	 1	 0.006195	 -1	 0.000000	 4.170606
>>> gr_fir_ccf: using E
>>> gr_fir_fff: using E
gr_buffer::allocate_buffer: warning: tried to allocate
   22 items of size 2928. Due to alignment requirements
   256 were allocated.  If this isn't OK, consider padding
   your structure to a power-of-two bytes.
   On this platform, our allocation granularity is 4096 bytes.
40	 15	 15	 1	 0.000026	 -1	 0.000000	 4.068360
41	 15	 15	 1	 0.000039	 -1	 0.000000	 3.973122
42	 15	 15	 1	 0.000034	 -1	 0.000000	 3.511252
43	 15	 15	 1	 0.000016	 -1	 0.000000	 4.109020
44	 15	 15	 1	 50.588558	 -1	 0.000000	 4.013707
45	 15	 15	 1	 24.052954	 -1	 0.000000	 3.865178
46	 15	 15	 1	 0.000023	 -1	 0.000000	 4.528870
47	 15	 15	 1	 0.000035	 -1	 0.000000	 3.892366
48	 15	 15	 1	 0.000038	 -1	 0.000000	 3.641336
49	 15	 15	 1	 0.000015	 -1	 0.000000	 4.263627
50	 15	 15	 1	 0.000075	 -1	 0.000000	 3.975693
51	 15	 15	 1	 0.000040	 -1	 0.000000	 4.105265
52	 15	 15	 1	 0.000045	 -1	 0.000000	 3.978389
53	 15	 15	 1	 0.000041	 -1	 0.000000	 3.836923
54	 15	 15	 1	 0.000040	 -1	 0.000000	 3.827498
55	 15	 15	 1	 0.000027	 -1	 0.000000	 3.822215
56	 15	 15	 1	 0.000042	 -1	 0.000000	 3.866314
57	 15	 15	 1	 0.000045	 -1	 0.000000	 3.749898
58	 15	 15	 1	 0.000014	 -1	 0.000000	 3.730310
59	 15	 15	 1	 0.000045	 -1	 0.000000	 3.803947
60	 15	 15	 1	 0.000227	 -1	 0.000000	 4.241931
61	 15	 15	 1	 0.000037	 -1	 0.000000	 3.532368
62	 15	 15	 1	 0.000038	 -1	 0.000000	 3.900024
63	 15	 15	 1	 0.000050	 -1	 0.000000	 3.776255
64	 15	 15	 1	 0.000035	 -1	 0.000000	 3.579595
65	 15	 15	 1	 0.000019	 -1	 0.000000	 3.965998
66	 15	 15	 1	 0.000044	 -1	 0.000000	 3.984953
67	 15	 15	 1	 0.000039	 -1	 0.000000	 3.928306
68	 15	 15	 1	 0.000033	 -1	 0.000000	 3.997681
69	 15	 15	 1	 0.000038	 -1	 0.000000	 3.801288
70	 15	 15	 1	 0.000042	 -1	 0.000000	 3.793060
71	 15	 15	 1	 0.000013	 -1	 0.000000	 4.157504
72	 15	 15	 1	 0.000051	 -1	 0.000000	 3.938968
2136	 9	 9	 0	 447.006819	 -1	 0.000000	 6.549463
73	 15	 15	 1	 0.032053	 -1	 0.000000	 3.978571
>>> gr_fir_ccf: using E
>>> gr_fir_fff: using E
gr_buffer::allocate_buffer: warning: tried to allocate
   22 items of size 2928. Due to alignment requirements
   256 were allocated.  If this isn't OK, consider padding
   your structure to a power-of-two bytes.
   On this platform, our allocation granularity is 4096 bytes.
33	 5	 5	 1	 41.688851	 -1	 0.000000	 4.104023
34	 5	 5	 1	 0.004747	 -1	 0.000000	 4.123857
35	 5	 5	 1	 0.028351	 -1	 0.000000	 3.956606
36	 5	 5	 1	 0.012226	 -1	 0.000000	 3.719750
460	 5	 5	 0	 398.590583	 -1	 0.000000	 4.439786
37	 5	 5	 1	 0.017525	 -1	 0.000000	 3.864015
38	 5	 5	 1	 0.018339	 -1	 0.000000	 3.889943
39	 5	 5	 1	 0.020465	 -1	 0.000000	 3.998538
40	 5	 5	 1	 0.012805	 -1	 0.000000	 4.139071
41	 5	 5	 1	 0.006064	 -1	 0.000000	 3.949512
42	 5	 5	 1	 0.005673	 -1	 0.000000	 3.904090
43	 5	 5	 1	 0.014218	 -1	 0.000000	 3.818784
45	 5	 5	 1	 0.017293	 -1	 0.000000	 3.690919
46	 5	 5	 0	 133.328314	 -1	 0.000000	 4.395411
47	 5	 5	 1	 0.003476	 -1	 0.000000	 3.990299
48	 5	 5	 1	 0.009049	 -1	 0.000000	 3.950226
49	 5	 5	 1	 0.004842	 -1	 0.000000	 3.762058
50	 5	 5	 1	 0.007789	 -1	 0.000000	 4.240206
51	 5	 5	 1	 1.171456	 -1	 0.000000	 4.020639
52	 5	 5	 0	 343.934001	 -1	 0.000000	 4.178688
53	 5	 5	 1	 0.005629	 -1	 0.000000	 4.140647
54	 5	 5	 1	 0.012591	 -1	 0.000000	 3.769212
55	 5	 5	 1	 0.292438	 -1	 0.000000	 4.177269
56	 5	 5	 1	 0.003615	 -1	 0.000000	 3.896489
57	 5	 5	 1	 0.019163	 -1	 0.000000	 3.949492
58	 5	 5	 1	 2.783947	 -1	 0.000000	 4.009971
59	 5	 5	 1	 58.649076	 -1	 0.000000	 4.426633
60	 5	 5	 1	 0.009885	 -1	 0.000000	 3.886231
61	 5	 5	 1	 0.003131	 -1	 0.000000	 4.084261
62	 5	 5	 1	 0.024624	 -1	 0.000000	 4.306012
63	 5	 5	 1	 52.472939	 -1	 0.000000	 4.011922
64	 5	 5	 1	 0.003243	 -1	 0.000000	 4.110182
65	 5	 5	 1	 0.017737	 -1	 0.000000	 4.530653
66	 5	 5	 1	 0.004095	 -1	 0.000000	 3.841123
67	 5	 5	 1	 0.021566	 -1	 0.000000	 3.794965
68	 5	 5	 1	 0.007069	 -1	 0.000000	 3.805523
69	 5	 5	 1	 60.574892	 -1	 0.000000	 4.087496
70	 5	 5	 1	 88.072204	 -1	 0.000000	 3.986931
71	 5	 5	 1	 0.007125	 -1	 0.000000	 3.595713
72	 5	 5	 1	 0.006443	 -1	 0.000000	 3.649046
73	 5	 5	 1	 0.009201	 -1	 0.000000	 3.928938
74	 5	 5	 1	 0.005881	 -1	 0.000000	 3.753044
75	 5	 5	 1	 2.911313	 -1	 0.000000	 4.070936
76	 5	 5	 1	 0.014265	 -1	 0.000000	 3.612236
77	 5	 5	 1	 0.013272	 -1	 0.000000	 3.975251
78	 5	 5	 1	 0.106600	 -1	 0.000000	 4.751955
79	 5	 5	 1	 0.499960	 -1	 0.000000	 4.307161
80	 5	 5	 1	 0.007283	 -1	 0.000000	 4.042549
81	 5	 5	 1	 0.007280	 -1	 0.000000	 3.873881
82	 5	 5	 1	 0.012253	 -1	 0.000000	 4.067008
83	 5	 5	 1	 0.008859	 -1	 0.000000	 4.055857
84	 5	 5	 1	 0.006699	 -1	 0.000000	 4.199469
85	 5	 5	 1	 0.031197	 -1	 0.000000	 4.068813
86	 5	 5	 1	 0.010334	 -1	 0.000000	 3.952275
87	 5	 5	 1	 0.011932	 -1	 0.000000	 3.461696
88	 5	 5	 1	 0.011734	 -1	 0.000000	 3.936628
89	 5	 5	 1	 0.007596	 -1	 0.000000	 3.928700
90	 5	 5	 1	 0.013693	 -1	 0.000000	 3.842952
91	 5	 5	 1	 0.019082	 -1	 0.000000	 3.828729
92	 5	 5	 1	 0.012222	 -1	 0.000000	 3.844395
93	 5	 5	 1	 0.019940	 -1	 0.000000	 3.748497
94	 5	 5	 1	 0.010978	 -1	 0.000000	 3.920628
95	 5	 5	 1	 33.308438	 -1	 0.000000	 3.843934
96	 5	 5	 1	 7.631048	 -1	 0.000000	 4.282267
97	 5	 5	 1	 0.004837	 -1	 0.000000	 4.325775
98	 5	 5	 1	 0.009122	 -1	 0.000000	 3.899000
99	 5	 5	 1	 0.004258	 -1	 0.000000	 3.785367
100	 5	 5	 1	 0.005652	 -1	 0.000000	 4.050940
101	 5	 5	 1	 0.005385	 -1	 0.000000	 4.128544
102	 5	 5	 1	 0.012507	 -1	 0.000000	 3.735865
103	 5	 5	 1	 0.004630	 -1	 0.000000	 3.974382
104	 5	 5	 0	 184.683833	 -1	 0.000000	 3.708438
105	 5	 5	 1	 0.012460	 -1	 0.000000	 4.050257
106	 5	 5	 1	 0.006386	 -1	 0.000000	 3.768932
107	 5	 5	 1	 3.057763	 -1	 0.000000	 4.047207
108	 5	 5	 1	 0.013299	 -1	 0.000000	 3.717034
109	 5	 5	 1	 0.004999	 -1	 0.000000	 4.053843
110	 5	 5	 1	 0.010596	 -1	 0.000000	 3.676247
111	 5	 5	 1	 0.010136	 -1	 0.000000	 3.767369
112	 5	 5	 1	 0.062807	 -1	 0.000000	 4.405377
113	 5	 5	 1	 0.007343	 -1	 0.000000	 3.988154
114	 5	 5	 1	 0.011230	 -1	 0.000000	 3.789968
115	 5	 5	 1	 0.012381	 -1	 0.000000	 3.629033
116	 5	 5	 1	 0.019735	 -1	 0.000000	 4.051083
117	 5	 5	 1	 0.004608	 -1	 0.000000	 3.884682
118	 5	 5	 1	 0.003626	 -1	 0.000000	 3.815270
119	 5	 5	 1	 0.010290	 -1	 0.000000	 4.103585
120	 5	 5	 1	 0.005269	 -1	 0.000000	 4.247513
121	 5	 5	 1	 0.006742	 -1	 0.000000	 4.202448
122	 5	 5	 1	 0.028646	 -1	 0.000000	 4.008965
123	 5	 5	 1	 0.013717	 -1	 0.000000	 3.797459
124	 5	 5	 1	 66.016112	 -1	 0.000000	 3.985025
125	 5	 5	 1	 0.009930	 -1	 0.000000	 3.808211
126	 5	 5	 1	 87.297025	 -1	 0.000000	 4.171238
127	 5	 5	 1	 0.004985	 -1	 0.000000	 4.469361
128	 5	 5	 1	 0.006125	 -1	 0.000000	 4.160395
129	 5	 5	 1	 0.012266	 -1	 0.000000	 4.129048
130	 5	 5	 1	 0.011559	 -1	 0.000000	 3.929421
131	 5	 5	 1	 0.008947	 -1	 0.000000	 3.814295
132	 5	 5	 1	 0.018273	 -1	 0.000000	 3.805690
133	 5	 5	 1	 0.013524	 -1	 0.000000	 3.973757
3772	 15	 15	 0	 394.296899	 -1	 0.000000	 4.192041
135	 5	 5	 1	 0.006059	 -1	 0.000000	 4.108572
136	 5	 5	 1	 81.999003	 -1	 0.000000	 4.286882
137	 5	 5	 1	 0.011918	 -1	 0.000000	 3.987925
138	 5	 5	 1	 0.012436	 -1	 0.000000	 3.979169
139	 5	 5	 1	 18.303846	 -1	 0.000000	 4.188440
140	 5	 5	 1	 49.285263	 -1	 0.000000	 4.147440
141	 5	 5	 1	 0.005460	 -1	 0.000000	 4.205732
142	 5	 5	 1	 0.007790	 -1	 0.000000	 3.863621
143	 5	 5	 1	 0.004071	 -1	 0.000000	 4.380707
144	 5	 5	 1	 0.014422	 -1	 0.000000	 3.663885
145	 5	 5	 1	 3.885465	 -1	 0.000000	 4.011637
146	 5	 5	 1	 0.006682	 -1	 0.000000	 4.046700
147	 5	 5	 1	 0.013288	 -1	 0.000000	 3.854831
148	 5	 5	 1	 0.097292	 -1	 0.000000	 3.963283
149	 5	 5	 1	 0.016398	 -1	 0.000000	 3.684539
150	 5	 5	 1	 0.007864	 -1	 0.000000	 3.742486
151	 5	 5	 1	 6.195120	 -1	 0.000000	 3.979866
152	 5	 5	 1	 0.006611	 -1	 0.000000	 4.346689
153	 5	 5	 1	 0.010800	 -1	 0.000000	 3.808263
154	 5	 5	 1	 0.027855	 -1	 0.000000	 4.187759
155	 5	 5	 1	 0.008289	 -1	 0.000000	 4.171782
156	 5	 5	 1	 0.018593	 -1	 0.000000	 3.971898
157	 5	 5	 1	 0.017929	 -1	 0.000000	 4.004880
158	 5	 5	 1	 0.016103	 -1	 0.000000	 4.140609
159	 5	 5	 1	 23.690351	 -1	 0.000000	 4.471538
160	 5	 5	 1	 0.004155	 -1	 0.000000	 4.202011
161	 5	 5	 1	 0.018917	 -1	 0.000000	 3.808430
162	 5	 5	 1	 0.003918	 -1	 0.000000	 4.332145
163	 5	 5	 1	 0.005731	 -1	 0.000000	 4.064478
164	 5	 5	 1	 43.483840	 -1	 0.000000	 3.859614
165	 5	 5	 1	 0.015499	 -1	 0.000000	 3.986422
166	 5	 5	 0	 320.934745	 -1	 0.000000	 3.657755
167	 5	 5	 1	 0.007377	 -1	 0.000000	 4.218349
168	 5	 5	 1	 0.048634	 -1	 0.000000	 4.080723
169	 5	 5	 1	 0.018574	 -1	 0.000000	 3.824442
170	 5	 5	 1	 0.013736	 -1	 0.000000	 3.572484
171	 5	 5	 1	 0.012898	 -1	 0.000000	 3.897319
172	 5	 5	 1	 0.064515	 -1	 0.000000	 4.112363
173	 5	 5	 1	 0.006733	 -1	 0.000000	 4.600314
174	 5	 5	 1	 0.010304	 -1	 0.000000	 3.738879
175	 5	 5	 1	 36.726567	 -1	 0.000000	 3.825894
176	 5	 5	 1	 0.015207	 -1	 0.000000	 4.028888
177	 5	 5	 1	 4.428401	 -1	 0.000000	 4.346869
178	 5	 5	 1	 0.011065	 -1	 0.000000	 3.658388
179	 5	 5	 1	 0.006913	 -1	 0.000000	 3.659338
180	 5	 5	 1	 0.010189	 -1	 0.000000	 3.783749
181	 5	 5	 1	 0.010457	 -1	 0.000000	 3.765960
182	 5	 5	 1	 0.006944	 -1	 0.000000	 4.197995
183	 5	 5	 1	 0.006620	 -1	 0.000000	 4.270932
184	 5	 5	 1	 0.013039	 -1	 0.000000	 4.096888
185	 5	 5	 1	 0.015334	 -1	 0.000000	 4.031387
186	 5	 5	 1	 0.004476	 -1	 0.000000	 3.969593
187	 5	 5	 1	 0.008501	 -1	 0.000000	 3.788905
188	 5	 5	 1	 0.010261	 -1	 0.000000	 4.184031
189	 5	 5	 1	 0.009194	 -1	 0.000000	 3.629917
190	 5	 5	 1	 0.008276	 -1	 0.000000	 3.934464
191	 5	 5	 1	 0.014546	 -1	 0.000000	 3.902755
192	 5	 5	 1	 0.021516	 -1	 0.000000	 3.964139
193	 5	 5	 1	 0.005313	 -1	 0.000000	 3.999359
194	 5	 5	 1	 0.013777	 -1	 0.000000	 4.058126
195	 5	 5	 1	 0.011218	 -1	 0.000000	 3.663464
196	 5	 5	 1	 0.016466	 -1	 0.000000	 3.881067
197	 5	 5	 1	 0.006063	 -1	 0.000000	 3.929278
198	 5	 5	 1	 0.002646	 -1	 0.000000	 3.980381
199	 5	 5	 1	 0.003309	 -1	 0.000000	 4.057565
200	 5	 5	 1	 0.004173	 -1	 0.000000	 3.932154
201	 5	 5	 1	 0.016327	 -1	 0.000000	 4.085573
202	 5	 5	 1	 0.010673	 -1	 0.000000	 3.931387
204	 5	 5	 1	 0.004924	 -1	 0.000000	 4.187457
205	 5	 5	 1	 0.015669	 -1	 0.000000	 3.943897
206	 5	 5	 1	 0.007029	 -1	 0.000000	 3.942344
208	 5	 5	 1	 0.004152	 -1	 0.000000	 4.369365
209	 5	 5	 1	 0.004429	 -1	 0.000000	 4.190804
210	 5	 5	 1	 0.005247	 -1	 0.000000	 4.041354
211	 5	 5	 1	 0.011718	 -1	 0.000000	 3.872619
212	 5	 5	 1	 0.005642	 -1	 0.000000	 4.008241
213	 5	 5	 1	 0.004653	 -1	 0.000000	 4.055622
214	 5	 5	 1	 0.024602	 -1	 0.000000	 4.168477
215	 5	 5	 1	 14.466433	 -1	 0.000000	 3.772308
217	 5	 5	 1	 4.211569	 -1	 0.000000	 3.836734
219	 5	 5	 1	 0.015581	 -1	 0.000000	 7.271181
220	 5	 5	 1	 0.014455	 -1	 0.000000	 4.085011
221	 5	 5	 0	 390.257359	 -1	 0.000000	 4.452064
223	 5	 5	 1	 0.013934	 -1	 0.000000	 3.837470
224	 5	 5	 1	 0.014263	 -1	 0.000000	 3.953928
225	 5	 5	 1	 0.022419	 -1	 0.000000	 3.814786
226	 5	 5	 0	 414.718247	 -1	 0.000000	 4.158219
227	 5	 5	 1	 0.004818	 -1	 0.000000	 4.024943
228	 5	 5	 1	 0.005714	 -1	 0.000000	 4.358026
229	 5	 5	 1	 0.007098	 -1	 0.000000	 3.764211
260	 5	 5	 1	 0.013459	 -1	 0.000000	 3.967813
261	 5	 5	 1	 16.833551	 -1	 0.000000	 4.893588
262	 5	 5	 1	 0.016152	 -1	 0.000000	 3.937325
263	 5	 5	 1	 0.017461	 -1	 0.000000	 3.878778
264	 5	 5	 1	 0.006407	 -1	 0.000000	 4.156922
265	 5	 5	 1	 0.014120	 -1	 0.000000	 3.956416
266	 5	 5	 1	 11.754801	 -1	 0.000000	 4.101379
267	 5	 5	 1	 93.222661	 -1	 0.000000	 4.103785
268	 5	 5	 1	 0.004694	 -1	 0.000000	 4.135430
269	 5	 5	 1	 0.010499	 -1	 0.000000	 3.661977
270	 5	 5	 1	 0.003389	 -1	 0.000000	 4.385726
271	 5	 5	 1	 0.027517	 -1	 0.000000	 3.778315
272	 5	 5	 1	 0.019043	 -1	 0.000000	 3.866500
273	 5	 5	 1	 0.005686	 -1	 0.000000	 4.293510
280	 5	 5	 1	 0.004408	 -1	 0.000000	 3.805638
281	 5	 5	 1	 0.004326	 -1	 0.000000	 3.753641
282	 5	 5	 1	 0.011835	 -1	 0.000000	 4.182623
283	 5	 5	 1	 0.005912	 -1	 0.000000	 4.075822
284	 5	 5	 1	 0.016329	 -1	 0.000000	 3.843258
285	 5	 5	 1	 0.019000	 -1	 0.000000	 3.769887
286	 5	 5	 1	 0.013040	 -1	 0.000000	 4.077848
287	 5	 5	 0	 107.869825	 -1	 0.000000	 4.111770
288	 5	 5	 1	 79.123827	 -1	 0.000000	 3.879961
289	 5	 5	 1	 0.004616	 -1	 0.000000	 4.219666
290	 5	 5	 1	 0.012562	 -1	 0.000000	 3.900480
291	 5	 5	 1	 0.020142	 -1	 0.000000	 4.214097
292	 5	 5	 1	 0.005151	 -1	 0.000000	 4.463166
293	 5	 5	 1	 0.012715	 -1	 0.000000	 3.925423
294	 5	 5	 1	 0.005446	 -1	 0.000000	 4.106781
2251	 7	 7	 0	 424.617738	 -1	 0.000000	 6.851913
295	 5	 5	 1	 0.005659	 -1	 0.000000	 4.004881
301	 5	 5	 1	 0.006311	 -1	 0.000000	 4.348353
302	 5	 5	 1	 0.014107	 -1	 0.000000	 3.914033
303	 5	 5	 1	 0.021519	 -1	 0.000000	 4.346730
304	 5	 5	 1	 0.016521	 -1	 0.000000	 3.797059
305	 5	 5	 0	 168.602769	 -1	 0.000000	 4.415415
306	 5	 5	 1	 0.020199	 -1	 0.000000	 4.034610
307	 5	 5	 1	 0.008614	 -1	 0.000000	 3.975971
308	 5	 5	 1	 3.409767	 -1	 0.000000	 4.320786
309	 5	 5	 1	 2.761500	 -1	 0.000000	 4.136036
310	 5	 5	 1	 0.008204	 -1	 0.000000	 3.817646
311	 5	 5	 1	 0.006873	 -1	 0.000000	 4.130893
312	 5	 5	 1	 0.004358	 -1	 0.000000	 3.836096
314	 5	 5	 1	 0.007124	 -1	 0.000000	 3.565021
315	 5	 5	 1	 0.010749	 -1	 0.000000	 3.987847
316	 5	 5	 1	 0.017460	 -1	 0.000000	 3.738980
317	 5	 5	 1	 0.011846	 -1	 0.000000	 3.653382
318	 5	 5	 1	 0.009294	 -1	 0.000000	 3.864656
319	 5	 5	 1	 0.030567	 -1	 0.000000	 4.041564
325	 5	 5	 1	 13.865655	 -1	 0.000000	 4.282827
326	 5	 5	 1	 0.018858	 -1	 0.000000	 3.803568
327	 5	 5	 1	 0.012136	 -1	 0.000000	 4.183800
328	 5	 5	 1	 0.007234	 -1	 0.000000	 3.801045
329	 5	 5	 1	 0.004294	 -1	 0.000000	 4.317719
330	 5	 5	 1	 0.006406	 -1	 0.000000	 3.543483
331	 5	 5	 1	 0.666979	 -1	 0.000000	 4.085846
3737	 5	 5	 0	 423.325965	 -1	 0.000000	 2.858984
332	 5	 5	 1	 127.897509	 -1	 0.000000	 4.086586
333	 5	 5	 1	 0.014574	 -1	 0.000000	 4.230434
334	 5	 5	 1	 0.035247	 -1	 0.000000	 3.975181
335	 5	 5	 1	 0.015820	 -1	 0.000000	 3.800792
336	 5	 5	 0	 107.747385	 -1	 0.000000	 4.024957
337	 5	 5	 1	 0.003538	 -1	 0.000000	 3.878887
338	 5	 5	 1	 0.007555	 -1	 0.000000	 3.688701
339	 5	 5	 1	 0.005549	 -1	 0.000000	 4.021911
340	 5	 5	 1	 0.015713	 -1	 0.000000	 3.783373
341	 5	 5	 1	 0.004688	 -1	 0.000000	 4.144862
342	 5	 5	 1	 0.003893	 -1	 0.000000	 3.964802
343	 5	 5	 1	 60.467413	 -1	 0.000000	 3.930026
344	 5	 5	 1	 0.005424	 -1	 0.000000	 3.977386
345	 5	 5	 1	 0.024967	 -1	 0.000000	 3.910138
346	 5	 5	 1	 0.015755	 -1	 0.000000	 3.845595
347	 5	 5	 1	 0.004464	 -1	 0.000000	 3.783875
348	 5	 5	 1	 45.041348	 -1	 0.000000	 4.207335
349	 5	 5	 1	 0.009185	 -1	 0.000000	 3.982915
350	 5	 5	 1	 0.011417	 -1	 0.000000	 3.848758
351	 5	 5	 1	 0.004357	 -1	 0.000000	 4.269384
352	 5	 5	 1	 0.008616	 -1	 0.000000	 4.064110
353	 5	 5	 1	 78.724217	 -1	 0.000000	 3.997108
354	 5	 5	 1	 4.257246	 -1	 0.000000	 4.240137
355	 5	 5	 1	 59.687789	 -1	 0.000000	 3.966422
356	 5	 5	 1	 0.004891	 -1	 0.000000	 3.998751
358	 5	 5	 1	 0.004694	 -1	 0.000000	 4.147926
359	 5	 5	 1	 0.016563	 -1	 0.000000	 3.807437
360	 5	 5	 1	 12.348673	 -1	 0.000000	 4.316535
361	 5	 5	 1	 0.009752	 -1	 0.000000	 4.024938
362	 5	 5	 1	 0.010577	 -1	 0.000000	 3.842010
363	 5	 5	 1	 0.016075	 -1	 0.000000	 3.886310
364	 5	 5	 0	 164.579904	 -1	 0.000000	 4.081844
365	 5	 5	 1	 0.003637	 -1	 0.000000	 4.083454
366	 5	 5	 1	 56.613439	 -1	 0.000000	 4.186063
367	 5	 5	 1	 0.008422	 -1	 0.000000	 3.965434
368	 5	 5	 1	 0.005364	 -1	 0.000000	 4.285563
369	 5	 5	 1	 0.008416	 -1	 0.000000	 3.967722
370	 5	 5	 1	 44.818135	 -1	 0.000000	 3.923998
371	 5	 5	 1	 57.211313	 -1	 0.000000	 4.148430
372	 5	 5	 1	 0.005297	 -1	 0.000000	 4.367561
373	 5	 5	 1	 0.006293	 -1	 0.000000	 4.080902
374	 5	 5	 1	 0.015928	 -1	 0.000000	 3.886297
2267	 7	 7	 0	 427.799892	 -1	 0.000000	 3.764422
375	 5	 5	 1	 0.021886	 -1	 0.000000	 3.977598
380	 5	 5	 1	 0.006369	 -1	 0.000000	 3.843252
381	 5	 5	 1	 0.014971	 -1	 0.000000	 3.970178
382	 5	 5	 1	 0.019379	 -1	 0.000000	 4.188678
383	 5	 5	 1	 0.013135	 -1	 0.000000	 3.604408
384	 5	 5	 1	 0.012487	 -1	 0.000000	 4.277164
385	 5	 5	 1	 0.006388	 -1	 0.000000	 4.152936
386	 5	 5	 1	 0.005319	 -1	 0.000000	 4.029480
387	 5	 5	 1	 0.011247	 -1	 0.000000	 3.665601
388	 5	 5	 1	 0.008914	 -1	 0.000000	 3.767071
389	 5	 5	 1	 0.011468	 -1	 0.000000	 3.866307
390	 5	 5	 1	 0.009015	 -1	 0.000000	 3.985416
391	 5	 5	 1	 0.015736	 -1	 0.000000	 3.696982
392	 5	 5	 1	 0.008703	 -1	 0.000000	 4.099510
393	 5	 5	 1	 0.017029	 -1	 0.000000	 3.696217
394	 5	 5	 1	 12.621546	 -1	 0.000000	 4.122437
395	 5	 5	 1	 0.003258	 -1	 0.000000	 4.058209
396	 5	 5	 1	 0.009557	 -1	 0.000000	 3.892336
397	 5	 5	 1	 0.009708	 -1	 0.000000	 3.651740
398	 5	 5	 1	 0.006260	 -1	 0.000000	 4.183848
399	 5	 5	 1	 0.016595	 -1	 0.000000	 3.935149
401	 5	 5	 1	 0.007285	 -1	 0.000000	 4.254429
402	 5	 5	 1	 0.028050	 -1	 0.000000	 4.053071
407	 5	 5	 1	 0.019241	 -1	 0.000000	 3.935329
408	 5	 5	 1	 0.003755	 -1	 0.000000	 4.002884
409	 5	 5	 1	 0.011048	 -1	 0.000000	 3.985683
410	 5	 5	 1	 0.009858	 -1	 0.000000	 3.849313
411	 5	 5	 1	 0.014566	 -1	 0.000000	 4.039180
412	 5	 5	 1	 0.010949	 -1	 0.000000	 3.742839
413	 5	 5	 1	 0.004289	 -1	 0.000000	 3.731001
414	 5	 5	 1	 0.012647	 -1	 0.000000	 4.383238
415	 5	 5	 1	 9.641893	 -1	 0.000000	 4.002622
416	 5	 5	 1	 0.015550	 -1	 0.000000	 3.970996
417	 5	 5	 1	 0.005622	 -1	 0.000000	 3.973930
418	 5	 5	 1	 0.005899	 -1	 0.000000	 3.735454
419	 5	 5	 1	 0.012857	 -1	 0.000000	 3.749060
420	 5	 5	 1	 0.020193	 -1	 0.000000	 3.867688
431	 5	 5	 1	 0.004034	 -1	 0.000000	 3.916007
432	 5	 5	 1	 0.005922	 -1	 0.000000	 3.657189
433	 5	 5	 1	 0.006499	 -1	 0.000000	 3.933100
434	 5	 5	 1	 0.004895	 -1	 0.000000	 4.124295
435	 5	 5	 1	 0.004414	 -1	 0.000000	 3.940538
436	 5	 5	 1	 0.032621	 -1	 0.000000	 4.091785
437	 5	 5	 1	 0.003077	 -1	 0.000000	 3.906142
438	 5	 5	 1	 0.006395	 -1	 0.000000	 3.761136
439	 5	 5	 1	 0.023207	 -1	 0.000000	 4.193609
440	 5	 5	 1	 25.946011	 -1	 0.000000	 3.621461
441	 5	 5	 1	 0.011212	 -1	 0.000000	 3.916176
442	 5	 5	 1	 0.004427	 -1	 0.000000	 4.255926
443	 5	 5	 1	 0.016352	 -1	 0.000000	 3.699748
444	 5	 5	 1	 0.003871	 -1	 0.000000	 4.250722
445	 5	 5	 1	 0.016658	 -1	 0.000000	 3.636940
446	 5	 5	 1	 0.003665	 -1	 0.000000	 4.016347
447	 5	 5	 1	 0.010718	 -1	 0.000000	 3.806430
448	 5	 5	 1	 0.004574	 -1	 0.000000	 4.089675
449	 5	 5	 1	 11.973237	 -1	 0.000000	 3.856207
450	 5	 5	 1	 3.905072	 -1	 0.000000	 4.226991
451	 5	 5	 1	 0.008060	 -1	 0.000000	 4.149569
452	 5	 5	 1	 0.006174	 -1	 0.000000	 4.182503
453	 5	 5	 1	 0.017886	 -1	 0.000000	 3.851960
454	 5	 5	 1	 28.490601	 -1	 0.000000	 3.869351
455	 5	 5	 1	 42.599249	 -1	 0.000000	 3.932709
456	 5	 5	 1	 0.014869	 -1	 0.000000	 3.597787
457	 5	 5	 1	 0.015066	 -1	 0.000000	 3.909099
458	 5	 5	 1	 0.010643	 -1	 0.000000	 3.856472
459	 5	 5	 1	 0.008369	 -1	 0.000000	 3.713805
460	 5	 5	 1	 0.020611	 -1	 0.000000	 3.839432
461	 5	 5	 1	 0.008517	 -1	 0.000000	 3.612412
462	 5	 5	 1	 0.006561	 -1	 0.000000	 3.784000
463	 5	 5	 1	 0.016155	 -1	 0.000000	 4.448065
464	 5	 5	 1	 0.014676	 -1	 0.000000	 3.974813
465	 5	 5	 1	 0.017491	 -1	 0.000000	 3.427296
466	 5	 5	 1	 0.003146	 -1	 0.000000	 4.360610
467	 5	 5	 1	 0.012286	 -1	 0.000000	 3.773712
468	 5	 5	 1	 0.012981	 -1	 0.000000	 3.793626
469	 5	 5	 1	 0.010878	 -1	 0.000000	 4.102951
470	 5	 5	 0	 178.118642	 -1	 0.000000	 4.006998
471	 5	 5	 1	 0.009681	 -1	 0.000000	 3.897389
472	 5	 5	 1	 0.005146	 -1	 0.000000	 4.010272
473	 5	 5	 1	 0.007595	 -1	 0.000000	 3.570109
474	 5	 5	 1	 0.016275	 -1	 0.000000	 3.872422
475	 5	 5	 1	 0.013072	 -1	 0.000000	 3.986773
476	 5	 5	 1	 2.212682	 -1	 0.000000	 4.195498
477	 5	 5	 1	 0.004678	 -1	 0.000000	 3.940870
480	 5	 5	 1	 0.010986	 -1	 0.000000	 3.668090
481	 5	 5	 1	 0.013154	 -1	 0.000000	 3.782246
482	 5	 5	 1	 0.011904	 -1	 0.000000	 4.049946
483	 5	 5	 1	 0.011316	 -1	 0.000000	 3.948869
484	 5	 5	 1	 0.009988	 -1	 0.000000	 3.967819
485	 5	 5	 0	 198.976498	 -1	 0.000000	 4.005558
486	 5	 5	 1	 0.023920	 -1	 0.000000	 3.804702
487	 5	 5	 1	 0.006543	 -1	 0.000000	 4.013855
488	 5	 5	 1	 0.009328	 -1	 0.000000	 3.694105
489	 5	 5	 1	 0.007839	 -1	 0.000000	 4.061459
490	 5	 5	 1	 0.009880	 -1	 0.000000	 3.802860
491	 5	 5	 1	 0.031045	 -1	 0.000000	 3.795018
492	 5	 5	 1	 0.026426	 -1	 0.000000	 4.005917
493	 5	 5	 1	 0.006080	 -1	 0.000000	 4.146242
494	 5	 5	 1	 0.015880	 -1	 0.000000	 4.005703
495	 5	 5	 1	 85.894268	 -1	 0.000000	 4.061730
496	 5	 5	 1	 0.019198	 -1	 0.000000	 3.774464
497	 5	 5	 1	 0.007054	 -1	 0.000000	 3.929529
498	 5	 5	 1	 0.007375	 -1	 0.000000	 4.018727
>>> gr_fir_ccf: using E
>>> gr_fir_fff: using E
gr_buffer::allocate_buffer: warning: tried to allocate
   22 items of size 2928. Due to alignment requirements
   256 were allocated.  If this isn't OK, consider padding
   your structure to a power-of-two bytes.
   On this platform, our allocation granularity is 4096 bytes.
0	 7	 7	 1	 0.143452	 -1	 0.000000	 4.065467
1	 7	 7	 1	 0.072249	 -1	 0.000000	 3.688759
2	 7	 7	 1	 0.224166	 -1	 0.000000	 3.901823
3	 7	 7	 1	 0.332217	 -1	 0.000000	 3.895712
4	 7	 7	 1	 0.039087	 -1	 0.000000	 3.581948
5	 7	 7	 1	 0.013446	 -1	 0.000000	 3.629655
6	 7	 7	 1	 0.094483	 -1	 0.000000	 3.941873
7	 7	 7	 0	 154.331208	 -1	 0.000000	 3.735703
8	 7	 7	 1	 0.010233	 -1	 0.000000	 3.955808
9	 7	 7	 1	 0.141027	 -1	 0.000000	 3.874093
10	 7	 7	 1	 0.132908	 -1	 0.000000	 4.039299
11	 7	 7	 1	 0.010011	 -1	 0.000000	 4.258346
12	 7	 7	 1	 0.007991	 -1	 0.000000	 4.008387
13	 7	 7	 1	 0.191961	 -1	 0.000000	 4.399349
14	 7	 7	 1	 0.045955	 -1	 0.000000	 3.860946
15	 7	 7	 1	 0.063492	 -1	 0.000000	 3.533110
16	 7	 7	 1	 25.742754	 -1	 0.000000	 4.265951
17	 7	 7	 1	 0.072316	 -1	 0.000000	 3.691563
18	 7	 7	 1	 0.116510	 -1	 0.000000	 3.830390
19	 7	 7	 1	 0.222704	 -1	 0.000000	 3.536500
20	 7	 7	 1	 0.010824	 -1	 0.000000	 4.301631
21	 7	 7	 1	 0.017526	 -1	 0.000000	 4.007689
22	 7	 7	 0	 294.811313	 -1	 0.000000	 4.184760
23	 7	 7	 1	 0.183467	 -1	 0.000000	 3.778118
>>> gr_fir_ccf: using E
>>> gr_fir_fff: using E
terminate called after throwing an instance of 'std::invalid_argument'
  what():  gr_ofdm_demod: Incorrect subcarriers allocated
>>> gr_fir_ccf: using E
>>> gr_fir_fff: using E
terminate called after throwing an instance of 'std::invalid_argument'
  what():  gr_ofdm_demod: Incorrect subcarriers allocated
>>> gr_fir_ccf: using E
>>> gr_fir_fff: using E
gr_buffer::allocate_buffer: warning: tried to allocate
   22 items of size 2928. Due to alignment requirements
   256 were allocated.  If this isn't OK, consider padding
   your structure to a power-of-two bytes.
   On this platform, our allocation granularity is 4096 bytes.
0	 9	 9	 1	 133.312740	 -1	 0.000000	 4.235622
1	 9	 9	 1	 131.849709	 -1	 0.000000	 3.826987
2	 9	 9	 1	 21.702106	 -1	 0.000000	 4.087806
3	 9	 9	 1	 17.372048	 -1	 0.000000	 3.908434
4	 9	 9	 1	 18.411917	 -1	 0.000000	 4.204496
5	 9	 9	 1	 22.602129	 -1	 0.000000	 4.216493
6	 9	 9	 1	 26.026900	 -1	 0.000000	 4.038388
7	 9	 9	 1	 16.611039	 -1	 0.000000	 3.761405
8	 9	 9	 1	 136.362329	 -1	 0.000000	 3.743547
9	 9	 9	 1	 152.254454	 -1	 0.000000	 3.966684
10	 9	 9	 1	 20.462761	 -1	 0.000000	 4.152092
11	 9	 9	 1	 16.747925	 -1	 0.000000	 3.885121
12	 9	 9	 1	 19.530986	 -1	 0.000000	 4.255618
13	 9	 9	 1	 18.425987	 -1	 0.000000	 3.975767
14	 9	 9	 1	 19.144907	 -1	 0.000000	 3.914607
15	 9	 9	 1	 132.325450	 -1	 0.000000	 3.716106
16	 9	 9	 1	 26.650995	 -1	 0.000000	 4.177585
17	 9	 9	 1	 125.018315	 -1	 0.000000	 3.564861
18	 9	 9	 1	 133.332346	 -1	 0.000000	 3.603844
19	 9	 9	 1	 18.432722	 -1	 0.000000	 4.342814
20	 9	 9	 1	 40.646406	 -1	 0.000000	 4.578302
21	 9	 9	 1	 22.784659	 -1	 0.000000	 4.146479
22	 9	 9	 1	 25.215113	 -1	 0.000000	 4.034129
23	 9	 9	 1	 141.454148	 -1	 0.000000	 3.850521
24	 9	 9	 1	 26.109057	 -1	 0.000000	 4.029091
25	 9	 9	 1	 131.564970	 -1	 0.000000	 4.183744
>>> gr_fir_ccf: using E
>>> gr_fir_fff: using E
gr_buffer::allocate_buffer: warning: tried to allocate
   22 items of size 2928. Due to alignment requirements
   256 were allocated.  If this isn't OK, consider padding
   your structure to a power-of-two bytes.
   On this platform, our allocation granularity is 4096 bytes.
40	 9	 9	 1	 18.248486	 -1	 0.000000	 3.746815
41	 9	 9	 1	 20.754186	 -1	 0.000000	 4.171303
42	 9	 9	 1	 29.352313	 -1	 0.000000	 4.716962
43	 9	 9	 1	 131.493580	 -1	 0.000000	 3.849449
44	 9	 9	 1	 16.616017	 -1	 0.000000	 3.832283
45	 9	 9	 1	 16.199429	 -1	 0.000000	 4.224732
46	 9	 9	 1	 19.462155	 -1	 0.000000	 3.984439
47	 9	 9	 1	 35.715545	 -1	 0.000000	 3.963182
48	 9	 9	 1	 142.226894	 -1	 0.000000	 4.050300
49	 9	 9	 1	 24.056985	 -1	 0.000000	 4.090611
50	 9	 9	 1	 141.556865	 -1	 0.000000	 4.014988
51	 9	 9	 1	 13.514962	 -1	 0.000000	 3.988624
52	 9	 9	 1	 131.770273	 -1	 0.000000	 3.942576
53	 9	 9	 1	 19.436305	 -1	 0.000000	 3.872830
54	 9	 9	 1	 150.313308	 -1	 0.000000	 4.053328
55	 9	 9	 1	 126.206210	 -1	 0.000000	 4.249820
56	 9	 9	 1	 127.806693	 -1	 0.000000	 3.989269
57	 9	 9	 1	 131.762546	 -1	 0.000000	 3.774958
58	 9	 9	 1	 152.650308	 -1	 0.000000	 3.698245
59	 9	 9	 1	 28.309620	 -1	 0.000000	 4.104531
60	 9	 9	 1	 20.750633	 -1	 0.000000	 4.036607
61	 9	 9	 1	 124.357639	 -1	 0.000000	 3.695317
62	 9	 9	 1	 25.702614	 -1	 0.000000	 4.205973
63	 9	 9	 1	 19.579510	 -1	 0.000000	 4.182665
64	 9	 9	 1	 153.203061	 -1	 0.000000	 3.878705
65	 9	 9	 1	 18.136433	 -1	 0.000000	 3.962099
66	 9	 9	 1	 21.031253	 -1	 0.000000	 3.840212
67	 9	 9	 1	 136.498455	 -1	 0.000000	 3.972567
68	 9	 9	 1	 18.067186	 -1	 0.000000	 4.075771
69	 9	 9	 1	 20.706623	 -1	 0.000000	 4.179858
70	 9	 9	 1	 23.077657	 -1	 0.000000	 4.186926
71	 9	 9	 1	 20.686092	 -1	 0.000000	 3.816250
72	 9	 9	 1	 16.413544	 -1	 0.000000	 4.291282
73	 9	 9	 1	 17.472146	 -1	 0.000000	 4.211234
74	 9	 9	 1	 19.442029	 -1	 0.000000	 3.845910
75	 9	 9	 1	 157.628806	 -1	 0.000000	 4.024476
76	 9	 9	 1	 23.016388	 -1	 0.000000	 4.040999
77	 9	 9	 1	 154.514446	 -1	 0.000000	 4.015076
78	 9	 9	 1	 15.969220	 -1	 0.000000	 4.349877
79	 9	 9	 1	 128.942768	 -1	 0.000000	 3.996964
80	 9	 9	 1	 120.723815	 -1	 0.000000	 3.630506
82	 9	 9	 1	 156.874390	 -1	 0.000000	 3.739107
83	 9	 9	 1	 22.535409	 -1	 0.000000	 4.219104
84	 9	 9	 1	 131.286181	 -1	 0.000000	 3.955295
85	 9	 9	 1	 14.433422	 -1	 0.000000	 3.799056
86	 9	 9	 1	 18.267075	 -1	 0.000000	 3.738851
87	 9	 9	 1	 144.173252	 -1	 0.000000	 3.864926
88	 9	 9	 1	 20.178973	 -1	 0.000000	 4.223864
89	 9	 9	 1	 16.801612	 -1	 0.000000	 4.207057
90	 9	 9	 1	 22.281194	 -1	 0.000000	 3.871397
91	 9	 9	 1	 45.694035	 -1	 0.000000	 4.059455
92	 9	 9	 1	 9.682981	 -1	 0.000000	 4.013344
93	 9	 9	 1	 13.232870	 -1	 0.000000	 4.048534
94	 9	 9	 1	 141.256268	 -1	 0.000000	 4.014497
95	 9	 9	 1	 34.094764	 -1	 0.000000	 4.167140
96	 9	 9	 1	 23.449490	 -1	 0.000000	 4.034859
97	 9	 9	 1	 142.654935	 -1	 0.000000	 3.881134
98	 9	 9	 1	 19.645810	 -1	 0.000000	 4.204324
99	 9	 9	 1	 27.594820	 -1	 0.000000	 4.035213
100	 9	 9	 1	 17.409421	 -1	 0.000000	 3.716919
101	 9	 9	 1	 135.459732	 -1	 0.000000	 3.917329
102	 9	 9	 1	 12.792841	 -1	 0.000000	 3.940557
103	 9	 9	 1	 26.028788	 -1	 0.000000	 4.071963
104	 9	 9	 1	 14.968570	 -1	 0.000000	 3.808491
105	 9	 9	 1	 13.199842	 -1	 0.000000	 4.113468
106	 9	 9	 1	 16.784509	 -1	 0.000000	 3.853257
107	 9	 9	 1	 19.801941	 -1	 0.000000	 3.788701
108	 9	 9	 1	 18.321625	 -1	 0.000000	 3.974870
109	 9	 9	 1	 16.660534	 -1	 0.000000	 3.889244
110	 9	 9	 1	 141.654364	 -1	 0.000000	 3.991117
111	 9	 9	 1	 16.986313	 -1	 0.000000	 4.120900
112	 9	 9	 1	 123.178736	 -1	 0.000000	 3.742960
113	 9	 9	 1	 14.920028	 -1	 0.000000	 3.920117
114	 9	 9	 1	 142.104611	 -1	 0.000000	 3.915371
116	 9	 9	 1	 21.036474	 -1	 0.000000	 4.133995
117	 9	 9	 1	 16.661221	 -1	 0.000000	 4.170235
118	 9	 9	 1	 17.284687	 -1	 0.000000	 4.192462
119	 9	 9	 1	 154.863971	 -1	 0.000000	 3.804049
120	 9	 9	 1	 128.243513	 -1	 0.000000	 3.758746
121	 9	 9	 1	 18.701953	 -1	 0.000000	 4.149036
122	 9	 9	 1	 29.756482	 -1	 0.000000	 3.974465
123	 9	 9	 1	 25.960792	 -1	 0.000000	 4.066216
124	 9	 9	 1	 139.965951	 -1	 0.000000	 3.710408
125	 9	 9	 1	 25.216406	 -1	 0.000000	 4.036975
126	 9	 9	 1	 15.871305	 -1	 0.000000	 4.438017
127	 9	 9	 1	 15.784869	 -1	 0.000000	 4.076612
128	 9	 9	 1	 18.125801	 -1	 0.000000	 4.131978
129	 9	 9	 1	 24.206021	 -1	 0.000000	 4.035838
130	 9	 9	 1	 162.111092	 -1	 0.000000	 3.565633
131	 9	 9	 1	 139.425069	 -1	 0.000000	 3.903550
132	 9	 9	 1	 22.257430	 -1	 0.000000	 4.334508
133	 9	 9	 1	 24.551446	 -1	 0.000000	 3.900408
134	 9	 9	 1	 20.262570	 -1	 0.000000	 3.717407
135	 9	 9	 1	 30.522845	 -1	 0.000000	 4.168768
136	 9	 9	 1	 138.215417	 -1	 0.000000	 4.053272
137	 9	 9	 1	 24.283612	 -1	 0.000000	 4.162867
138	 9	 9	 1	 25.741109	 -1	 0.000000	 4.009201
139	 9	 9	 1	 133.774388	 -1	 0.000000	 3.985885
140	 9	 9	 1	 20.451374	 -1	 0.000000	 4.220448
141	 9	 9	 1	 26.558113	 -1	 0.000000	 4.216369
142	 9	 9	 1	 18.712764	 -1	 0.000000	 4.161353
143	 9	 9	 1	 141.952254	 -1	 0.000000	 4.021742
144	 9	 9	 1	 151.693570	 -1	 0.000000	 3.755670
145	 9	 9	 1	 19.657298	 -1	 0.000000	 3.862712
147	 9	 9	 1	 23.875223	 -1	 0.000000	 4.107861
148	 9	 9	 1	 125.952621	 -1	 0.000000	 4.145672
149	 9	 9	 1	 18.201415	 -1	 0.000000	 3.901608
151	 9	 9	 1	 29.942151	 -1	 0.000000	 4.032308
152	 9	 9	 1	 25.334547	 -1	 0.000000	 4.012588
153	 9	 9	 1	 16.840267	 -1	 0.000000	 4.199881
155	 9	 9	 1	 15.885846	 -1	 0.000000	 4.462842
156	 9	 9	 1	 17.167413	 -1	 0.000000	 4.213436
157	 9	 9	 1	 15.916652	 -1	 0.000000	 4.390438
158	 9	 9	 1	 16.012461	 -1	 0.000000	 3.954008
159	 9	 9	 1	 150.505221	 -1	 0.000000	 3.792343
160	 9	 9	 1	 25.171380	 -1	 0.000000	 4.043830
161	 9	 9	 1	 127.192715	 -1	 0.000000	 3.709256
162	 9	 9	 1	 19.148870	 -1	 0.000000	 4.318035
163	 9	 9	 1	 14.224429	 -1	 0.000000	 4.088665
164	 9	 9	 1	 24.288459	 -1	 0.000000	 4.222745
165	 9	 9	 1	 145.207499	 -1	 0.000000	 3.951378
166	 9	 9	 1	 15.345687	 -1	 0.000000	 4.294748
167	 9	 9	 1	 25.679564	 -1	 0.000000	 4.089333
168	 9	 9	 1	 27.165004	 -1	 0.000000	 3.956667
3957	 15	 15	 0	 403.850734	 -1	 0.000000	 6.092391
169	 9	 9	 1	 139.351115	 -1	 0.000000	 4.012843
170	 9	 9	 1	 26.913909	 -1	 0.000000	 4.063507
171	 9	 9	 1	 15.321226	 -1	 0.000000	 4.310855
173	 9	 9	 1	 17.015031	 -1	 0.000000	 3.856371
174	 9	 9	 1	 16.349232	 -1	 0.000000	 3.909980
175	 9	 9	 1	 147.338447	 -1	 0.000000	 3.708667
176	 9	 9	 1	 29.676539	 -1	 0.000000	 3.906128
177	 9	 9	 1	 135.790273	 -1	 0.000000	 4.048882
178	 9	 9	 1	 138.158366	 -1	 0.000000	 3.922668
179	 9	 9	 1	 22.465267	 -1	 0.000000	 4.174304
581	 15	 15	 0	 411.985964	 -1	 0.000000	 5.820290
180	 9	 9	 1	 20.345758	 -1	 0.000000	 3.739998
181	 9	 9	 1	 30.550549	 -1	 0.000000	 4.140926
182	 9	 9	 1	 138.072010	 -1	 0.000000	 4.040570
183	 9	 9	 1	 12.561949	 -1	 0.000000	 4.015882
184	 9	 9	 1	 144.770954	 -1	 0.000000	 3.849758
185	 9	 9	 1	 19.837919	 -1	 0.000000	 4.056548
186	 9	 9	 1	 137.094358	 -1	 0.000000	 4.019404
187	 9	 9	 1	 26.976869	 -1	 0.000000	 4.046900
188	 9	 9	 1	 120.052542	 -1	 0.000000	 3.788003
189	 9	 9	 1	 23.898485	 -1	 0.000000	 4.049706
190	 9	 9	 1	 30.686772	 -1	 0.000000	 4.591016
191	 9	 9	 1	 166.654950	 -1	 0.000000	 3.802349
192	 9	 9	 1	 33.195955	 -1	 0.000000	 3.952255
193	 9	 9	 1	 23.016758	 -1	 0.000000	 3.995780
194	 9	 9	 1	 14.223874	 -1	 0.000000	 3.865350
195	 9	 9	 1	 19.917292	 -1	 0.000000	 4.026834
196	 9	 9	 1	 16.069513	 -1	 0.000000	 4.101952
197	 9	 9	 1	 36.542363	 -1	 0.000000	 4.053490
198	 9	 9	 1	 17.504525	 -1	 0.000000	 4.234859
199	 9	 9	 1	 14.739329	 -1	 0.000000	 4.078021
201	 9	 9	 1	 15.494019	 -1	 0.000000	 4.447841
202	 9	 9	 1	 11.774070	 -1	 0.000000	 4.117803
203	 9	 9	 1	 16.547430	 -1	 0.000000	 3.973909
204	 9	 9	 1	 21.964659	 -1	 0.000000	 4.336937
205	 9	 9	 1	 17.347853	 -1	 0.000000	 3.831089
206	 9	 9	 1	 31.233829	 -1	 0.000000	 4.084836
207	 9	 9	 1	 147.194743	 -1	 0.000000	 3.848770
208	 9	 9	 1	 26.208680	 -1	 0.000000	 4.111904
209	 9	 9	 1	 13.642234	 -1	 0.000000	 3.949447
210	 9	 9	 1	 20.677066	 -1	 0.000000	 4.207331
211	 9	 9	 1	 158.039788	 -1	 0.000000	 3.837562
212	 9	 9	 1	 26.400296	 -1	 0.000000	 4.068495
213	 9	 9	 1	 148.977830	 -1	 0.000000	 3.923255
214	 9	 9	 1	 14.752790	 -1	 0.000000	 4.513751
215	 9	 9	 1	 17.907331	 -1	 0.000000	 4.299103
216	 9	 9	 1	 140.771164	 -1	 0.000000	 3.962027
217	 9	 9	 1	 12.907826	 -1	 0.000000	 4.443972
218	 9	 9	 1	 22.392309	 -1	 0.000000	 4.095361
219	 9	 9	 1	 134.442337	 -1	 0.000000	 4.104292
221	 9	 9	 1	 18.899230	 -1	 0.000000	 3.860568
222	 9	 9	 1	 136.576595	 -1	 0.000000	 3.932074
223	 9	 9	 1	 33.877053	 -1	 0.000000	 3.941580
224	 9	 9	 1	 115.378678	 -1	 0.000000	 3.703401
225	 9	 9	 1	 21.350092	 -1	 0.000000	 4.254442
>>> gr_fir_ccf: using E
>>> gr_fir_fff: using E
gr_buffer::allocate_buffer: warning: tried to allocate
   22 items of size 2928. Due to alignment requirements
   256 were allocated.  If this isn't OK, consider padding
   your structure to a power-of-two bytes.
   On this platform, our allocation granularity is 4096 bytes.
40	 11	 11	 1	 339.008527	 -1	 0.000000	 3.858820
41	 11	 11	 1	 54.611762	 -1	 0.000000	 3.905881
42	 11	 11	 1	 34.052499	 -1	 0.000000	 4.208236
43	 11	 11	 1	 37.144000	 -1	 0.000000	 4.272365
44	 11	 11	 1	 338.625157	 -1	 0.000000	 3.934371
45	 11	 11	 1	 60.508717	 -1	 0.000000	 4.103979
46	 11	 11	 1	 36.473888	 -1	 0.000000	 3.751958
47	 11	 11	 1	 43.733133	 -1	 0.000000	 3.731255
48	 11	 11	 1	 51.825718	 -1	 0.000000	 4.248412
49	 11	 11	 1	 49.146606	 -1	 0.000000	 4.105794
50	 11	 11	 0	 303.948393	 -1	 0.000000	 3.721506
52	 11	 11	 1	 230.320236	 -1	 0.000000	 3.795827
53	 11	 11	 0	 335.313227	 -1	 0.000000	 3.780145
54	 11	 11	 1	 39.479882	 -1	 0.000000	 4.001635
55	 11	 11	 1	 30.271337	 -1	 0.000000	 4.679620
56	 11	 11	 1	 54.184074	 -1	 0.000000	 4.123143
57	 11	 11	 1	 52.110127	 -1	 0.000000	 4.175386
58	 11	 11	 0	 376.130541	 -1	 0.000000	 4.011713
59	 11	 11	 1	 72.294386	 -1	 0.000000	 4.095501
60	 11	 11	 1	 59.067297	 -1	 0.000000	 4.035954
61	 11	 11	 0	 284.062304	 -1	 0.000000	 4.074605
62	 11	 11	 1	 23.449196	 -1	 0.000000	 4.101671
63	 11	 11	 0	 385.829141	 -1	 0.000000	 3.891935
64	 11	 11	 1	 283.103774	 -1	 0.000000	 3.782646
65	 11	 11	 1	 44.863043	 -1	 0.000000	 3.856766
66	 11	 11	 0	 300.469594	 -1	 0.000000	 3.582178
68	 11	 11	 1	 59.010654	 -1	 0.000000	 4.042372
69	 11	 11	 1	 318.971268	 -1	 0.000000	 4.184255
70	 11	 11	 1	 180.016474	 -1	 0.000000	 3.929013
71	 11	 11	 1	 63.623926	 -1	 0.000000	 4.055063
73	 11	 11	 1	 54.346422	 -1	 0.000000	 4.056142
74	 11	 11	 1	 162.531734	 -1	 0.000000	 3.799505
75	 11	 11	 1	 177.318581	 -1	 0.000000	 3.915899
>>> gr_fir_ccf: using E
>>> gr_fir_fff: using E
gr_buffer::allocate_buffer: warning: tried to allocate
   22 items of size 2928. Due to alignment requirements
   256 were allocated.  If this isn't OK, consider padding
   your structure to a power-of-two bytes.
   On this platform, our allocation granularity is 4096 bytes.
41	 11	 11	 0	 330.001239	 -1	 0.000000	 4.007981
42	 11	 11	 1	 294.201266	 -1	 0.000000	 3.632285
43	 11	 11	 1	 46.507539	 -1	 0.000000	 4.134533
44	 11	 11	 1	 57.250457	 -1	 0.000000	 4.259476
45	 11	 11	 1	 193.385409	 -1	 0.000000	 3.939551
46	 11	 11	 1	 36.971091	 -1	 0.000000	 4.390561
47	 11	 11	 1	 45.553385	 -1	 0.000000	 4.102439
>>> gr_fir_ccf: using E
>>> gr_fir_fff: using E
gr_buffer::allocate_buffer: warning: tried to allocate
   22 items of size 2928. Due to alignment requirements
   256 were allocated.  If this isn't OK, consider padding
   your structure to a power-of-two bytes.
   On this platform, our allocation granularity is 4096 bytes.
40	 10	 10	 0	 438.514967	 -1	 0.000000	 4.406590
41	 10	 10	 0	 475.374337	 -1	 0.000000	 3.735100
42	 10	 10	 0	 421.697987	 -1	 0.000000	 4.311993
43	 10	 10	 0	 437.694190	 -1	 0.000000	 4.114001
44	 10	 10	 0	 467.456017	 -1	 0.000000	 4.129081
45	 10	 10	 0	 468.078878	 -1	 0.000000	 3.639982
46	 10	 10	 0	 417.308646	 -1	 0.000000	 3.696929
47	 10	 10	 0	 468.248167	 -1	 0.000000	 3.948095
48	 10	 10	 0	 432.094556	 -1	 0.000000	 4.163704
51	 10	 10	 0	 447.498349	 -1	 0.000000	 4.152445
53	 10	 10	 0	 431.573047	 -1	 0.000000	 4.259044
54	 10	 10	 0	 420.695442	 -1	 0.000000	 3.682417
55	 10	 10	 0	 451.024749	 -1	 0.000000	 4.284136
3492	 7	 7	 0	 444.209765	 -1	 0.000000	 2.028635
56	 10	 10	 0	 470.164505	 -1	 0.000000	 4.184804
57	 10	 10	 0	 437.718676	 -1	 0.000000	 4.187988
58	 10	 10	 0	 468.462606	 -1	 0.000000	 3.698930
59	 10	 10	 0	 476.387291	 -1	 0.000000	 3.786008
60	 10	 10	 0	 445.926196	 -1	 0.000000	 4.058972
61	 10	 10	 0	 388.994839	 -1	 0.000000	 4.504255
62	 10	 10	 0	 468.261462	 -1	 0.000000	 3.691210
63	 10	 10	 0	 443.838973	 -1	 0.000000	 4.100964
64	 10	 10	 0	 476.604757	 -1	 0.000000	 4.120275
65	 10	 10	 0	 472.944046	 -1	 0.000000	 3.796475
790	 10	 10	 0	 432.251501	 -1	 0.000000	 4.776301
66	 10	 10	 0	 476.100021	 -1	 0.000000	 3.686927
67	 10	 10	 0	 451.816321	 -1	 0.000000	 4.076008
68	 10	 10	 1	 389.369172	 -1	 0.000000	 4.304483
69	 10	 10	 0	 471.008745	 -1	 0.000000	 3.632461
70	 10	 10	 0	 412.541430	 -1	 0.000000	 3.921416
71	 10	 10	 0	 424.374153	 -1	 0.000000	 3.941196
72	 10	 10	 0	 475.420737	 -1	 0.000000	 3.690873
73	 10	 10	 0	 472.335469	 -1	 0.000000	 3.704916
74	 10	 10	 0	 418.859662	 -1	 0.000000	 3.886902
75	 10	 10	 0	 418.355402	 -1	 0.000000	 4.294336
76	 10	 10	 0	 432.984383	 -1	 0.000000	 4.305280
77	 10	 10	 0	 473.699862	 -1	 0.000000	 3.760363
78	 10	 10	 0	 466.116413	 -1	 0.000000	 4.189392
79	 10	 10	 0	 415.918506	 -1	 0.000000	 3.796336
80	 10	 10	 0	 439.306943	 -1	 0.000000	 4.221447
81	 10	 10	 0	 431.105047	 -1	 0.000000	 3.906851
82	 10	 10	 0	 469.443013	 -1	 0.000000	 3.942711
83	 10	 10	 0	 475.508553	 -1	 0.000000	 3.862811
84	 10	 10	 1	 378.244302	 -1	 0.000000	 4.215447
85	 10	 10	 0	 473.186308	 -1	 0.000000	 4.070879
86	 10	 10	 0	 450.073835	 -1	 0.000000	 3.674145
87	 10	 10	 0	 448.639157	 -1	 0.000000	 4.095958
88	 10	 10	 0	 446.533591	 -1	 0.000000	 4.003848
89	 10	 10	 0	 443.985450	 -1	 0.000000	 4.150149
90	 10	 10	 1	 389.688680	 -1	 0.000000	 3.893817
91	 10	 10	 0	 374.012738	 -1	 0.000000	 4.089481
92	 10	 10	 0	 448.193036	 -1	 0.000000	 4.201220
93	 10	 10	 0	 472.924401	 -1	 0.000000	 4.079024
94	 10	 10	 0	 472.136806	 -1	 0.000000	 4.071307
95	 10	 10	 0	 440.019734	 -1	 0.000000	 4.120243
1233	 9	 9	 0	 456.009862	 -1	 0.000000	 4.724658
97	 10	 10	 0	 446.038186	 -1	 0.000000	 4.271274
98	 10	 10	 0	 473.737767	 -1	 0.000000	 3.709259
99	 10	 10	 0	 471.151211	 -1	 0.000000	 4.025358
100	 10	 10	 0	 416.898020	 -1	 0.000000	 4.328643
101	 10	 10	 0	 433.012361	 -1	 0.000000	 4.340403
102	 10	 10	 0	 444.815385	 -1	 0.000000	 3.925486
103	 10	 10	 0	 427.082807	 -1	 0.000000	 3.805022
104	 10	 10	 0	 473.845819	 -1	 0.000000	 3.903163
105	 10	 10	 0	 445.465821	 -1	 0.000000	 4.125949
106	 10	 10	 1	 365.288301	 -1	 0.000000	 3.858035
107	 10	 10	 0	 380.907518	 -1	 0.000000	 4.052774
108	 10	 10	 0	 444.944601	 -1	 0.000000	 4.031257
109	 10	 10	 0	 439.663497	 -1	 0.000000	 4.124721
110	 10	 10	 0	 443.786390	 -1	 0.000000	 4.127251
111	 10	 10	 0	 395.599885	 -1	 0.000000	 4.035204
112	 10	 10	 0	 460.227097	 -1	 0.000000	 4.011267
113	 10	 10	 0	 433.024460	 -1	 0.000000	 3.736038
114	 10	 10	 0	 452.759587	 -1	 0.000000	 3.943155
115	 10	 10	 0	 435.496759	 -1	 0.000000	 4.011009
116	 10	 10	 0	 460.249663	 -1	 0.000000	 3.949837
117	 10	 10	 0	 441.612453	 -1	 0.000000	 4.057418
118	 10	 10	 0	 443.049916	 -1	 0.000000	 4.016741
119	 10	 10	 0	 451.815521	 -1	 0.000000	 4.141427

