>>> gr_fir_ccf: using E
>>> gr_fir_fff: using E
gr_buffer::allocate_buffer: warning: tried to allocate
   22 items of size 2928. Due to alignment requirements
   256 were allocated.  If this isn't OK, consider padding
   your structure to a power-of-two bytes.
   On this platform, our allocation granularity is 4096 bytes.
27	 13	 13	 1	 0.000000	 -1	 0.000000	 9.420670
28	 13	 13	 1	 45.361734	 -1	 0.000000	 6.866519
29	 13	 13	 1	 0.000002	 -1	 0.000000	 13.722407
30	 13	 13	 1	 0.000003	 -1	 0.000000	 9.259224
31	 13	 13	 1	 0.000002	 -1	 0.000000	 11.587393
32	 13	 13	 1	 0.000003	 -1	 0.000000	 9.176773
33	 13	 13	 1	 0.000003	 -1	 0.000000	 9.517225
34	 13	 13	 1	 0.000002	 -1	 0.000000	 8.557582
35	 13	 13	 1	 0.000001	 -1	 0.000000	 9.701776
36	 13	 13	 1	 0.000002	 -1	 0.000000	 9.871800
37	 13	 13	 1	 26.797080	 -1	 0.000000	 8.756311
38	 13	 13	 1	 0.000003	 -1	 0.000000	 10.186462
39	 13	 13	 1	 0.000002	 -1	 0.000000	 9.611056
40	 13	 13	 1	 0.000003	 -1	 0.000000	 9.825670
41	 13	 13	 1	 0.152895	 -1	 0.000000	 7.825196
42	 13	 13	 1	 0.000001	 -1	 0.000000	 10.889878
43	 13	 13	 1	 0.000003	 -1	 0.000000	 8.881284
44	 13	 13	 1	 0.000002	 -1	 0.000000	 12.674994
45	 13	 13	 1	 0.000003	 -1	 0.000000	 10.539643
46	 13	 13	 1	 0.000000	 -1	 0.000000	 10.091969
47	 13	 13	 1	 0.000002	 -1	 0.000000	 9.503537
48	 13	 13	 1	 0.000002	 -1	 0.000000	 8.525097
49	 13	 13	 1	 0.000003	 -1	 0.000000	 7.557214
50	 13	 13	 1	 0.000001	 -1	 0.000000	 12.409583
51	 13	 13	 1	 0.000002	 -1	 0.000000	 9.367301
53	 13	 13	 1	 0.000000	 -1	 0.000000	 10.073358
54	 13	 13	 1	 0.000003	 -1	 0.000000	 8.041414
55	 13	 13	 1	 0.000003	 -1	 0.000000	 9.163493
56	 13	 13	 1	 0.000002	 -1	 0.000000	 12.386288
57	 13	 13	 1	 0.000001	 -1	 0.000000	 8.332968
58	 13	 13	 1	 0.000002	 -1	 0.000000	 18.104145
59	 13	 13	 1	 0.000003	 -1	 0.000000	 9.512839
60	 13	 13	 1	 0.000000	 -1	 0.000000	 12.853959
61	 13	 13	 1	 0.000002	 -1	 0.000000	 9.165147
62	 13	 13	 1	 0.000003	 -1	 0.000000	 9.726848
63	 13	 13	 1	 0.163968	 -1	 0.000000	 16.785624
64	 13	 13	 1	 0.000002	 -1	 0.000000	 9.003389
65	 13	 13	 1	 0.000003	 -1	 0.000000	 8.206153
66	 13	 13	 1	 0.000003	 -1	 0.000000	 9.746843
67	 13	 13	 1	 0.000003	 -1	 0.000000	 8.928159
68	 13	 13	 1	 0.000000	 -1	 0.000000	 8.927889
70	 13	 13	 1	 0.000000	 -1	 0.000000	 13.219210
71	 13	 13	 1	 0.000001	 -1	 0.000000	 15.726986
72	 13	 13	 1	 0.000001	 -1	 0.000000	 9.340442
73	 13	 13	 1	 0.000001	 -1	 0.000000	 7.815256
74	 13	 13	 1	 0.168336	 -1	 0.000000	 11.071827
75	 13	 13	 1	 0.000003	 -1	 0.000000	 10.248653
76	 13	 13	 1	 0.000001	 -1	 0.000000	 8.789912
77	 13	 13	 1	 0.000002	 -1	 0.000000	 10.094077
78	 13	 13	 1	 0.000002	 -1	 0.000000	 10.344440
79	 13	 13	 1	 0.000003	 -1	 0.000000	 11.345722
80	 13	 13	 1	 0.000003	 -1	 0.000000	 8.366190
81	 13	 13	 1	 0.000003	 -1	 0.000000	 8.372777
2180	 13	 13	 0	 361.728689	 -1	 0.000000	 4.331051
83	 13	 13	 1	 0.000002	 -1	 0.000000	 14.362432
84	 13	 13	 1	 0.000003	 -1	 0.000000	 9.693289
85	 13	 13	 1	 0.000003	 -1	 0.000000	 8.266428
86	 13	 13	 1	 29.834367	 -1	 0.000000	 9.675279
87	 13	 13	 1	 0.000002	 -1	 0.000000	 9.351835
88	 13	 13	 1	 0.000001	 -1	 0.000000	 9.795647
89	 13	 13	 1	 0.000001	 -1	 0.000000	 9.848388
90	 13	 13	 1	 0.000002	 -1	 0.000000	 8.368027
91	 13	 13	 1	 0.000126	 -1	 0.000000	 10.311444
92	 13	 13	 1	 0.000002	 -1	 0.000000	 9.583912
93	 13	 13	 1	 0.000003	 -1	 0.000000	 8.992032
94	 13	 13	 1	 0.381858	 -1	 0.000000	 13.238132
95	 13	 13	 1	 0.000003	 -1	 0.000000	 9.483047
96	 13	 13	 1	 0.189959	 -1	 0.000000	 8.842801
97	 13	 13	 1	 34.861907	 -1	 0.000000	 8.729954
98	 13	 13	 1	 0.000003	 -1	 0.000000	 10.118431
99	 13	 13	 1	 0.200244	 -1	 0.000000	 9.077858
100	 13	 13	 1	 0.000003	 -1	 0.000000	 9.892293
101	 13	 13	 1	 0.002311	 -1	 0.000000	 10.884649
102	 13	 13	 1	 0.000002	 -1	 0.000000	 10.998215
103	 13	 13	 1	 0.000002	 -1	 0.000000	 9.174192
104	 13	 13	 1	 0.000002	 -1	 0.000000	 16.033783
105	 13	 13	 1	 0.000002	 -1	 0.000000	 7.477551
106	 13	 13	 1	 0.000003	 -1	 0.000000	 8.532903
107	 13	 13	 1	 0.000002	 -1	 0.000000	 9.508411
108	 13	 13	 1	 0.000003	 -1	 0.000000	 7.633698
109	 13	 13	 1	 57.844904	 -1	 0.000000	 10.190115
110	 13	 13	 1	 0.000002	 -1	 0.000000	 14.502783
111	 13	 13	 1	 0.000003	 -1	 0.000000	 8.930277
112	 13	 13	 1	 0.000000	 -1	 0.000000	 10.690487
113	 13	 13	 1	 40.459120	 -1	 0.000000	 10.026054
114	 13	 13	 1	 0.453574	 -1	 0.000000	 12.636628
115	 13	 13	 1	 0.000003	 -1	 0.000000	 9.498025
116	 13	 13	 1	 0.000004	 -1	 0.000000	 6.926904
117	 13	 13	 1	 0.000000	 -1	 0.000000	 10.702354
118	 13	 13	 1	 0.000003	 -1	 0.000000	 11.054042
119	 13	 13	 1	 0.000003	 -1	 0.000000	 7.421144
120	 13	 13	 1	 0.000003	 -1	 0.000000	 8.222287
121	 13	 13	 1	 0.000002	 -1	 0.000000	 9.768261
122	 13	 13	 1	 0.000002	 -1	 0.000000	 8.548107
123	 13	 13	 1	 0.000004	 -1	 0.000000	 8.093516
124	 13	 13	 1	 0.000003	 -1	 0.000000	 9.353314
125	 13	 13	 1	 0.000003	 -1	 0.000000	 8.163811
126	 13	 13	 1	 0.000002	 -1	 0.000000	 12.244273
127	 13	 13	 1	 0.000003	 -1	 0.000000	 9.180149
128	 13	 13	 1	 0.000004	 -1	 0.000000	 8.145219
129	 13	 13	 1	 0.000003	 -1	 0.000000	 8.318507
130	 13	 13	 1	 0.000001	 -1	 0.000000	 9.235552
131	 13	 13	 1	 0.000000	 -1	 0.000000	 8.874942
132	 13	 13	 1	 0.000003	 -1	 0.000000	 8.707395
133	 13	 13	 1	 0.172925	 -1	 0.000000	 8.806897
134	 13	 13	 1	 0.000003	 -1	 0.000000	 7.526278
135	 13	 13	 1	 0.000003	 -1	 0.000000	 9.932443
136	 13	 13	 1	 0.000000	 -1	 0.000000	 11.270604
137	 13	 13	 1	 0.000001	 -1	 0.000000	 8.203684
138	 13	 13	 1	 0.000000	 -1	 0.000000	 10.141210
139	 13	 13	 1	 0.000003	 -1	 0.000000	 7.259995
140	 13	 13	 1	 0.000005	 -1	 0.000000	 10.899440
141	 13	 13	 1	 0.008050	 -1	 0.000000	 6.812515
142	 13	 13	 1	 0.000003	 -1	 0.000000	 7.891146
143	 13	 13	 1	 0.000003	 -1	 0.000000	 8.163485
144	 13	 13	 1	 0.000002	 -1	 0.000000	 10.510063
145	 13	 13	 1	 0.000003	 -1	 0.000000	 8.904930
146	 13	 13	 1	 0.000002	 -1	 0.000000	 9.649231
147	 13	 13	 1	 0.000003	 -1	 0.000000	 8.551992
148	 13	 13	 1	 0.000003	 -1	 0.000000	 8.751457
149	 13	 13	 1	 0.000003	 -1	 0.000000	 8.690382
150	 13	 13	 1	 0.000002	 -1	 0.000000	 14.649094
151	 13	 13	 1	 0.000000	 -1	 0.000000	 9.084460
152	 13	 13	 1	 0.000001	 -1	 0.000000	 7.423100
153	 13	 13	 1	 0.000002	 -1	 0.000000	 8.388155
154	 13	 13	 1	 0.000003	 -1	 0.000000	 9.100313
155	 13	 13	 1	 0.000003	 -1	 0.000000	 10.449693
156	 13	 13	 1	 0.000002	 -1	 0.000000	 8.671847
157	 13	 13	 1	 0.199016	 -1	 0.000000	 8.033728
158	 13	 13	 1	 0.000002	 -1	 0.000000	 10.169412
159	 13	 13	 1	 0.000002	 -1	 0.000000	 10.603718
160	 13	 13	 1	 0.000002	 -1	 0.000000	 8.377078
161	 13	 13	 1	 0.000000	 -1	 0.000000	 9.533058
162	 13	 13	 1	 0.000001	 -1	 0.000000	 9.973623
163	 13	 13	 1	 0.000000	 -1	 0.000000	 10.750792
164	 13	 13	 1	 0.000102	 -1	 0.000000	 9.647837
165	 13	 13	 1	 0.000002	 -1	 0.000000	 11.099396
166	 13	 13	 1	 0.000002	 -1	 0.000000	 13.012081
167	 13	 13	 1	 0.000003	 -1	 0.000000	 8.371406
168	 13	 13	 1	 0.000002	 -1	 0.000000	 9.141297
169	 13	 13	 1	 0.000003	 -1	 0.000000	 8.105198
170	 13	 13	 1	 0.000002	 -1	 0.000000	 8.371064
171	 13	 13	 1	 30.052772	 -1	 0.000000	 11.860389
172	 13	 13	 1	 0.000003	 -1	 0.000000	 8.162969
173	 13	 13	 1	 0.000002	 -1	 0.000000	 10.503158
174	 13	 13	 1	 0.003798	 -1	 0.000000	 11.232820
175	 13	 13	 1	 0.000002	 -1	 0.000000	 8.477757
3951	 10	 10	 0	 467.847335	 -1	 0.000000	 12.390603
176	 13	 13	 1	 0.000002	 -1	 0.000000	 22.337915
177	 13	 13	 1	 0.000003	 -1	 0.000000	 8.772837
178	 13	 13	 1	 0.000002	 -1	 0.000000	 8.497725
179	 13	 13	 1	 0.000004	 -1	 0.000000	 10.291569
180	 13	 13	 1	 0.000002	 -1	 0.000000	 10.248513
181	 13	 13	 1	 0.000003	 -1	 0.000000	 8.995547
182	 13	 13	 1	 0.000003	 -1	 0.000000	 7.801052
183	 13	 13	 1	 0.174804	 -1	 0.000000	 13.102853
184	 13	 13	 1	 0.000004	 -1	 0.000000	 8.879771
185	 13	 13	 1	 0.000002	 -1	 0.000000	 12.297107
186	 13	 13	 1	 0.006827	 -1	 0.000000	 12.183515
187	 13	 13	 1	 0.000001	 -1	 0.000000	 10.871461
188	 13	 13	 1	 0.000001	 -1	 0.000000	 14.787669
189	 13	 13	 1	 0.000003	 -1	 0.000000	 9.136719
190	 13	 13	 1	 0.000000	 -1	 0.000000	 10.299036
191	 13	 13	 1	 0.000003	 -1	 0.000000	 10.627104
193	 13	 13	 1	 0.000003	 -1	 0.000000	 10.586201
194	 13	 13	 1	 109.183989	 -1	 0.000000	 6.490080
195	 13	 13	 1	 0.000002	 -1	 0.000000	 9.591638
197	 13	 13	 1	 0.000002	 -1	 0.000000	 9.214528
198	 13	 13	 1	 0.000374	 -1	 0.000000	 5.260817
199	 13	 13	 1	 0.000002	 -1	 0.000000	 7.856270
200	 13	 13	 1	 5.311652	 -1	 0.000000	 11.990252
201	 13	 13	 1	 0.000003	 -1	 0.000000	 11.222372
202	 13	 13	 1	 107.719775	 -1	 0.000000	 14.233451
203	 13	 13	 1	 34.347372	 -1	 0.000000	 7.850546
204	 13	 13	 1	 0.000002	 -1	 0.000000	 10.658721
205	 13	 13	 1	 0.000002	 -1	 0.000000	 8.462584
206	 13	 13	 1	 0.000002	 -1	 0.000000	 10.473379
207	 13	 13	 1	 0.000002	 -1	 0.000000	 9.120462
208	 13	 13	 1	 0.000003	 -1	 0.000000	 14.435034
209	 13	 13	 1	 0.000002	 -1	 0.000000	 9.828483
3134	 9	 9	 0	 453.046874	 -1	 0.000000	 7.895945
210	 13	 13	 1	 0.000001	 -1	 0.000000	 14.869743
211	 13	 13	 1	 0.000003	 -1	 0.000000	 11.035282
213	 13	 13	 1	 0.000003	 -1	 0.000000	 8.329449
214	 13	 13	 1	 67.927201	 -1	 0.000000	 9.401147
215	 13	 13	 1	 91.203416	 -1	 0.000000	 8.741158
216	 13	 13	 1	 0.000003	 -1	 0.000000	 7.964209
217	 13	 13	 1	 0.140222	 -1	 0.000000	 11.882484
218	 13	 13	 1	 0.000002	 -1	 0.000000	 9.468353
1409	 5	 5	 0	 399.659978	 -1	 0.000000	 4.279912
219	 13	 13	 1	 0.000002	 -1	 0.000000	 7.610388
220	 13	 13	 1	 0.000003	 -1	 0.000000	 9.938725
2705	 13	 13	 0	 390.969933	 -1	 0.000000	 -0.112038
221	 13	 13	 1	 0.000002	 -1	 0.000000	 9.952251
222	 13	 13	 0	 283.090956	 -1	 0.000000	 7.992155
223	 13	 13	 1	 0.000002	 -1	 0.000000	 11.893935
224	 13	 13	 0	 386.165400	 -1	 0.000000	 11.568840
227	 13	 13	 1	 0.000003	 -1	 0.000000	 8.569344
228	 13	 13	 1	 0.000000	 -1	 0.000000	 9.824292
229	 13	 13	 1	 107.762986	 -1	 0.000000	 9.974305
230	 13	 13	 1	 0.000004	 -1	 0.000000	 10.662626
233	 13	 13	 1	 107.681305	 -1	 0.000000	 10.902835
236	 13	 13	 1	 0.000000	 -1	 0.000000	 10.668089
237	 13	 13	 0	 249.052111	 -1	 0.000000	 7.668190
238	 13	 13	 1	 0.000000	 -1	 0.000000	 9.812031
239	 13	 13	 1	 0.000003	 -1	 0.000000	 8.637650
269	 13	 13	 1	 0.000003	 -1	 0.000000	 8.169831
270	 13	 13	 1	 0.000002	 -1	 0.000000	 8.049258
273	 13	 13	 1	 0.000004	 -1	 0.000000	 8.537114
274	 13	 13	 1	 0.000002	 -1	 0.000000	 7.824778
275	 13	 13	 1	 0.000003	 -1	 0.000000	 7.376332
276	 13	 13	 1	 0.000003	 -1	 0.000000	 15.296715
277	 13	 13	 1	 0.000003	 -1	 0.000000	 11.991641
278	 13	 13	 1	 0.000003	 -1	 0.000000	 10.084325
279	 13	 13	 1	 0.000002	 -1	 0.000000	 9.787736
280	 13	 13	 1	 0.000003	 -1	 0.000000	 9.856075
281	 13	 13	 1	 0.000002	 -1	 0.000000	 9.783053
282	 13	 13	 1	 0.000001	 -1	 0.000000	 11.013355
283	 13	 13	 1	 0.000001	 -1	 0.000000	 9.475426
284	 13	 13	 1	 0.000002	 -1	 0.000000	 9.780932
285	 13	 13	 1	 0.000003	 -1	 0.000000	 13.582679
286	 13	 13	 1	 0.000002	 -1	 0.000000	 7.588904
287	 13	 13	 1	 0.000002	 -1	 0.000000	 7.837945
288	 13	 13	 1	 0.000003	 -1	 0.000000	 14.942819
289	 13	 13	 1	 0.000002	 -1	 0.000000	 21.387953
290	 13	 13	 1	 0.000003	 -1	 0.000000	 7.562759
291	 13	 13	 1	 0.000002	 -1	 0.000000	 8.714584
292	 13	 13	 1	 0.000001	 -1	 0.000000	 8.929564
293	 13	 13	 1	 0.000002	 -1	 0.000000	 8.146401
295	 13	 13	 1	 0.000002	 -1	 0.000000	 15.480704
296	 13	 13	 1	 0.000001	 -1	 0.000000	 8.597802
297	 13	 13	 1	 32.353081	 -1	 0.000000	 11.903000
298	 13	 13	 1	 0.000002	 -1	 0.000000	 10.436665
299	 13	 13	 1	 0.000002	 -1	 0.000000	 8.570590
300	 13	 13	 1	 0.000001	 -1	 0.000000	 10.655043
301	 13	 13	 1	 0.000001	 -1	 0.000000	 8.919188
302	 13	 13	 1	 0.000003	 -1	 0.000000	 8.221175
303	 13	 13	 1	 0.012945	 -1	 0.000000	 8.284128
304	 13	 13	 1	 0.000003	 -1	 0.000000	 8.586316
305	 13	 13	 1	 0.000003	 -1	 0.000000	 8.900647
306	 13	 13	 1	 0.000003	 -1	 0.000000	 13.394090
307	 13	 13	 1	 0.000003	 -1	 0.000000	 10.138654
170	 13	 13	 1	 108.685090	 -1	 0.000000	 3.865679
308	 13	 13	 0	 398.925401	 -1	 0.000000	 7.634596
315	 13	 13	 0	 409.095865	 -1	 0.000000	 10.661718
317	 13	 13	 1	 0.000003	 -1	 0.000000	 8.645587
321	 13	 13	 1	 0.000003	 -1	 0.000000	 8.348481
322	 13	 13	 1	 0.000003	 -1	 0.000000	 7.118792
323	 13	 13	 1	 0.000001	 -1	 0.000000	 8.867846
324	 13	 13	 1	 0.000004	 -1	 0.000000	 9.365352
325	 13	 13	 1	 0.000000	 -1	 0.000000	 9.270103
326	 13	 13	 1	 0.000004	 -1	 0.000000	 10.089971
332	 13	 13	 1	 0.000002	 -1	 0.000000	 9.638998
333	 13	 13	 1	 0.000003	 -1	 0.000000	 7.468064
334	 13	 13	 1	 0.000001	 -1	 0.000000	 9.639914
335	 13	 13	 1	 0.000003	 -1	 0.000000	 11.400935
336	 13	 13	 1	 0.000001	 -1	 0.000000	 14.679919
337	 13	 13	 1	 0.000002	 -1	 0.000000	 9.047610
338	 13	 13	 1	 0.000001	 -1	 0.000000	 7.423981
339	 13	 13	 1	 0.000003	 -1	 0.000000	 10.579343
343	 13	 13	 1	 0.000003	 -1	 0.000000	 9.655965
344	 13	 13	 1	 0.000003	 -1	 0.000000	 10.759349
346	 13	 13	 0	 366.383499	 -1	 0.000000	 14.909937
347	 13	 13	 1	 0.231603	 -1	 0.000000	 9.206699
348	 13	 13	 1	 0.000002	 -1	 0.000000	 13.351351
349	 13	 13	 1	 0.000002	 -1	 0.000000	 7.749696
351	 13	 13	 1	 0.000002	 -1	 0.000000	 7.390934
353	 13	 13	 1	 0.000003	 -1	 0.000000	 8.401783
354	 13	 13	 1	 0.000004	 -1	 0.000000	 9.688653
355	 13	 13	 1	 0.000001	 -1	 0.000000	 11.320940
356	 13	 13	 1	 0.731664	 -1	 0.000000	 10.151886
357	 13	 13	 1	 0.000003	 -1	 0.000000	 8.820968
358	 13	 13	 1	 0.000002	 -1	 0.000000	 9.375953
359	 13	 13	 1	 0.000002	 -1	 0.000000	 12.137831
367	 13	 13	 1	 0.000004	 -1	 0.000000	 8.250120
368	 13	 13	 1	 0.000002	 -1	 0.000000	 11.827550
369	 13	 13	 1	 0.000003	 -1	 0.000000	 9.561707
370	 13	 13	 1	 0.000002	 -1	 0.000000	 13.484466
371	 13	 13	 1	 0.000002	 -1	 0.000000	 10.993423
372	 13	 13	 1	 0.000003	 -1	 0.000000	 7.328612
374	 13	 13	 1	 30.406835	 -1	 0.000000	 8.999092
375	 13	 13	 1	 5.078453	 -1	 0.000000	 10.272512
376	 13	 13	 1	 0.000003	 -1	 0.000000	 6.731452
377	 13	 13	 1	 2.568253	 -1	 0.000000	 10.840571
378	 13	 13	 1	 0.025769	 -1	 0.000000	 10.103234
379	 13	 13	 1	 0.000004	 -1	 0.000000	 9.836571
380	 13	 13	 1	 0.000002	 -1	 0.000000	 8.831676
381	 13	 13	 1	 0.000003	 -1	 0.000000	 7.969738
382	 13	 13	 1	 0.000003	 -1	 0.000000	 9.675185
383	 13	 13	 1	 0.000002	 -1	 0.000000	 13.183780
384	 13	 13	 1	 0.000001	 -1	 0.000000	 12.139865
385	 13	 13	 1	 0.000000	 -1	 0.000000	 7.344203
386	 13	 13	 1	 0.000003	 -1	 0.000000	 12.277487
387	 13	 13	 1	 1.531354	 -1	 0.000000	 10.560972
388	 13	 13	 1	 0.665903	 -1	 0.000000	 7.761328
389	 13	 13	 1	 0.000003	 -1	 0.000000	 10.780496
400	 13	 13	 1	 0.000000	 -1	 0.000000	 8.663626
401	 13	 13	 1	 0.000003	 -1	 0.000000	 8.019684
402	 13	 13	 1	 0.000003	 -1	 0.000000	 8.461164
403	 13	 13	 1	 0.000003	 -1	 0.000000	 10.030083
404	 13	 13	 1	 0.000002	 -1	 0.000000	 9.542249
405	 13	 13	 1	 0.000002	 -1	 0.000000	 9.878983
406	 13	 13	 1	 0.000001	 -1	 0.000000	 10.824012
407	 13	 13	 1	 0.000000	 -1	 0.000000	 7.976143
408	 13	 13	 1	 0.000001	 -1	 0.000000	 9.082320
409	 13	 13	 1	 0.000003	 -1	 0.000000	 8.164494
410	 13	 13	 1	 0.014797	 -1	 0.000000	 7.165826
411	 13	 13	 1	 0.000004	 -1	 0.000000	 15.964805
412	 13	 13	 1	 0.000001	 -1	 0.000000	 8.362527
413	 13	 13	 1	 0.000003	 -1	 0.000000	 10.062868
563	 15	 15	 1	 103.946303	 -1	 0.000000	 5.419906
414	 13	 13	 0	 435.944436	 -1	 0.000000	 11.652236
415	 13	 13	 0	 449.280682	 -1	 0.000000	 8.259028
432	 13	 13	 1	 0.000003	 -1	 0.000000	 9.833272
434	 13	 13	 1	 0.000003	 -1	 0.000000	 8.647133
435	 13	 13	 1	 0.000002	 -1	 0.000000	 9.804722
436	 13	 13	 1	 0.000003	 -1	 0.000000	 8.965519
437	 13	 13	 1	 0.000003	 -1	 0.000000	 9.256326
438	 13	 13	 1	 0.000003	 -1	 0.000000	 11.739543
439	 13	 13	 1	 0.000002	 -1	 0.000000	 8.733077
442	 13	 13	 1	 0.883280	 -1	 0.000000	 8.117043
444	 13	 13	 1	 0.000003	 -1	 0.000000	 10.030918
445	 13	 13	 1	 0.000002	 -1	 0.000000	 8.276395
446	 13	 13	 1	 0.000002	 -1	 0.000000	 7.769285
447	 13	 13	 1	 0.000004	 -1	 0.000000	 12.149477
448	 13	 13	 1	 0.000002	 -1	 0.000000	 8.806101
449	 13	 13	 1	 22.443717	 -1	 0.000000	 8.786450
450	 13	 13	 1	 0.000001	 -1	 0.000000	 11.412720
451	 13	 13	 1	 0.000002	 -1	 0.000000	 8.774014
452	 13	 13	 1	 0.000003	 -1	 0.000000	 7.766705
453	 13	 13	 1	 0.000002	 -1	 0.000000	 9.698404
455	 13	 13	 1	 0.000003	 -1	 0.000000	 18.555775
456	 13	 13	 1	 0.000002	 -1	 0.000000	 9.020642
457	 13	 13	 1	 0.000003	 -1	 0.000000	 10.562694
458	 13	 13	 1	 0.000002	 -1	 0.000000	 8.745001
459	 13	 13	 1	 0.746490	 -1	 0.000000	 7.671626
460	 13	 13	 1	 0.000003	 -1	 0.000000	 13.491797
461	 13	 13	 1	 0.000003	 -1	 0.000000	 8.646184
462	 13	 13	 1	 0.000001	 -1	 0.000000	 8.106668
463	 13	 13	 1	 0.000002	 -1	 0.000000	 9.186167
464	 13	 13	 1	 0.000003	 -1	 0.000000	 12.599890
465	 13	 13	 1	 0.000002	 -1	 0.000000	 7.819788
466	 13	 13	 1	 0.000001	 -1	 0.000000	 8.661063
467	 13	 13	 1	 0.000002	 -1	 0.000000	 12.341700
468	 13	 13	 1	 0.000000	 -1	 0.000000	 7.950929
469	 13	 13	 1	 0.000001	 -1	 0.000000	 11.869577
470	 13	 13	 1	 0.000002	 -1	 0.000000	 11.773504
471	 13	 13	 1	 0.000003	 -1	 0.000000	 8.383726
477	 13	 13	 1	 0.000002	 -1	 0.000000	 12.934004
478	 13	 13	 1	 0.000002	 -1	 0.000000	 14.471518
479	 13	 13	 1	 0.000001	 -1	 0.000000	 9.973862
480	 13	 13	 1	 0.000001	 -1	 0.000000	 9.045034
481	 13	 13	 1	 0.415769	 -1	 0.000000	 7.973195
482	 13	 13	 1	 0.000002	 -1	 0.000000	 11.147771
483	 13	 13	 1	 41.603752	 -1	 0.000000	 8.223005
484	 13	 13	 1	 0.000003	 -1	 0.000000	 7.988716
485	 13	 13	 1	 0.000002	 -1	 0.000000	 10.837592
486	 13	 13	 1	 0.000004	 -1	 0.000000	 8.868864
487	 13	 13	 1	 0.000002	 -1	 0.000000	 13.384152
488	 13	 13	 1	 0.000003	 -1	 0.000000	 7.211329
489	 13	 13	 1	 0.000000	 -1	 0.000000	 12.987929
490	 13	 13	 1	 0.000003	 -1	 0.000000	 8.131557
491	 13	 13	 1	 0.000004	 -1	 0.000000	 12.319322
492	 13	 13	 1	 0.000002	 -1	 0.000000	 8.118536
493	 13	 13	 1	 0.000002	 -1	 0.000000	 9.782146
494	 13	 13	 1	 0.000001	 -1	 0.000000	 9.302387
495	 13	 13	 1	 0.000003	 -1	 0.000000	 7.730948
496	 13	 13	 1	 0.000003	 -1	 0.000000	 8.618702
497	 13	 13	 1	 1.521512	 -1	 0.000000	 10.962066
498	 13	 13	 1	 0.000001	 -1	 0.000000	 9.279457
499	 13	 13	 1	 0.000003	 -1	 0.000000	 8.007846
0	 13	 13	 1	 38.355833	 -1	 0.000000	 11.371064
1	 13	 13	 1	 0.000002	 -1	 0.000000	 9.082610
2	 13	 13	 1	 0.000003	 -1	 0.000000	 7.757640
3	 13	 13	 1	 0.000003	 -1	 0.000000	 15.040655
4	 13	 13	 1	 0.000002	 -1	 0.000000	 9.059057
258	 11	 11	 0	 2.040913	 -1	 0.000000	 5.547822
5	 13	 13	 0	 234.744453	 -1	 0.000000	 8.476015
9	 13	 13	 0	 472.117972	 -1	 0.000000	 10.789014
10	 13	 13	 1	 0.000003	 -1	 0.000000	 6.874729
11	 13	 13	 1	 0.000002	 -1	 0.000000	 7.986081
12	 13	 13	 1	 0.000004	 -1	 0.000000	 11.357986
13	 13	 13	 1	 0.000002	 -1	 0.000000	 8.238077
14	 13	 13	 1	 0.000002	 -1	 0.000000	 7.443335
15	 13	 13	 1	 0.000003	 -1	 0.000000	 13.358352
16	 13	 13	 1	 0.000003	 -1	 0.000000	 9.137908
18	 13	 13	 1	 0.000001	 -1	 0.000000	 8.930482
>>> gr_fir_ccf: using E
>>> gr_fir_fff: using E
gr_buffer::allocate_buffer: warning: tried to allocate
   22 items of size 2928. Due to alignment requirements
   256 were allocated.  If this isn't OK, consider padding
   your structure to a power-of-two bytes.
   On this platform, our allocation granularity is 4096 bytes.
33	 13	 13	 1	 0.000003	 -1	 0.000000	 12.384347
34	 13	 13	 1	 0.000003	 -1	 0.000000	 8.554375
35	 13	 13	 1	 0.000003	 -1	 0.000000	 11.528368
36	 13	 13	 1	 0.000000	 -1	 0.000000	 8.183261
845	 13	 13	 0	 378.173695	 -1	 0.000000	 5.923776
37	 13	 13	 1	 0.000004	 -1	 0.000000	 8.499105
38	 13	 13	 1	 0.000002	 -1	 0.000000	 12.128019
39	 13	 13	 1	 0.965214	 -1	 0.000000	 10.701217
40	 13	 13	 1	 0.000003	 -1	 0.000000	 10.068203
41	 13	 13	 1	 0.000000	 -1	 0.000000	 11.181802
42	 13	 13	 1	 0.000003	 -1	 0.000000	 14.295228
43	 13	 13	 1	 0.000003	 -1	 0.000000	 12.937113
44	 13	 13	 1	 0.000003	 -1	 0.000000	 8.559229
45	 13	 13	 1	 0.000002	 -1	 0.000000	 11.408717
46	 13	 13	 1	 0.000002	 -1	 0.000000	 9.868559
47	 13	 13	 1	 0.000003	 -1	 0.000000	 9.077498
48	 13	 13	 1	 0.000001	 -1	 0.000000	 10.059970
49	 13	 13	 1	 0.000003	 -1	 0.000000	 17.041294
50	 13	 13	 1	 0.000002	 -1	 0.000000	 14.859498
51	 13	 13	 1	 0.000002	 -1	 0.000000	 10.155205
52	 13	 13	 1	 0.000001	 -1	 0.000000	 9.157171
53	 13	 13	 1	 0.295229	 -1	 0.000000	 16.373117
54	 13	 13	 1	 36.453115	 -1	 0.000000	 8.753330
55	 13	 13	 1	 0.000003	 -1	 0.000000	 14.179510
56	 13	 13	 1	 0.000003	 -1	 0.000000	 8.831682
57	 13	 13	 1	 0.000003	 -1	 0.000000	 9.209332
58	 13	 13	 1	 0.000002	 -1	 0.000000	 12.455441
59	 13	 13	 1	 0.000003	 -1	 0.000000	 12.826364
60	 13	 13	 1	 0.000003	 -1	 0.000000	 9.410969
61	 13	 13	 1	 22.044940	 -1	 0.000000	 8.605433
62	 13	 13	 1	 0.000004	 -1	 0.000000	 7.955400
63	 13	 13	 1	 0.000003	 -1	 0.000000	 8.158239
64	 13	 13	 1	 0.000003	 -1	 0.000000	 8.065286
65	 13	 13	 1	 0.000171	 -1	 0.000000	 8.377585
66	 13	 13	 1	 0.000620	 -1	 0.000000	 8.624083
67	 13	 13	 1	 0.000003	 -1	 0.000000	 10.762478
68	 13	 13	 1	 0.000002	 -1	 0.000000	 16.695753
69	 13	 13	 1	 0.000004	 -1	 0.000000	 7.188550
70	 13	 13	 1	 0.000003	 -1	 0.000000	 10.212984
71	 13	 13	 1	 0.000003	 -1	 0.000000	 9.540839
72	 13	 13	 1	 0.000001	 -1	 0.000000	 10.223725
73	 13	 13	 1	 0.000002	 -1	 0.000000	 9.358327
74	 13	 13	 1	 0.000004	 -1	 0.000000	 11.748516
75	 13	 13	 1	 0.000003	 -1	 0.000000	 8.380046
76	 13	 13	 1	 0.000002	 -1	 0.000000	 9.429912
77	 13	 13	 1	 0.000003	 -1	 0.000000	 10.322455
78	 13	 13	 1	 0.000002	 -1	 0.000000	 9.006721
79	 13	 13	 1	 0.000003	 -1	 0.000000	 11.353697
80	 13	 13	 1	 0.000003	 -1	 0.000000	 7.814254
81	 13	 13	 1	 0.000002	 -1	 0.000000	 9.664034
82	 13	 13	 1	 0.000004	 -1	 0.000000	 7.717249
83	 13	 13	 1	 0.526970	 -1	 0.000000	 8.001594
85	 13	 13	 1	 0.000002	 -1	 0.000000	 9.343213
2	 15	 15	 0	 383.891299	 -1	 0.000000	 12.758061
86	 13	 13	 1	 0.000001	 -1	 0.000000	 8.811931
87	 13	 13	 1	 0.000003	 -1	 0.000000	 8.456524
88	 13	 13	 1	 0.000001	 -1	 0.000000	 7.727990
90	 13	 13	 1	 0.000002	 -1	 0.000000	 8.424199
91	 13	 13	 1	 0.000001	 -1	 0.000000	 8.363800
92	 13	 13	 1	 0.000003	 -1	 0.000000	 7.575220
95	 13	 13	 1	 0.000002	 -1	 0.000000	 9.271278
96	 13	 13	 1	 0.000003	 -1	 0.000000	 8.647592
97	 13	 13	 1	 0.217876	 -1	 0.000000	 10.095558
98	 13	 13	 1	 0.000002	 -1	 0.000000	 11.753250
99	 13	 13	 1	 36.919445	 -1	 0.000000	 8.709657
100	 13	 13	 1	 0.000002	 -1	 0.000000	 8.878960
101	 13	 13	 1	 0.000002	 -1	 0.000000	 9.192211
102	 13	 13	 1	 0.000003	 -1	 0.000000	 8.532508
103	 13	 13	 1	 1.298100	 -1	 0.000000	 9.872754
104	 13	 13	 1	 0.000001	 -1	 0.000000	 6.959806
105	 13	 13	 1	 0.000002	 -1	 0.000000	 8.632388
106	 13	 13	 1	 50.522043	 -1	 0.000000	 12.053289
107	 13	 13	 1	 0.000003	 -1	 0.000000	 7.836337
108	 13	 13	 1	 0.000782	 -1	 0.000000	 9.170659
109	 13	 13	 1	 0.000003	 -1	 0.000000	 9.175109
110	 13	 13	 1	 0.000000	 -1	 0.000000	 9.002814
2681	 7	 7	 0	 408.993482	 -1	 0.000000	 6.522093
111	 13	 13	 1	 0.000003	 -1	 0.000000	 8.306789
112	 13	 13	 1	 0.150763	 -1	 0.000000	 8.800279
113	 13	 13	 1	 0.000003	 -1	 0.000000	 9.465993
114	 13	 13	 1	 0.000000	 -1	 0.000000	 11.541033
115	 13	 13	 1	 0.000002	 -1	 0.000000	 9.647757
116	 13	 13	 1	 33.796348	 -1	 0.000000	 8.335426
117	 13	 13	 1	 35.502982	 -1	 0.000000	 8.907235
118	 13	 13	 1	 0.000003	 -1	 0.000000	 8.831223
119	 13	 13	 1	 0.000002	 -1	 0.000000	 11.620420
120	 13	 13	 1	 0.000002	 -1	 0.000000	 8.103710
121	 13	 13	 1	 0.000001	 -1	 0.000000	 12.993447
122	 13	 13	 1	 0.000003	 -1	 0.000000	 7.664121
123	 13	 13	 1	 0.000004	 -1	 0.000000	 7.719959
124	 13	 13	 1	 0.000002	 -1	 0.000000	 10.832076
125	 13	 13	 1	 0.000003	 -1	 0.000000	 7.898600
126	 13	 13	 1	 0.000003	 -1	 0.000000	 10.313742
127	 13	 13	 1	 0.000003	 -1	 0.000000	 7.321829
128	 13	 13	 1	 0.000001	 -1	 0.000000	 8.864678
129	 13	 13	 1	 0.000003	 -1	 0.000000	 6.520337
130	 13	 13	 1	 0.567017	 -1	 0.000000	 10.217204
131	 13	 13	 1	 0.000002	 -1	 0.000000	 13.217603
132	 13	 13	 1	 0.000002	 -1	 0.000000	 7.239520
133	 13	 13	 1	 0.000003	 -1	 0.000000	 8.006858
134	 13	 13	 1	 0.000002	 -1	 0.000000	 10.439688
135	 13	 13	 1	 0.000002	 -1	 0.000000	 9.374555
136	 13	 13	 1	 0.000004	 -1	 0.000000	 7.207632
137	 13	 13	 1	 0.000003	 -1	 0.000000	 10.254968
138	 13	 13	 1	 0.000004	 -1	 0.000000	 7.714752
139	 13	 13	 1	 0.000002	 -1	 0.000000	 7.782403
140	 13	 13	 1	 0.207503	 -1	 0.000000	 9.661578
141	 13	 13	 1	 0.000003	 -1	 0.000000	 8.752241
142	 13	 13	 1	 0.000002	 -1	 0.000000	 7.927459
143	 13	 13	 1	 0.000003	 -1	 0.000000	 10.074476
144	 13	 13	 1	 0.000002	 -1	 0.000000	 13.654997
145	 13	 13	 1	 0.000003	 -1	 0.000000	 7.538352
146	 13	 13	 1	 0.000003	 -1	 0.000000	 9.194554
147	 13	 13	 1	 0.000002	 -1	 0.000000	 14.677217
148	 13	 13	 1	 0.000001	 -1	 0.000000	 12.692349
149	 13	 13	 1	 0.000002	 -1	 0.000000	 13.439845
150	 13	 13	 1	 0.000003	 -1	 0.000000	 9.006649
151	 13	 13	 1	 0.000003	 -1	 0.000000	 7.337201
152	 13	 13	 1	 0.000003	 -1	 0.000000	 9.563787
153	 13	 13	 1	 63.598385	 -1	 0.000000	 8.628491
154	 13	 13	 1	 0.000000	 -1	 0.000000	 8.627124
155	 13	 13	 1	 0.000003	 -1	 0.000000	 10.841002
156	 13	 13	 1	 0.000003	 -1	 0.000000	 11.402554
157	 13	 13	 1	 0.000003	 -1	 0.000000	 14.977036
158	 13	 13	 1	 0.000004	 -1	 0.000000	 7.641411
159	 13	 13	 1	 0.000003	 -1	 0.000000	 7.944847
160	 13	 13	 1	 0.000003	 -1	 0.000000	 8.965798
162	 13	 13	 1	 0.000003	 -1	 0.000000	 14.910156
163	 13	 13	 1	 0.002479	 -1	 0.000000	 9.904910
164	 13	 13	 1	 0.000002	 -1	 0.000000	 11.850786
165	 13	 13	 1	 65.752557	 -1	 0.000000	 9.616543
3334	 11	 11	 0	 450.652532	 -1	 0.000000	 3.053165
166	 13	 13	 1	 0.000002	 -1	 0.000000	 9.963783
167	 13	 13	 1	 0.000003	 -1	 0.000000	 7.990060
168	 13	 13	 1	 0.000002	 -1	 0.000000	 9.068434
169	 13	 13	 1	 0.000002	 -1	 0.000000	 11.767150
170	 13	 13	 1	 0.000003	 -1	 0.000000	 7.743145
171	 13	 13	 1	 0.000002	 -1	 0.000000	 9.680430
172	 13	 13	 1	 0.000001	 -1	 0.000000	 8.907432
173	 13	 13	 1	 0.000002	 -1	 0.000000	 10.264723
174	 13	 13	 1	 38.425536	 -1	 0.000000	 7.776484
175	 13	 13	 1	 0.000001	 -1	 0.000000	 11.811069
177	 13	 13	 1	 0.000004	 -1	 0.000000	 9.871943
178	 13	 13	 1	 0.312731	 -1	 0.000000	 10.255410
179	 13	 13	 1	 0.000003	 -1	 0.000000	 7.912545
180	 13	 13	 1	 0.000003	 -1	 0.000000	 10.366847
181	 13	 13	 1	 0.000003	 -1	 0.000000	 8.539407
182	 13	 13	 1	 0.000001	 -1	 0.000000	 8.077642
183	 13	 13	 1	 0.000000	 -1	 0.000000	 11.831730
184	 13	 13	 1	 0.000002	 -1	 0.000000	 8.418234
185	 13	 13	 1	 0.000002	 -1	 0.000000	 8.771054
186	 13	 13	 1	 0.000003	 -1	 0.000000	 8.735751
187	 13	 13	 1	 0.000004	 -1	 0.000000	 10.490678
188	 13	 13	 1	 0.000002	 -1	 0.000000	 8.037519
189	 13	 13	 1	 0.000002	 -1	 0.000000	 18.537651
190	 13	 13	 1	 0.000003	 -1	 0.000000	 10.338803
191	 13	 13	 1	 0.000003	 -1	 0.000000	 7.950666
192	 13	 13	 1	 0.000003	 -1	 0.000000	 9.078018
193	 13	 13	 1	 0.000002	 -1	 0.000000	 8.824246
194	 13	 13	 1	 0.000003	 -1	 0.000000	 9.215485
195	 13	 13	 1	 0.000001	 -1	 0.000000	 8.613837
196	 13	 13	 1	 0.000003	 -1	 0.000000	 10.814603
197	 13	 13	 1	 0.000003	 -1	 0.000000	 7.758984
198	 13	 13	 1	 0.000002	 -1	 0.000000	 9.941627
199	 13	 13	 1	 0.000003	 -1	 0.000000	 7.995376
200	 13	 13	 0	 352.707637	 -1	 0.000000	 11.355051
202	 13	 13	 1	 0.004702	 -1	 0.000000	 9.661971
203	 13	 13	 0	 322.340438	 -1	 0.000000	 7.445857
204	 13	 13	 1	 0.000004	 -1	 0.000000	 8.231394
205	 13	 13	 1	 0.000003	 -1	 0.000000	 7.605202
206	 13	 13	 1	 0.000002	 -1	 0.000000	 12.033306
208	 13	 13	 1	 0.000002	 -1	 0.000000	 8.576517
210	 13	 13	 1	 41.683922	 -1	 0.000000	 8.425407
211	 13	 13	 1	 0.113741	 -1	 0.000000	 11.008898
212	 13	 13	 1	 0.000002	 -1	 0.000000	 9.661577
213	 13	 13	 1	 0.000003	 -1	 0.000000	 7.874405
214	 13	 13	 1	 0.000004	 -1	 0.000000	 8.499841
215	 13	 13	 1	 0.000002	 -1	 0.000000	 9.424161
216	 13	 13	 1	 0.000001	 -1	 0.000000	 10.046637
217	 13	 13	 1	 0.000002	 -1	 0.000000	 8.526235
218	 13	 13	 1	 0.000003	 -1	 0.000000	 7.937302
219	 13	 13	 1	 0.000004	 -1	 0.000000	 7.480165
220	 13	 13	 0	 407.410558	 -1	 0.000000	 11.824130
221	 13	 13	 1	 0.000004	 -1	 0.000000	 6.819887
224	 13	 13	 1	 0.000003	 -1	 0.000000	 10.295257
225	 13	 13	 1	 0.000003	 -1	 0.000000	 9.055520
226	 13	 13	 1	 0.000004	 -1	 0.000000	 7.062730
228	 13	 13	 0	 321.162254	 -1	 0.000000	 9.395427
229	 13	 13	 1	 80.460092	 -1	 0.000000	 9.138544
231	 13	 13	 1	 0.000003	 -1	 0.000000	 11.245522
234	 13	 13	 1	 0.000003	 -1	 0.000000	 9.128613
235	 13	 13	 1	 0.000000	 -1	 0.000000	 7.907417
236	 13	 13	 1	 0.000003	 -1	 0.000000	 9.498133
237	 13	 13	 1	 0.000002	 -1	 0.000000	 10.062836
238	 13	 13	 1	 0.000003	 -1	 0.000000	 8.574018
242	 13	 13	 1	 109.113999	 -1	 0.000000	 7.626826
243	 13	 13	 0	 178.141366	 -1	 0.000000	 10.011611
244	 13	 13	 0	 255.579235	 -1	 0.000000	 8.586323
246	 13	 13	 1	 0.000003	 -1	 0.000000	 9.998199
247	 13	 13	 1	 0.000002	 -1	 0.000000	 9.147664
248	 13	 13	 0	 417.527169	 -1	 0.000000	 11.455215
250	 13	 13	 1	 0.000002	 -1	 0.000000	 12.473882
251	 13	 13	 1	 0.000003	 -1	 0.000000	 14.391052
253	 13	 13	 1	 0.000003	 -1	 0.000000	 8.378845
254	 13	 13	 1	 0.000002	 -1	 0.000000	 9.373893
255	 13	 13	 1	 0.000002	 -1	 0.000000	 8.920355
3729	 15	 15	 0	 391.658410	 -1	 0.000000	 4.485308
257	 13	 13	 1	 0.005197	 -1	 0.000000	 22.041794
2521	 13	 13	 0	 400.025419	 -1	 0.000000	 5.180305
258	 13	 13	 1	 0.000003	 -1	 0.000000	 8.191886
259	 13	 13	 1	 0.000003	 -1	 0.000000	 9.818660
260	 13	 13	 1	 30.349818	 -1	 0.000000	 10.112200
261	 13	 13	 1	 0.000001	 -1	 0.000000	 7.633340
265	 13	 13	 1	 0.000003	 -1	 0.000000	 8.358774
266	 13	 13	 1	 0.000002	 -1	 0.000000	 10.958214
268	 13	 13	 1	 0.000003	 -1	 0.000000	 9.702909
269	 13	 13	 0	 157.068256	 -1	 0.000000	 11.351124
271	 13	 13	 1	 0.000001	 -1	 0.000000	 9.266652
272	 13	 13	 1	 0.000003	 -1	 0.000000	 8.860283
273	 13	 13	 1	 0.000003	 -1	 0.000000	 9.958211
274	 13	 13	 1	 0.000000	 -1	 0.000000	 9.857659
275	 13	 13	 1	 0.000003	 -1	 0.000000	 13.209594
276	 13	 13	 1	 0.000003	 -1	 0.000000	 8.612686
277	 13	 13	 1	 0.000004	 -1	 0.000000	 7.794588
278	 13	 13	 1	 0.000005	 -1	 0.000000	 7.050457
284	 13	 13	 1	 95.027421	 -1	 0.000000	 8.863346
287	 13	 13	 0	 352.068916	 -1	 0.000000	 11.140988
105	 13	 13	 0	 365.080606	 -1	 0.000000	 8.036828
288	 13	 13	 1	 0.000001	 -1	 0.000000	 8.675503
290	 13	 13	 0	 462.799158	 -1	 0.000000	 8.822636
291	 13	 13	 1	 0.000003	 -1	 0.000000	 9.233162
292	 13	 13	 0	 432.965609	 -1	 0.000000	 10.879792
293	 13	 13	 1	 0.000003	 -1	 0.000000	 9.599302
294	 13	 13	 0	 367.484453	 -1	 0.000000	 7.712530
295	 13	 13	 1	 0.000003	 -1	 0.000000	 8.430625
296	 13	 13	 1	 0.000002	 -1	 0.000000	 7.304766
298	 13	 13	 0	 317.278224	 -1	 0.000000	 9.068098
299	 13	 13	 1	 0.000000	 -1	 0.000000	 8.529449
301	 13	 13	 1	 0.000103	 -1	 0.000000	 6.238332
305	 13	 13	 0	 349.090288	 -1	 0.000000	 8.602068
307	 13	 13	 1	 20.768816	 -1	 0.000000	 9.341598
309	 13	 13	 1	 107.679666	 -1	 0.000000	 13.662498
310	 13	 13	 1	 0.000004	 -1	 0.000000	 8.326539
311	 13	 13	 1	 0.602215	 -1	 0.000000	 5.858596
313	 13	 13	 1	 0.000003	 -1	 0.000000	 7.416717
314	 13	 13	 1	 0.000001	 -1	 0.000000	 10.571677
315	 13	 13	 1	 0.000004	 -1	 0.000000	 8.689545
317	 13	 13	 1	 0.000002	 -1	 0.000000	 9.516266
318	 13	 13	 1	 0.000003	 -1	 0.000000	 12.615316
319	 13	 13	 1	 0.000003	 -1	 0.000000	 8.907000
321	 13	 13	 1	 107.732485	 -1	 0.000000	 11.289660
322	 13	 13	 1	 0.000003	 -1	 0.000000	 8.528272
324	 13	 13	 1	 0.000003	 -1	 0.000000	 10.085081
326	 13	 13	 0	 410.346783	 -1	 0.000000	 14.973950
327	 13	 13	 1	 0.000003	 -1	 0.000000	 10.259806
330	 13	 13	 1	 0.000002	 -1	 0.000000	 12.689426
332	 13	 13	 1	 0.000003	 -1	 0.000000	 11.116387
790	 5	 5	 0	 381.744402	 -1	 0.000000	 7.456164
333	 13	 13	 1	 0.000003	 -1	 0.000000	 8.946699
334	 13	 13	 1	 0.000003	 -1	 0.000000	 7.341249
335	 13	 13	 1	 0.000001	 -1	 0.000000	 7.971674
336	 13	 13	 1	 0.000002	 -1	 0.000000	 9.076694
338	 13	 13	 1	 0.000002	 -1	 0.000000	 11.014074
339	 13	 13	 1	 0.000003	 -1	 0.000000	 9.521280
340	 13	 13	 0	 418.941951	 -1	 0.000000	 9.546989
342	 13	 13	 0	 368.187994	 -1	 0.000000	 11.028712
343	 13	 13	 1	 0.000002	 -1	 0.000000	 9.800710
345	 13	 13	 1	 0.000002	 -1	 0.000000	 7.880784
346	 13	 13	 0	 182.222299	 -1	 0.000000	 8.662688
347	 13	 13	 1	 2.944501	 -1	 0.000000	 9.307116
349	 13	 13	 1	 0.000001	 -1	 0.000000	 9.786185
350	 13	 13	 1	 0.000002	 -1	 0.000000	 7.237095
351	 13	 13	 1	 0.000001	 -1	 0.000000	 7.918664
353	 13	 13	 1	 0.000002	 -1	 0.000000	 10.681657
354	 13	 13	 1	 0.000004	 -1	 0.000000	 8.390731
355	 13	 13	 1	 14.875780	 -1	 0.000000	 11.674570
356	 13	 13	 1	 0.000002	 -1	 0.000000	 13.432417
357	 13	 13	 1	 0.000001	 -1	 0.000000	 9.129766
358	 13	 13	 1	 0.000003	 -1	 0.000000	 7.566754
359	 13	 13	 1	 0.000003	 -1	 0.000000	 11.036371
364	 13	 13	 0	 178.979341	 -1	 0.000000	 9.106128
365	 13	 13	 1	 0.000002	 -1	 0.000000	 8.472160
366	 13	 13	 1	 0.000003	 -1	 0.000000	 12.916904
367	 13	 13	 1	 0.000003	 -1	 0.000000	 7.950814
368	 13	 13	 1	 0.000002	 -1	 0.000000	 8.534484
371	 13	 13	 0	 457.137599	 -1	 0.000000	 9.701045
372	 13	 13	 1	 0.000003	 -1	 0.000000	 8.741259
373	 13	 13	 1	 0.000003	 -1	 0.000000	 8.864104
374	 13	 13	 0	 184.762723	 -1	 0.000000	 7.614372
375	 13	 13	 1	 0.000002	 -1	 0.000000	 20.893988
376	 13	 13	 1	 0.000003	 -1	 0.000000	 7.781341
1011	 15	 15	 0	 369.611567	 -1	 0.000000	 8.686872
377	 13	 13	 1	 0.000003	 -1	 0.000000	 8.385839
378	 13	 13	 1	 0.000003	 -1	 0.000000	 8.380045
379	 13	 13	 1	 0.000002	 -1	 0.000000	 20.122787
380	 13	 13	 1	 0.000000	 -1	 0.000000	 9.850722
381	 13	 13	 0	 370.444728	 -1	 0.000000	 11.121021
384	 13	 13	 0	 370.944970	 -1	 0.000000	 9.096260
385	 13	 13	 1	 0.000000	 -1	 0.000000	 10.920791
386	 13	 13	 0	 409.136357	 -1	 0.000000	 9.165096
388	 13	 13	 1	 0.000001	 -1	 0.000000	 10.521554
389	 13	 13	 1	 0.544944	 -1	 0.000000	 6.281096
391	 13	 13	 0	 352.880490	 -1	 0.000000	 5.458235
393	 13	 13	 1	 0.000003	 -1	 0.000000	 9.431312
394	 13	 13	 1	 0.000002	 -1	 0.000000	 8.049088
395	 13	 13	 1	 0.000002	 -1	 0.000000	 14.602755
396	 13	 13	 1	 0.000004	 -1	 0.000000	 7.537536
398	 13	 13	 1	 0.283051	 -1	 0.000000	 11.054235
399	 13	 13	 1	 0.000002	 -1	 0.000000	 9.593382
3039	 15	 15	 0	 400.620832	 -1	 0.000000	 4.725373
403	 13	 13	 1	 0.000004	 -1	 0.000000	 13.584499
404	 13	 13	 0	 495.607752	 -1	 0.000000	 8.108047
406	 13	 13	 1	 124.385061	 -1	 0.000000	 8.974943
406	 7	 7	 0	 416.998113	 -1	 0.000000	 7.058105
408	 13	 13	 0	 195.036479	 -1	 0.000000	 11.503358
411	 13	 13	 1	 0.000003	 -1	 0.000000	 9.102280
412	 13	 13	 1	 0.000002	 -1	 0.000000	 8.261226
413	 13	 13	 1	 0.000003	 -1	 0.000000	 12.503646
414	 13	 13	 1	 44.879182	 -1	 0.000000	 8.401607
415	 13	 13	 1	 0.000002	 -1	 0.000000	 17.262817
416	 13	 13	 1	 0.000002	 -1	 0.000000	 16.893913
417	 13	 13	 1	 0.000003	 -1	 0.000000	 8.146387
418	 13	 13	 1	 0.000003	 -1	 0.000000	 7.068868
419	 13	 13	 1	 0.000001	 -1	 0.000000	 9.695182
422	 13	 13	 1	 0.000003	 -1	 0.000000	 8.101469
426	 13	 13	 1	 0.000003	 -1	 0.000000	 9.610110
427	 13	 13	 1	 0.000002	 -1	 0.000000	 11.362175
3572	 10	 10	 0	 480.658742	 -1	 0.000000	 6.683659
428	 13	 13	 1	 0.000004	 -1	 0.000000	 10.665632
430	 13	 13	 1	 0.000003	 -1	 0.000000	 9.867472
432	 13	 13	 1	 0.000003	 -1	 0.000000	 8.782999
460	 13	 13	 1	 0.000003	 -1	 0.000000	 10.039306
464	 13	 13	 1	 0.000002	 -1	 0.000000	 8.300102
465	 13	 13	 1	 0.000003	 -1	 0.000000	 9.714077
466	 13	 13	 1	 0.000003	 -1	 0.000000	 7.664982
467	 13	 13	 1	 0.000004	 -1	 0.000000	 7.908721
468	 13	 13	 1	 1.984138	 -1	 0.000000	 12.458965
469	 13	 13	 1	 0.000003	 -1	 0.000000	 7.522997
470	 13	 13	 1	 0.000001	 -1	 0.000000	 8.122565
471	 13	 13	 1	 0.092157	 -1	 0.000000	 19.086620
472	 13	 13	 1	 0.000001	 -1	 0.000000	 10.860436
473	 13	 13	 1	 0.000002	 -1	 0.000000	 9.532083
474	 13	 13	 1	 0.000001	 -1	 0.000000	 13.586153
475	 13	 13	 1	 0.000002	 -1	 0.000000	 11.541086
476	 13	 13	 1	 0.000003	 -1	 0.000000	 7.428636
477	 13	 13	 1	 0.000001	 -1	 0.000000	 7.548176
478	 13	 13	 1	 0.000002	 -1	 0.000000	 8.235738
479	 13	 13	 1	 0.000001	 -1	 0.000000	 16.168606
480	 13	 13	 1	 0.000003	 -1	 0.000000	 8.697588
481	 13	 13	 1	 0.000003	 -1	 0.000000	 7.979761
482	 13	 13	 1	 0.000003	 -1	 0.000000	 8.452483
483	 13	 13	 1	 0.000002	 -1	 0.000000	 9.734266
484	 13	 13	 1	 0.000004	 -1	 0.000000	 8.179849
485	 13	 13	 1	 0.001761	 -1	 0.000000	 8.066774
486	 13	 13	 1	 0.869712	 -1	 0.000000	 19.475044
487	 13	 13	 1	 0.000002	 -1	 0.000000	 11.935064
488	 13	 13	 1	 0.000002	 -1	 0.000000	 9.106918
489	 13	 13	 1	 0.000003	 -1	 0.000000	 13.553350
490	 13	 13	 1	 0.000000	 -1	 0.000000	 10.429219
491	 13	 13	 1	 0.000003	 -1	 0.000000	 8.986923
492	 13	 13	 1	 0.000002	 -1	 0.000000	 9.629258
493	 13	 13	 1	 0.000003	 -1	 0.000000	 7.857028
1	 15	 15	 1	 0.000010	 -1	 0.000000	 10.837549
2	 15	 15	 1	 0.000015	 -1	 0.000000	 8.257411
4	 15	 15	 1	 0.000015	 -1	 0.000000	 15.898558
5	 15	 15	 1	 17.412458	 -1	 0.000000	 10.389360
6	 15	 15	 1	 0.000015	 -1	 0.000000	 8.217267
7	 15	 15	 1	 0.000015	 -1	 0.000000	 14.002832
8	 15	 15	 1	 0.000015	 -1	 0.000000	 7.861562
9	 15	 15	 1	 0.000005	 -1	 0.000000	 10.844629
14	 15	 15	 1	 0.000018	 -1	 0.000000	 8.042786
15	 15	 15	 1	 0.000011	 -1	 0.000000	 7.618868
16	 15	 15	 1	 0.000013	 -1	 0.000000	 12.385816
17	 15	 15	 1	 0.000016	 -1	 0.000000	 7.602998
18	 15	 15	 1	 0.000013	 -1	 0.000000	 12.035377
>>> gr_fir_ccf: using E
>>> gr_fir_fff: using E
gr_buffer::allocate_buffer: warning: tried to allocate
   22 items of size 2928. Due to alignment requirements
   256 were allocated.  If this isn't OK, consider padding
   your structure to a power-of-two bytes.
   On this platform, our allocation granularity is 4096 bytes.
40	 15	 15	 1	 0.000004	 -1	 0.000000	 8.554852
41	 15	 15	 1	 0.000005	 -1	 0.000000	 14.042344
42	 15	 15	 1	 0.000015	 -1	 0.000000	 8.998310
43	 15	 15	 1	 0.000004	 -1	 0.000000	 14.795049
44	 15	 15	 1	 0.000016	 -1	 0.000000	 9.485257
45	 15	 15	 1	 0.000013	 -1	 0.000000	 11.396036
46	 15	 15	 1	 0.000014	 -1	 0.000000	 9.472411
47	 15	 15	 1	 0.000015	 -1	 0.000000	 8.479816
48	 15	 15	 1	 0.000014	 -1	 0.000000	 10.244802
49	 15	 15	 1	 0.000016	 -1	 0.000000	 8.444955
50	 15	 15	 1	 0.000017	 -1	 0.000000	 8.999629
51	 15	 15	 1	 0.000013	 -1	 0.000000	 8.730885
52	 15	 15	 1	 0.000014	 -1	 0.000000	 9.848783
53	 15	 15	 1	 0.000010	 -1	 0.000000	 9.334015
54	 15	 15	 1	 0.000016	 -1	 0.000000	 12.419923
55	 15	 15	 1	 0.000010	 -1	 0.000000	 15.385529
56	 15	 15	 1	 0.000006	 -1	 0.000000	 8.182984
57	 15	 15	 1	 49.567424	 -1	 0.000000	 7.791307
58	 15	 15	 1	 0.000012	 -1	 0.000000	 8.237193
59	 15	 15	 1	 61.392025	 -1	 0.000000	 8.870983
60	 15	 15	 1	 0.000013	 -1	 0.000000	 8.023893
61	 15	 15	 1	 0.000013	 -1	 0.000000	 12.064324
62	 15	 15	 1	 0.000005	 -1	 0.000000	 8.282728
63	 15	 15	 1	 0.000003	 -1	 0.000000	 14.806929
64	 15	 15	 1	 132.150179	 -1	 0.000000	 10.476581
65	 15	 15	 1	 0.000004	 -1	 0.000000	 8.934272
66	 15	 15	 1	 0.000015	 -1	 0.000000	 7.596387
68	 15	 15	 1	 0.000010	 -1	 0.000000	 17.409311
69	 15	 15	 1	 0.000005	 -1	 0.000000	 11.233508
70	 15	 15	 1	 0.000024	 -1	 0.000000	 8.127532
71	 15	 15	 1	 0.000017	 -1	 0.000000	 9.360731
72	 15	 15	 1	 18.098058	 -1	 0.000000	 16.356279
73	 15	 15	 1	 57.085768	 -1	 0.000000	 8.464960
74	 15	 15	 1	 0.000004	 -1	 0.000000	 11.196915
75	 15	 15	 1	 0.000011	 -1	 0.000000	 9.047528
77	 15	 15	 1	 0.000006	 -1	 0.000000	 6.943144
79	 15	 15	 1	 0.000014	 -1	 0.000000	 8.434364
80	 15	 15	 1	 55.655415	 -1	 0.000000	 9.655053
81	 15	 15	 1	 0.000005	 -1	 0.000000	 9.304392
82	 15	 15	 1	 0.000023	 -1	 0.000000	 8.256905
83	 15	 15	 1	 0.000120	 -1	 0.000000	 12.836371
84	 15	 15	 1	 0.000013	 -1	 0.000000	 11.249192
85	 15	 15	 1	 0.001601	 -1	 0.000000	 7.967721
>>> gr_fir_ccf: using E
>>> gr_fir_fff: using E
gr_buffer::allocate_buffer: warning: tried to allocate
   22 items of size 2928. Due to alignment requirements
   256 were allocated.  If this isn't OK, consider padding
   your structure to a power-of-two bytes.
   On this platform, our allocation granularity is 4096 bytes.
41	 15	 15	 1	 0.000005	 -1	 0.000000	 9.143502
42	 15	 15	 0	 295.522404	 -1	 0.000000	 8.037544
43	 15	 15	 1	 80.049084	 -1	 0.000000	 9.915295
1827	 5	 5	 0	 406.187266	 -1	 0.000000	 5.328324
44	 15	 15	 1	 0.000017	 -1	 0.000000	 8.201176
45	 15	 15	 1	 0.000018	 -1	 0.000000	 10.841454
46	 15	 15	 1	 0.000018	 -1	 0.000000	 8.292048
47	 15	 15	 1	 0.000011	 -1	 0.000000	 11.209948
48	 15	 15	 1	 35.727598	 -1	 0.000000	 7.981038
49	 15	 15	 1	 0.000013	 -1	 0.000000	 8.775784
50	 15	 15	 1	 0.000012	 -1	 0.000000	 8.652081
51	 15	 15	 1	 0.000018	 -1	 0.000000	 7.755879
52	 15	 15	 1	 0.000014	 -1	 0.000000	 11.592203
53	 15	 15	 1	 0.000011	 -1	 0.000000	 14.668278
54	 15	 15	 1	 0.000015	 -1	 0.000000	 7.550014
55	 15	 15	 1	 0.000010	 -1	 0.000000	 8.362262
57	 15	 15	 1	 0.000013	 -1	 0.000000	 11.697662
58	 15	 15	 1	 0.000014	 -1	 0.000000	 11.804955
59	 15	 15	 1	 0.000023	 -1	 0.000000	 8.612744
60	 15	 15	 1	 0.000011	 -1	 0.000000	 9.240301
61	 15	 15	 1	 0.000024	 -1	 0.000000	 9.502239
62	 15	 15	 1	 0.000004	 -1	 0.000000	 11.125066
63	 15	 15	 1	 0.000005	 -1	 0.000000	 14.617669
64	 15	 15	 1	 0.000004	 -1	 0.000000	 16.463488
65	 15	 15	 1	 0.000004	 -1	 0.000000	 8.494685
66	 15	 15	 1	 0.000027	 -1	 0.000000	 11.517781
67	 15	 15	 1	 0.000011	 -1	 0.000000	 7.652473
68	 15	 15	 1	 0.000014	 -1	 0.000000	 10.674768
69	 15	 15	 1	 0.000115	 -1	 0.000000	 9.833329
70	 15	 15	 1	 0.000011	 -1	 0.000000	 13.555380
71	 15	 15	 1	 0.000015	 -1	 0.000000	 13.295167
72	 15	 15	 1	 0.000014	 -1	 0.000000	 7.730327
73	 15	 15	 1	 0.000014	 -1	 0.000000	 9.786350
74	 15	 15	 1	 0.000012	 -1	 0.000000	 9.315742
75	 15	 15	 1	 0.000015	 -1	 0.000000	 9.444032
76	 15	 15	 1	 0.000017	 -1	 0.000000	 8.132654
77	 15	 15	 1	 0.000011	 -1	 0.000000	 10.372889
78	 15	 15	 1	 76.466290	 -1	 0.000000	 7.146355
79	 15	 15	 0	 276.974952	 -1	 0.000000	 10.488894
80	 15	 15	 1	 0.000016	 -1	 0.000000	 9.673941
81	 15	 15	 1	 0.000018	 -1	 0.000000	 10.657553
82	 15	 15	 1	 14.370888	 -1	 0.000000	 8.880674
83	 15	 15	 0	 119.160384	 -1	 0.000000	 8.977606
84	 15	 15	 1	 0.000017	 -1	 0.000000	 31.522617
85	 15	 15	 1	 0.000018	 -1	 0.000000	 8.516523
86	 15	 15	 1	 0.000020	 -1	 0.000000	 8.219946
87	 15	 15	 1	 0.000004	 -1	 0.000000	 8.020618
88	 15	 15	 1	 13.222884	 -1	 0.000000	 8.143044
89	 15	 15	 1	 0.000004	 -1	 0.000000	 12.422433
90	 15	 15	 1	 0.000014	 -1	 0.000000	 11.692509
91	 15	 15	 1	 0.000014	 -1	 0.000000	 19.840282
92	 15	 15	 1	 0.000012	 -1	 0.000000	 6.921222
93	 15	 15	 1	 0.000014	 -1	 0.000000	 8.849593
2771	 11	 11	 0	 450.584919	 -1	 0.000000	 5.196548
94	 15	 15	 0	 232.453630	 -1	 0.000000	 9.316461
95	 15	 15	 1	 0.000005	 -1	 0.000000	 11.544753
96	 15	 15	 1	 0.000013	 -1	 0.000000	 8.832135
97	 15	 15	 1	 0.000014	 -1	 0.000000	 8.071626
98	 15	 15	 1	 0.000014	 -1	 0.000000	 11.347738
99	 15	 15	 1	 0.000012	 -1	 0.000000	 8.482623
100	 15	 15	 1	 0.000020	 -1	 0.000000	 7.461293
101	 15	 15	 0	 200.824367	 -1	 0.000000	 9.859381
103	 15	 15	 1	 0.000011	 -1	 0.000000	 14.267909
104	 15	 15	 0	 164.201731	 -1	 0.000000	 8.000830
105	 15	 15	 1	 0.000016	 -1	 0.000000	 7.679574
106	 15	 15	 1	 0.000012	 -1	 0.000000	 7.395671
107	 15	 15	 1	 0.000013	 -1	 0.000000	 11.012257
108	 15	 15	 1	 0.000014	 -1	 0.000000	 8.854343
109	 15	 15	 1	 0.000031	 -1	 0.000000	 12.801399
110	 15	 15	 1	 0.000015	 -1	 0.000000	 10.557658
111	 15	 15	 1	 0.000014	 -1	 0.000000	 7.925187
112	 15	 15	 1	 17.005807	 -1	 0.000000	 9.440589
113	 15	 15	 1	 0.000015	 -1	 0.000000	 8.867309
114	 15	 15	 1	 0.000012	 -1	 0.000000	 9.312617
115	 15	 15	 1	 0.000012	 -1	 0.000000	 11.838285
117	 15	 15	 1	 0.000005	 -1	 0.000000	 8.978189
118	 15	 15	 0	 242.939649	 -1	 0.000000	 8.081410
119	 15	 15	 1	 18.588972	 -1	 0.000000	 9.941387
120	 15	 15	 1	 0.000014	 -1	 0.000000	 7.693534
121	 15	 15	 1	 0.000011	 -1	 0.000000	 9.726644
122	 15	 15	 1	 0.000019	 -1	 0.000000	 8.918735
123	 15	 15	 1	 0.000005	 -1	 0.000000	 8.639812
124	 15	 15	 0	 88.867636	 -1	 0.000000	 8.131322
125	 15	 15	 1	 0.000004	 -1	 0.000000	 8.655366
126	 15	 15	 1	 2.163098	 -1	 0.000000	 14.439067
127	 15	 15	 1	 0.000019	 -1	 0.000000	 7.216063
128	 15	 15	 1	 0.000015	 -1	 0.000000	 7.387566
129	 15	 15	 1	 0.000006	 -1	 0.000000	 8.637309
130	 15	 15	 1	 0.000011	 -1	 0.000000	 9.577906
131	 15	 15	 1	 0.000004	 -1	 0.000000	 8.376102
132	 15	 15	 1	 0.000005	 -1	 0.000000	 9.080992
133	 15	 15	 1	 0.000011	 -1	 0.000000	 8.340870
134	 15	 15	 1	 0.000018	 -1	 0.000000	 8.726893
135	 15	 15	 1	 0.000015	 -1	 0.000000	 7.467791
136	 15	 15	 1	 0.000012	 -1	 0.000000	 11.290206
137	 15	 15	 1	 0.000016	 -1	 0.000000	 8.535638
138	 15	 15	 1	 0.000010	 -1	 0.000000	 13.821187
139	 15	 15	 1	 0.000005	 -1	 0.000000	 15.262172
140	 15	 15	 1	 0.000014	 -1	 0.000000	 12.451225
141	 15	 15	 1	 0.000018	 -1	 0.000000	 11.254914
142	 15	 15	 1	 0.000015	 -1	 0.000000	 7.409614
143	 15	 15	 1	 0.000004	 -1	 0.000000	 9.422225
144	 15	 15	 1	 0.000020	 -1	 0.000000	 9.582959
145	 15	 15	 1	 0.000009	 -1	 0.000000	 11.656713
146	 15	 15	 1	 0.000005	 -1	 0.000000	 9.920322
148	 15	 15	 1	 0.000010	 -1	 0.000000	 9.892106
149	 15	 15	 1	 0.000015	 -1	 0.000000	 13.366559
150	 15	 15	 1	 0.000010	 -1	 0.000000	 10.112946
151	 15	 15	 1	 0.000025	 -1	 0.000000	 10.965744
152	 15	 15	 1	 0.000018	 -1	 0.000000	 6.639872
153	 15	 15	 1	 0.000005	 -1	 0.000000	 9.452210
154	 15	 15	 1	 0.000012	 -1	 0.000000	 11.024910
155	 15	 15	 1	 0.000010	 -1	 0.000000	 9.386040
156	 15	 15	 1	 0.000005	 -1	 0.000000	 9.759550
157	 15	 15	 1	 0.000004	 -1	 0.000000	 12.827444
158	 15	 15	 1	 0.000016	 -1	 0.000000	 8.574366
159	 15	 15	 1	 0.000004	 -1	 0.000000	 9.606495
160	 15	 15	 1	 0.000009	 -1	 0.000000	 8.766468
161	 15	 15	 1	 0.000017	 -1	 0.000000	 7.963534
162	 15	 15	 1	 0.000013	 -1	 0.000000	 8.734884
163	 15	 15	 1	 0.000014	 -1	 0.000000	 12.825979
164	 15	 15	 1	 0.000011	 -1	 0.000000	 12.068769
1579	 11	 11	 0	 466.697415	 -1	 0.000000	 4.775720
165	 15	 15	 1	 0.000004	 -1	 0.000000	 8.072406
166	 15	 15	 1	 0.000019	 -1	 0.000000	 9.294273
167	 15	 15	 1	 0.000011	 -1	 0.000000	 11.483991
168	 15	 15	 1	 0.000022	 -1	 0.000000	 7.518939
169	 15	 15	 1	 0.000022	 -1	 0.000000	 7.333352
170	 15	 15	 1	 0.000005	 -1	 0.000000	 8.796977
171	 15	 15	 1	 0.000015	 -1	 0.000000	 9.625533
172	 15	 15	 1	 0.000010	 -1	 0.000000	 10.351119
173	 15	 15	 1	 55.035486	 -1	 0.000000	 10.274551
174	 15	 15	 1	 0.000011	 -1	 0.000000	 8.117286
175	 15	 15	 1	 0.000017	 -1	 0.000000	 9.546152
176	 15	 15	 1	 0.000018	 -1	 0.000000	 15.663145
177	 15	 15	 1	 0.000004	 -1	 0.000000	 9.241004
178	 15	 15	 1	 0.000017	 -1	 0.000000	 10.613682
179	 15	 15	 1	 0.004887	 -1	 0.000000	 11.322470
180	 15	 15	 1	 0.000014	 -1	 0.000000	 9.177643
181	 15	 15	 1	 0.000013	 -1	 0.000000	 8.787980
182	 15	 15	 1	 0.000015	 -1	 0.000000	 8.557367
183	 15	 15	 1	 0.000005	 -1	 0.000000	 8.240958
184	 15	 15	 1	 0.315048	 -1	 0.000000	 12.110811
185	 15	 15	 1	 0.000015	 -1	 0.000000	 9.901681
186	 15	 15	 1	 0.000013	 -1	 0.000000	 9.013799
187	 15	 15	 1	 0.000013	 -1	 0.000000	 9.987102
188	 15	 15	 1	 0.000016	 -1	 0.000000	 10.001232
189	 15	 15	 1	 0.000004	 -1	 0.000000	 10.330219
191	 15	 15	 1	 0.000014	 -1	 0.000000	 9.043875
192	 15	 15	 1	 0.000015	 -1	 0.000000	 7.551150
193	 15	 15	 1	 0.000022	 -1	 0.000000	 10.274252
194	 15	 15	 1	 0.000009	 -1	 0.000000	 9.173981
195	 15	 15	 1	 68.368710	 -1	 0.000000	 8.212322
196	 15	 15	 1	 0.000016	 -1	 0.000000	 8.545468
197	 15	 15	 1	 0.000017	 -1	 0.000000	 10.894178
198	 15	 15	 1	 0.000013	 -1	 0.000000	 10.826975
199	 15	 15	 1	 0.000013	 -1	 0.000000	 7.874496
200	 15	 15	 1	 0.000023	 -1	 0.000000	 8.242508
201	 15	 15	 1	 0.000014	 -1	 0.000000	 10.228215
202	 15	 15	 1	 0.000017	 -1	 0.000000	 7.841795
203	 15	 15	 1	 0.000012	 -1	 0.000000	 11.728566
>>> gr_fir_ccf: using E
>>> gr_fir_fff: using E
gr_buffer::allocate_buffer: warning: tried to allocate
   22 items of size 2928. Due to alignment requirements
   256 were allocated.  If this isn't OK, consider padding
   your structure to a power-of-two bytes.
   On this platform, our allocation granularity is 4096 bytes.
39	 5	 5	 1	 0.004015	 -1	 0.000000	 9.619557
40	 5	 5	 1	 85.365767	 -1	 0.000000	 8.271640
41	 5	 5	 1	 0.003082	 -1	 0.000000	 15.501801
42	 5	 5	 1	 0.003395	 -1	 0.000000	 8.816911
43	 5	 5	 1	 0.000386	 -1	 0.000000	 13.706767
44	 5	 5	 1	 0.003418	 -1	 0.000000	 9.083882
45	 5	 5	 1	 0.003751	 -1	 0.000000	 10.901201
46	 5	 5	 1	 0.000699	 -1	 0.000000	 7.048496
47	 5	 5	 1	 0.000421	 -1	 0.000000	 11.315930
48	 5	 5	 1	 42.473407	 -1	 0.000000	 7.923654
49	 5	 5	 1	 0.067793	 -1	 0.000000	 13.774611
50	 5	 5	 1	 0.000434	 -1	 0.000000	 16.849287
51	 5	 5	 1	 0.000457	 -1	 0.000000	 10.478765
52	 5	 5	 1	 0.000463	 -1	 0.000000	 10.858013
53	 5	 5	 1	 0.000386	 -1	 0.000000	 8.556491
54	 5	 5	 1	 0.003681	 -1	 0.000000	 8.130013
55	 5	 5	 1	 3.233821	 -1	 0.000000	 14.386797
56	 5	 5	 1	 0.003210	 -1	 0.000000	 12.920864
57	 5	 5	 1	 42.140847	 -1	 0.000000	 8.422829
58	 5	 5	 1	 0.005324	 -1	 0.000000	 7.391108
59	 5	 5	 1	 0.004469	 -1	 0.000000	 11.829907
60	 5	 5	 1	 0.004251	 -1	 0.000000	 6.828270
61	 5	 5	 1	 15.696423	 -1	 0.000000	 10.830762
62	 5	 5	 1	 0.006276	 -1	 0.000000	 10.856248
63	 5	 5	 1	 0.000396	 -1	 0.000000	 9.699726
64	 5	 5	 1	 0.002972	 -1	 0.000000	 11.081274
65	 5	 5	 1	 0.000446	 -1	 0.000000	 15.246664
66	 5	 5	 1	 0.447670	 -1	 0.000000	 9.209049
67	 5	 5	 1	 0.003227	 -1	 0.000000	 7.131685
68	 5	 5	 1	 0.000521	 -1	 0.000000	 7.336804
69	 5	 5	 1	 0.000442	 -1	 0.000000	 13.519606
70	 5	 5	 1	 0.000592	 -1	 0.000000	 7.531744
71	 5	 5	 1	 0.022041	 -1	 0.000000	 8.965040
72	 5	 5	 1	 0.000530	 -1	 0.000000	 8.833380
73	 5	 5	 1	 0.003775	 -1	 0.000000	 8.393452
74	 5	 5	 1	 0.002667	 -1	 0.000000	 9.974166
75	 5	 5	 1	 0.000543	 -1	 0.000000	 8.247782
76	 5	 5	 1	 0.000601	 -1	 0.000000	 9.876756
77	 5	 5	 1	 0.000405	 -1	 0.000000	 11.131225
78	 5	 5	 0	 142.940352	 -1	 0.000000	 9.119332
79	 5	 5	 1	 0.000425	 -1	 0.000000	 15.327771
80	 5	 5	 1	 0.004398	 -1	 0.000000	 11.978651
81	 5	 5	 1	 0.006195	 -1	 0.000000	 7.772186
82	 5	 5	 1	 0.000391	 -1	 0.000000	 9.282433
83	 5	 5	 1	 0.004443	 -1	 0.000000	 7.752661
84	 5	 5	 1	 0.000496	 -1	 0.000000	 13.782846
85	 5	 5	 1	 0.007631	 -1	 0.000000	 9.224385
86	 5	 5	 1	 0.000648	 -1	 0.000000	 8.950256
87	 5	 5	 1	 0.003424	 -1	 0.000000	 18.212936
88	 5	 5	 1	 0.000737	 -1	 0.000000	 7.490809
89	 5	 5	 1	 0.003356	 -1	 0.000000	 9.676232
90	 5	 5	 1	 0.002383	 -1	 0.000000	 9.596714
91	 5	 5	 1	 0.000511	 -1	 0.000000	 10.167829
92	 5	 5	 1	 0.002692	 -1	 0.000000	 9.152638
93	 5	 5	 1	 0.002231	 -1	 0.000000	 20.869438
94	 5	 5	 1	 0.003756	 -1	 0.000000	 10.746963
95	 5	 5	 1	 0.005051	 -1	 0.000000	 9.286383
96	 5	 5	 1	 0.007928	 -1	 0.000000	 11.963094
97	 5	 5	 1	 0.000378	 -1	 0.000000	 10.843860
98	 5	 5	 1	 0.003051	 -1	 0.000000	 7.655181
99	 5	 5	 1	 45.022406	 -1	 0.000000	 10.893878
100	 5	 5	 1	 0.000502	 -1	 0.000000	 9.732045
101	 5	 5	 1	 0.000503	 -1	 0.000000	 9.342396
102	 5	 5	 1	 0.009847	 -1	 0.000000	 12.026921
103	 5	 5	 1	 46.490470	 -1	 0.000000	 11.104530
104	 5	 5	 1	 0.000474	 -1	 0.000000	 10.203700
105	 5	 5	 1	 0.000422	 -1	 0.000000	 11.478291
106	 5	 5	 1	 0.005076	 -1	 0.000000	 8.580708
107	 5	 5	 1	 62.639048	 -1	 0.000000	 10.508406
108	 5	 5	 1	 0.000613	 -1	 0.000000	 7.737813
109	 5	 5	 1	 0.002869	 -1	 0.000000	 11.666122
110	 5	 5	 1	 0.000616	 -1	 0.000000	 7.538247
111	 5	 5	 1	 0.000567	 -1	 0.000000	 10.024089
112	 5	 5	 1	 0.003200	 -1	 0.000000	 9.219487
113	 5	 5	 1	 0.004346	 -1	 0.000000	 9.411046
114	 5	 5	 1	 105.738534	 -1	 0.000000	 8.582136
115	 5	 5	 1	 0.003360	 -1	 0.000000	 10.875980
116	 5	 5	 1	 0.056739	 -1	 0.000000	 10.329743
117	 5	 5	 1	 0.004767	 -1	 0.000000	 12.676464
118	 5	 5	 1	 62.073766	 -1	 0.000000	 11.577724
119	 5	 5	 1	 0.002729	 -1	 0.000000	 8.581338
120	 5	 5	 1	 0.000402	 -1	 0.000000	 10.286185
121	 5	 5	 1	 0.004312	 -1	 0.000000	 9.263470
122	 5	 5	 1	 37.011699	 -1	 0.000000	 7.995137
123	 5	 5	 1	 0.000375	 -1	 0.000000	 14.037035
124	 5	 5	 1	 0.006425	 -1	 0.000000	 10.235706
125	 5	 5	 1	 0.002917	 -1	 0.000000	 8.177371
126	 5	 5	 1	 0.007319	 -1	 0.000000	 12.668172
127	 5	 5	 1	 0.004702	 -1	 0.000000	 8.462613
128	 5	 5	 1	 0.004790	 -1	 0.000000	 7.875491
129	 5	 5	 1	 0.002938	 -1	 0.000000	 10.456083
2090	 9	 9	 0	 451.157132	 -1	 0.000000	 3.521646
130	 5	 5	 1	 57.723098	 -1	 0.000000	 10.696228
131	 5	 5	 1	 0.009851	 -1	 0.000000	 8.437328
132	 5	 5	 1	 0.000423	 -1	 0.000000	 10.209814
133	 5	 5	 1	 0.004177	 -1	 0.000000	 9.540474
134	 5	 5	 1	 47.747712	 -1	 0.000000	 10.191401
135	 5	 5	 1	 0.004987	 -1	 0.000000	 10.849024
136	 5	 5	 1	 0.031892	 -1	 0.000000	 13.539245
137	 5	 5	 1	 25.962653	 -1	 0.000000	 12.943061
138	 5	 5	 1	 0.000514	 -1	 0.000000	 9.849282
139	 5	 5	 1	 0.002827	 -1	 0.000000	 8.699615
140	 5	 5	 1	 0.002030	 -1	 0.000000	 10.777411
141	 5	 5	 1	 0.007114	 -1	 0.000000	 9.414647
142	 5	 5	 1	 0.002239	 -1	 0.000000	 10.311612
143	 5	 5	 1	 0.005677	 -1	 0.000000	 10.982886
144	 5	 5	 1	 0.009667	 -1	 0.000000	 7.209346
145	 5	 5	 1	 6.891289	 -1	 0.000000	 8.611787
146	 5	 5	 1	 0.004264	 -1	 0.000000	 16.121258
147	 5	 5	 1	 0.002937	 -1	 0.000000	 7.626178
600	 7	 7	 0	 434.596211	 -1	 0.000000	 10.429013
148	 5	 5	 1	 0.004205	 -1	 0.000000	 7.596787
149	 5	 5	 1	 0.006670	 -1	 0.000000	 9.300926
150	 5	 5	 1	 0.000364	 -1	 0.000000	 15.402182
151	 5	 5	 1	 0.004516	 -1	 0.000000	 10.902320
152	 5	 5	 1	 25.684594	 -1	 0.000000	 7.603198
153	 5	 5	 1	 0.005686	 -1	 0.000000	 9.012952
154	 5	 5	 1	 0.003142	 -1	 0.000000	 9.878553
155	 5	 5	 1	 0.003095	 -1	 0.000000	 9.647341
156	 5	 5	 1	 5.267008	 -1	 0.000000	 10.784168
157	 5	 5	 1	 0.003447	 -1	 0.000000	 8.596966
158	 5	 5	 1	 0.004307	 -1	 0.000000	 10.096934
159	 5	 5	 1	 0.004825	 -1	 0.000000	 8.611025
160	 5	 5	 1	 0.003053	 -1	 0.000000	 9.802558
161	 5	 5	 1	 0.004279	 -1	 0.000000	 8.777617
162	 5	 5	 1	 0.002579	 -1	 0.000000	 8.274095
163	 5	 5	 1	 0.004753	 -1	 0.000000	 11.529024
164	 5	 5	 1	 0.007199	 -1	 0.000000	 9.157921
165	 5	 5	 1	 0.000528	 -1	 0.000000	 7.970938
3881	 13	 13	 0	 363.954820	 -1	 0.000000	 8.324924
166	 5	 5	 1	 0.000626	 -1	 0.000000	 7.849080
167	 5	 5	 1	 0.002545	 -1	 0.000000	 9.997144
168	 5	 5	 1	 0.008764	 -1	 0.000000	 8.537972
169	 5	 5	 1	 0.002966	 -1	 0.000000	 9.096157
170	 5	 5	 1	 0.000527	 -1	 0.000000	 8.396238
171	 5	 5	 1	 0.000443	 -1	 0.000000	 13.033026
172	 5	 5	 0	 120.151583	 -1	 0.000000	 9.682383
173	 5	 5	 1	 0.008228	 -1	 0.000000	 14.616827
174	 5	 5	 1	 0.000481	 -1	 0.000000	 9.688473
175	 5	 5	 0	 334.295183	 -1	 0.000000	 8.211006
176	 5	 5	 1	 0.000781	 -1	 0.000000	 9.352633
177	 5	 5	 1	 0.002631	 -1	 0.000000	 9.654893
178	 5	 5	 1	 0.007610	 -1	 0.000000	 7.679737
179	 5	 5	 1	 0.005754	 -1	 0.000000	 9.181581
180	 5	 5	 1	 0.000552	 -1	 0.000000	 8.369845
181	 5	 5	 1	 0.000712	 -1	 0.000000	 8.085121
182	 5	 5	 1	 41.812108	 -1	 0.000000	 8.705026
183	 5	 5	 1	 0.780420	 -1	 0.000000	 9.574260
184	 5	 5	 1	 44.625864	 -1	 0.000000	 9.971801
185	 5	 5	 1	 21.093491	 -1	 0.000000	 12.606365
186	 5	 5	 1	 26.544426	 -1	 0.000000	 12.906082
187	 5	 5	 1	 1.154708	 -1	 0.000000	 12.137918
188	 5	 5	 1	 0.003618	 -1	 0.000000	 9.769954
189	 5	 5	 1	 0.000572	 -1	 0.000000	 9.590457
190	 5	 5	 1	 0.002812	 -1	 0.000000	 7.512575
191	 5	 5	 1	 0.000588	 -1	 0.000000	 9.454364
192	 5	 5	 1	 0.002448	 -1	 0.000000	 8.874253
193	 5	 5	 1	 89.371035	 -1	 0.000000	 9.619349
194	 5	 5	 1	 0.000418	 -1	 0.000000	 9.725968
195	 5	 5	 1	 0.002568	 -1	 0.000000	 9.095652
196	 5	 5	 1	 0.026489	 -1	 0.000000	 21.358299
197	 5	 5	 1	 0.003374	 -1	 0.000000	 11.108665
229	 11	 11	 0	 463.628923	 -1	 0.000000	 7.750929
198	 5	 5	 1	 98.032330	 -1	 0.000000	 12.642771
199	 5	 5	 1	 0.000658	 -1	 0.000000	 8.058434
200	 5	 5	 1	 0.003081	 -1	 0.000000	 8.821558
201	 5	 5	 1	 0.007438	 -1	 0.000000	 10.542077
202	 5	 5	 1	 0.003717	 -1	 0.000000	 12.300616
203	 5	 5	 1	 15.477347	 -1	 0.000000	 13.092828
204	 5	 5	 1	 0.000413	 -1	 0.000000	 11.315890
206	 5	 5	 1	 72.466145	 -1	 0.000000	 12.464738
207	 5	 5	 1	 0.000390	 -1	 0.000000	 12.833320
208	 5	 5	 1	 0.005745	 -1	 0.000000	 12.599402
209	 5	 5	 1	 0.000422	 -1	 0.000000	 9.365936
210	 5	 5	 1	 0.000366	 -1	 0.000000	 11.799512
211	 5	 5	 1	 0.003201	 -1	 0.000000	 12.461750
212	 5	 5	 1	 0.002454	 -1	 0.000000	 8.204801
213	 5	 5	 1	 0.000553	 -1	 0.000000	 9.642043
214	 5	 5	 1	 0.003624	 -1	 0.000000	 10.811393
215	 5	 5	 1	 0.002890	 -1	 0.000000	 12.204343
216	 5	 5	 1	 0.003424	 -1	 0.000000	 9.092058
217	 5	 5	 1	 0.002406	 -1	 0.000000	 8.749429
218	 5	 5	 1	 0.003425	 -1	 0.000000	 8.490697
219	 5	 5	 1	 0.000456	 -1	 0.000000	 14.135634
221	 5	 5	 1	 0.005467	 -1	 0.000000	 8.622302
222	 5	 5	 0	 237.378281	 -1	 0.000000	 9.508216
223	 5	 5	 1	 0.000522	 -1	 0.000000	 11.487269
226	 5	 5	 1	 0.003487	 -1	 0.000000	 8.143624
227	 5	 5	 1	 0.002408	 -1	 0.000000	 8.940263
228	 5	 5	 1	 84.965452	 -1	 0.000000	 9.332727
229	 5	 5	 1	 0.003266	 -1	 0.000000	 8.613313
230	 5	 5	 1	 0.000485	 -1	 0.000000	 9.265343
231	 5	 5	 1	 0.002291	 -1	 0.000000	 11.379262
232	 5	 5	 1	 0.003986	 -1	 0.000000	 10.749644
233	 5	 5	 0	 221.605693	 -1	 0.000000	 8.608512
235	 5	 5	 1	 0.000502	 -1	 0.000000	 11.109757
236	 5	 5	 1	 0.000644	 -1	 0.000000	 7.683014
238	 5	 5	 1	 0.272874	 -1	 0.000000	 8.735488
239	 5	 5	 1	 0.000529	 -1	 0.000000	 9.298768
243	 5	 5	 1	 0.005439	 -1	 0.000000	 8.463867
244	 5	 5	 1	 49.083886	 -1	 0.000000	 9.689999
247	 5	 5	 1	 0.004615	 -1	 0.000000	 13.987256
248	 5	 5	 1	 0.002296	 -1	 0.000000	 11.992423
249	 5	 5	 0	 391.011420	 -1	 0.000000	 9.128764
251	 5	 5	 1	 0.004450	 -1	 0.000000	 8.481543
252	 5	 5	 0	 172.745644	 -1	 0.000000	 9.354046
253	 5	 5	 1	 16.437427	 -1	 0.000000	 9.685954
254	 5	 5	 1	 0.000719	 -1	 0.000000	 7.625704
255	 5	 5	 1	 0.004183	 -1	 0.000000	 15.634916
256	 5	 5	 1	 0.002896	 -1	 0.000000	 10.880891
257	 5	 5	 1	 0.004792	 -1	 0.000000	 11.090526
258	 5	 5	 1	 0.000828	 -1	 0.000000	 6.864645
259	 5	 5	 1	 0.000624	 -1	 0.000000	 9.103734
260	 5	 5	 1	 0.000594	 -1	 0.000000	 9.978173
261	 5	 5	 0	 244.205259	 -1	 0.000000	 14.358154
262	 5	 5	 1	 0.000358	 -1	 0.000000	 15.542913
263	 5	 5	 1	 0.000688	 -1	 0.000000	 7.839804
266	 5	 5	 1	 0.004663	 -1	 0.000000	 8.446240
272	 5	 5	 0	 113.739685	 -1	 0.000000	 8.979498
273	 5	 5	 1	 47.030598	 -1	 0.000000	 8.550578
1118	 13	 13	 0	 369.069886	 -1	 0.000000	 6.525503
274	 5	 5	 1	 7.886037	 -1	 0.000000	 8.999086
275	 5	 5	 1	 0.000555	 -1	 0.000000	 11.010072
276	 5	 5	 1	 0.008024	 -1	 0.000000	 6.884477
277	 5	 5	 1	 37.782969	 -1	 0.000000	 9.247536
1840	 9	 9	 0	 455.009974	 -1	 0.000000	 0.437976
279	 5	 5	 0	 145.536364	 -1	 0.000000	 9.229876
283	 5	 5	 1	 0.008414	 -1	 0.000000	 9.802656
284	 5	 5	 1	 0.065850	 -1	 0.000000	 10.644197
285	 5	 5	 1	 0.009332	 -1	 0.000000	 7.716757
287	 5	 5	 1	 1.274784	 -1	 0.000000	 13.048025
288	 5	 5	 1	 0.003231	 -1	 0.000000	 11.163753
289	 5	 5	 1	 0.006922	 -1	 0.000000	 8.785706
290	 5	 5	 1	 0.000744	 -1	 0.000000	 9.320006
291	 5	 5	 1	 0.003072	 -1	 0.000000	 14.430033
293	 5	 5	 1	 0.003257	 -1	 0.000000	 8.045612
294	 5	 5	 1	 0.015712	 -1	 0.000000	 11.118546
296	 5	 5	 1	 0.132613	 -1	 0.000000	 10.052007
297	 5	 5	 1	 0.006188	 -1	 0.000000	 7.924366
298	 5	 5	 1	 0.003434	 -1	 0.000000	 8.997049
299	 5	 5	 1	 0.000516	 -1	 0.000000	 8.925607
302	 5	 5	 1	 0.000663	 -1	 0.000000	 7.878489
305	 5	 5	 0	 295.021852	 -1	 0.000000	 8.715804
306	 5	 5	 1	 0.004872	 -1	 0.000000	 14.820214
308	 5	 5	 1	 0.002803	 -1	 0.000000	 10.625216
309	 5	 5	 1	 0.000798	 -1	 0.000000	 7.076376
310	 5	 5	 1	 0.000509	 -1	 0.000000	 11.478623
312	 5	 5	 1	 0.000525	 -1	 0.000000	 10.599258
313	 5	 5	 0	 495.657168	 -1	 0.000000	 14.691826
314	 5	 5	 1	 0.008363	 -1	 0.000000	 7.835132
315	 5	 5	 1	 0.943914	 -1	 0.000000	 8.328192
316	 5	 5	 1	 0.000402	 -1	 0.000000	 10.084941
317	 5	 5	 1	 0.000521	 -1	 0.000000	 11.144783
318	 5	 5	 1	 5.028543	 -1	 0.000000	 11.468946
319	 5	 5	 1	 0.000433	 -1	 0.000000	 8.702420
322	 5	 5	 1	 0.007862	 -1	 0.000000	 13.648434
323	 5	 5	 1	 0.004089	 -1	 0.000000	 7.014342
324	 5	 5	 0	 237.159061	 -1	 0.000000	 8.511753
325	 5	 5	 1	 0.002586	 -1	 0.000000	 9.583327
327	 5	 5	 1	 0.004143	 -1	 0.000000	 9.742929
328	 5	 5	 0	 390.277575	 -1	 0.000000	 11.449165
330	 5	 5	 1	 0.004430	 -1	 0.000000	 9.172742
3644	 11	 11	 0	 466.252120	 -1	 0.000000	 2.282931
333	 5	 5	 1	 52.239178	 -1	 0.000000	 16.993233
334	 5	 5	 1	 0.012219	 -1	 0.000000	 9.709060
335	 5	 5	 1	 0.000492	 -1	 0.000000	 9.357426
336	 5	 5	 0	 495.647468	 -1	 0.000000	 8.835514
360	 5	 5	 1	 0.000447	 -1	 0.000000	 9.452515
361	 5	 5	 1	 0.000608	 -1	 0.000000	 8.866222
362	 5	 5	 1	 76.269026	 -1	 0.000000	 10.715363
363	 5	 5	 1	 0.003405	 -1	 0.000000	 8.275359
364	 5	 5	 1	 0.003482	 -1	 0.000000	 11.201821
365	 5	 5	 0	 115.934427	 -1	 0.000000	 11.555130
366	 5	 5	 1	 0.000705	 -1	 0.000000	 8.276726
367	 5	 5	 1	 0.000801	 -1	 0.000000	 8.023350
368	 5	 5	 1	 0.000437	 -1	 0.000000	 8.594366
369	 5	 5	 1	 0.000423	 -1	 0.000000	 10.784794
370	 5	 5	 1	 0.000508	 -1	 0.000000	 8.673073
371	 5	 5	 1	 0.009817	 -1	 0.000000	 7.469029
372	 5	 5	 1	 0.000594	 -1	 0.000000	 8.425817
373	 5	 5	 1	 0.000474	 -1	 0.000000	 13.129517
374	 5	 5	 1	 0.002731	 -1	 0.000000	 12.116896
375	 5	 5	 1	 0.002847	 -1	 0.000000	 8.266511
376	 5	 5	 1	 21.468685	 -1	 0.000000	 9.115189
377	 5	 5	 1	 0.000599	 -1	 0.000000	 8.023918
378	 5	 5	 1	 0.000533	 -1	 0.000000	 17.915390
379	 5	 5	 1	 0.003548	 -1	 0.000000	 10.827724
352	 5	 5	 1	 0.000456	 -1	 0.000000	 10.271235
380	 5	 5	 1	 85.839524	 -1	 0.000000	 11.601221
381	 5	 5	 1	 0.003533	 -1	 0.000000	 11.257307
382	 5	 5	 1	 0.002554	 -1	 0.000000	 8.754873
383	 5	 5	 1	 0.008197	 -1	 0.000000	 11.177414
384	 5	 5	 1	 0.004296	 -1	 0.000000	 8.882227
385	 5	 5	 1	 0.000474	 -1	 0.000000	 8.187284
386	 5	 5	 1	 0.005547	 -1	 0.000000	 12.207442
387	 5	 5	 1	 7.351749	 -1	 0.000000	 9.945298
388	 5	 5	 1	 0.006746	 -1	 0.000000	 10.181419
389	 5	 5	 1	 0.000456	 -1	 0.000000	 9.089845
390	 5	 5	 0	 103.600709	 -1	 0.000000	 16.584095
391	 5	 5	 1	 0.007370	 -1	 0.000000	 8.865242
397	 5	 5	 1	 0.255146	 -1	 0.000000	 9.217237
398	 5	 5	 1	 15.705443	 -1	 0.000000	 11.905754
399	 5	 5	 1	 0.005229	 -1	 0.000000	 17.957657
400	 5	 5	 1	 0.004531	 -1	 0.000000	 9.693198
401	 5	 5	 1	 0.006377	 -1	 0.000000	 8.431604
402	 5	 5	 1	 0.021440	 -1	 0.000000	 12.122782
403	 5	 5	 1	 0.005123	 -1	 0.000000	 8.241801
404	 5	 5	 1	 0.000524	 -1	 0.000000	 8.110188
405	 5	 5	 1	 0.009578	 -1	 0.000000	 7.900637
406	 5	 5	 1	 0.003313	 -1	 0.000000	 10.564011
407	 5	 5	 1	 0.000448	 -1	 0.000000	 9.927472
408	 5	 5	 1	 0.000508	 -1	 0.000000	 8.796517
409	 5	 5	 1	 0.002857	 -1	 0.000000	 11.777550
410	 5	 5	 0	 132.364681	 -1	 0.000000	 11.311141
411	 5	 5	 1	 0.002452	 -1	 0.000000	 13.326546
412	 5	 5	 1	 0.000667	 -1	 0.000000	 7.409135
413	 5	 5	 1	 0.004574	 -1	 0.000000	 8.850410
414	 5	 5	 1	 0.002405	 -1	 0.000000	 11.786858
415	 5	 5	 1	 0.011471	 -1	 0.000000	 6.953051
416	 5	 5	 1	 0.003841	 -1	 0.000000	 8.529562
417	 5	 5	 1	 0.002584	 -1	 0.000000	 8.825253
418	 5	 5	 1	 0.000738	 -1	 0.000000	 8.003690
419	 5	 5	 1	 0.000415	 -1	 0.000000	 9.757203
420	 5	 5	 1	 0.000673	 -1	 0.000000	 7.888756
421	 5	 5	 1	 0.006907	 -1	 0.000000	 12.377872
422	 5	 5	 1	 0.004136	 -1	 0.000000	 7.680043
423	 5	 5	 1	 0.003540	 -1	 0.000000	 8.712759
424	 5	 5	 1	 0.000509	 -1	 0.000000	 8.337420
425	 5	 5	 1	 24.518169	 -1	 0.000000	 9.857197
426	 5	 5	 1	 0.003331	 -1	 0.000000	 8.846020
427	 5	 5	 1	 0.003238	 -1	 0.000000	 8.003455
428	 5	 5	 1	 0.003320	 -1	 0.000000	 10.213160
429	 5	 5	 1	 0.000490	 -1	 0.000000	 8.008617
430	 5	 5	 1	 0.006301	 -1	 0.000000	 10.218390
432	 5	 5	 1	 0.007437	 -1	 0.000000	 10.114990
433	 5	 5	 1	 33.767229	 -1	 0.000000	 18.279694
434	 5	 5	 1	 0.006734	 -1	 0.000000	 7.192902
435	 5	 5	 1	 0.000459	 -1	 0.000000	 9.465812
440	 5	 5	 1	 15.058447	 -1	 0.000000	 9.369708
441	 5	 5	 1	 2.505912	 -1	 0.000000	 11.392932
442	 5	 5	 1	 0.000799	 -1	 0.000000	 8.327295
443	 5	 5	 1	 0.002646	 -1	 0.000000	 10.682995
444	 5	 5	 1	 0.003351	 -1	 0.000000	 9.044132
445	 5	 5	 1	 0.003027	 -1	 0.000000	 22.957954
446	 5	 5	 1	 0.002319	 -1	 0.000000	 8.656900
452	 5	 5	 1	 0.000723	 -1	 0.000000	 8.038887
457	 5	 5	 1	 0.000439	 -1	 0.000000	 10.855337
458	 5	 5	 1	 0.000454	 -1	 0.000000	 8.564731
459	 5	 5	 1	 0.003400	 -1	 0.000000	 7.971781
460	 5	 5	 1	 0.005015	 -1	 0.000000	 7.155183
461	 5	 5	 1	 0.003810	 -1	 0.000000	 7.610107
462	 5	 5	 1	 0.000547	 -1	 0.000000	 8.928355
463	 5	 5	 1	 0.005586	 -1	 0.000000	 11.125812
464	 5	 5	 1	 43.856817	 -1	 0.000000	 9.385617
465	 5	 5	 1	 0.002692	 -1	 0.000000	 13.901399
466	 5	 5	 1	 0.002423	 -1	 0.000000	 9.708445
467	 5	 5	 1	 0.402988	 -1	 0.000000	 12.988942
468	 5	 5	 1	 3.451945	 -1	 0.000000	 7.879544
469	 5	 5	 1	 0.006206	 -1	 0.000000	 7.853851
470	 5	 5	 1	 0.004372	 -1	 0.000000	 11.890884
471	 5	 5	 1	 5.735496	 -1	 0.000000	 9.765481
472	 5	 5	 1	 0.005092	 -1	 0.000000	 8.646301
473	 5	 5	 1	 10.400721	 -1	 0.000000	 10.557061
474	 5	 5	 1	 0.000577	 -1	 0.000000	 8.602420
475	 5	 5	 1	 0.007895	 -1	 0.000000	 11.998729
476	 5	 5	 1	 0.003771	 -1	 0.000000	 11.857525
477	 5	 5	 1	 0.002476	 -1	 0.000000	 10.477690
478	 5	 5	 1	 0.000390	 -1	 0.000000	 9.278436
479	 5	 5	 1	 0.004930	 -1	 0.000000	 11.232351
480	 5	 5	 1	 0.000427	 -1	 0.000000	 11.038206
481	 5	 5	 1	 0.009763	 -1	 0.000000	 9.233836
482	 5	 5	 1	 8.814005	 -1	 0.000000	 10.167557
483	 5	 5	 1	 31.971943	 -1	 0.000000	 10.074910
484	 5	 5	 1	 0.000465	 -1	 0.000000	 10.188093
485	 5	 5	 1	 0.002257	 -1	 0.000000	 15.025410
486	 5	 5	 1	 0.000609	 -1	 0.000000	 9.546638
487	 5	 5	 1	 0.000491	 -1	 0.000000	 8.462190
488	 5	 5	 1	 0.002818	 -1	 0.000000	 9.879210
489	 5	 5	 1	 0.000534	 -1	 0.000000	 10.797463
490	 5	 5	 1	 0.003067	 -1	 0.000000	 7.814588
496	 5	 5	 1	 0.008810	 -1	 0.000000	 16.159744
497	 5	 5	 1	 0.005221	 -1	 0.000000	 7.916144
498	 5	 5	 1	 0.006871	 -1	 0.000000	 8.507221
499	 5	 5	 1	 3.117480	 -1	 0.000000	 9.003736
0	 5	 5	 1	 0.005051	 -1	 0.000000	 9.181450
1	 5	 5	 1	 0.007130	 -1	 0.000000	 14.565326
2	 5	 5	 1	 0.002742	 -1	 0.000000	 12.633677
3	 5	 5	 0	 286.953681	 -1	 0.000000	 10.826676
4	 5	 5	 1	 0.002543	 -1	 0.000000	 9.945199
5	 5	 5	 1	 0.008908	 -1	 0.000000	 6.884805
6	 5	 5	 1	 0.007643	 -1	 0.000000	 8.459064
10	 5	 5	 1	 0.006078	 -1	 0.000000	 8.371560
11	 5	 5	 1	 0.004716	 -1	 0.000000	 18.441034
12	 5	 5	 1	 0.006429	 -1	 0.000000	 9.755527
13	 5	 5	 1	 0.921175	 -1	 0.000000	 8.555418
14	 5	 5	 1	 0.000657	 -1	 0.000000	 8.369278
15	 5	 5	 1	 0.003250	 -1	 0.000000	 8.768118
16	 5	 5	 1	 0.004039	 -1	 0.000000	 13.101083
17	 5	 5	 1	 0.000633	 -1	 0.000000	 7.531627
18	 5	 5	 1	 0.005066	 -1	 0.000000	 11.974424
19	 5	 5	 1	 0.004608	 -1	 0.000000	 7.455947
22	 5	 5	 1	 34.594541	 -1	 0.000000	 9.801213
25	 5	 5	 1	 69.050405	 -1	 0.000000	 9.016647
27	 5	 5	 1	 0.002498	 -1	 0.000000	 9.545458
28	 5	 5	 1	 0.003284	 -1	 0.000000	 11.064210
29	 5	 5	 1	 0.008409	 -1	 0.000000	 7.131210
30	 5	 5	 1	 0.005959	 -1	 0.000000	 8.207247
>>> gr_fir_ccf: using E
>>> gr_fir_fff: using E
gr_buffer::allocate_buffer: warning: tried to allocate
   22 items of size 2928. Due to alignment requirements
   256 were allocated.  If this isn't OK, consider padding
   your structure to a power-of-two bytes.
   On this platform, our allocation granularity is 4096 bytes.
40	 5	 5	 1	 0.000445	 -1	 0.000000	 8.747233
41	 5	 5	 1	 0.010423	 -1	 0.000000	 8.190062
42	 5	 5	 1	 0.002585	 -1	 0.000000	 10.801926
43	 5	 5	 1	 0.000595	 -1	 0.000000	 9.663880
44	 5	 5	 1	 0.000562	 -1	 0.000000	 8.122182
45	 5	 5	 1	 0.000514	 -1	 0.000000	 7.664164
46	 5	 5	 1	 86.171456	 -1	 0.000000	 10.895996
47	 5	 5	 1	 0.002363	 -1	 0.000000	 9.935380
48	 5	 5	 1	 0.000985	 -1	 0.000000	 8.151091
49	 5	 5	 1	 0.000484	 -1	 0.000000	 13.448607
50	 5	 5	 1	 0.000390	 -1	 0.000000	 11.306942
51	 5	 5	 1	 0.006389	 -1	 0.000000	 9.579574
52	 5	 5	 1	 0.005141	 -1	 0.000000	 8.996892
53	 5	 5	 1	 0.005637	 -1	 0.000000	 8.369432
54	 5	 5	 1	 0.002579	 -1	 0.000000	 8.941303
55	 5	 5	 1	 0.004172	 -1	 0.000000	 7.432369
56	 5	 5	 1	 0.000483	 -1	 0.000000	 9.143917
57	 5	 5	 1	 0.000572	 -1	 0.000000	 7.985304
58	 5	 5	 1	 0.003960	 -1	 0.000000	 8.312930
59	 5	 5	 1	 0.004463	 -1	 0.000000	 11.401416
60	 5	 5	 1	 0.003323	 -1	 0.000000	 9.047268
61	 5	 5	 1	 0.000440	 -1	 0.000000	 12.910769
62	 5	 5	 1	 0.004295	 -1	 0.000000	 8.752404
63	 5	 5	 1	 0.004163	 -1	 0.000000	 9.056111
64	 5	 5	 1	 0.000453	 -1	 0.000000	 11.189116
65	 5	 5	 1	 0.000593	 -1	 0.000000	 7.823988
66	 5	 5	 1	 106.119451	 -1	 0.000000	 10.827516
67	 5	 5	 1	 0.003613	 -1	 0.000000	 8.789055
69	 5	 5	 1	 0.000427	 -1	 0.000000	 11.026228
70	 5	 5	 1	 0.000432	 -1	 0.000000	 12.567529
829	 15	 15	 0	 394.635639	 -1	 0.000000	 10.667806
71	 5	 5	 1	 0.003078	 -1	 0.000000	 7.799666
72	 5	 5	 1	 0.000543	 -1	 0.000000	 7.964940
73	 5	 5	 1	 0.004771	 -1	 0.000000	 18.620615
74	 5	 5	 1	 36.123026	 -1	 0.000000	 13.294197
75	 5	 5	 1	 21.008472	 -1	 0.000000	 9.546530
76	 5	 5	 1	 0.000486	 -1	 0.000000	 8.788844
77	 5	 5	 1	 0.003162	 -1	 0.000000	 13.213139
78	 5	 5	 1	 0.004590	 -1	 0.000000	 9.997922
79	 5	 5	 1	 0.001845	 -1	 0.000000	 11.802123
80	 5	 5	 1	 0.003887	 -1	 0.000000	 9.783104
81	 5	 5	 1	 68.629773	 -1	 0.000000	 10.353435
82	 5	 5	 1	 0.000479	 -1	 0.000000	 8.808958
83	 5	 5	 1	 0.000733	 -1	 0.000000	 8.893975
84	 5	 5	 1	 0.000506	 -1	 0.000000	 9.570180
85	 5	 5	 1	 0.006507	 -1	 0.000000	 9.533323
86	 5	 5	 1	 41.784803	 -1	 0.000000	 12.394543
87	 5	 5	 1	 0.000375	 -1	 0.000000	 13.962141
88	 5	 5	 1	 20.509694	 -1	 0.000000	 9.692779
89	 5	 5	 1	 0.000788	 -1	 0.000000	 7.353252
90	 5	 5	 1	 0.000836	 -1	 0.000000	 7.557719
91	 5	 5	 1	 0.000420	 -1	 0.000000	 10.796687
92	 5	 5	 1	 0.005587	 -1	 0.000000	 7.712930
93	 5	 5	 1	 0.002962	 -1	 0.000000	 10.525718
94	 5	 5	 1	 77.009722	 -1	 0.000000	 10.706902
95	 5	 5	 1	 0.000800	 -1	 0.000000	 8.238185
96	 5	 5	 1	 0.002927	 -1	 0.000000	 8.294308
97	 5	 5	 1	 2.581335	 -1	 0.000000	 9.440289
98	 5	 5	 1	 0.001739	 -1	 0.000000	 12.264965
99	 5	 5	 1	 0.000411	 -1	 0.000000	 13.265528
100	 5	 5	 1	 0.005696	 -1	 0.000000	 11.021871
1863	 9	 9	 0	 455.960957	 -1	 0.000000	 11.867035
101	 5	 5	 0	 173.606986	 -1	 0.000000	 9.719764
102	 5	 5	 1	 0.000396	 -1	 0.000000	 9.616702
103	 5	 5	 1	 0.000527	 -1	 0.000000	 9.712601
104	 5	 5	 1	 0.000503	 -1	 0.000000	 9.874454
105	 5	 5	 1	 0.003167	 -1	 0.000000	 11.489965
106	 5	 5	 1	 0.000384	 -1	 0.000000	 10.475548
107	 5	 5	 1	 0.006359	 -1	 0.000000	 8.785134
109	 5	 5	 1	 0.002828	 -1	 0.000000	 8.043825
110	 5	 5	 1	 0.000999	 -1	 0.000000	 7.101839
111	 5	 5	 1	 0.000418	 -1	 0.000000	 10.114130
112	 5	 5	 1	 0.000470	 -1	 0.000000	 9.189615
113	 5	 5	 1	 17.700623	 -1	 0.000000	 12.916963
114	 5	 5	 1	 0.004137	 -1	 0.000000	 11.359691
115	 5	 5	 1	 0.005240	 -1	 0.000000	 11.865621
116	 5	 5	 1	 0.002907	 -1	 0.000000	 7.585372
117	 5	 5	 1	 72.027535	 -1	 0.000000	 10.553596
118	 5	 5	 1	 0.000481	 -1	 0.000000	 11.753861
119	 5	 5	 1	 0.002419	 -1	 0.000000	 11.300956
120	 5	 5	 1	 0.000811	 -1	 0.000000	 7.656339
121	 5	 5	 1	 11.345683	 -1	 0.000000	 10.414199
122	 5	 5	 1	 0.000609	 -1	 0.000000	 8.061366
123	 5	 5	 1	 0.003236	 -1	 0.000000	 10.309860
124	 5	 5	 1	 0.000464	 -1	 0.000000	 8.987588
125	 5	 5	 1	 0.008014	 -1	 0.000000	 9.123079
126	 5	 5	 1	 62.784439	 -1	 0.000000	 11.172001
127	 5	 5	 1	 0.002700	 -1	 0.000000	 13.234192
128	 5	 5	 1	 0.004089	 -1	 0.000000	 7.943439
129	 5	 5	 1	 0.005828	 -1	 0.000000	 7.807173
130	 5	 5	 1	 0.004529	 -1	 0.000000	 8.500515
131	 5	 5	 1	 0.000392	 -1	 0.000000	 10.113714
132	 5	 5	 1	 0.000798	 -1	 0.000000	 7.270504
133	 5	 5	 1	 0.004842	 -1	 0.000000	 8.668993
134	 5	 5	 1	 0.002757	 -1	 0.000000	 9.852739
135	 5	 5	 1	 0.006030	 -1	 0.000000	 9.615125
136	 5	 5	 1	 0.000419	 -1	 0.000000	 9.635848
137	 5	 5	 1	 0.006870	 -1	 0.000000	 12.603465
138	 5	 5	 1	 0.003626	 -1	 0.000000	 8.625514
139	 5	 5	 1	 0.005486	 -1	 0.000000	 7.732849
140	 5	 5	 1	 0.007802	 -1	 0.000000	 15.416048
141	 5	 5	 1	 0.000397	 -1	 0.000000	 11.699539
142	 5	 5	 1	 0.008953	 -1	 0.000000	 8.128927
143	 5	 5	 1	 0.000498	 -1	 0.000000	 8.996395
144	 5	 5	 1	 16.511180	 -1	 0.000000	 9.972508
145	 5	 5	 1	 0.003776	 -1	 0.000000	 7.896876
146	 5	 5	 1	 0.000461	 -1	 0.000000	 10.463199
147	 5	 5	 1	 0.003654	 -1	 0.000000	 7.770734
148	 5	 5	 1	 0.004549	 -1	 0.000000	 7.473886
149	 5	 5	 1	 0.002112	 -1	 0.000000	 11.009964
150	 5	 5	 1	 0.003048	 -1	 0.000000	 10.254554
151	 5	 5	 1	 0.002876	 -1	 0.000000	 9.903302
152	 5	 5	 1	 0.006090	 -1	 0.000000	 7.997780
153	 5	 5	 1	 0.000537	 -1	 0.000000	 9.500447
154	 5	 5	 1	 0.006536	 -1	 0.000000	 8.409407
155	 5	 5	 1	 0.000485	 -1	 0.000000	 8.660925
156	 5	 5	 1	 0.006245	 -1	 0.000000	 7.357887
157	 5	 5	 1	 22.329361	 -1	 0.000000	 13.613992
158	 5	 5	 1	 0.000504	 -1	 0.000000	 8.606251
159	 5	 5	 1	 0.000523	 -1	 0.000000	 9.840466
160	 5	 5	 1	 0.002591	 -1	 0.000000	 12.413027
161	 5	 5	 1	 0.000381	 -1	 0.000000	 12.420230
162	 5	 5	 1	 0.000509	 -1	 0.000000	 13.404405
163	 5	 5	 1	 0.000550	 -1	 0.000000	 8.808957
164	 5	 5	 1	 0.000541	 -1	 0.000000	 8.718173
165	 5	 5	 1	 0.005816	 -1	 0.000000	 9.194480
166	 5	 5	 1	 0.002269	 -1	 0.000000	 7.744384
167	 5	 5	 1	 0.003660	 -1	 0.000000	 7.701340
168	 5	 5	 1	 55.774997	 -1	 0.000000	 10.906960
169	 5	 5	 1	 0.000565	 -1	 0.000000	 11.994324
170	 5	 5	 1	 0.005986	 -1	 0.000000	 9.237481
171	 5	 5	 1	 0.000409	 -1	 0.000000	 9.216777
172	 5	 5	 1	 0.000442	 -1	 0.000000	 9.726300
173	 5	 5	 1	 0.000507	 -1	 0.000000	 8.732126
174	 5	 5	 1	 0.005007	 -1	 0.000000	 8.675182
175	 5	 5	 1	 0.002410	 -1	 0.000000	 12.542583
176	 5	 5	 1	 0.170272	 -1	 0.000000	 9.820419
177	 5	 5	 1	 0.003054	 -1	 0.000000	 8.076929
178	 5	 5	 1	 0.002677	 -1	 0.000000	 8.825413
179	 5	 5	 1	 0.004185	 -1	 0.000000	 9.048597
200	 5	 5	 1	 0.002405	 -1	 0.000000	 9.027705
201	 5	 5	 1	 0.000389	 -1	 0.000000	 17.898676
202	 5	 5	 1	 0.003022	 -1	 0.000000	 8.277264
203	 5	 5	 1	 0.003270	 -1	 0.000000	 8.180820
204	 5	 5	 1	 0.006677	 -1	 0.000000	 9.361980
205	 5	 5	 1	 0.000520	 -1	 0.000000	 8.110391
206	 5	 5	 1	 0.002827	 -1	 0.000000	 7.466088
207	 5	 5	 1	 0.000446	 -1	 0.000000	 12.413393
208	 5	 5	 1	 0.002324	 -1	 0.000000	 11.916599
209	 5	 5	 1	 0.000500	 -1	 0.000000	 10.124977
210	 5	 5	 1	 0.004058	 -1	 0.000000	 10.766660
211	 5	 5	 1	 0.007848	 -1	 0.000000	 8.542695
212	 5	 5	 1	 0.000429	 -1	 0.000000	 10.918595
213	 5	 5	 1	 0.002623	 -1	 0.000000	 16.561237
214	 5	 5	 1	 0.000627	 -1	 0.000000	 9.684607
215	 5	 5	 1	 0.747841	 -1	 0.000000	 17.454819
216	 5	 5	 1	 0.006345	 -1	 0.000000	 9.824136
217	 5	 5	 1	 0.473995	 -1	 0.000000	 10.352139
218	 5	 5	 1	 0.000416	 -1	 0.000000	 11.823008
185	 5	 5	 1	 0.000392	 -1	 0.000000	 14.375378
220	 5	 5	 1	 0.006259	 -1	 0.000000	 7.630126
221	 5	 5	 1	 0.000596	 -1	 0.000000	 8.494723
222	 5	 5	 1	 0.006560	 -1	 0.000000	 10.626822
223	 5	 5	 1	 0.000366	 -1	 0.000000	 11.132336
224	 5	 5	 1	 0.004035	 -1	 0.000000	 8.290439
225	 5	 5	 1	 36.281920	 -1	 0.000000	 10.064923
226	 5	 5	 1	 0.003383	 -1	 0.000000	 7.528791
227	 5	 5	 1	 0.002933	 -1	 0.000000	 10.400666
229	 5	 5	 1	 0.007587	 -1	 0.000000	 10.216254
230	 5	 5	 1	 0.005315	 -1	 0.000000	 12.516810
231	 5	 5	 1	 0.000642	 -1	 0.000000	 9.721967
232	 5	 5	 1	 0.004441	 -1	 0.000000	 11.164473
233	 5	 5	 1	 2.880207	 -1	 0.000000	 7.620630
234	 5	 5	 1	 0.000614	 -1	 0.000000	 9.319832
235	 5	 5	 1	 0.000439	 -1	 0.000000	 9.058138
236	 5	 5	 1	 0.000498	 -1	 0.000000	 14.172094
237	 5	 5	 1	 81.637327	 -1	 0.000000	 9.283139
238	 5	 5	 1	 0.006995	 -1	 0.000000	 9.633044
239	 5	 5	 1	 0.002956	 -1	 0.000000	 9.284657
240	 5	 5	 1	 0.000844	 -1	 0.000000	 7.658026
241	 5	 5	 1	 0.000592	 -1	 0.000000	 10.137679
242	 5	 5	 1	 22.566869	 -1	 0.000000	 10.395473
243	 5	 5	 1	 0.000605	 -1	 0.000000	 7.828768
244	 5	 5	 1	 0.000473	 -1	 0.000000	 20.172434
245	 5	 5	 1	 0.000404	 -1	 0.000000	 9.252849
246	 5	 5	 1	 0.000559	 -1	 0.000000	 9.929719
249	 5	 5	 1	 25.590388	 -1	 0.000000	 9.823958
252	 5	 5	 0	 495.642821	 -1	 0.000000	 13.333482
253	 5	 5	 1	 54.449207	 -1	 0.000000	 8.969217
254	 5	 5	 1	 0.723182	 -1	 0.000000	 8.505273
255	 5	 5	 1	 0.006261	 -1	 0.000000	 8.249252
256	 5	 5	 1	 0.005216	 -1	 0.000000	 7.851379
257	 5	 5	 1	 0.000507	 -1	 0.000000	 9.970531
258	 5	 5	 1	 0.000437	 -1	 0.000000	 13.487141
1462	 10	 10	 0	 483.483532	 -1	 0.000000	 3.364098
259	 5	 5	 1	 0.000692	 -1	 0.000000	 7.613239
260	 5	 5	 1	 0.002125	 -1	 0.000000	 17.696590
261	 5	 5	 1	 0.007416	 -1	 0.000000	 9.349900
262	 5	 5	 1	 0.000430	 -1	 0.000000	 14.020620
263	 5	 5	 1	 0.002754	 -1	 0.000000	 9.570569
264	 5	 5	 1	 9.298590	 -1	 0.000000	 11.626590
265	 5	 5	 1	 0.002167	 -1	 0.000000	 10.958575
266	 5	 5	 1	 0.008203	 -1	 0.000000	 11.116746
267	 5	 5	 1	 0.003261	 -1	 0.000000	 12.930037
268	 5	 5	 1	 0.004293	 -1	 0.000000	 11.411837
269	 5	 5	 1	 0.000520	 -1	 0.000000	 10.630394
3952	 13	 13	 0	 379.711605	 -1	 0.000000	 6.459955
270	 5	 5	 1	 0.000391	 -1	 0.000000	 8.791365
271	 5	 5	 1	 0.005297	 -1	 0.000000	 8.692954
272	 5	 5	 1	 0.003659	 -1	 0.000000	 8.907413
280	 5	 5	 1	 0.000431	 -1	 0.000000	 8.951206
281	 5	 5	 1	 0.006074	 -1	 0.000000	 10.181250
286	 5	 5	 1	 0.006962	 -1	 0.000000	 10.808927
287	 5	 5	 1	 0.004370	 -1	 0.000000	 13.779468
288	 5	 5	 1	 0.000888	 -1	 0.000000	 6.933459
289	 5	 5	 1	 0.000524	 -1	 0.000000	 8.234251
290	 5	 5	 1	 0.006549	 -1	 0.000000	 8.174763
291	 5	 5	 1	 0.003829	 -1	 0.000000	 10.719299
292	 5	 5	 1	 0.000768	 -1	 0.000000	 7.544084
293	 5	 5	 1	 0.000496	 -1	 0.000000	 11.067996
294	 5	 5	 1	 0.004122	 -1	 0.000000	 9.378125
295	 5	 5	 1	 0.003879	 -1	 0.000000	 9.418326
296	 5	 5	 1	 0.007968	 -1	 0.000000	 10.619245
297	 5	 5	 1	 0.007041	 -1	 0.000000	 7.885848
298	 5	 5	 1	 0.007457	 -1	 0.000000	 8.351148
299	 5	 5	 1	 0.054079	 -1	 0.000000	 10.185065
301	 5	 5	 1	 0.009671	 -1	 0.000000	 7.023959
302	 5	 5	 1	 0.002891	 -1	 0.000000	 9.026861
303	 5	 5	 1	 0.008228	 -1	 0.000000	 8.531019
304	 5	 5	 1	 0.005087	 -1	 0.000000	 10.091234
305	 5	 5	 1	 0.004984	 -1	 0.000000	 8.055580
306	 5	 5	 1	 6.916707	 -1	 0.000000	 11.396464
307	 5	 5	 1	 0.003071	 -1	 0.000000	 8.985373
308	 5	 5	 1	 0.000485	 -1	 0.000000	 8.970060
309	 5	 5	 1	 0.005383	 -1	 0.000000	 8.003265
310	 5	 5	 1	 0.000404	 -1	 0.000000	 10.584722
311	 5	 5	 1	 0.003613	 -1	 0.000000	 9.262526
312	 5	 5	 1	 0.005538	 -1	 0.000000	 8.115998
313	 5	 5	 1	 0.133750	 -1	 0.000000	 9.046058
314	 5	 5	 1	 0.000702	 -1	 0.000000	 7.988144
315	 5	 5	 1	 0.005723	 -1	 0.000000	 10.202946
316	 5	 5	 1	 0.450541	 -1	 0.000000	 8.056992
317	 5	 5	 1	 0.006223	 -1	 0.000000	 8.330331
318	 5	 5	 1	 0.000460	 -1	 0.000000	 8.876410
319	 5	 5	 1	 0.000598	 -1	 0.000000	 9.329809
284	 5	 5	 1	 0.003052	 -1	 0.000000	 8.928662
320	 5	 5	 1	 0.000638	 -1	 0.000000	 7.666028
321	 5	 5	 1	 0.002683	 -1	 0.000000	 8.623742
322	 5	 5	 1	 4.132481	 -1	 0.000000	 8.184649
323	 5	 5	 1	 0.000366	 -1	 0.000000	 9.168403
324	 5	 5	 1	 0.008060	 -1	 0.000000	 8.417655
325	 5	 5	 1	 0.000441	 -1	 0.000000	 8.338215
326	 5	 5	 1	 10.944566	 -1	 0.000000	 10.123237
327	 5	 5	 1	 101.910045	 -1	 0.000000	 8.988801
328	 5	 5	 1	 0.002318	 -1	 0.000000	 10.130851
329	 5	 5	 1	 0.000644	 -1	 0.000000	 8.935929
330	 5	 5	 1	 0.002392	 -1	 0.000000	 14.461724
331	 5	 5	 1	 0.009907	 -1	 0.000000	 7.900070
332	 5	 5	 1	 0.003254	 -1	 0.000000	 13.558471
333	 5	 5	 1	 0.004983	 -1	 0.000000	 8.258489
334	 5	 5	 1	 0.005938	 -1	 0.000000	 19.531406
335	 5	 5	 1	 0.002361	 -1	 0.000000	 12.447771
336	 5	 5	 1	 1.778348	 -1	 0.000000	 11.444367
337	 5	 5	 1	 0.000942	 -1	 0.000000	 6.794195
338	 5	 5	 1	 0.000368	 -1	 0.000000	 11.482341
339	 5	 5	 1	 58.442799	 -1	 0.000000	 13.296966
300	 5	 5	 1	 0.004746	 -1	 0.000000	 10.928258
340	 5	 5	 1	 0.000588	 -1	 0.000000	 7.466796
341	 5	 5	 1	 0.000598	 -1	 0.000000	 8.742803
342	 5	 5	 1	 0.000513	 -1	 0.000000	 8.957651
343	 5	 5	 1	 0.004303	 -1	 0.000000	 8.785693
344	 5	 5	 1	 0.000483	 -1	 0.000000	 10.532676
345	 5	 5	 1	 0.005545	 -1	 0.000000	 9.705955
346	 5	 5	 1	 45.401689	 -1	 0.000000	 8.463765
347	 5	 5	 1	 0.004812	 -1	 0.000000	 8.925634
352	 5	 5	 0	 342.703647	 -1	 0.000000	 6.816512
356	 5	 5	 1	 0.025892	 -1	 0.000000	 14.251751
357	 5	 5	 1	 0.000415	 -1	 0.000000	 11.099041
358	 5	 5	 1	 0.003188	 -1	 0.000000	 8.404675
359	 5	 5	 1	 0.003299	 -1	 0.000000	 8.398335
360	 5	 5	 1	 42.218108	 -1	 0.000000	 10.440486
361	 5	 5	 1	 47.684187	 -1	 0.000000	 9.666981
362	 5	 5	 1	 0.006037	 -1	 0.000000	 13.906399
363	 5	 5	 1	 0.002431	 -1	 0.000000	 7.582019
364	 5	 5	 0	 184.224078	 -1	 0.000000	 15.928842
365	 5	 5	 1	 0.000578	 -1	 0.000000	 8.273908
366	 5	 5	 1	 0.000529	 -1	 0.000000	 11.607039
367	 5	 5	 1	 0.000477	 -1	 0.000000	 9.991024
368	 5	 5	 1	 0.005726	 -1	 0.000000	 8.578170
369	 5	 5	 1	 0.003676	 -1	 0.000000	 11.386026
370	 5	 5	 1	 0.002595	 -1	 0.000000	 8.364806
371	 5	 5	 1	 2.562192	 -1	 0.000000	 8.651262
3006	 15	 15	 0	 391.934170	 -1	 0.000000	 4.099257
372	 5	 5	 1	 0.000527	 -1	 0.000000	 8.998073
373	 5	 5	 1	 0.000485	 -1	 0.000000	 10.505242
374	 5	 5	 1	 0.000517	 -1	 0.000000	 9.520408
380	 5	 5	 1	 0.000424	 -1	 0.000000	 10.082829
381	 5	 5	 1	 0.000572	 -1	 0.000000	 10.239288
382	 5	 5	 1	 0.002814	 -1	 0.000000	 9.196855
383	 5	 5	 1	 53.487004	 -1	 0.000000	 8.818277
384	 5	 5	 1	 0.003116	 -1	 0.000000	 13.988832
389	 5	 5	 1	 0.005570	 -1	 0.000000	 13.690465
390	 5	 5	 1	 3.300335	 -1	 0.000000	 10.754136
391	 5	 5	 0	 137.293311	 -1	 0.000000	 9.036954
392	 5	 5	 1	 0.000385	 -1	 0.000000	 12.969737
393	 5	 5	 1	 0.000571	 -1	 0.000000	 9.565579
394	 5	 5	 1	 97.503666	 -1	 0.000000	 12.269878
395	 5	 5	 1	 0.000369	 -1	 0.000000	 11.746899
396	 5	 5	 1	 0.000485	 -1	 0.000000	 9.636594
397	 5	 5	 1	 0.002750	 -1	 0.000000	 9.654410
398	 5	 5	 1	 58.935982	 -1	 0.000000	 12.799899
399	 5	 5	 1	 0.006990	 -1	 0.000000	 16.742418
404	 5	 5	 1	 0.000385	 -1	 0.000000	 17.531275
405	 5	 5	 1	 0.005853	 -1	 0.000000	 9.813908
406	 5	 5	 1	 0.000408	 -1	 0.000000	 9.826052
407	 5	 5	 1	 0.000581	 -1	 0.000000	 8.197286
408	 5	 5	 1	 0.009244	 -1	 0.000000	 8.735512
409	 5	 5	 1	 0.002842	 -1	 0.000000	 8.371791
410	 5	 5	 1	 0.000484	 -1	 0.000000	 9.019130
411	 5	 5	 1	 0.005676	 -1	 0.000000	 12.302248
412	 5	 5	 1	 15.904108	 -1	 0.000000	 10.513307
413	 5	 5	 1	 0.000649	 -1	 0.000000	 9.628979
414	 5	 5	 1	 0.000582	 -1	 0.000000	 7.862304
415	 5	 5	 1	 0.007211	 -1	 0.000000	 7.560249
416	 5	 5	 1	 0.000449	 -1	 0.000000	 11.054122
417	 5	 5	 1	 0.000364	 -1	 0.000000	 15.601313
418	 5	 5	 1	 0.007330	 -1	 0.000000	 8.098787
419	 5	 5	 1	 0.000516	 -1	 0.000000	 7.946761
388	 5	 5	 1	 0.000464	 -1	 0.000000	 9.842009
420	 5	 5	 1	 0.004732	 -1	 0.000000	 8.799991
421	 5	 5	 1	 0.000408	 -1	 0.000000	 11.106497
422	 5	 5	 1	 0.000436	 -1	 0.000000	 9.200968
423	 5	 5	 1	 0.000655	 -1	 0.000000	 9.325970
424	 5	 5	 1	 0.002301	 -1	 0.000000	 12.102656
425	 5	 5	 1	 0.000501	 -1	 0.000000	 9.260177
426	 5	 5	 1	 0.000590	 -1	 0.000000	 8.058817
427	 5	 5	 1	 2.479270	 -1	 0.000000	 12.237545
428	 5	 5	 1	 0.021028	 -1	 0.000000	 11.521304
429	 5	 5	 1	 0.000369	 -1	 0.000000	 11.699514
430	 5	 5	 1	 0.000553	 -1	 0.000000	 9.894281
431	 5	 5	 1	 0.007400	 -1	 0.000000	 10.586742
432	 5	 5	 1	 0.004555	 -1	 0.000000	 10.786269
433	 5	 5	 1	 0.000497	 -1	 0.000000	 12.089651
434	 5	 5	 1	 0.000424	 -1	 0.000000	 11.177322
435	 5	 5	 1	 0.002839	 -1	 0.000000	 12.790028
436	 5	 5	 1	 0.000449	 -1	 0.000000	 15.915285
437	 5	 5	 1	 0.000379	 -1	 0.000000	 12.643496
438	 5	 5	 1	 0.000428	 -1	 0.000000	 11.453359
439	 5	 5	 1	 0.000704	 -1	 0.000000	 8.152295
440	 5	 5	 1	 0.007318	 -1	 0.000000	 9.727198
441	 5	 5	 1	 0.000622	 -1	 0.000000	 8.469357
442	 5	 5	 1	 9.210434	 -1	 0.000000	 13.059714
443	 5	 5	 1	 0.005589	 -1	 0.000000	 10.486578
444	 5	 5	 1	 0.000428	 -1	 0.000000	 9.048383
445	 5	 5	 1	 0.003903	 -1	 0.000000	 9.732876
446	 5	 5	 1	 0.005483	 -1	 0.000000	 9.499578
447	 5	 5	 1	 0.007862	 -1	 0.000000	 7.904495
448	 5	 5	 1	 0.003604	 -1	 0.000000	 9.920279
449	 5	 5	 0	 117.022996	 -1	 0.000000	 13.922043
458	 5	 5	 1	 3.781169	 -1	 0.000000	 10.877023
459	 5	 5	 1	 0.000393	 -1	 0.000000	 11.769194
42	 7	 7	 1	 0.023606	 -1	 0.000000	 10.904585
43	 7	 7	 1	 0.003681	 -1	 0.000000	 7.833314
44	 7	 7	 1	 0.024030	 -1	 0.000000	 9.329080
45	 7	 7	 1	 0.028403	 -1	 0.000000	 8.041127
46	 7	 7	 1	 1.989177	 -1	 0.000000	 13.479104
189	 5	 5	 0	 418.771826	 -1	 0.000000	 6.517385
47	 7	 7	 1	 0.002791	 -1	 0.000000	 7.731559
48	 7	 7	 1	 0.032403	 -1	 0.000000	 10.788056
49	 7	 7	 1	 0.002915	 -1	 0.000000	 8.277126
50	 7	 7	 1	 0.027727	 -1	 0.000000	 9.441072
51	 7	 7	 1	 0.001991	 -1	 0.000000	 11.575509
52	 7	 7	 1	 0.016437	 -1	 0.000000	 11.638732
53	 7	 7	 1	 0.019170	 -1	 0.000000	 9.632856
54	 7	 7	 1	 0.002639	 -1	 0.000000	 9.185678
55	 7	 7	 1	 0.117562	 -1	 0.000000	 8.181517
56	 7	 7	 1	 0.017761	 -1	 0.000000	 12.000342
57	 7	 7	 1	 0.021295	 -1	 0.000000	 10.899205
58	 7	 7	 1	 0.039380	 -1	 0.000000	 8.512940
59	 7	 7	 1	 0.030405	 -1	 0.000000	 7.987625
60	 7	 7	 1	 0.001938	 -1	 0.000000	 12.368307
61	 7	 7	 1	 2.948781	 -1	 0.000000	 11.159763
62	 7	 7	 1	 0.036291	 -1	 0.000000	 9.481277
63	 7	 7	 1	 0.032980	 -1	 0.000000	 8.560146
64	 7	 7	 1	 0.018930	 -1	 0.000000	 13.410357
65	 7	 7	 1	 120.515589	 -1	 0.000000	 11.779585
66	 7	 7	 1	 0.189180	 -1	 0.000000	 11.944443
67	 7	 7	 1	 0.018725	 -1	 0.000000	 11.660700
68	 7	 7	 1	 0.036924	 -1	 0.000000	 7.993826
69	 7	 7	 0	 207.110122	 -1	 0.000000	 7.904313
70	 7	 7	 1	 0.020559	 -1	 0.000000	 8.976683
71	 7	 7	 1	 0.020675	 -1	 0.000000	 11.577249
72	 7	 7	 1	 0.019162	 -1	 0.000000	 11.069838
73	 7	 7	 1	 0.054352	 -1	 0.000000	 6.925110
74	 7	 7	 1	 0.002241	 -1	 0.000000	 10.752704
60	 7	 7	 1	 0.023357	 -1	 0.000000	 11.831206
61	 7	 7	 1	 0.050797	 -1	 0.000000	 9.664370
62	 7	 7	 1	 0.037912	 -1	 0.000000	 7.916634
63	 7	 7	 1	 0.002080	 -1	 0.000000	 15.421462
64	 7	 7	 1	 0.022143	 -1	 0.000000	 9.762874
65	 7	 7	 1	 0.003411	 -1	 0.000000	 8.750681
66	 7	 7	 0	 127.057107	 -1	 0.000000	 11.477951
67	 7	 7	 1	 0.001841	 -1	 0.000000	 11.689183
68	 7	 7	 1	 0.025002	 -1	 0.000000	 9.151755
69	 7	 7	 1	 0.003006	 -1	 0.000000	 7.816240
70	 7	 7	 1	 95.512067	 -1	 0.000000	 13.212381
71	 7	 7	 1	 0.002122	 -1	 0.000000	 9.832795
72	 7	 7	 1	 0.032880	 -1	 0.000000	 9.590610
73	 7	 7	 1	 0.026317	 -1	 0.000000	 10.832732
74	 7	 7	 1	 0.013620	 -1	 0.000000	 9.216499
75	 7	 7	 1	 0.018820	 -1	 0.000000	 9.764329
76	 7	 7	 1	 21.429226	 -1	 0.000000	 12.234696
77	 7	 7	 1	 0.002293	 -1	 0.000000	 14.829630
78	 7	 7	 1	 0.002190	 -1	 0.000000	 9.223153
79	 7	 7	 1	 0.014531	 -1	 0.000000	 8.441826
80	 7	 7	 1	 0.003829	 -1	 0.000000	 7.529661
56	 9	 9	 1	 72.347311	 -1	 0.000000	 10.810672
57	 9	 9	 1	 1.600969	 -1	 0.000000	 9.151261
58	 9	 9	 1	 77.654955	 -1	 0.000000	 10.094071
59	 9	 9	 1	 1.717157	 -1	 0.000000	 9.029561
61	 9	 9	 1	 2.527196	 -1	 0.000000	 8.089106
62	 9	 9	 1	 73.140301	 -1	 0.000000	 11.122496
63	 9	 9	 1	 81.115839	 -1	 0.000000	 10.290585
64	 9	 9	 1	 79.528402	 -1	 0.000000	 10.992844
65	 9	 9	 1	 86.989605	 -1	 0.000000	 9.222828
66	 9	 9	 1	 2.408770	 -1	 0.000000	 8.344693
67	 9	 9	 1	 73.123105	 -1	 0.000000	 11.566380
68	 9	 9	 1	 2.026907	 -1	 0.000000	 12.599006
69	 9	 9	 1	 1.747111	 -1	 0.000000	 9.597508
70	 9	 9	 1	 2.227580	 -1	 0.000000	 11.594839
72	 9	 9	 1	 76.776415	 -1	 0.000000	 9.369390
73	 9	 9	 1	 72.068867	 -1	 0.000000	 10.455794
74	 9	 9	 1	 1.684068	 -1	 0.000000	 16.498608
75	 9	 9	 1	 2.457361	 -1	 0.000000	 10.063034
76	 9	 9	 1	 1.777317	 -1	 0.000000	 10.877921
78	 9	 9	 1	 2.288875	 -1	 0.000000	 9.412836
79	 9	 9	 1	 75.517915	 -1	 0.000000	 9.517448
80	 9	 9	 1	 81.299982	 -1	 0.000000	 9.229299
81	 9	 9	 1	 1.978398	 -1	 0.000000	 9.104741
82	 9	 9	 1	 1.541227	 -1	 0.000000	 13.287477
83	 9	 9	 1	 1.999642	 -1	 0.000000	 9.888877
84	 9	 9	 1	 1.717326	 -1	 0.000000	 13.549534
85	 9	 9	 1	 2.053533	 -1	 0.000000	 11.547758
86	 9	 9	 1	 2.775248	 -1	 0.000000	 8.000051
87	 9	 9	 1	 2.057627	 -1	 0.000000	 9.727639
88	 9	 9	 1	 76.246164	 -1	 0.000000	 8.196970
89	 9	 9	 1	 66.832971	 -1	 0.000000	 9.708128
90	 9	 9	 1	 2.226384	 -1	 0.000000	 21.639112
91	 9	 9	 1	 80.491729	 -1	 0.000000	 9.819489
92	 9	 9	 1	 1.711904	 -1	 0.000000	 23.349634
93	 9	 9	 1	 2.554471	 -1	 0.000000	 8.440315
94	 9	 9	 1	 1.593147	 -1	 0.000000	 10.681288
95	 9	 9	 1	 2.011744	 -1	 0.000000	 8.664542
96	 9	 9	 1	 2.887153	 -1	 0.000000	 7.939864
97	 9	 9	 1	 76.436897	 -1	 0.000000	 7.512624
98	 9	 9	 1	 1.829948	 -1	 0.000000	 9.711417
99	 9	 9	 1	 89.299166	 -1	 0.000000	 6.968887
100	 9	 9	 1	 88.420598	 -1	 0.000000	 7.409705
101	 9	 9	 1	 2.190181	 -1	 0.000000	 9.201742
102	 9	 9	 1	 74.220952	 -1	 0.000000	 7.108448
104	 9	 9	 1	 75.293728	 -1	 0.000000	 10.599954
105	 9	 9	 1	 88.063955	 -1	 0.000000	 7.637320
106	 9	 9	 1	 2.004735	 -1	 0.000000	 17.283283
107	 9	 9	 1	 71.540097	 -1	 0.000000	 8.355077
108	 9	 9	 1	 77.717282	 -1	 0.000000	 8.746523
109	 9	 9	 1	 1.689357	 -1	 0.000000	 11.950430
110	 9	 9	 1	 2.080130	 -1	 0.000000	 11.149995
111	 9	 9	 1	 2.035856	 -1	 0.000000	 10.683170
112	 9	 9	 1	 1.856499	 -1	 0.000000	 12.845292
>>> gr_fir_ccf: using E
>>> gr_fir_fff: using E
gr_buffer::allocate_buffer: warning: tried to allocate
   22 items of size 2928. Due to alignment requirements
   256 were allocated.  If this isn't OK, consider padding
   your structure to a power-of-two bytes.
   On this platform, our allocation granularity is 4096 bytes.
0	 11	 11	 1	 4.215153	 -1	 0.000000	 9.660447
1	 11	 11	 1	 37.407700	 -1	 0.000000	 13.651380
2	 11	 11	 1	 55.237702	 -1	 0.000000	 8.480125
3	 11	 11	 1	 46.548644	 -1	 0.000000	 10.651530
4	 11	 11	 1	 3.915435	 -1	 0.000000	 13.923888
5	 11	 11	 1	 62.393856	 -1	 0.000000	 12.691137
6	 11	 11	 1	 54.566162	 -1	 0.000000	 8.838748
7	 11	 11	 1	 6.416238	 -1	 0.000000	 8.347741
8	 11	 11	 1	 37.896506	 -1	 0.000000	 9.402672
9	 11	 11	 1	 6.467958	 -1	 0.000000	 9.557573
10	 11	 11	 1	 5.954834	 -1	 0.000000	 8.485549
11	 11	 11	 1	 4.366178	 -1	 0.000000	 9.102754
12	 11	 11	 1	 3.495020	 -1	 0.000000	 14.368566
13	 11	 11	 1	 39.852450	 -1	 0.000000	 15.506415
14	 11	 11	 1	 5.231647	 -1	 0.000000	 9.877381
15	 11	 11	 1	 5.532125	 -1	 0.000000	 8.520244
16	 11	 11	 1	 40.839654	 -1	 0.000000	 9.682479
17	 11	 11	 1	 5.815385	 -1	 0.000000	 8.430279
18	 11	 11	 1	 7.037954	 -1	 0.000000	 7.531530
19	 11	 11	 1	 3.877880	 -1	 0.000000	 13.162854
20	 11	 11	 1	 5.483781	 -1	 0.000000	 8.734992
21	 11	 11	 1	 34.044124	 -1	 0.000000	 9.644043
22	 11	 11	 1	 4.351833	 -1	 0.000000	 10.573040
23	 11	 11	 1	 73.528303	 -1	 0.000000	 8.161396
24	 11	 11	 1	 44.546514	 -1	 0.000000	 7.994211
25	 11	 11	 1	 36.070082	 -1	 0.000000	 11.753996
26	 11	 11	 1	 78.827281	 -1	 0.000000	 9.096894
27	 11	 11	 1	 4.800648	 -1	 0.000000	 10.130641
28	 11	 11	 1	 37.609828	 -1	 0.000000	 10.510365
29	 11	 11	 1	 40.343170	 -1	 0.000000	 11.280802
>>> gr_fir_ccf: using E
>>> gr_fir_fff: using E
gr_buffer::allocate_buffer: warning: tried to allocate
   22 items of size 2928. Due to alignment requirements
   256 were allocated.  If this isn't OK, consider padding
   your structure to a power-of-two bytes.
   On this platform, our allocation granularity is 4096 bytes.
60	 11	 11	 1	 37.559805	 -1	 0.000000	 8.915567
61	 11	 11	 1	 3.487876	 -1	 0.000000	 9.210580
62	 11	 11	 1	 5.553677	 -1	 0.000000	 9.395338
64	 11	 11	 1	 3.302520	 -1	 0.000000	 8.506535
65	 11	 11	 1	 5.107321	 -1	 0.000000	 10.781953
66	 11	 11	 1	 4.102543	 -1	 0.000000	 9.110127
67	 11	 11	 1	 4.191014	 -1	 0.000000	 12.537263
68	 11	 11	 1	 38.142806	 -1	 0.000000	 9.684447
70	 11	 11	 1	 50.171709	 -1	 0.000000	 7.655955
71	 11	 11	 1	 44.601033	 -1	 0.000000	 7.423346
72	 11	 11	 1	 3.804516	 -1	 0.000000	 17.195108
73	 11	 11	 1	 5.248791	 -1	 0.000000	 9.149473
74	 11	 11	 1	 54.227056	 -1	 0.000000	 16.038195
75	 11	 11	 1	 6.849847	 -1	 0.000000	 8.294925
76	 11	 11	 1	 4.415396	 -1	 0.000000	 11.493366
77	 11	 11	 1	 42.173512	 -1	 0.000000	 10.014458
78	 11	 11	 1	 3.021232	 -1	 0.000000	 10.621781
79	 11	 11	 1	 6.426409	 -1	 0.000000	 10.233100
80	 11	 11	 1	 40.874622	 -1	 0.000000	 9.010455
81	 11	 11	 1	 3.961544	 -1	 0.000000	 12.780795
82	 11	 11	 0	 26.129655	 -1	 0.000000	 9.531827
325	 7	 7	 0	 403.217335	 -1	 0.000000	 6.636983
689	 11	 11	 0	 457.689702	 -1	 0.000000	 0.456231
2837	 15	 15	 0	 388.653591	 -1	 0.000000	 9.970722
0	 10	 10	 0	 394.991337	 -1	 0.000000	 8.537675
2	 10	 10	 0	 392.073221	 -1	 0.000000	 12.394550
3	 10	 10	 1	 167.919441	 -1	 0.000000	 9.741370
4	 10	 10	 1	 247.336988	 -1	 0.000000	 8.250467
5	 10	 10	 0	 417.614526	 -1	 0.000000	 8.894772
6	 10	 10	 0	 385.575516	 -1	 0.000000	 10.004223
7	 10	 10	 1	 165.454869	 -1	 0.000000	 8.380497
9	 10	 10	 0	 326.858671	 -1	 0.000000	 11.144330
11	 10	 10	 1	 220.792550	 -1	 0.000000	 8.539049
12	 10	 10	 0	 387.742957	 -1	 0.000000	 13.292893
13	 10	 10	 1	 134.218904	 -1	 0.000000	 10.074366
14	 10	 10	 0	 421.428723	 -1	 0.000000	 9.630983
15	 10	 10	 0	 365.445998	 -1	 0.000000	 10.152759
16	 10	 10	 1	 150.089220	 -1	 0.000000	 11.081153
17	 10	 10	 0	 376.558062	 -1	 0.000000	 9.589265
18	 10	 10	 1	 92.791947	 -1	 0.000000	 8.672448
>>> gr_fir_ccf: using E
>>> gr_fir_fff: using E
gr_buffer::allocate_buffer: warning: tried to allocate
   22 items of size 2928. Due to alignment requirements
   256 were allocated.  If this isn't OK, consider padding
   your structure to a power-of-two bytes.
   On this platform, our allocation granularity is 4096 bytes.
60	 10	 10	 0	 435.474503	 -1	 0.000000	 8.276459
61	 10	 10	 0	 407.099175	 -1	 0.000000	 8.704051
1805	 10	 10	 0	 481.045904	 -1	 0.000000	 4.586116
2086	 10	 10	 0	 484.238029	 -1	 0.000000	 4.975509
1362	 7	 7	 0	 438.824996	 -1	 0.000000	 8.168628
1811	 9	 9	 0	 456.459540	 -1	 0.000000	 8.122944
1400	 7	 7	 0	 433.253067	 -1	 0.000000	 3.443653
1850	 5	 5	 0	 412.766093	 -1	 0.000000	 5.174901
1528	 11	 11	 0	 448.948749	 -1	 0.000000	 3.373866
1883	 11	 11	 0	 456.300598	 -1	 0.000000	 4.809310
