>>> gr_fir_ccf: using E
>>> gr_fir_fff: using E
gr_buffer::allocate_buffer: warning: tried to allocate
   19 items of size 3312. Due to alignment requirements
   256 were allocated.  If this isn't OK, consider padding
   your structure to a power-of-two bytes.
   On this platform, our allocation granularity is 4096 bytes.
>>> gr_fir_ccf: using E
>>> gr_fir_fff: using E
gr_buffer::allocate_buffer: warning: tried to allocate
   19 items of size 3312. Due to alignment requirements
   256 were allocated.  If this isn't OK, consider padding
   your structure to a power-of-two bytes.
   On this platform, our allocation granularity is 4096 bytes.
0	 15	 15	 1	 0.000020	 -1	 0.000000	 4.515781
1	 15	 15	 1	 0.000021	 -1	 0.000000	 4.413980
2	 15	 15	 1	 0.000032	 -1	 0.000000	 4.430591
3	 15	 15	 1	 0.000011	 -1	 0.000000	 3.963734
4	 15	 15	 1	 0.000021	 -1	 0.000000	 4.183146
5	 15	 15	 0	 143.721233	 -1	 0.000000	 3.800528
6	 15	 15	 1	 0.000017	 -1	 0.000000	 4.138241
7	 15	 15	 1	 0.000022	 -1	 0.000000	 4.570575
8	 15	 15	 1	 0.000020	 -1	 0.000000	 4.117882
9	 15	 15	 1	 0.000026	 -1	 0.000000	 4.432172
3742	 9	 9	 0	 454.050438	 -1	 0.000000	 6.843340
10	 15	 15	 0	 91.882328	 -1	 0.000000	 3.808145
11	 15	 15	 1	 0.000025	 -1	 0.000000	 4.667964
12	 15	 15	 1	 0.000019	 -1	 0.000000	 4.333415
13	 15	 15	 0	 128.437628	 -1	 0.000000	 4.017836
14	 15	 15	 1	 0.000021	 -1	 0.000000	 4.428726
15	 15	 15	 1	 0.000026	 -1	 0.000000	 4.061210
16	 15	 15	 0	 136.667921	 -1	 0.000000	 3.922743
17	 15	 15	 1	 0.000021	 -1	 0.000000	 4.466095
18	 15	 15	 1	 0.000017	 -1	 0.000000	 3.928138
>>> gr_fir_ccf: using E
>>> gr_fir_fff: using E
gr_buffer::allocate_buffer: warning: tried to allocate
   19 items of size 3312. Due to alignment requirements
   256 were allocated.  If this isn't OK, consider padding
   your structure to a power-of-two bytes.
   On this platform, our allocation granularity is 4096 bytes.
25	 15	 15	 1	 0.000030	 -1	 0.000000	 4.110632
26	 15	 15	 0	 169.560522	 -1	 0.000000	 4.011284
27	 15	 15	 1	 0.000018	 -1	 0.000000	 4.271570
28	 15	 15	 1	 0.000018	 -1	 0.000000	 4.698006
29	 15	 15	 1	 5.202396	 -1	 0.000000	 3.725032
30	 15	 15	 1	 0.000023	 -1	 0.000000	 4.122946
31	 15	 15	 1	 0.000080	 -1	 0.000000	 4.486099
32	 15	 15	 1	 0.000018	 -1	 0.000000	 4.180619
33	 15	 15	 1	 64.118327	 -1	 0.000000	 3.800867
34	 15	 15	 1	 0.000017	 -1	 0.000000	 4.001778
35	 15	 15	 1	 0.000020	 -1	 0.000000	 4.232543
36	 15	 15	 1	 0.000032	 -1	 0.000000	 4.591335
37	 15	 15	 1	 0.000013	 -1	 0.000000	 4.301284
38	 15	 15	 1	 0.891930	 -1	 0.000000	 3.861260
39	 15	 15	 1	 0.000018	 -1	 0.000000	 3.899800
40	 15	 15	 1	 0.000013	 -1	 0.000000	 4.263537
41	 15	 15	 1	 0.000032	 -1	 0.000000	 4.070652
42	 15	 15	 1	 0.000019	 -1	 0.000000	 3.940614
43	 15	 15	 1	 0.000027	 -1	 0.000000	 4.062344
44	 15	 15	 1	 0.000021	 -1	 0.000000	 4.246491
45	 15	 15	 1	 0.000017	 -1	 0.000000	 4.286841
47	 15	 15	 1	 0.000018	 -1	 0.000000	 4.442214
48	 15	 15	 1	 0.000020	 -1	 0.000000	 4.229867
49	 15	 15	 1	 0.000027	 -1	 0.000000	 4.179916
50	 15	 15	 1	 0.000022	 -1	 0.000000	 4.205697
51	 15	 15	 1	 0.000023	 -1	 0.000000	 4.488438
52	 15	 15	 1	 37.567022	 -1	 0.000000	 3.883349
53	 15	 15	 1	 56.680410	 -1	 0.000000	 3.581933
54	 15	 15	 1	 0.000014	 -1	 0.000000	 4.333363
55	 15	 15	 1	 0.000020	 -1	 0.000000	 4.128606
56	 15	 15	 1	 0.000018	 -1	 0.000000	 4.194885
57	 15	 15	 1	 0.000025	 -1	 0.000000	 4.277740
58	 15	 15	 1	 0.000026	 -1	 0.000000	 4.225286
59	 15	 15	 1	 0.000013	 -1	 0.000000	 4.302725
60	 15	 15	 1	 0.000021	 -1	 0.000000	 4.322859
61	 15	 15	 1	 0.000018	 -1	 0.000000	 4.313924
62	 15	 15	 1	 0.000020	 -1	 0.000000	 4.424077
63	 15	 15	 1	 0.000017	 -1	 0.000000	 4.540637
64	 15	 15	 1	 0.000023	 -1	 0.000000	 4.332423
1840	 15	 15	 0	 378.921445	 -1	 0.000000	 4.517303
65	 15	 15	 1	 85.280066	 -1	 0.000000	 3.720051
67	 15	 15	 1	 0.000021	 -1	 0.000000	 4.290812
68	 15	 15	 1	 0.000024	 -1	 0.000000	 4.070178
69	 15	 15	 1	 0.014167	 -1	 0.000000	 3.850631
71	 15	 15	 1	 0.000015	 -1	 0.000000	 4.255178
72	 15	 15	 1	 0.000034	 -1	 0.000000	 4.399042
73	 15	 15	 1	 0.000017	 -1	 0.000000	 3.995947
74	 15	 15	 1	 0.000017	 -1	 0.000000	 4.053139
75	 15	 15	 1	 0.000020	 -1	 0.000000	 4.786661
76	 15	 15	 1	 0.000021	 -1	 0.000000	 4.578213
77	 15	 15	 1	 0.000025	 -1	 0.000000	 4.022468
78	 15	 15	 1	 0.000020	 -1	 0.000000	 4.325877
80	 15	 15	 1	 0.000017	 -1	 0.000000	 4.261832
81	 15	 15	 1	 0.000044	 -1	 0.000000	 4.415706
2239	 11	 11	 0	 455.533432	 -1	 0.000000	 4.960947
82	 15	 15	 1	 0.000022	 -1	 0.000000	 4.262854
>>> gr_fir_ccf: using E
>>> gr_fir_fff: using E
terminate called after throwing an instance of 'std::invalid_argument'
  what():  gr_ofdm_demod: Incorrect subcarriers allocated
>>> gr_fir_ccf: using E
>>> gr_fir_fff: using E
terminate called after throwing an instance of 'std::invalid_argument'
  what():  gr_ofdm_demod: Incorrect subcarriers allocated
>>> gr_fir_ccf: using E
>>> gr_fir_fff: using E
gr_buffer::allocate_buffer: warning: tried to allocate
   19 items of size 3312. Due to alignment requirements
   256 were allocated.  If this isn't OK, consider padding
   your structure to a power-of-two bytes.
   On this platform, our allocation granularity is 4096 bytes.
25	 5	 5	 1	 0.020485	 -1	 0.000000	 3.902702
26	 5	 5	 1	 0.028839	 -1	 0.000000	 4.698708
27	 5	 5	 1	 0.019407	 -1	 0.000000	 4.688601
28	 5	 5	 1	 0.003635	 -1	 0.000000	 3.931739
29	 5	 5	 1	 44.486945	 -1	 0.000000	 3.991267
30	 5	 5	 1	 0.006550	 -1	 0.000000	 3.911352
31	 5	 5	 1	 0.023063	 -1	 0.000000	 4.603646
32	 5	 5	 1	 0.006078	 -1	 0.000000	 3.943496
33	 5	 5	 1	 0.018372	 -1	 0.000000	 4.324261
34	 5	 5	 1	 0.020206	 -1	 0.000000	 4.057869
35	 5	 5	 1	 0.005097	 -1	 0.000000	 3.987486
36	 5	 5	 1	 0.027946	 -1	 0.000000	 4.009941
37	 5	 5	 1	 0.005961	 -1	 0.000000	 4.579943
38	 5	 5	 1	 0.024645	 -1	 0.000000	 4.369853
39	 5	 5	 1	 0.005837	 -1	 0.000000	 3.896333
40	 5	 5	 1	 0.022983	 -1	 0.000000	 4.455140
41	 5	 5	 1	 0.007443	 -1	 0.000000	 4.535930
42	 5	 5	 1	 0.019505	 -1	 0.000000	 4.160690
43	 5	 5	 1	 0.004867	 -1	 0.000000	 3.946533
44	 5	 5	 1	 0.004502	 -1	 0.000000	 4.388346
45	 5	 5	 1	 43.195101	 -1	 0.000000	 3.683045
46	 5	 5	 1	 11.104240	 -1	 0.000000	 4.082126
47	 5	 5	 1	 0.006150	 -1	 0.000000	 4.557366
48	 5	 5	 1	 58.523712	 -1	 0.000000	 3.642558
49	 5	 5	 1	 0.017672	 -1	 0.000000	 4.272881
50	 5	 5	 1	 0.005566	 -1	 0.000000	 3.953884
51	 5	 5	 1	 0.006819	 -1	 0.000000	 4.217474
52	 5	 5	 1	 0.004538	 -1	 0.000000	 3.936114
53	 5	 5	 1	 0.016996	 -1	 0.000000	 4.610435
54	 5	 5	 1	 59.877062	 -1	 0.000000	 3.740366
55	 5	 5	 1	 14.013971	 -1	 0.000000	 3.828303
56	 5	 5	 1	 0.027078	 -1	 0.000000	 4.440790
57	 5	 5	 1	 57.098815	 -1	 0.000000	 3.860202
58	 5	 5	 1	 1.606254	 -1	 0.000000	 4.162424
59	 5	 5	 1	 0.019940	 -1	 0.000000	 4.544304
60	 5	 5	 1	 0.026129	 -1	 0.000000	 4.290121
61	 5	 5	 1	 0.382755	 -1	 0.000000	 4.163867
62	 5	 5	 1	 9.749871	 -1	 0.000000	 4.149597
63	 5	 5	 1	 0.021966	 -1	 0.000000	 4.692097
64	 5	 5	 1	 0.014368	 -1	 0.000000	 4.303621
65	 5	 5	 1	 0.006912	 -1	 0.000000	 4.038386
66	 5	 5	 1	 0.025967	 -1	 0.000000	 4.611372
67	 5	 5	 1	 11.828679	 -1	 0.000000	 3.962049
68	 5	 5	 1	 0.019553	 -1	 0.000000	 4.333362
69	 5	 5	 1	 0.024491	 -1	 0.000000	 4.661674
70	 5	 5	 1	 0.006167	 -1	 0.000000	 4.173483
71	 5	 5	 1	 0.029358	 -1	 0.000000	 4.375520
72	 5	 5	 1	 0.026262	 -1	 0.000000	 4.465557
73	 5	 5	 1	 0.018688	 -1	 0.000000	 4.394740
74	 5	 5	 1	 0.017167	 -1	 0.000000	 4.451086
75	 5	 5	 1	 0.008295	 -1	 0.000000	 4.354489
76	 5	 5	 1	 25.538056	 -1	 0.000000	 3.724203
77	 5	 5	 1	 0.013318	 -1	 0.000000	 4.201628
78	 5	 5	 1	 0.034554	 -1	 0.000000	 4.346793
80	 5	 5	 0	 163.898995	 -1	 0.000000	 3.959488
81	 5	 5	 1	 0.005929	 -1	 0.000000	 4.045900
82	 5	 5	 1	 0.020307	 -1	 0.000000	 4.486763
83	 5	 5	 1	 0.024463	 -1	 0.000000	 4.225466
84	 5	 5	 1	 0.028880	 -1	 0.000000	 4.166210
85	 5	 5	 1	 23.090978	 -1	 0.000000	 3.830924
86	 5	 5	 1	 1.704736	 -1	 0.000000	 3.800038
87	 5	 5	 1	 0.016626	 -1	 0.000000	 4.410157
88	 5	 5	 1	 0.003937	 -1	 0.000000	 4.094024
89	 5	 5	 1	 0.003947	 -1	 0.000000	 4.433568
90	 5	 5	 1	 0.025862	 -1	 0.000000	 4.291114
91	 5	 5	 1	 0.017170	 -1	 0.000000	 4.373899
92	 5	 5	 1	 0.008776	 -1	 0.000000	 4.118827
93	 5	 5	 1	 0.021448	 -1	 0.000000	 4.295404
94	 5	 5	 1	 0.006211	 -1	 0.000000	 4.208577
95	 5	 5	 0	 148.419802	 -1	 0.000000	 4.013121
96	 5	 5	 1	 44.931163	 -1	 0.000000	 3.986188
3801	 10	 10	 0	 475.912961	 -1	 0.000000	 3.480448
97	 5	 5	 1	 19.074689	 -1	 0.000000	 4.082615
98	 5	 5	 1	 0.006986	 -1	 0.000000	 4.081698
99	 5	 5	 1	 46.160951	 -1	 0.000000	 3.909274
100	 5	 5	 1	 34.614036	 -1	 0.000000	 3.766546
101	 5	 5	 1	 0.018773	 -1	 0.000000	 4.483049
102	 5	 5	 1	 0.003918	 -1	 0.000000	 4.156729
103	 5	 5	 1	 41.325806	 -1	 0.000000	 3.819594
104	 5	 5	 1	 0.004682	 -1	 0.000000	 4.566279
105	 5	 5	 1	 0.004782	 -1	 0.000000	 4.342114
106	 5	 5	 1	 0.016974	 -1	 0.000000	 4.473734
107	 5	 5	 1	 5.380227	 -1	 0.000000	 3.835222
108	 5	 5	 1	 0.028555	 -1	 0.000000	 4.494350
109	 5	 5	 1	 0.347850	 -1	 0.000000	 4.304500
110	 5	 5	 1	 0.033840	 -1	 0.000000	 4.376386
111	 5	 5	 1	 0.019353	 -1	 0.000000	 4.358234
112	 5	 5	 1	 29.344282	 -1	 0.000000	 4.177808
113	 5	 5	 1	 0.017500	 -1	 0.000000	 4.239771
114	 5	 5	 1	 0.006709	 -1	 0.000000	 4.321466
115	 5	 5	 1	 0.006383	 -1	 0.000000	 3.879227
116	 5	 5	 1	 27.714291	 -1	 0.000000	 4.165080
117	 5	 5	 1	 0.021722	 -1	 0.000000	 4.429207
118	 5	 5	 1	 0.004467	 -1	 0.000000	 4.295725
119	 5	 5	 1	 0.005384	 -1	 0.000000	 4.582393
120	 5	 5	 1	 0.006486	 -1	 0.000000	 4.034074
121	 5	 5	 1	 0.021030	 -1	 0.000000	 4.343780
122	 5	 5	 1	 0.005455	 -1	 0.000000	 4.135536
123	 5	 5	 1	 0.032827	 -1	 0.000000	 4.632452
124	 5	 5	 1	 0.019679	 -1	 0.000000	 4.562575
125	 5	 5	 1	 0.029994	 -1	 0.000000	 4.574713
126	 5	 5	 1	 0.004953	 -1	 0.000000	 4.351354
127	 5	 5	 1	 0.009122	 -1	 0.000000	 3.986577
128	 5	 5	 1	 0.013568	 -1	 0.000000	 4.440856
1583	 15	 15	 0	 335.857706	 -1	 0.000000	 8.677522
129	 5	 5	 1	 12.282700	 -1	 0.000000	 4.076214
130	 5	 5	 1	 0.011664	 -1	 0.000000	 4.634767
131	 5	 5	 1	 0.023359	 -1	 0.000000	 4.589874
132	 5	 5	 1	 0.020037	 -1	 0.000000	 4.480707
133	 5	 5	 1	 0.016678	 -1	 0.000000	 4.482079
134	 5	 5	 0	 100.724288	 -1	 0.000000	 3.621189
135	 5	 5	 1	 0.024606	 -1	 0.000000	 4.438555
136	 5	 5	 1	 0.006509	 -1	 0.000000	 4.155430
137	 5	 5	 1	 0.008464	 -1	 0.000000	 4.434298
138	 5	 5	 1	 72.568257	 -1	 0.000000	 3.924724
139	 5	 5	 1	 26.526177	 -1	 0.000000	 3.775946
140	 5	 5	 1	 0.005262	 -1	 0.000000	 4.301053
141	 5	 5	 1	 0.003315	 -1	 0.000000	 3.833617
142	 5	 5	 1	 0.175149	 -1	 0.000000	 4.127915
143	 5	 5	 1	 0.028068	 -1	 0.000000	 4.280586
144	 5	 5	 1	 0.040473	 -1	 0.000000	 4.308547
145	 5	 5	 1	 0.031785	 -1	 0.000000	 4.436467
146	 5	 5	 1	 0.005627	 -1	 0.000000	 4.027320
147	 5	 5	 1	 27.575602	 -1	 0.000000	 4.326464
148	 5	 5	 1	 0.026507	 -1	 0.000000	 4.485434
149	 5	 5	 1	 0.005374	 -1	 0.000000	 4.214218
150	 5	 5	 1	 0.005709	 -1	 0.000000	 4.131708
151	 5	 5	 1	 0.020057	 -1	 0.000000	 4.362623
152	 5	 5	 1	 45.429754	 -1	 0.000000	 3.870496
153	 5	 5	 1	 0.010141	 -1	 0.000000	 4.393590
154	 5	 5	 1	 40.406262	 -1	 0.000000	 3.935246
155	 5	 5	 1	 0.025695	 -1	 0.000000	 4.292770
156	 5	 5	 1	 41.832745	 -1	 0.000000	 3.910369
157	 5	 5	 1	 0.024547	 -1	 0.000000	 4.597357
158	 5	 5	 0	 166.833215	 -1	 0.000000	 3.423838
247	 11	 11	 0	 461.556870	 -1	 0.000000	 4.203570
159	 5	 5	 1	 0.020436	 -1	 0.000000	 4.312562
160	 5	 5	 1	 0.904988	 -1	 0.000000	 4.331279
161	 5	 5	 1	 82.587542	 -1	 0.000000	 3.841457
162	 5	 5	 1	 0.025669	 -1	 0.000000	 4.562051
3607	 7	 7	 0	 414.617636	 -1	 0.000000	 3.393399
163	 5	 5	 1	 0.029496	 -1	 0.000000	 4.499869
164	 5	 5	 1	 14.349061	 -1	 0.000000	 3.812232
165	 5	 5	 1	 0.605662	 -1	 0.000000	 4.001940
166	 5	 5	 1	 0.023436	 -1	 0.000000	 4.156699
167	 5	 5	 1	 0.020517	 -1	 0.000000	 4.438511
168	 5	 5	 1	 0.019704	 -1	 0.000000	 4.502153
169	 5	 5	 1	 0.007424	 -1	 0.000000	 4.115199
170	 5	 5	 1	 0.024514	 -1	 0.000000	 4.464908
171	 5	 5	 1	 0.017333	 -1	 0.000000	 4.436907
172	 5	 5	 1	 0.007329	 -1	 0.000000	 3.997843
173	 5	 5	 1	 0.017055	 -1	 0.000000	 4.245307
174	 5	 5	 1	 10.889803	 -1	 0.000000	 3.863250
175	 5	 5	 1	 0.018075	 -1	 0.000000	 4.193723
176	 5	 5	 1	 0.006826	 -1	 0.000000	 4.187730
177	 5	 5	 1	 0.004336	 -1	 0.000000	 4.245627
200	 5	 5	 1	 0.018764	 -1	 0.000000	 4.684981
201	 5	 5	 1	 0.005448	 -1	 0.000000	 3.992704
202	 5	 5	 1	 0.005023	 -1	 0.000000	 4.152184
203	 5	 5	 1	 0.006458	 -1	 0.000000	 3.950385
204	 5	 5	 1	 29.252176	 -1	 0.000000	 3.989417
205	 5	 5	 1	 0.015947	 -1	 0.000000	 4.147592
206	 5	 5	 1	 0.020745	 -1	 0.000000	 4.790828
207	 5	 5	 1	 0.003873	 -1	 0.000000	 4.404931
208	 5	 5	 1	 0.020834	 -1	 0.000000	 4.489804
209	 5	 5	 1	 7.880088	 -1	 0.000000	 3.765124
31	 7	 7	 1	 0.022960	 -1	 0.000000	 4.269759
32	 7	 7	 1	 0.014725	 -1	 0.000000	 4.378047
33	 7	 7	 1	 0.020613	 -1	 0.000000	 4.487944
34	 7	 7	 0	 73.701196	 -1	 0.000000	 3.954109
35	 7	 7	 0	 211.594299	 -1	 0.000000	 4.022952
1497	 10	 10	 0	 475.791360	 -1	 0.000000	 1.285222
3759	 9	 9	 0	 452.792292	 -1	 0.000000	 5.121571
   On this platform, our allocation granularity is 4096 bytes.
0	 9	 9	 1	 49.808872	 -1	 0.000000	 4.143083
1	 9	 9	 1	 111.899412	 -1	 0.000000	 4.217701
2	 9	 9	 1	 98.212132	 -1	 0.000000	 4.389345
3	 9	 9	 1	 26.875749	 -1	 0.000000	 4.269651
4	 9	 9	 1	 17.088977	 -1	 0.000000	 4.101408
5	 9	 9	 1	 53.702010	 -1	 0.000000	 4.064991
6	 9	 9	 1	 120.226502	 -1	 0.000000	 4.276621
7	 9	 9	 1	 121.445474	 -1	 0.000000	 4.344588
8	 9	 9	 1	 118.496030	 -1	 0.000000	 4.176124
9	 9	 9	 1	 142.686393	 -1	 0.000000	 4.588515
>>> gr_fir_ccf: using E
>>> gr_fir_fff: using E
gr_buffer::allocate_buffer: warning: tried to allocate
   19 items of size 3312. Due to alignment requirements
   256 were allocated.  If this isn't OK, consider padding
   your structure to a power-of-two bytes.
   On this platform, our allocation granularity is 4096 bytes.
34	 9	 9	 1	 112.594269	 -1	 0.000000	 4.593006
35	 9	 9	 1	 27.849008	 -1	 0.000000	 3.942482
36	 9	 9	 1	 18.586110	 -1	 0.000000	 3.946496
37	 9	 9	 1	 115.453715	 -1	 0.000000	 4.240357
38	 9	 9	 1	 14.177693	 -1	 0.000000	 4.138840
39	 9	 9	 1	 20.173892	 -1	 0.000000	 3.971956
40	 9	 9	 1	 107.767110	 -1	 0.000000	 4.574713
41	 9	 9	 1	 26.490890	 -1	 0.000000	 3.962934
42	 9	 9	 1	 12.018050	 -1	 0.000000	 4.083576
44	 9	 9	 1	 34.936837	 -1	 0.000000	 4.155536
45	 9	 9	 1	 22.817589	 -1	 0.000000	 4.187873
47	 9	 9	 1	 31.267618	 -1	 0.000000	 4.420578
48	 9	 9	 1	 15.958287	 -1	 0.000000	 3.995622
49	 9	 9	 1	 14.436137	 -1	 0.000000	 4.084781
50	 9	 9	 1	 14.802414	 -1	 0.000000	 3.775985
51	 9	 9	 1	 55.133085	 -1	 0.000000	 4.007568
52	 9	 9	 1	 24.099678	 -1	 0.000000	 4.423086
53	 9	 9	 1	 128.851390	 -1	 0.000000	 4.085787
54	 9	 9	 1	 18.848238	 -1	 0.000000	 3.906963
55	 9	 9	 1	 98.849776	 -1	 0.000000	 4.235788
56	 9	 9	 1	 35.042723	 -1	 0.000000	 4.212231
57	 9	 9	 1	 144.894286	 -1	 0.000000	 4.477689
58	 9	 9	 1	 39.652176	 -1	 0.000000	 3.669930
59	 9	 9	 1	 132.900272	 -1	 0.000000	 4.517714
>>> gr_fir_ccf: using E
>>> gr_fir_fff: using E
gr_buffer::allocate_buffer: warning: tried to allocate
   19 items of size 3312. Due to alignment requirements
   256 were allocated.  If this isn't OK, consider padding
   your structure to a power-of-two bytes.
   On this platform, our allocation granularity is 4096 bytes.
40	 11	 11	 1	 89.254219	 -1	 0.000000	 4.137448
41	 11	 11	 1	 116.621345	 -1	 0.000000	 4.196832
42	 11	 11	 1	 45.900969	 -1	 0.000000	 4.066238
43	 11	 11	 1	 101.840493	 -1	 0.000000	 3.871787
44	 11	 11	 1	 71.823971	 -1	 0.000000	 4.194707
45	 11	 11	 1	 251.228231	 -1	 0.000000	 4.581188
46	 11	 11	 1	 125.076731	 -1	 0.000000	 4.216865
47	 11	 11	 1	 82.432277	 -1	 0.000000	 4.318105
48	 11	 11	 1	 162.488649	 -1	 0.000000	 4.347935
49	 11	 11	 1	 104.709808	 -1	 0.000000	 4.298406
50	 11	 11	 1	 50.180756	 -1	 0.000000	 3.828891
51	 11	 11	 1	 76.983681	 -1	 0.000000	 4.260317
52	 11	 11	 1	 250.842764	 -1	 0.000000	 4.471099
53	 11	 11	 1	 151.127331	 -1	 0.000000	 4.148409
54	 11	 11	 1	 75.699449	 -1	 0.000000	 4.316664
55	 11	 11	 1	 61.173141	 -1	 0.000000	 4.693009
56	 11	 11	 1	 51.505474	 -1	 0.000000	 4.644282
57	 11	 11	 1	 96.464472	 -1	 0.000000	 4.026209
58	 11	 11	 1	 71.681537	 -1	 0.000000	 4.219274
59	 11	 11	 1	 58.668429	 -1	 0.000000	 4.046070
60	 11	 11	 1	 211.849286	 -1	 0.000000	 4.633041
61	 11	 11	 1	 93.216511	 -1	 0.000000	 4.207398
62	 11	 11	 1	 98.121663	 -1	 0.000000	 4.143523
63	 11	 11	 1	 148.688711	 -1	 0.000000	 4.361181
64	 11	 11	 1	 146.564255	 -1	 0.000000	 4.409526
66	 11	 11	 1	 62.557287	 -1	 0.000000	 3.961925
67	 11	 11	 1	 51.803096	 -1	 0.000000	 4.094845
68	 11	 11	 1	 47.249442	 -1	 0.000000	 4.059884
69	 11	 11	 1	 181.736527	 -1	 0.000000	 4.517278
461	 15	 15	 0	 391.796662	 -1	 0.000000	 9.690178
70	 11	 11	 1	 219.628063	 -1	 0.000000	 4.470279
71	 11	 11	 1	 55.410139	 -1	 0.000000	 3.999018
72	 11	 11	 1	 122.444580	 -1	 0.000000	 4.289059
73	 11	 11	 1	 77.860868	 -1	 0.000000	 4.123171
74	 11	 11	 1	 271.247588	 -1	 0.000000	 4.357598
75	 11	 11	 1	 86.227231	 -1	 0.000000	 4.096088
76	 11	 11	 1	 137.773649	 -1	 0.000000	 4.304235
77	 11	 11	 1	 73.747921	 -1	 0.000000	 4.323289
78	 11	 11	 1	 60.361259	 -1	 0.000000	 4.557640
3236	 7	 7	 0	 421.985294	 -1	 0.000000	 9.027069
79	 11	 11	 1	 252.097196	 -1	 0.000000	 4.401613
81	 11	 11	 1	 207.243040	 -1	 0.000000	 4.508711
82	 11	 11	 1	 63.093802	 -1	 0.000000	 4.024536
83	 11	 11	 1	 54.748491	 -1	 0.000000	 4.041273
2003	 13	 13	 0	 360.748552	 -1	 0.000000	 4.496261
84	 11	 11	 1	 107.938855	 -1	 0.000000	 4.340614
85	 11	 11	 1	 72.428049	 -1	 0.000000	 4.371710
86	 11	 11	 1	 66.850084	 -1	 0.000000	 4.176820
87	 11	 11	 1	 71.467235	 -1	 0.000000	 4.245770
88	 11	 11	 1	 55.125044	 -1	 0.000000	 3.960015
89	 11	 11	 1	 167.025962	 -1	 0.000000	 4.088577
90	 11	 11	 1	 120.770757	 -1	 0.000000	 4.525805
91	 11	 11	 1	 36.217942	 -1	 0.000000	 4.173911
92	 11	 11	 1	 55.574995	 -1	 0.000000	 3.865261
93	 11	 11	 1	 114.722576	 -1	 0.000000	 3.997706
94	 11	 11	 1	 147.524082	 -1	 0.000000	 4.063126
95	 11	 11	 1	 101.811203	 -1	 0.000000	 4.409957
96	 11	 11	 1	 83.209265	 -1	 0.000000	 4.309605
98	 11	 11	 1	 275.310616	 -1	 0.000000	 4.282730
99	 11	 11	 0	 320.833237	 -1	 0.000000	 4.136981
100	 11	 11	 1	 84.424323	 -1	 0.000000	 4.154594
101	 11	 11	 1	 88.233215	 -1	 0.000000	 4.250549
102	 11	 11	 1	 76.978246	 -1	 0.000000	 4.334552
103	 11	 11	 0	 320.860208	 -1	 0.000000	 4.252112
104	 11	 11	 1	 63.541988	 -1	 0.000000	 3.874884
105	 11	 11	 1	 88.206546	 -1	 0.000000	 4.236735
106	 11	 11	 1	 75.339795	 -1	 0.000000	 4.275803
107	 11	 11	 1	 83.336954	 -1	 0.000000	 4.309857
108	 11	 11	 1	 54.346588	 -1	 0.000000	 4.453654
109	 11	 11	 1	 162.160498	 -1	 0.000000	 4.610197
5	 9	 9	 0	 454.926994	 -1	 0.000000	 5.933589
110	 11	 11	 1	 77.430192	 -1	 0.000000	 4.321808
111	 11	 11	 1	 71.986882	 -1	 0.000000	 4.223086
112	 11	 11	 1	 66.256726	 -1	 0.000000	 4.399226
113	 11	 11	 1	 47.475944	 -1	 0.000000	 3.970706
114	 11	 11	 1	 39.319880	 -1	 0.000000	 4.028689
115	 11	 11	 1	 76.386283	 -1	 0.000000	 4.624196
116	 11	 11	 1	 88.088804	 -1	 0.000000	 4.061849
117	 11	 11	 1	 115.932709	 -1	 0.000000	 4.119520
118	 11	 11	 1	 120.717285	 -1	 0.000000	 4.530445
119	 11	 11	 1	 74.349980	 -1	 0.000000	 4.191463
120	 11	 11	 1	 95.377095	 -1	 0.000000	 4.108481
121	 11	 11	 1	 108.631217	 -1	 0.000000	 4.062135
122	 11	 11	 1	 96.720134	 -1	 0.000000	 4.360351
123	 11	 11	 1	 89.594089	 -1	 0.000000	 4.122910
124	 11	 11	 1	 78.856514	 -1	 0.000000	 4.344964
125	 11	 11	 1	 96.726934	 -1	 0.000000	 4.438859
126	 11	 11	 1	 36.627782	 -1	 0.000000	 4.657254
127	 11	 11	 1	 56.426633	 -1	 0.000000	 4.383158
128	 11	 11	 1	 40.111169	 -1	 0.000000	 4.010763
129	 11	 11	 1	 50.262510	 -1	 0.000000	 3.845969
130	 11	 11	 1	 67.995984	 -1	 0.000000	 4.393880
131	 11	 11	 1	 100.144128	 -1	 0.000000	 4.210070
132	 11	 11	 1	 253.770919	 -1	 0.000000	 4.396955
133	 11	 11	 1	 76.682794	 -1	 0.000000	 4.187075
135	 11	 11	 1	 84.436102	 -1	 0.000000	 4.153984
136	 11	 11	 1	 88.664174	 -1	 0.000000	 4.335349
137	 11	 11	 1	 80.007186	 -1	 0.000000	 4.089402
138	 11	 11	 1	 136.212399	 -1	 0.000000	 4.811543
139	 11	 11	 1	 84.514874	 -1	 0.000000	 4.148713
140	 11	 11	 1	 89.052199	 -1	 0.000000	 4.107598
141	 11	 11	 1	 129.132993	 -1	 0.000000	 5.110600
142	 11	 11	 1	 55.914512	 -1	 0.000000	 3.782620
143	 11	 11	 1	 72.043468	 -1	 0.000000	 4.722871
144	 11	 11	 1	 70.663907	 -1	 0.000000	 4.241518
145	 11	 11	 1	 93.881699	 -1	 0.000000	 4.169966
146	 11	 11	 1	 73.250488	 -1	 0.000000	 4.155836
147	 11	 11	 1	 38.725405	 -1	 0.000000	 4.123772
148	 11	 11	 1	 48.398170	 -1	 0.000000	 4.029514
149	 11	 11	 1	 47.824279	 -1	 0.000000	 3.750228
150	 11	 11	 1	 123.926623	 -1	 0.000000	 4.201840
151	 11	 11	 1	 60.348230	 -1	 0.000000	 3.785171
152	 11	 11	 1	 166.714451	 -1	 0.000000	 4.593027
153	 11	 11	 1	 112.443155	 -1	 0.000000	 4.442901
154	 11	 11	 1	 53.565199	 -1	 0.000000	 4.322594
155	 11	 11	 1	 292.254494	 -1	 0.000000	 4.000706
156	 11	 11	 1	 42.342148	 -1	 0.000000	 4.016129
157	 11	 11	 1	 86.531015	 -1	 0.000000	 4.208825
158	 11	 11	 1	 87.773273	 -1	 0.000000	 4.232070
159	 11	 11	 1	 63.937671	 -1	 0.000000	 3.915394
160	 11	 11	 1	 63.774308	 -1	 0.000000	 4.536882
161	 11	 11	 1	 120.887135	 -1	 0.000000	 4.376603
162	 11	 11	 1	 53.919549	 -1	 0.000000	 3.961521
163	 11	 11	 1	 294.519948	 -1	 0.000000	 4.211427
164	 11	 11	 1	 110.052948	 -1	 0.000000	 3.888247
165	 11	 11	 1	 59.786003	 -1	 0.000000	 3.897497
166	 11	 11	 1	 60.797147	 -1	 0.000000	 4.250664
167	 11	 11	 1	 84.666414	 -1	 0.000000	 4.160044
168	 11	 11	 1	 46.523587	 -1	 0.000000	 3.948673
169	 11	 11	 1	 66.015811	 -1	 0.000000	 4.415983
170	 11	 11	 1	 205.321380	 -1	 0.000000	 4.732990
1215	 9	 9	 0	 457.794562	 -1	 0.000000	 7.318084
171	 11	 11	 1	 58.887632	 -1	 0.000000	 3.959878
172	 11	 11	 1	 84.090811	 -1	 0.000000	 4.484035
173	 11	 11	 1	 201.641460	 -1	 0.000000	 4.692087
174	 11	 11	 1	 39.442139	 -1	 0.000000	 4.110319
175	 11	 11	 1	 271.533533	 -1	 0.000000	 4.378597
176	 11	 11	 1	 36.007486	 -1	 0.000000	 3.935173
177	 11	 11	 1	 124.104464	 -1	 0.000000	 4.130935
178	 11	 11	 1	 57.114848	 -1	 0.000000	 4.407435
179	 11	 11	 1	 74.660501	 -1	 0.000000	 4.640152
200	 11	 11	 1	 44.754304	 -1	 0.000000	 3.863989
201	 11	 11	 1	 77.510616	 -1	 0.000000	 4.765204
202	 11	 11	 1	 66.841330	 -1	 0.000000	 4.464812
203	 11	 11	 1	 66.249860	 -1	 0.000000	 4.528610
204	 11	 11	 1	 66.165530	 -1	 0.000000	 4.253160
205	 11	 11	 1	 90.632893	 -1	 0.000000	 3.957316
206	 11	 11	 1	 247.650888	 -1	 0.000000	 4.324821
207	 11	 11	 1	 84.011364	 -1	 0.000000	 4.194732
208	 11	 11	 1	 68.502438	 -1	 0.000000	 4.354020
209	 11	 11	 1	 57.360170	 -1	 0.000000	 4.255386
210	 11	 11	 1	 43.961219	 -1	 0.000000	 4.113794
211	 11	 11	 1	 253.869700	 -1	 0.000000	 4.506544
212	 11	 11	 1	 134.894960	 -1	 0.000000	 4.106609
213	 11	 11	 1	 250.128371	 -1	 0.000000	 4.428402
214	 11	 11	 1	 66.257262	 -1	 0.000000	 4.204839
215	 11	 11	 1	 172.615063	 -1	 0.000000	 4.272105
216	 11	 11	 1	 50.448586	 -1	 0.000000	 4.047035
220	 11	 11	 1	 66.060037	 -1	 0.000000	 4.479073
221	 11	 11	 1	 63.717583	 -1	 0.000000	 3.810937
222	 11	 11	 1	 85.493840	 -1	 0.000000	 4.170434
223	 11	 11	 1	 83.709299	 -1	 0.000000	 4.297907
224	 11	 11	 1	 102.949500	 -1	 0.000000	 4.016772
225	 11	 11	 0	 207.465107	 -1	 0.000000	 4.256598
1994	 15	 15	 0	 373.535051	 -1	 0.000000	 6.538597
2540	 10	 10	 0	 478.308979	 -1	 0.000000	 2.523889
2051	 13	 13	 0	 386.408311	 -1	 0.000000	 3.658297
0	 11	 11	 1	 142.753535	 -1	 0.000000	 4.282406
1	 11	 11	 1	 61.927752	 -1	 0.000000	 4.636982
2	 11	 11	 1	 64.183032	 -1	 0.000000	 4.593289
3	 11	 11	 1	 141.577301	 -1	 0.000000	 4.381871
4	 11	 11	 1	 40.479958	 -1	 0.000000	 3.947614
6	 11	 11	 1	 78.427516	 -1	 0.000000	 4.419188
7	 11	 11	 1	 93.676862	 -1	 0.000000	 4.249352
8	 11	 11	 1	 112.027653	 -1	 0.000000	 4.044037
9	 11	 11	 1	 153.312635	 -1	 0.000000	 4.146060
10	 11	 11	 1	 106.056104	 -1	 0.000000	 4.319770
11	 11	 11	 1	 321.287201	 -1	 0.000000	 4.152864
12	 11	 11	 1	 104.982181	 -1	 0.000000	 4.243191
18	 11	 11	 1	 315.437358	 -1	 0.000000	 4.014011
20	 11	 11	 1	 198.553553	 -1	 0.000000	 4.443098
21	 11	 11	 1	 89.955580	 -1	 0.000000	 4.486099
22	 11	 11	 1	 182.385110	 -1	 0.000000	 4.256177
23	 11	 11	 1	 83.942524	 -1	 0.000000	 4.107972
24	 11	 11	 1	 97.319980	 -1	 0.000000	 4.075530
25	 11	 11	 1	 47.409867	 -1	 0.000000	 3.901334
26	 11	 11	 1	 102.488124	 -1	 0.000000	 4.086107
28	 11	 11	 1	 74.372957	 -1	 0.000000	 4.553086
29	 11	 11	 1	 58.817512	 -1	 0.000000	 4.011424
30	 11	 11	 1	 55.579123	 -1	 0.000000	 4.291976
31	 11	 11	 1	 89.835122	 -1	 0.000000	 4.120353
32	 11	 11	 1	 250.794200	 -1	 0.000000	 4.389476
>>> gr_fir_ccf: using E
>>> gr_fir_fff: using E
gr_buffer::allocate_buffer: warning: tried to allocate
   19 items of size 3312. Due to alignment requirements
   256 were allocated.  If this isn't OK, consider padding
   your structure to a power-of-two bytes.
   On this platform, our allocation granularity is 4096 bytes.
40	 11	 11	 1	 41.678293	 -1	 0.000000	 4.150716
41	 11	 11	 1	 50.060658	 -1	 0.000000	 4.493212
42	 11	 11	 1	 57.992841	 -1	 0.000000	 4.384821
278	 15	 15	 0	 405.642250	 -1	 0.000000	 5.256156
43	 11	 11	 1	 66.851582	 -1	 0.000000	 4.436910
44	 11	 11	 1	 82.162562	 -1	 0.000000	 4.231501
45	 11	 11	 1	 145.898111	 -1	 0.000000	 4.065251
46	 11	 11	 1	 263.187395	 -1	 0.000000	 4.346428
47	 11	 11	 1	 60.595896	 -1	 0.000000	 4.350731
48	 11	 11	 1	 86.638942	 -1	 0.000000	 4.130237
49	 11	 11	 1	 66.964381	 -1	 0.000000	 4.266844
50	 11	 11	 1	 56.532917	 -1	 0.000000	 4.339156
51	 11	 11	 1	 51.749107	 -1	 0.000000	 4.345427
52	 11	 11	 1	 87.323826	 -1	 0.000000	 4.198092
53	 11	 11	 1	 213.227830	 -1	 0.000000	 4.638855
54	 11	 11	 1	 47.608766	 -1	 0.000000	 4.029685
55	 11	 11	 1	 83.727515	 -1	 0.000000	 4.464266
56	 11	 11	 1	 152.558116	 -1	 0.000000	 4.609441
57	 11	 11	 1	 258.751048	 -1	 0.000000	 4.522241
58	 11	 11	 1	 82.333258	 -1	 0.000000	 3.918098
60	 11	 11	 1	 83.196188	 -1	 0.000000	 4.263502
61	 11	 11	 1	 118.465812	 -1	 0.000000	 4.155695
62	 11	 11	 1	 83.277221	 -1	 0.000000	 4.157927
>>> gr_fir_ccf: using E
>>> gr_fir_fff: using E
gr_buffer::allocate_buffer: warning: tried to allocate
   19 items of size 3312. Due to alignment requirements
   256 were allocated.  If this isn't OK, consider padding
   your structure to a power-of-two bytes.
   On this platform, our allocation granularity is 4096 bytes.
33	 10	 10	 0	 481.262594	 -1	 0.000000	 4.023832
34	 10	 10	 0	 440.610704	 -1	 0.000000	 4.033147
35	 10	 10	 0	 457.666979	 -1	 0.000000	 4.224878
>>> gr_fir_ccf: using E
>>> gr_fir_fff: using E
gr_buffer::allocate_buffer: warning: tried to allocate
   19 items of size 3312. Due to alignment requirements
   256 were allocated.  If this isn't OK, consider padding
   your structure to a power-of-two bytes.
   On this platform, our allocation granularity is 4096 bytes.
40	 10	 10	 0	 462.619282	 -1	 0.000000	 4.594701
41	 10	 10	 0	 459.103815	 -1	 0.000000	 4.542413
42	 10	 10	 0	 434.197875	 -1	 0.000000	 4.685967
43	 10	 10	 0	 436.007109	 -1	 0.000000	 4.031420
44	 10	 10	 0	 470.521506	 -1	 0.000000	 4.227518
45	 10	 10	 0	 469.694690	 -1	 0.000000	 4.106172
46	 10	 10	 0	 423.735431	 -1	 0.000000	 4.098876
47	 10	 10	 0	 458.801391	 -1	 0.000000	 4.370392
48	 10	 10	 0	 470.488727	 -1	 0.000000	 4.283888
49	 10	 10	 0	 443.694206	 -1	 0.000000	 4.053429
50	 10	 10	 0	 461.623441	 -1	 0.000000	 4.427883
51	 10	 10	 0	 443.943101	 -1	 0.000000	 3.882739
52	 10	 10	 0	 476.126914	 -1	 0.000000	 4.267652
54	 10	 10	 0	 477.898162	 -1	 0.000000	 4.162298
56	 10	 10	 0	 466.868332	 -1	 0.000000	 4.366419
58	 10	 10	 0	 468.429015	 -1	 0.000000	 4.746622
59	 10	 10	 0	 467.405824	 -1	 0.000000	 4.244198
60	 10	 10	 0	 463.006974	 -1	 0.000000	 4.207147
61	 10	 10	 0	 475.487092	 -1	 0.000000	 3.989772
62	 10	 10	 0	 443.915200	 -1	 0.000000	 4.148299
63	 10	 10	 0	 478.709341	 -1	 0.000000	 4.067141
64	 10	 10	 0	 436.950428	 -1	 0.000000	 4.194640
65	 10	 10	 0	 475.323995	 -1	 0.000000	 4.027505
67	 10	 10	 0	 476.961169	 -1	 0.000000	 4.285620
68	 10	 10	 0	 456.652941	 -1	 0.000000	 4.391542
69	 10	 10	 0	 437.318036	 -1	 0.000000	 4.044048
70	 10	 10	 0	 471.960896	 -1	 0.000000	 4.577219
71	 10	 10	 0	 452.028927	 -1	 0.000000	 4.084379
72	 10	 10	 0	 469.628178	 -1	 0.000000	 4.281168
73	 10	 10	 0	 468.092071	 -1	 0.000000	 4.248447
74	 10	 10	 0	 463.448287	 -1	 0.000000	 4.293656
75	 10	 10	 0	 462.347035	 -1	 0.000000	 4.438959
76	 10	 10	 0	 459.626319	 -1	 0.000000	 3.786116
77	 10	 10	 0	 474.319673	 -1	 0.000000	 4.295838
78	 10	 10	 0	 465.230772	 -1	 0.000000	 4.369107
79	 10	 10	 0	 464.030643	 -1	 0.000000	 4.364409
80	 10	 10	 0	 482.935352	 -1	 0.000000	 4.359103
81	 10	 10	 0	 411.948427	 -1	 0.000000	 4.070126
82	 10	 10	 0	 439.342777	 -1	 0.000000	 3.994400
83	 10	 10	 0	 474.078377	 -1	 0.000000	 4.058378
84	 10	 10	 0	 449.501587	 -1	 0.000000	 4.394480
85	 10	 10	 0	 449.729538	 -1	 0.000000	 4.514057
86	 10	 10	 0	 475.578070	 -1	 0.000000	 4.238877
2182	 13	 13	 0	 391.103371	 -1	 0.000000	 0.940580
87	 10	 10	 0	 461.761517	 -1	 0.000000	 4.385190
88	 10	 10	 0	 467.235395	 -1	 0.000000	 4.861346
89	 10	 10	 0	 430.605020	 -1	 0.000000	 3.997950
90	 10	 10	 0	 368.709942	 -1	 0.000000	 4.054674
91	 10	 10	 0	 421.965563	 -1	 0.000000	 4.160353
92	 10	 10	 0	 476.231315	 -1	 0.000000	 4.138549
93	 10	 10	 0	 467.252438	 -1	 0.000000	 4.290318
94	 10	 10	 0	 450.897887	 -1	 0.000000	 3.920403
95	 10	 10	 0	 448.914914	 -1	 0.000000	 4.550212
96	 10	 10	 0	 428.721899	 -1	 0.000000	 3.890486
97	 10	 10	 0	 470.342115	 -1	 0.000000	 4.536269
98	 10	 10	 0	 474.541998	 -1	 0.000000	 4.184937
99	 10	 10	 0	 445.061189	 -1	 0.000000	 3.962991
100	 10	 10	 0	 462.487526	 -1	 0.000000	 4.306563
101	 10	 10	 0	 467.023648	 -1	 0.000000	 4.308991
102	 10	 10	 0	 473.263542	 -1	 0.000000	 4.288398
103	 10	 10	 0	 456.261114	 -1	 0.000000	 3.991216
104	 10	 10	 0	 477.356221	 -1	 0.000000	 4.292305
105	 10	 10	 0	 467.359609	 -1	 0.000000	 4.143044
106	 10	 10	 0	 477.438749	 -1	 0.000000	 4.254033
107	 10	 10	 0	 462.529488	 -1	 0.000000	 4.211246
108	 10	 10	 0	 466.234499	 -1	 0.000000	 4.346170
109	 10	 10	 0	 398.741148	 -1	 0.000000	 4.093431
110	 10	 10	 0	 476.030972	 -1	 0.000000	 4.334006
111	 10	 10	 0	 441.075976	 -1	 0.000000	 4.656502
112	 10	 10	 0	 448.124057	 -1	 0.000000	 4.201478
113	 10	 10	 0	 475.259176	 -1	 0.000000	 3.985400
114	 10	 10	 0	 456.313922	 -1	 0.000000	 4.359748
115	 10	 10	 0	 454.689201	 -1	 0.000000	 4.009801
116	 10	 10	 0	 445.406473	 -1	 0.000000	 4.021225
117	 10	 10	 0	 468.082476	 -1	 0.000000	 4.141412
118	 10	 10	 0	 452.016319	 -1	 0.000000	 3.904259
119	 10	 10	 0	 454.854061	 -1	 0.000000	 4.283728
120	 10	 10	 0	 469.302470	 -1	 0.000000	 4.279335
121	 10	 10	 0	 451.985304	 -1	 0.000000	 4.297312
123	 10	 10	 0	 439.994287	 -1	 0.000000	 4.513105
124	 10	 10	 0	 462.282265	 -1	 0.000000	 3.931694
125	 10	 10	 0	 471.775891	 -1	 0.000000	 4.218895
126	 10	 10	 0	 441.048991	 -1	 0.000000	 4.048412
127	 10	 10	 0	 464.605600	 -1	 0.000000	 4.791328
128	 10	 10	 0	 471.058584	 -1	 0.000000	 4.059103
129	 10	 10	 0	 469.313079	 -1	 0.000000	 4.158242
130	 10	 10	 0	 421.316101	 -1	 0.000000	 4.024048
