>>> gr_fir_ccf: using E
>>> gr_fir_fff: using E
gr_buffer::allocate_buffer: warning: tried to allocate
   19 items of size 3312. Due to alignment requirements
   256 were allocated.  If this isn't OK, consider padding
   your structure to a power-of-two bytes.
   On this platform, our allocation granularity is 4096 bytes.
16	 13	 13	 1	 0.000001	 -1	 0.000000	 9.136613
18	 13	 13	 1	 0.000001	 -1	 0.000000	 8.566295
19	 13	 13	 1	 0.000001	 -1	 0.000000	 8.911610
20	 13	 13	 1	 0.000001	 -1	 0.000000	 8.886017
21	 13	 13	 1	 0.000001	 -1	 0.000000	 13.021879
22	 13	 13	 1	 0.000001	 -1	 0.000000	 9.126369
23	 13	 13	 1	 0.000001	 -1	 0.000000	 9.366223
24	 13	 13	 1	 0.000001	 -1	 0.000000	 11.444397
25	 13	 13	 1	 0.000001	 -1	 0.000000	 12.528418
26	 13	 13	 1	 0.000001	 -1	 0.000000	 7.911490
27	 13	 13	 1	 0.000001	 -1	 0.000000	 14.312830
28	 13	 13	 1	 25.836868	 -1	 0.000000	 13.243393
29	 13	 13	 1	 0.000010	 -1	 0.000000	 7.193471
30	 13	 13	 1	 0.000001	 -1	 0.000000	 9.212066
31	 13	 13	 1	 0.000001	 -1	 0.000000	 11.432221
32	 13	 13	 1	 0.000001	 -1	 0.000000	 8.006983
33	 13	 13	 1	 0.000002	 -1	 0.000000	 9.801716
34	 13	 13	 1	 0.000001	 -1	 0.000000	 10.214991
35	 13	 13	 1	 67.782086	 -1	 0.000000	 9.932657
36	 13	 13	 1	 0.000001	 -1	 0.000000	 13.821546
37	 13	 13	 1	 0.000001	 -1	 0.000000	 8.016109
38	 13	 13	 1	 0.000001	 -1	 0.000000	 9.762238
39	 13	 13	 1	 0.000000	 -1	 0.000000	 11.924962
40	 13	 13	 1	 0.000001	 -1	 0.000000	 12.436616
41	 13	 13	 1	 0.000001	 -1	 0.000000	 9.295707
42	 13	 13	 1	 0.000001	 -1	 0.000000	 11.993990
43	 13	 13	 1	 0.000001	 -1	 0.000000	 15.567281
44	 13	 13	 1	 0.000001	 -1	 0.000000	 12.028345
45	 13	 13	 1	 0.000001	 -1	 0.000000	 11.382453
46	 13	 13	 1	 0.000001	 -1	 0.000000	 8.882749
47	 13	 13	 1	 0.000001	 -1	 0.000000	 9.621970
48	 13	 13	 1	 0.000001	 -1	 0.000000	 10.154405
49	 13	 13	 1	 0.000000	 -1	 0.000000	 12.053192
50	 13	 13	 1	 0.000001	 -1	 0.000000	 10.850425
52	 13	 13	 1	 0.000001	 -1	 0.000000	 10.141004
53	 13	 13	 1	 0.031489	 -1	 0.000000	 8.388442
54	 13	 13	 1	 0.000000	 -1	 0.000000	 9.954251
55	 13	 13	 1	 0.000001	 -1	 0.000000	 9.293180
56	 13	 13	 1	 0.000001	 -1	 0.000000	 12.720056
57	 13	 13	 1	 0.000001	 -1	 0.000000	 8.287436
58	 13	 13	 1	 0.004951	 -1	 0.000000	 12.834077
59	 13	 13	 1	 0.000000	 -1	 0.000000	 8.198431
60	 13	 13	 1	 0.000001	 -1	 0.000000	 12.299112
62	 13	 13	 1	 0.000001	 -1	 0.000000	 9.067578
63	 13	 13	 1	 0.000001	 -1	 0.000000	 11.912724
64	 13	 13	 1	 0.000001	 -1	 0.000000	 8.469922
65	 13	 13	 1	 0.000001	 -1	 0.000000	 10.669213
66	 13	 13	 1	 0.000001	 -1	 0.000000	 10.390556
67	 13	 13	 1	 0.000001	 -1	 0.000000	 11.223885
68	 13	 13	 1	 0.000001	 -1	 0.000000	 9.825183
69	 13	 13	 1	 0.000001	 -1	 0.000000	 11.713198
70	 13	 13	 1	 0.000001	 -1	 0.000000	 9.498293
71	 13	 13	 1	 0.000000	 -1	 0.000000	 9.529944
72	 13	 13	 1	 0.000001	 -1	 0.000000	 10.670629
73	 13	 13	 1	 0.000001	 -1	 0.000000	 11.293340
74	 13	 13	 1	 0.000001	 -1	 0.000000	 7.914623
75	 13	 13	 1	 0.000001	 -1	 0.000000	 9.055517
76	 13	 13	 1	 0.000001	 -1	 0.000000	 7.360814
77	 13	 13	 1	 0.000001	 -1	 0.000000	 8.152969
78	 13	 13	 1	 0.000001	 -1	 0.000000	 12.538137
79	 13	 13	 1	 0.000001	 -1	 0.000000	 6.663249
80	 13	 13	 1	 0.000001	 -1	 0.000000	 8.884077
81	 13	 13	 1	 0.000001	 -1	 0.000000	 13.030120
82	 13	 13	 1	 0.000001	 -1	 0.000000	 11.807485
83	 13	 13	 1	 0.000001	 -1	 0.000000	 10.198787
84	 13	 13	 1	 0.000001	 -1	 0.000000	 8.491740
85	 13	 13	 1	 0.000001	 -1	 0.000000	 9.658453
86	 13	 13	 1	 0.000001	 -1	 0.000000	 14.526829
87	 13	 13	 1	 0.000001	 -1	 0.000000	 10.029318
88	 13	 13	 1	 0.000001	 -1	 0.000000	 10.017034
89	 13	 13	 1	 2.518500	 -1	 0.000000	 8.478127
90	 13	 13	 1	 0.000000	 -1	 0.000000	 9.779086
91	 13	 13	 1	 0.000001	 -1	 0.000000	 8.967403
92	 13	 13	 1	 0.000001	 -1	 0.000000	 9.192668
93	 13	 13	 1	 0.000001	 -1	 0.000000	 9.888081
3751	 3	 3	 0	 488.818136	 -1	 0.000000	 8.708337
95	 13	 13	 0	 487.405655	 -1	 0.000000	 10.828853
96	 13	 13	 0	 478.637720	 -1	 0.000000	 11.810496
97	 13	 13	 1	 0.000000	 -1	 0.000000	 8.409428
98	 13	 13	 1	 0.000001	 -1	 0.000000	 8.969896
99	 13	 13	 1	 0.000001	 -1	 0.000000	 9.419641
100	 13	 13	 1	 0.000001	 -1	 0.000000	 8.006166
101	 13	 13	 1	 0.000001	 -1	 0.000000	 11.468029
102	 13	 13	 1	 0.000001	 -1	 0.000000	 8.855075
103	 13	 13	 1	 0.000001	 -1	 0.000000	 8.597527
104	 13	 13	 1	 0.000001	 -1	 0.000000	 10.029821
105	 13	 13	 1	 0.000001	 -1	 0.000000	 12.385190
106	 13	 13	 1	 0.000001	 -1	 0.000000	 10.401823
107	 13	 13	 1	 0.000001	 -1	 0.000000	 11.548084
108	 13	 13	 1	 0.000001	 -1	 0.000000	 10.210871
109	 13	 13	 1	 0.000001	 -1	 0.000000	 12.751395
110	 13	 13	 1	 0.000001	 -1	 0.000000	 7.328084
111	 13	 13	 1	 0.000001	 -1	 0.000000	 13.101084
112	 13	 13	 1	 0.000001	 -1	 0.000000	 10.547339
113	 13	 13	 1	 0.000001	 -1	 0.000000	 10.883112
114	 13	 13	 1	 0.000001	 -1	 0.000000	 7.208179
115	 13	 13	 1	 0.000001	 -1	 0.000000	 12.132194
116	 13	 13	 1	 0.000001	 -1	 0.000000	 8.099158
117	 13	 13	 1	 0.000001	 -1	 0.000000	 8.401453
20	 13	 13	 1	 0.000001	 -1	 0.000000	 7.905965
21	 13	 13	 1	 0.000001	 -1	 0.000000	 12.421025
22	 13	 13	 1	 0.000001	 -1	 0.000000	 11.968833
23	 13	 13	 1	 0.000001	 -1	 0.000000	 8.825150
24	 13	 13	 1	 0.000001	 -1	 0.000000	 10.641013
25	 13	 13	 1	 0.000001	 -1	 0.000000	 10.173685
26	 13	 13	 1	 0.000001	 -1	 0.000000	 9.571698
27	 13	 13	 1	 0.000001	 -1	 0.000000	 9.771433
28	 13	 13	 1	 0.000001	 -1	 0.000000	 11.654470
29	 13	 13	 1	 0.000001	 -1	 0.000000	 10.005061
30	 13	 13	 1	 0.000001	 -1	 0.000000	 7.794511
31	 13	 13	 1	 0.000001	 -1	 0.000000	 8.374485
32	 13	 13	 1	 0.000001	 -1	 0.000000	 9.697373
33	 13	 13	 1	 0.000001	 -1	 0.000000	 10.806921
34	 13	 13	 1	 0.000001	 -1	 0.000000	 11.422217
35	 13	 13	 1	 3.998299	 -1	 0.000000	 8.036978
36	 13	 13	 1	 0.000001	 -1	 0.000000	 17.061144
37	 13	 13	 1	 0.000001	 -1	 0.000000	 7.517141
38	 13	 13	 1	 0.000001	 -1	 0.000000	 9.292189
39	 13	 13	 1	 0.000001	 -1	 0.000000	 8.443301
40	 13	 13	 1	 0.000001	 -1	 0.000000	 8.915863
41	 13	 13	 1	 0.000001	 -1	 0.000000	 8.551025
42	 13	 13	 1	 2.778982	 -1	 0.000000	 6.777270
43	 13	 13	 1	 0.000001	 -1	 0.000000	 9.477103
44	 13	 13	 1	 0.000001	 -1	 0.000000	 9.642495
45	 13	 13	 1	 0.000001	 -1	 0.000000	 8.250245
46	 13	 13	 1	 0.000001	 -1	 0.000000	 11.651167
47	 13	 13	 1	 0.000001	 -1	 0.000000	 9.786905
48	 13	 13	 1	 0.056836	 -1	 0.000000	 7.368950
49	 13	 13	 1	 0.000001	 -1	 0.000000	 13.752414
50	 13	 13	 1	 0.000203	 -1	 0.000000	 9.769706
51	 13	 13	 1	 4.860781	 -1	 0.000000	 7.190059
52	 13	 13	 1	 0.000135	 -1	 0.000000	 13.588389
53	 13	 13	 1	 0.000001	 -1	 0.000000	 9.307930
54	 13	 13	 1	 0.000000	 -1	 0.000000	 8.960724
55	 13	 13	 1	 0.000001	 -1	 0.000000	 11.115270
56	 13	 13	 1	 0.000001	 -1	 0.000000	 12.546768
58	 13	 13	 1	 0.000001	 -1	 0.000000	 8.146063
59	 13	 13	 1	 0.000001	 -1	 0.000000	 8.898617
60	 13	 13	 1	 0.000001	 -1	 0.000000	 15.621493
61	 13	 13	 1	 0.000001	 -1	 0.000000	 10.463327
62	 13	 13	 1	 0.000001	 -1	 0.000000	 10.161073
63	 13	 13	 1	 0.000001	 -1	 0.000000	 10.069900
64	 13	 13	 1	 0.000001	 -1	 0.000000	 7.455829
65	 13	 13	 1	 0.000001	 -1	 0.000000	 9.744692
66	 13	 13	 1	 0.000001	 -1	 0.000000	 12.424191
67	 13	 13	 1	 0.000001	 -1	 0.000000	 10.086427
68	 13	 13	 1	 0.000001	 -1	 0.000000	 9.840059
69	 13	 13	 1	 0.000001	 -1	 0.000000	 11.931557
70	 13	 13	 1	 0.000001	 -1	 0.000000	 7.946350
71	 13	 13	 1	 0.000001	 -1	 0.000000	 7.616767
72	 13	 13	 1	 0.000001	 -1	 0.000000	 16.167841
73	 13	 13	 1	 0.000001	 -1	 0.000000	 9.746850
74	 13	 13	 1	 0.000001	 -1	 0.000000	 10.347210
75	 13	 13	 1	 2.877055	 -1	 0.000000	 9.614143
76	 13	 13	 1	 0.000001	 -1	 0.000000	 8.285511
77	 13	 13	 1	 0.000001	 -1	 0.000000	 13.069337
78	 13	 13	 1	 0.000000	 -1	 0.000000	 11.908010
79	 13	 13	 1	 0.000001	 -1	 0.000000	 14.905134
80	 13	 13	 1	 0.000001	 -1	 0.000000	 7.411310
81	 13	 13	 1	 0.000001	 -1	 0.000000	 10.125256
82	 13	 13	 1	 0.000001	 -1	 0.000000	 10.006465
83	 13	 13	 1	 0.023057	 -1	 0.000000	 9.311534
84	 13	 13	 1	 0.000001	 -1	 0.000000	 8.637070
85	 13	 13	 1	 0.000001	 -1	 0.000000	 14.579893
86	 13	 13	 1	 5.234572	 -1	 0.000000	 8.911380
87	 13	 13	 1	 0.000001	 -1	 0.000000	 10.634359
88	 13	 13	 1	 1.374502	 -1	 0.000000	 7.896750
89	 13	 13	 1	 0.000001	 -1	 0.000000	 11.474133
90	 13	 13	 1	 0.000000	 -1	 0.000000	 7.814688
91	 13	 13	 1	 0.000001	 -1	 0.000000	 9.361402
92	 13	 13	 1	 5.281923	 -1	 0.000000	 9.415378
93	 13	 13	 1	 0.000001	 -1	 0.000000	 8.723732
94	 13	 13	 1	 0.000001	 -1	 0.000000	 8.916645
95	 13	 13	 1	 0.000000	 -1	 0.000000	 9.137177
96	 13	 13	 1	 0.000001	 -1	 0.000000	 8.749273
97	 13	 13	 1	 0.000001	 -1	 0.000000	 7.904152
98	 13	 13	 1	 0.000001	 -1	 0.000000	 18.268476
99	 13	 13	 1	 0.000001	 -1	 0.000000	 10.826275
101	 13	 13	 1	 4.820999	 -1	 0.000000	 9.525622
102	 13	 13	 1	 0.000001	 -1	 0.000000	 6.992636
103	 13	 13	 1	 0.000001	 -1	 0.000000	 9.056653
104	 13	 13	 1	 0.000001	 -1	 0.000000	 13.683153
105	 13	 13	 1	 0.000001	 -1	 0.000000	 12.914694
106	 13	 13	 1	 0.000001	 -1	 0.000000	 8.576640
107	 13	 13	 1	 0.000001	 -1	 0.000000	 9.056025
108	 13	 13	 1	 0.000001	 -1	 0.000000	 12.609212
109	 13	 13	 1	 0.000001	 -1	 0.000000	 8.929667
2751	 7	 7	 0	 432.337676	 -1	 0.000000	 2.617165
110	 13	 13	 1	 0.000028	 -1	 0.000000	 8.655303
111	 13	 13	 1	 0.000001	 -1	 0.000000	 9.582020
112	 13	 13	 1	 0.000001	 -1	 0.000000	 9.821890
113	 13	 13	 1	 0.000001	 -1	 0.000000	 7.352908
114	 13	 13	 1	 0.000001	 -1	 0.000000	 10.897417
115	 13	 13	 1	 0.000001	 -1	 0.000000	 8.278864
116	 13	 13	 1	 0.023787	 -1	 0.000000	 9.659231
117	 13	 13	 1	 0.000001	 -1	 0.000000	 15.637791
118	 13	 13	 1	 0.000001	 -1	 0.000000	 10.979662
119	 13	 13	 1	 0.000001	 -1	 0.000000	 14.560123
120	 13	 13	 1	 0.000001	 -1	 0.000000	 7.700824
121	 13	 13	 1	 0.000001	 -1	 0.000000	 9.778577
122	 13	 13	 1	 0.000001	 -1	 0.000000	 7.721262
123	 13	 13	 1	 0.000001	 -1	 0.000000	 9.760917
124	 13	 13	 1	 0.000001	 -1	 0.000000	 7.388119
125	 13	 13	 1	 0.000001	 -1	 0.000000	 8.587522
126	 13	 13	 1	 0.000001	 -1	 0.000000	 9.021029
127	 13	 13	 1	 0.000001	 -1	 0.000000	 8.975348
128	 13	 13	 1	 0.000001	 -1	 0.000000	 8.254342
129	 13	 13	 1	 0.000001	 -1	 0.000000	 10.624969
130	 13	 13	 1	 0.172108	 -1	 0.000000	 8.017179
131	 13	 13	 1	 0.000001	 -1	 0.000000	 8.172512
132	 13	 13	 1	 0.000001	 -1	 0.000000	 9.531902
133	 13	 13	 1	 0.000001	 -1	 0.000000	 19.036459
134	 13	 13	 1	 0.000000	 -1	 0.000000	 11.756050
135	 13	 13	 1	 0.000001	 -1	 0.000000	 7.479885
137	 13	 13	 1	 0.000091	 -1	 0.000000	 9.869809
725	 5	 5	 0	 400.743715	 -1	 0.000000	 6.384944
138	 13	 13	 1	 0.000001	 -1	 0.000000	 12.340067
139	 13	 13	 1	 0.000000	 -1	 0.000000	 8.600202
140	 13	 13	 1	 0.000134	 -1	 0.000000	 11.126036
141	 13	 13	 1	 0.000001	 -1	 0.000000	 8.882285
142	 13	 13	 1	 0.000001	 -1	 0.000000	 8.231386
143	 13	 13	 1	 0.000001	 -1	 0.000000	 10.687708
144	 13	 13	 1	 0.000001	 -1	 0.000000	 8.678511
145	 13	 13	 1	 0.000001	 -1	 0.000000	 7.951940
146	 13	 13	 1	 0.000001	 -1	 0.000000	 12.855947
147	 13	 13	 1	 0.000001	 -1	 0.000000	 15.720628
148	 13	 13	 1	 0.000001	 -1	 0.000000	 15.959745
149	 13	 13	 1	 0.000001	 -1	 0.000000	 11.197661
150	 13	 13	 1	 0.000001	 -1	 0.000000	 9.598041
151	 13	 13	 1	 0.000001	 -1	 0.000000	 6.861327
152	 13	 13	 1	 0.000001	 -1	 0.000000	 9.769630
153	 13	 13	 1	 0.000001	 -1	 0.000000	 9.228195
154	 13	 13	 1	 0.000001	 -1	 0.000000	 11.024528
155	 13	 13	 1	 0.000001	 -1	 0.000000	 8.034094
156	 13	 13	 1	 0.000001	 -1	 0.000000	 8.408703
157	 13	 13	 1	 0.000001	 -1	 0.000000	 10.101315
158	 13	 13	 1	 0.123571	 -1	 0.000000	 10.922481
159	 13	 13	 1	 0.000001	 -1	 0.000000	 7.225382
160	 13	 13	 1	 0.000001	 -1	 0.000000	 8.927156
161	 13	 13	 1	 0.000001	 -1	 0.000000	 8.856054
162	 13	 13	 1	 0.000001	 -1	 0.000000	 12.043715
163	 13	 13	 1	 0.000001	 -1	 0.000000	 19.201958
164	 13	 13	 1	 0.000001	 -1	 0.000000	 9.419653
165	 13	 13	 1	 0.000001	 -1	 0.000000	 11.610188
166	 13	 13	 1	 0.000001	 -1	 0.000000	 7.838490
167	 13	 13	 1	 25.116595	 -1	 0.000000	 12.169340
168	 13	 13	 1	 0.000001	 -1	 0.000000	 8.364079
3431	 10	 10	 0	 478.759434	 -1	 0.000000	 7.093178
169	 13	 13	 1	 0.000000	 -1	 0.000000	 10.926755
170	 13	 13	 1	 47.202154	 -1	 0.000000	 10.191207
171	 13	 13	 1	 0.000001	 -1	 0.000000	 9.018273
172	 13	 13	 1	 0.000001	 -1	 0.000000	 7.835832
173	 13	 13	 1	 0.000001	 -1	 0.000000	 8.918542
174	 13	 13	 1	 0.000001	 -1	 0.000000	 11.803966
175	 13	 13	 1	 0.000001	 -1	 0.000000	 10.482178
176	 13	 13	 1	 0.049263	 -1	 0.000000	 11.803310
177	 13	 13	 1	 0.000001	 -1	 0.000000	 27.527370
178	 13	 13	 1	 0.000001	 -1	 0.000000	 8.159611
179	 13	 13	 1	 0.000001	 -1	 0.000000	 9.214925
180	 13	 13	 1	 0.000001	 -1	 0.000000	 8.170132
181	 13	 13	 1	 0.000001	 -1	 0.000000	 14.376096
182	 13	 13	 1	 0.000001	 -1	 0.000000	 11.198781
183	 13	 13	 1	 0.023641	 -1	 0.000000	 11.857515
184	 13	 13	 1	 0.000001	 -1	 0.000000	 9.449670
185	 13	 13	 1	 0.000001	 -1	 0.000000	 9.214549
186	 13	 13	 1	 0.029373	 -1	 0.000000	 7.873452
187	 13	 13	 1	 0.000001	 -1	 0.000000	 8.756971
188	 13	 13	 1	 0.000245	 -1	 0.000000	 8.123361
189	 13	 13	 1	 0.000001	 -1	 0.000000	 9.299113
190	 13	 13	 1	 0.000001	 -1	 0.000000	 9.031463
191	 13	 13	 1	 0.000001	 -1	 0.000000	 9.776054
192	 13	 13	 1	 0.005173	 -1	 0.000000	 10.869284
194	 13	 13	 1	 43.386190	 -1	 0.000000	 8.036313
195	 13	 13	 1	 0.000030	 -1	 0.000000	 9.612191
196	 13	 13	 1	 0.000001	 -1	 0.000000	 14.953877
197	 13	 13	 1	 0.000001	 -1	 0.000000	 9.117092
199	 13	 13	 1	 0.000001	 -1	 0.000000	 13.436718
200	 13	 13	 1	 0.000001	 -1	 0.000000	 8.088716
205	 13	 13	 1	 0.000001	 -1	 0.000000	 10.624191
206	 13	 13	 1	 0.005115	 -1	 0.000000	 13.562704
207	 13	 13	 1	 0.230588	 -1	 0.000000	 8.953540
209	 13	 13	 1	 29.211623	 -1	 0.000000	 8.950889
210	 13	 13	 1	 0.000001	 -1	 0.000000	 9.394517
211	 13	 13	 1	 0.000001	 -1	 0.000000	 16.747219
212	 13	 13	 1	 0.000001	 -1	 0.000000	 9.226352
213	 13	 13	 1	 0.000001	 -1	 0.000000	 11.862915
214	 13	 13	 1	 0.000001	 -1	 0.000000	 8.812824
215	 13	 13	 1	 0.000001	 -1	 0.000000	 8.874370
216	 13	 13	 1	 0.000000	 -1	 0.000000	 9.337652
217	 13	 13	 1	 0.000001	 -1	 0.000000	 11.012705
218	 13	 13	 1	 0.000000	 -1	 0.000000	 7.907578
219	 13	 13	 1	 0.000001	 -1	 0.000000	 8.178937
220	 13	 13	 1	 9.005096	 -1	 0.000000	 9.430158
223	 13	 13	 0	 495.605904	 -1	 0.000000	 12.304303
225	 13	 13	 0	 211.462643	 -1	 0.000000	 12.398882
226	 13	 13	 1	 0.000000	 -1	 0.000000	 8.222409
227	 13	 13	 1	 0.000001	 -1	 0.000000	 9.287867
228	 13	 13	 1	 0.000001	 -1	 0.000000	 9.668274
229	 13	 13	 1	 0.000001	 -1	 0.000000	 10.126765
2363	 3	 3	 0	 486.860831	 -1	 0.000000	 5.010463
230	 13	 13	 0	 487.404801	 -1	 0.000000	 6.702322
233	 13	 13	 0	 268.501253	 -1	 0.000000	 10.080718
234	 13	 13	 1	 56.692798	 -1	 0.000000	 12.182677
235	 13	 13	 0	 264.769878	 -1	 0.000000	 10.559923
236	 13	 13	 1	 0.000001	 -1	 0.000000	 7.849707
237	 13	 13	 1	 0.000001	 -1	 0.000000	 7.185653
238	 13	 13	 1	 1.811709	 -1	 0.000000	 7.716175
239	 13	 13	 1	 0.000001	 -1	 0.000000	 14.068774
242	 13	 13	 1	 0.000001	 -1	 0.000000	 9.034329
245	 13	 13	 0	 392.522404	 -1	 0.000000	 8.019953
246	 13	 13	 0	 202.513497	 -1	 0.000000	 10.453225
247	 13	 13	 1	 0.000001	 -1	 0.000000	 10.723434
248	 13	 13	 0	 327.019338	 -1	 0.000000	 11.875846
249	 13	 13	 0	 55.667089	 -1	 0.000000	 9.213449
250	 13	 13	 1	 0.000001	 -1	 0.000000	 9.508912
251	 13	 13	 1	 0.000001	 -1	 0.000000	 8.460301
252	 13	 13	 1	 0.000001	 -1	 0.000000	 11.463677
253	 13	 13	 1	 0.000001	 -1	 0.000000	 10.963348
254	 13	 13	 1	 0.000001	 -1	 0.000000	 7.573608
257	 13	 13	 1	 1.609623	 -1	 0.000000	 9.248568
258	 13	 13	 1	 0.000001	 -1	 0.000000	 9.721836
259	 13	 13	 1	 0.000001	 -1	 0.000000	 9.177011
260	 13	 13	 1	 0.000001	 -1	 0.000000	 8.320798
3179	 7	 7	 1	 262.077681	 -1	 0.000000	 4.319820
265	 13	 13	 0	 454.653102	 -1	 0.000000	 10.651462
266	 13	 13	 1	 53.247938	 -1	 0.000000	 10.595949
267	 13	 13	 0	 279.237923	 -1	 0.000000	 7.431571
268	 13	 13	 1	 110.174832	 -1	 0.000000	 8.602812
269	 13	 13	 0	 418.109596	 -1	 0.000000	 9.037013
270	 13	 13	 1	 0.000001	 -1	 0.000000	 12.496194
271	 13	 13	 1	 0.000001	 -1	 0.000000	 9.707370
272	 13	 13	 1	 56.195613	 -1	 0.000000	 15.107753
273	 13	 13	 1	 0.000001	 -1	 0.000000	 8.284521
274	 13	 13	 1	 0.000001	 -1	 0.000000	 13.459816
276	 13	 13	 1	 0.000001	 -1	 0.000000	 11.177609
277	 13	 13	 1	 0.000001	 -1	 0.000000	 9.658442
278	 13	 13	 1	 0.000001	 -1	 0.000000	 14.433980
279	 13	 13	 1	 0.000001	 -1	 0.000000	 7.799231
333	 13	 13	 1	 0.000799	 -1	 0.000000	 9.463804
334	 13	 13	 1	 0.000001	 -1	 0.000000	 10.194118
335	 13	 13	 1	 0.000001	 -1	 0.000000	 8.817850
336	 13	 13	 1	 0.000000	 -1	 0.000000	 11.377653
337	 13	 13	 1	 0.000001	 -1	 0.000000	 7.770565
338	 13	 13	 1	 10.639217	 -1	 0.000000	 14.169074
339	 13	 13	 1	 0.000001	 -1	 0.000000	 12.365876
353	 13	 13	 1	 0.000001	 -1	 0.000000	 8.327800
355	 13	 13	 1	 0.000001	 -1	 0.000000	 10.585996
356	 13	 13	 1	 0.000001	 -1	 0.000000	 10.059276
357	 13	 13	 1	 0.000001	 -1	 0.000000	 10.981273
358	 13	 13	 1	 0.000001	 -1	 0.000000	 10.887918
359	 13	 13	 1	 0.000001	 -1	 0.000000	 9.057095
380	 13	 13	 1	 19.712760	 -1	 0.000000	 11.978230
381	 13	 13	 1	 0.000001	 -1	 0.000000	 7.246695
382	 13	 13	 1	 0.000001	 -1	 0.000000	 10.281965
383	 13	 13	 1	 0.000001	 -1	 0.000000	 10.971518
384	 13	 13	 1	 0.000001	 -1	 0.000000	 7.955110
385	 13	 13	 1	 0.000001	 -1	 0.000000	 8.547379
386	 13	 13	 1	 0.000001	 -1	 0.000000	 10.225588
387	 13	 13	 1	 0.000000	 -1	 0.000000	 7.688060
400	 13	 13	 1	 10.917830	 -1	 0.000000	 8.730145
401	 13	 13	 1	 0.000001	 -1	 0.000000	 8.692255
402	 13	 13	 1	 0.000001	 -1	 0.000000	 12.822837
403	 13	 13	 1	 0.000001	 -1	 0.000000	 8.968496
404	 13	 13	 1	 0.000001	 -1	 0.000000	 9.973723
405	 13	 13	 1	 0.000001	 -1	 0.000000	 10.557538
406	 13	 13	 1	 0.000001	 -1	 0.000000	 11.284995
407	 13	 13	 1	 0.000001	 -1	 0.000000	 11.134252
408	 13	 13	 1	 0.000001	 -1	 0.000000	 9.495453
409	 13	 13	 1	 0.000000	 -1	 0.000000	 7.059875
410	 13	 13	 1	 0.000001	 -1	 0.000000	 12.375482
411	 13	 13	 1	 0.000001	 -1	 0.000000	 7.424147
412	 13	 13	 1	 0.000001	 -1	 0.000000	 11.597187
413	 13	 13	 1	 0.000001	 -1	 0.000000	 11.038006
414	 13	 13	 1	 0.000001	 -1	 0.000000	 12.396389
415	 13	 13	 1	 43.523182	 -1	 0.000000	 7.840016
416	 13	 13	 1	 0.000001	 -1	 0.000000	 10.588311
421	 13	 13	 1	 0.028425	 -1	 0.000000	 7.581946
422	 13	 13	 1	 0.000001	 -1	 0.000000	 12.306120
423	 13	 13	 1	 0.000001	 -1	 0.000000	 9.637907
1365	 7	 7	 1	 225.007268	 -1	 0.000000	 4.988850
424	 13	 13	 0	 457.516895	 -1	 0.000000	 10.432979
425	 13	 13	 1	 0.000001	 -1	 0.000000	 11.390110
426	 13	 13	 1	 0.000001	 -1	 0.000000	 7.306035
427	 13	 13	 1	 32.053459	 -1	 0.000000	 8.042437
428	 13	 13	 1	 0.000001	 -1	 0.000000	 9.668494
429	 13	 13	 1	 0.000001	 -1	 0.000000	 8.544221
430	 13	 13	 1	 0.000001	 -1	 0.000000	 7.768157
431	 13	 13	 1	 38.780111	 -1	 0.000000	 11.563858
432	 13	 13	 1	 0.000001	 -1	 0.000000	 7.344619
433	 13	 13	 1	 0.000001	 -1	 0.000000	 10.722623
435	 13	 13	 1	 0.000001	 -1	 0.000000	 13.982873
436	 13	 13	 1	 0.000001	 -1	 0.000000	 8.019294
437	 13	 13	 1	 12.297138	 -1	 0.000000	 8.792287
438	 13	 13	 1	 0.000001	 -1	 0.000000	 10.146943
439	 13	 13	 1	 0.000001	 -1	 0.000000	 9.428443
440	 13	 13	 1	 0.000001	 -1	 0.000000	 10.872816
441	 13	 13	 1	 0.000001	 -1	 0.000000	 10.048357
442	 13	 13	 1	 0.000001	 -1	 0.000000	 11.538846
443	 13	 13	 1	 0.000001	 -1	 0.000000	 13.405218
444	 13	 13	 1	 0.000001	 -1	 0.000000	 12.798495
445	 13	 13	 1	 0.000001	 -1	 0.000000	 9.615999
446	 13	 13	 1	 0.000001	 -1	 0.000000	 9.446644
447	 13	 13	 1	 0.000001	 -1	 0.000000	 8.207130
770	 7	 7	 1	 257.069307	 -1	 0.000000	 5.529256
448	 13	 13	 0	 472.883199	 -1	 0.000000	 14.261029
449	 13	 13	 1	 0.044822	 -1	 0.000000	 9.431026
450	 13	 13	 1	 0.000001	 -1	 0.000000	 12.885969
451	 13	 13	 1	 0.000001	 -1	 0.000000	 8.251506
452	 13	 13	 1	 0.000001	 -1	 0.000000	 8.271652
453	 13	 13	 1	 0.000001	 -1	 0.000000	 9.506249
454	 13	 13	 1	 0.000001	 -1	 0.000000	 17.169481
455	 13	 13	 1	 19.312121	 -1	 0.000000	 9.103553
456	 13	 13	 1	 0.028347	 -1	 0.000000	 11.821647
457	 13	 13	 1	 0.000001	 -1	 0.000000	 8.221521
458	 13	 13	 1	 0.006138	 -1	 0.000000	 11.684344
459	 13	 13	 1	 0.000001	 -1	 0.000000	 8.321779
460	 13	 13	 1	 0.000001	 -1	 0.000000	 10.555090
461	 13	 13	 1	 0.000000	 -1	 0.000000	 10.812571
462	 13	 13	 1	 0.000004	 -1	 0.000000	 10.606059
463	 13	 13	 1	 0.000001	 -1	 0.000000	 9.610880
464	 13	 13	 1	 0.000001	 -1	 0.000000	 9.304003
465	 13	 13	 1	 0.000001	 -1	 0.000000	 7.947125
466	 13	 13	 1	 0.000000	 -1	 0.000000	 7.818038
467	 13	 13	 1	 0.000001	 -1	 0.000000	 10.329246
468	 13	 13	 1	 0.000001	 -1	 0.000000	 7.260630
469	 13	 13	 1	 0.000001	 -1	 0.000000	 9.186387
470	 13	 13	 1	 0.000000	 -1	 0.000000	 8.265347
471	 13	 13	 1	 0.000001	 -1	 0.000000	 9.180992
472	 13	 13	 1	 0.000001	 -1	 0.000000	 14.298986
473	 13	 13	 1	 0.000001	 -1	 0.000000	 10.196275
474	 13	 13	 1	 0.000001	 -1	 0.000000	 9.114680
475	 13	 13	 1	 0.000000	 -1	 0.000000	 10.563790
476	 13	 13	 1	 0.000001	 -1	 0.000000	 10.706972
477	 13	 13	 1	 0.000001	 -1	 0.000000	 7.973264
478	 13	 13	 1	 0.000001	 -1	 0.000000	 10.181751
479	 13	 13	 1	 0.000001	 -1	 0.000000	 8.775961
493	 13	 13	 1	 0.000001	 -1	 0.000000	 8.508398
494	 13	 13	 1	 0.000001	 -1	 0.000000	 8.991064
495	 13	 13	 1	 0.000001	 -1	 0.000000	 13.213278
496	 13	 13	 1	 0.000001	 -1	 0.000000	 7.683535
497	 13	 13	 1	 0.000001	 -1	 0.000000	 13.120111
498	 13	 13	 1	 0.000001	 -1	 0.000000	 7.838386
499	 13	 13	 1	 0.000001	 -1	 0.000000	 10.045135
0	 15	 15	 1	 0.000000	 -1	 0.000000	 10.579175
1	 15	 15	 0	 32.799734	 -1	 0.000000	 8.667038
2	 15	 15	 0	 44.618917	 -1	 0.000000	 15.093453
3	 15	 15	 0	 45.990433	 -1	 0.000000	 9.446427
4	 15	 15	 0	 61.254182	 -1	 0.000000	 8.375861
5	 15	 15	 0	 30.553920	 -1	 0.000000	 14.734567
6	 15	 15	 0	 51.433031	 -1	 0.000000	 12.931718
7	 15	 15	 0	 30.427666	 -1	 0.000000	 7.459352
8	 15	 15	 0	 52.790683	 -1	 0.000000	 10.328752
9	 15	 15	 0	 2.820740	 -1	 0.000000	 6.440811
10	 15	 15	 0	 137.949353	 -1	 0.000000	 10.935847
11	 15	 15	 0	 45.185630	 -1	 0.000000	 8.610739
12	 15	 15	 0	 25.977865	 -1	 0.000000	 14.599349
13	 15	 15	 0	 39.147744	 -1	 0.000000	 9.681103
>>> gr_fir_ccf: using E
>>> gr_fir_fff: using E
gr_buffer::allocate_buffer: warning: tried to allocate
   19 items of size 3312. Due to alignment requirements
   256 were allocated.  If this isn't OK, consider padding
   your structure to a power-of-two bytes.
   On this platform, our allocation granularity is 4096 bytes.
20	 15	 15	 1	 0.000005	 -1	 0.000000	 10.123404
21	 15	 15	 1	 0.000010	 -1	 0.000000	 12.717163
22	 15	 15	 1	 0.000006	 -1	 0.000000	 10.832151
23	 15	 15	 1	 0.000009	 -1	 0.000000	 11.585258
24	 15	 15	 1	 68.679783	 -1	 0.000000	 7.798873
25	 15	 15	 1	 104.206437	 -1	 0.000000	 7.413836
26	 15	 15	 1	 0.000004	 -1	 0.000000	 12.028646
27	 15	 15	 1	 0.000006	 -1	 0.000000	 8.921807
28	 15	 15	 1	 22.380722	 -1	 0.000000	 9.429334
29	 15	 15	 1	 0.000010	 -1	 0.000000	 12.259294
30	 15	 15	 0	 126.673858	 -1	 0.000000	 8.637130
31	 15	 15	 1	 0.000007	 -1	 0.000000	 12.781827
32	 15	 15	 1	 0.000005	 -1	 0.000000	 9.181888
33	 15	 15	 1	 0.020910	 -1	 0.000000	 7.769502
34	 15	 15	 1	 0.923120	 -1	 0.000000	 7.508190
35	 15	 15	 1	 0.000014	 -1	 0.000000	 7.592671
36	 15	 15	 1	 0.000004	 -1	 0.000000	 17.421017
37	 15	 15	 1	 1.734903	 -1	 0.000000	 9.704998
38	 15	 15	 1	 0.000010	 -1	 0.000000	 12.057943
39	 15	 15	 1	 0.212265	 -1	 0.000000	 8.616072
40	 15	 15	 1	 0.000010	 -1	 0.000000	 8.362488
41	 15	 15	 1	 0.000009	 -1	 0.000000	 10.160791
42	 15	 15	 1	 0.000006	 -1	 0.000000	 9.512621
43	 15	 15	 1	 0.000004	 -1	 0.000000	 9.843404
44	 15	 15	 1	 0.000004	 -1	 0.000000	 9.011613
45	 15	 15	 1	 0.000010	 -1	 0.000000	 11.320062
46	 15	 15	 1	 17.284540	 -1	 0.000000	 8.609342
47	 15	 15	 1	 0.000004	 -1	 0.000000	 9.089235
48	 15	 15	 1	 0.000008	 -1	 0.000000	 11.488464
49	 15	 15	 1	 23.136914	 -1	 0.000000	 13.487603
50	 15	 15	 1	 0.000006	 -1	 0.000000	 10.827366
51	 15	 15	 1	 0.000004	 -1	 0.000000	 12.041209
52	 15	 15	 0	 82.155896	 -1	 0.000000	 8.511069
53	 15	 15	 1	 0.000423	 -1	 0.000000	 11.065661
54	 15	 15	 1	 0.000006	 -1	 0.000000	 10.957604
55	 15	 15	 1	 0.000012	 -1	 0.000000	 7.447678
57	 15	 15	 1	 0.000009	 -1	 0.000000	 12.137377
58	 15	 15	 1	 0.000008	 -1	 0.000000	 9.606005
59	 15	 15	 1	 0.002358	 -1	 0.000000	 11.897742
60	 15	 15	 1	 0.000009	 -1	 0.000000	 10.493442
61	 15	 15	 1	 0.017147	 -1	 0.000000	 7.619748
62	 15	 15	 1	 0.000445	 -1	 0.000000	 10.491224
63	 15	 15	 1	 0.000004	 -1	 0.000000	 12.737920
64	 15	 15	 1	 30.298150	 -1	 0.000000	 7.124742
65	 15	 15	 1	 0.000005	 -1	 0.000000	 11.028270
66	 15	 15	 1	 0.000003	 -1	 0.000000	 10.391026
67	 15	 15	 1	 0.000009	 -1	 0.000000	 7.984448
68	 15	 15	 1	 0.000005	 -1	 0.000000	 8.405447
69	 15	 15	 1	 17.784886	 -1	 0.000000	 8.620129
70	 15	 15	 1	 9.600332	 -1	 0.000000	 12.283144
71	 15	 15	 1	 0.000006	 -1	 0.000000	 9.476006
72	 15	 15	 1	 0.000010	 -1	 0.000000	 15.075850
73	 15	 15	 1	 0.000004	 -1	 0.000000	 11.461424
74	 15	 15	 1	 0.000007	 -1	 0.000000	 9.341604
75	 15	 15	 1	 0.000010	 -1	 0.000000	 15.583659
76	 15	 15	 1	 0.000008	 -1	 0.000000	 9.400708
77	 15	 15	 1	 0.000078	 -1	 0.000000	 10.389226
78	 15	 15	 1	 0.000008	 -1	 0.000000	 8.760749
79	 15	 15	 1	 0.000006	 -1	 0.000000	 10.562930
80	 15	 15	 1	 0.000010	 -1	 0.000000	 16.234724
81	 15	 15	 1	 0.000008	 -1	 0.000000	 7.803588
82	 15	 15	 0	 74.400649	 -1	 0.000000	 8.654975
>>> gr_fir_ccf: using E
>>> gr_fir_fff: using E
gr_buffer::allocate_buffer: warning: tried to allocate
   19 items of size 3312. Due to alignment requirements
   256 were allocated.  If this isn't OK, consider padding
   your structure to a power-of-two bytes.
   On this platform, our allocation granularity is 4096 bytes.
20	 15	 15	 1	 0.000009	 -1	 0.000000	 9.775866
21	 15	 15	 1	 0.000004	 -1	 0.000000	 8.784514
22	 15	 15	 1	 0.000005	 -1	 0.000000	 13.310560
23	 15	 15	 1	 0.000007	 -1	 0.000000	 9.945274
24	 15	 15	 1	 0.000005	 -1	 0.000000	 11.178090
25	 15	 15	 1	 0.000011	 -1	 0.000000	 8.320624
26	 15	 15	 1	 0.000007	 -1	 0.000000	 10.750585
27	 15	 15	 1	 0.000006	 -1	 0.000000	 8.098768
28	 15	 15	 1	 0.000007	 -1	 0.000000	 8.343659
29	 15	 15	 1	 18.432793	 -1	 0.000000	 8.322438
30	 15	 15	 1	 0.000010	 -1	 0.000000	 9.186226
31	 15	 15	 1	 0.000006	 -1	 0.000000	 9.488441
32	 15	 15	 1	 0.000006	 -1	 0.000000	 8.457068
33	 15	 15	 1	 0.000007	 -1	 0.000000	 12.481772
34	 15	 15	 1	 0.000009	 -1	 0.000000	 10.476385
35	 15	 15	 1	 0.000005	 -1	 0.000000	 8.703870
36	 15	 15	 1	 0.015855	 -1	 0.000000	 11.247084
37	 15	 15	 1	 0.000012	 -1	 0.000000	 14.542459
38	 15	 15	 1	 0.000007	 -1	 0.000000	 9.854193
39	 15	 15	 1	 0.000006	 -1	 0.000000	 11.512461
40	 15	 15	 1	 0.000009	 -1	 0.000000	 9.972454
41	 15	 15	 1	 0.000007	 -1	 0.000000	 10.413025
42	 15	 15	 1	 0.000006	 -1	 0.000000	 10.187057
43	 15	 15	 1	 0.000009	 -1	 0.000000	 9.541633
44	 15	 15	 1	 0.000007	 -1	 0.000000	 9.190241
45	 15	 15	 1	 0.000004	 -1	 0.000000	 10.257466
46	 15	 15	 1	 0.000004	 -1	 0.000000	 8.375195
47	 15	 15	 1	 0.000012	 -1	 0.000000	 11.651983
48	 15	 15	 1	 0.000007	 -1	 0.000000	 10.267878
49	 15	 15	 1	 0.000007	 -1	 0.000000	 8.872231
50	 15	 15	 1	 0.000009	 -1	 0.000000	 8.947019
51	 15	 15	 1	 0.000007	 -1	 0.000000	 23.941763
52	 15	 15	 1	 0.000008	 -1	 0.000000	 9.126697
53	 15	 15	 1	 0.000009	 -1	 0.000000	 10.044598
54	 15	 15	 1	 0.000005	 -1	 0.000000	 13.592481
55	 15	 15	 1	 0.000008	 -1	 0.000000	 16.189035
56	 15	 15	 1	 0.000007	 -1	 0.000000	 13.154763
57	 15	 15	 1	 0.000012	 -1	 0.000000	 8.364899
58	 15	 15	 1	 14.591568	 -1	 0.000000	 8.228408
59	 15	 15	 1	 0.000007	 -1	 0.000000	 8.022870
60	 15	 15	 1	 0.000009	 -1	 0.000000	 17.554455
61	 15	 15	 1	 0.373998	 -1	 0.000000	 8.565109
62	 15	 15	 1	 0.000009	 -1	 0.000000	 9.272286
63	 15	 15	 1	 0.000005	 -1	 0.000000	 7.859788
64	 15	 15	 1	 0.000007	 -1	 0.000000	 8.816103
65	 15	 15	 1	 0.000010	 -1	 0.000000	 11.844964
66	 15	 15	 1	 0.000008	 -1	 0.000000	 10.834091
67	 15	 15	 1	 0.000009	 -1	 0.000000	 10.045169
68	 15	 15	 1	 0.000008	 -1	 0.000000	 11.930796
69	 15	 15	 1	 0.000005	 -1	 0.000000	 12.422083
70	 15	 15	 1	 0.000012	 -1	 0.000000	 7.365549
71	 15	 15	 1	 0.000010	 -1	 0.000000	 9.619744
72	 15	 15	 1	 0.030441	 -1	 0.000000	 9.985651
73	 15	 15	 1	 0.000004	 -1	 0.000000	 12.418771
74	 15	 15	 1	 0.000007	 -1	 0.000000	 8.081779
75	 15	 15	 1	 0.000010	 -1	 0.000000	 9.899970
76	 15	 15	 1	 0.000005	 -1	 0.000000	 7.885549
77	 15	 15	 1	 0.000014	 -1	 0.000000	 11.589175
78	 15	 15	 1	 0.000008	 -1	 0.000000	 11.173713
79	 15	 15	 1	 0.000004	 -1	 0.000000	 13.728640
80	 15	 15	 0	 121.873013	 -1	 0.000000	 9.880971
81	 15	 15	 1	 0.000005	 -1	 0.000000	 9.213346
82	 15	 15	 1	 0.000010	 -1	 0.000000	 9.028369
83	 15	 15	 1	 0.000099	 -1	 0.000000	 7.408146
84	 15	 15	 1	 0.000003	 -1	 0.000000	 9.649782
85	 15	 15	 1	 0.000005	 -1	 0.000000	 8.207742
86	 15	 15	 1	 0.000009	 -1	 0.000000	 9.095704
87	 15	 15	 1	 0.000010	 -1	 0.000000	 8.113585
88	 15	 15	 1	 0.000009	 -1	 0.000000	 10.185045
89	 15	 15	 1	 0.000004	 -1	 0.000000	 9.831549
90	 15	 15	 1	 0.000009	 -1	 0.000000	 12.212892
91	 15	 15	 1	 5.554004	 -1	 0.000000	 9.068784
92	 15	 15	 1	 0.000006	 -1	 0.000000	 9.499995
93	 15	 15	 1	 0.000004	 -1	 0.000000	 11.798397
94	 15	 15	 1	 0.000006	 -1	 0.000000	 10.208502
95	 15	 15	 1	 0.000010	 -1	 0.000000	 8.191182
96	 15	 15	 1	 0.000005	 -1	 0.000000	 7.223496
97	 15	 15	 1	 0.000012	 -1	 0.000000	 9.421440
98	 15	 15	 1	 0.000005	 -1	 0.000000	 8.652219
99	 15	 15	 1	 26.076781	 -1	 0.000000	 7.156618
100	 15	 15	 1	 0.000005	 -1	 0.000000	 14.451875
101	 15	 15	 1	 0.000004	 -1	 0.000000	 13.520078
102	 15	 15	 1	 0.000011	 -1	 0.000000	 9.243634
103	 15	 15	 1	 0.000008	 -1	 0.000000	 14.906679
104	 15	 15	 1	 0.000006	 -1	 0.000000	 9.000249
105	 15	 15	 1	 0.000011	 -1	 0.000000	 9.307186
106	 15	 15	 1	 0.000007	 -1	 0.000000	 11.405130
107	 15	 15	 1	 0.000011	 -1	 0.000000	 9.976909
108	 15	 15	 1	 0.000005	 -1	 0.000000	 8.178986
109	 15	 15	 1	 0.000004	 -1	 0.000000	 14.691767
110	 15	 15	 1	 0.000009	 -1	 0.000000	 7.933490
111	 15	 15	 1	 0.000004	 -1	 0.000000	 11.109138
112	 15	 15	 1	 0.000006	 -1	 0.000000	 9.414475
113	 15	 15	 0	 117.563823	 -1	 0.000000	 8.348278
114	 15	 15	 1	 0.000004	 -1	 0.000000	 9.091827
115	 15	 15	 1	 0.000008	 -1	 0.000000	 9.310965
430	 5	 5	 0	 417.732632	 -1	 0.000000	 10.092897
116	 15	 15	 1	 0.000004	 -1	 0.000000	 10.193031
117	 15	 15	 1	 55.089364	 -1	 0.000000	 6.794624
118	 15	 15	 1	 42.000760	 -1	 0.000000	 7.244341
119	 15	 15	 1	 0.000010	 -1	 0.000000	 9.767020
120	 15	 15	 1	 0.000004	 -1	 0.000000	 13.246395
121	 15	 15	 1	 0.000007	 -1	 0.000000	 11.058477
122	 15	 15	 1	 0.000006	 -1	 0.000000	 10.239585
124	 15	 15	 1	 0.000006	 -1	 0.000000	 9.434216
125	 15	 15	 1	 0.000009	 -1	 0.000000	 9.674743
126	 15	 15	 1	 0.000007	 -1	 0.000000	 9.173477
127	 15	 15	 1	 13.665135	 -1	 0.000000	 7.749543
128	 15	 15	 1	 0.000009	 -1	 0.000000	 8.480602
129	 15	 15	 1	 0.000004	 -1	 0.000000	 9.285356
130	 15	 15	 1	 0.000007	 -1	 0.000000	 10.449286
132	 15	 15	 0	 123.248106	 -1	 0.000000	 9.542204
133	 15	 15	 1	 0.000007	 -1	 0.000000	 10.355411
134	 15	 15	 1	 0.000006	 -1	 0.000000	 11.995900
135	 15	 15	 1	 0.000010	 -1	 0.000000	 13.413603
136	 15	 15	 1	 5.791343	 -1	 0.000000	 9.021725
137	 15	 15	 1	 0.000010	 -1	 0.000000	 10.220899
138	 15	 15	 1	 0.240309	 -1	 0.000000	 12.520338
139	 15	 15	 1	 15.225775	 -1	 0.000000	 8.985325
140	 15	 15	 1	 0.000013	 -1	 0.000000	 8.825253
141	 15	 15	 1	 0.000004	 -1	 0.000000	 12.288731
142	 15	 15	 1	 0.000010	 -1	 0.000000	 9.826051
143	 15	 15	 1	 44.121099	 -1	 0.000000	 9.545648
144	 15	 15	 1	 0.000003	 -1	 0.000000	 10.319577
145	 15	 15	 1	 0.000008	 -1	 0.000000	 8.821506
146	 15	 15	 1	 0.000008	 -1	 0.000000	 9.657599
147	 15	 15	 1	 0.000009	 -1	 0.000000	 12.587689
148	 15	 15	 1	 0.000009	 -1	 0.000000	 11.010050
149	 15	 15	 1	 0.000008	 -1	 0.000000	 9.999758
150	 15	 15	 1	 0.000005	 -1	 0.000000	 8.950216
151	 15	 15	 1	 0.000003	 -1	 0.000000	 11.192579
152	 15	 15	 1	 0.000011	 -1	 0.000000	 8.243543
153	 15	 15	 1	 0.000004	 -1	 0.000000	 8.710176
154	 15	 15	 1	 0.000005	 -1	 0.000000	 8.974676
155	 15	 15	 1	 0.000009	 -1	 0.000000	 8.642249
156	 15	 15	 1	 22.927314	 -1	 0.000000	 8.639661
157	 15	 15	 1	 0.000011	 -1	 0.000000	 9.017322
158	 15	 15	 1	 0.265428	 -1	 0.000000	 7.225430
159	 15	 15	 1	 0.000008	 -1	 0.000000	 8.943900
160	 15	 15	 1	 0.000012	 -1	 0.000000	 7.705175
161	 15	 15	 1	 0.000003	 -1	 0.000000	 11.922771
162	 15	 15	 1	 0.000011	 -1	 0.000000	 11.026194
163	 15	 15	 1	 0.000009	 -1	 0.000000	 7.939517
164	 15	 15	 1	 1.622739	 -1	 0.000000	 9.186904
165	 15	 15	 1	 0.000008	 -1	 0.000000	 13.470869
166	 15	 15	 1	 0.000004	 -1	 0.000000	 17.753845
167	 15	 15	 1	 0.000010	 -1	 0.000000	 13.075871
168	 15	 15	 1	 0.000007	 -1	 0.000000	 8.429407
169	 15	 15	 1	 0.000005	 -1	 0.000000	 12.586924
170	 15	 15	 1	 0.000004	 -1	 0.000000	 9.572536
171	 15	 15	 1	 0.000007	 -1	 0.000000	 12.924253
172	 15	 15	 1	 6.362462	 -1	 0.000000	 11.388037
173	 15	 15	 1	 0.000006	 -1	 0.000000	 9.927796
174	 15	 15	 1	 6.584026	 -1	 0.000000	 9.020613
175	 15	 15	 1	 0.000008	 -1	 0.000000	 9.699796
176	 15	 15	 1	 0.000008	 -1	 0.000000	 9.963892
177	 15	 15	 1	 0.000009	 -1	 0.000000	 8.129859
178	 15	 15	 1	 1.746982	 -1	 0.000000	 8.184290
179	 15	 15	 1	 0.000005	 -1	 0.000000	 11.490382
180	 15	 15	 1	 0.000009	 -1	 0.000000	 7.991830
181	 15	 15	 1	 0.000008	 -1	 0.000000	 8.305253
182	 15	 15	 1	 0.000005	 -1	 0.000000	 10.376330
183	 15	 15	 1	 0.000007	 -1	 0.000000	 11.600897
184	 15	 15	 1	 0.000008	 -1	 0.000000	 10.730822
3255	 13	 13	 0	 338.379330	 -1	 0.000000	 2.361306
185	 15	 15	 1	 0.000008	 -1	 0.000000	 11.136514
186	 15	 15	 1	 0.001645	 -1	 0.000000	 12.751124
187	 15	 15	 1	 0.000008	 -1	 0.000000	 14.121249
188	 15	 15	 1	 0.000006	 -1	 0.000000	 9.297053
189	 15	 15	 1	 2.722073	 -1	 0.000000	 9.070037
568	 11	 11	 0	 468.135294	 -1	 0.000000	 6.732084
190	 15	 15	 1	 0.055403	 -1	 0.000000	 7.820179
192	 15	 15	 0	 58.959013	 -1	 0.000000	 8.140109
193	 15	 15	 1	 0.000005	 -1	 0.000000	 12.938020
194	 15	 15	 1	 0.000004	 -1	 0.000000	 9.808120
195	 15	 15	 1	 6.591141	 -1	 0.000000	 9.977857
222	 15	 15	 1	 43.659927	 -1	 0.000000	 7.983809
223	 15	 15	 1	 0.000006	 -1	 0.000000	 13.496542
224	 15	 15	 1	 0.000010	 -1	 0.000000	 8.481257
225	 15	 15	 1	 0.000007	 -1	 0.000000	 9.358182
226	 15	 15	 1	 0.000006	 -1	 0.000000	 8.393827
228	 15	 15	 1	 0.000010	 -1	 0.000000	 7.253151
229	 15	 15	 1	 0.000005	 -1	 0.000000	 8.814879
230	 15	 15	 1	 0.000007	 -1	 0.000000	 12.843134
231	 15	 15	 1	 0.000013	 -1	 0.000000	 7.842363
232	 15	 15	 1	 0.000004	 -1	 0.000000	 17.810345
233	 15	 15	 1	 0.000004	 -1	 0.000000	 9.760897
234	 15	 15	 0	 117.500833	 -1	 0.000000	 9.555126
235	 15	 15	 1	 0.000007	 -1	 0.000000	 11.510044
2240	 15	 15	 0	 387.678703	 -1	 0.000000	 4.841963
236	 15	 15	 1	 0.000011	 -1	 0.000000	 10.028836
237	 15	 15	 1	 0.000006	 -1	 0.000000	 9.650773
238	 15	 15	 1	 0.000012	 -1	 0.000000	 7.999932
239	 15	 15	 1	 0.484699	 -1	 0.000000	 7.754069
240	 15	 15	 1	 0.000006	 -1	 0.000000	 11.613492
241	 15	 15	 1	 0.000009	 -1	 0.000000	 12.007463
242	 15	 15	 1	 0.000006	 -1	 0.000000	 11.267065
243	 15	 15	 1	 0.000009	 -1	 0.000000	 7.778491
244	 15	 15	 1	 0.000010	 -1	 0.000000	 11.172129
245	 15	 15	 1	 0.000004	 -1	 0.000000	 13.111275
246	 15	 15	 1	 0.000013	 -1	 0.000000	 8.416215
247	 15	 15	 1	 10.280141	 -1	 0.000000	 9.252081
248	 15	 15	 1	 0.015172	 -1	 0.000000	 8.032242
249	 15	 15	 1	 0.000010	 -1	 0.000000	 11.660825
250	 15	 15	 1	 0.000097	 -1	 0.000000	 11.675145
251	 15	 15	 1	 0.000011	 -1	 0.000000	 8.703913
252	 15	 15	 1	 0.000008	 -1	 0.000000	 11.083366
253	 15	 15	 1	 0.000009	 -1	 0.000000	 8.674948
254	 15	 15	 1	 0.000007	 -1	 0.000000	 9.563832
255	 15	 15	 0	 79.417718	 -1	 0.000000	 9.747288
256	 15	 15	 1	 0.003602	 -1	 0.000000	 10.036589
257	 15	 15	 1	 0.000004	 -1	 0.000000	 8.820207
258	 15	 15	 1	 7.347830	 -1	 0.000000	 8.004213
259	 15	 15	 1	 0.000008	 -1	 0.000000	 13.295877
260	 15	 15	 1	 0.000004	 -1	 0.000000	 8.684158
261	 15	 15	 1	 0.000020	 -1	 0.000000	 9.016880
262	 15	 15	 1	 0.000004	 -1	 0.000000	 9.085835
263	 15	 15	 1	 0.000005	 -1	 0.000000	 10.080359
264	 15	 15	 1	 0.000008	 -1	 0.000000	 7.846564
1468	 5	 5	 0	 429.272201	 -1	 0.000000	 4.441238
265	 15	 15	 1	 0.000008	 -1	 0.000000	 8.740787
266	 15	 15	 1	 0.000011	 -1	 0.000000	 7.564026
267	 15	 15	 1	 0.000007	 -1	 0.000000	 9.483507
268	 15	 15	 1	 0.000010	 -1	 0.000000	 7.887934
269	 15	 15	 1	 0.000005	 -1	 0.000000	 8.096223
270	 15	 15	 1	 0.000004	 -1	 0.000000	 8.086159
271	 15	 15	 1	 0.000011	 -1	 0.000000	 8.768584
272	 15	 15	 1	 0.000007	 -1	 0.000000	 12.440578
273	 15	 15	 1	 0.000007	 -1	 0.000000	 16.816813
274	 15	 15	 1	 0.000005	 -1	 0.000000	 7.714664
275	 15	 15	 1	 32.198007	 -1	 0.000000	 8.673591
276	 15	 15	 1	 0.002402	 -1	 0.000000	 11.419887
277	 15	 15	 1	 0.000006	 -1	 0.000000	 13.050407
278	 15	 15	 1	 0.000009	 -1	 0.000000	 10.979115
279	 15	 15	 1	 0.000008	 -1	 0.000000	 12.228804
280	 15	 15	 1	 0.000004	 -1	 0.000000	 8.526814
281	 15	 15	 1	 0.000011	 -1	 0.000000	 8.190885
282	 15	 15	 1	 56.099356	 -1	 0.000000	 8.432803
283	 15	 15	 1	 0.000010	 -1	 0.000000	 14.345380
284	 15	 15	 1	 0.000010	 -1	 0.000000	 9.716731
285	 15	 15	 1	 0.000006	 -1	 0.000000	 10.688671
286	 15	 15	 1	 0.000005	 -1	 0.000000	 15.360205
287	 15	 15	 1	 0.000007	 -1	 0.000000	 9.683946
300	 15	 15	 1	 0.000004	 -1	 0.000000	 10.063544
301	 15	 15	 1	 0.000010	 -1	 0.000000	 8.336659
302	 15	 15	 1	 0.000007	 -1	 0.000000	 12.808991
303	 15	 15	 1	 0.000012	 -1	 0.000000	 10.767758
304	 15	 15	 1	 0.000005	 -1	 0.000000	 8.964210
306	 15	 15	 1	 0.000004	 -1	 0.000000	 11.022851
307	 15	 15	 1	 0.017591	 -1	 0.000000	 6.859317
308	 15	 15	 1	 0.000005	 -1	 0.000000	 10.684393
309	 15	 15	 1	 0.000009	 -1	 0.000000	 11.217346
310	 15	 15	 1	 0.000009	 -1	 0.000000	 14.575491
311	 15	 15	 1	 0.014696	 -1	 0.000000	 12.711146
312	 15	 15	 1	 1.226793	 -1	 0.000000	 9.757667
313	 15	 15	 1	 0.000009	 -1	 0.000000	 9.540090
314	 15	 15	 1	 63.165325	 -1	 0.000000	 9.325386
315	 15	 15	 1	 0.000009	 -1	 0.000000	 9.380650
316	 15	 15	 1	 0.000007	 -1	 0.000000	 12.374394
317	 15	 15	 1	 0.000007	 -1	 0.000000	 12.240781
318	 15	 15	 1	 0.001898	 -1	 0.000000	 9.279911
319	 15	 15	 1	 0.000007	 -1	 0.000000	 9.598417
325	 15	 15	 1	 0.006563	 -1	 0.000000	 7.925519
326	 15	 15	 1	 0.000004	 -1	 0.000000	 9.611074
327	 15	 15	 1	 0.000008	 -1	 0.000000	 8.400088
328	 15	 15	 1	 0.000009	 -1	 0.000000	 13.396483
329	 15	 15	 1	 0.000007	 -1	 0.000000	 9.871636
330	 15	 15	 1	 0.000006	 -1	 0.000000	 8.165566
331	 15	 15	 1	 0.000010	 -1	 0.000000	 8.974097
332	 15	 15	 1	 0.000004	 -1	 0.000000	 13.865647
333	 15	 15	 1	 0.000010	 -1	 0.000000	 16.928230
334	 15	 15	 1	 0.000004	 -1	 0.000000	 8.802544
335	 15	 15	 1	 0.000006	 -1	 0.000000	 9.869094
2	 7	 7	 0	 435.723188	 -1	 0.000000	 2.263506
336	 15	 15	 1	 0.000004	 -1	 0.000000	 9.269760
337	 15	 15	 1	 0.000008	 -1	 0.000000	 12.121767
338	 15	 15	 1	 0.000005	 -1	 0.000000	 8.651256
339	 15	 15	 1	 0.000010	 -1	 0.000000	 7.437878
340	 15	 15	 1	 0.000007	 -1	 0.000000	 7.772811
341	 15	 15	 1	 0.000007	 -1	 0.000000	 10.805593
342	 15	 15	 1	 0.000006	 -1	 0.000000	 9.039298
343	 15	 15	 1	 0.000013	 -1	 0.000000	 7.129567
344	 15	 15	 1	 0.000008	 -1	 0.000000	 9.654138
346	 15	 15	 1	 0.000009	 -1	 0.000000	 8.504579
347	 15	 15	 1	 0.000008	 -1	 0.000000	 12.174564
348	 15	 15	 1	 0.000004	 -1	 0.000000	 9.677477
349	 15	 15	 0	 221.859355	 -1	 0.000000	 15.000334
>>> gr_fir_ccf: using E
>>> gr_fir_fff: using E
gr_buffer::allocate_buffer: warning: tried to allocate
   19 items of size 3312. Due to alignment requirements
   256 were allocated.  If this isn't OK, consider padding
   your structure to a power-of-two bytes.
   On this platform, our allocation granularity is 4096 bytes.
20	 5	 5	 1	 0.002970	 -1	 0.000000	 12.249936
21	 5	 5	 1	 0.000419	 -1	 0.000000	 9.046667
22	 5	 5	 1	 23.953568	 -1	 0.000000	 7.764548
23	 5	 5	 1	 14.960923	 -1	 0.000000	 7.074759
24	 5	 5	 1	 0.000437	 -1	 0.000000	 10.384395
25	 5	 5	 1	 0.554923	 -1	 0.000000	 13.339942
26	 5	 5	 1	 0.000438	 -1	 0.000000	 10.120597
27	 5	 5	 1	 0.000420	 -1	 0.000000	 9.511526
28	 5	 5	 1	 0.000513	 -1	 0.000000	 9.492206
29	 5	 5	 1	 0.002476	 -1	 0.000000	 9.828053
30	 5	 5	 1	 0.002787	 -1	 0.000000	 16.619045
31	 5	 5	 1	 0.002005	 -1	 0.000000	 13.845352
32	 5	 5	 1	 0.002554	 -1	 0.000000	 10.559443
33	 5	 5	 1	 0.000710	 -1	 0.000000	 7.728940
34	 5	 5	 1	 0.000655	 -1	 0.000000	 7.474185
35	 5	 5	 1	 4.582361	 -1	 0.000000	 7.999423
36	 5	 5	 1	 0.732848	 -1	 0.000000	 10.678744
37	 5	 5	 1	 0.000722	 -1	 0.000000	 7.895027
38	 5	 5	 1	 0.000578	 -1	 0.000000	 8.346469
39	 5	 5	 1	 0.089203	 -1	 0.000000	 10.914521
40	 5	 5	 1	 0.003113	 -1	 0.000000	 8.561323
41	 5	 5	 1	 1.650328	 -1	 0.000000	 9.369346
42	 5	 5	 1	 5.857360	 -1	 0.000000	 8.678664
43	 5	 5	 1	 0.000422	 -1	 0.000000	 11.913812
44	 5	 5	 1	 0.001946	 -1	 0.000000	 9.939135
45	 5	 5	 1	 0.586120	 -1	 0.000000	 9.925843
46	 5	 5	 1	 0.000411	 -1	 0.000000	 10.191773
47	 5	 5	 1	 0.000669	 -1	 0.000000	 8.994118
48	 5	 5	 1	 0.000777	 -1	 0.000000	 7.357396
49	 5	 5	 1	 0.002236	 -1	 0.000000	 11.501937
50	 5	 5	 1	 0.002583	 -1	 0.000000	 12.818275
51	 5	 5	 1	 0.002069	 -1	 0.000000	 12.428071
52	 5	 5	 1	 0.012961	 -1	 0.000000	 9.689531
53	 5	 5	 1	 0.002234	 -1	 0.000000	 10.455699
54	 5	 5	 1	 0.002953	 -1	 0.000000	 8.468181
55	 5	 5	 1	 37.285330	 -1	 0.000000	 9.019382
56	 5	 5	 1	 45.113019	 -1	 0.000000	 10.379573
57	 5	 5	 1	 0.002415	 -1	 0.000000	 8.408371
58	 5	 5	 1	 0.841169	 -1	 0.000000	 9.830646
59	 5	 5	 1	 0.000580	 -1	 0.000000	 12.129394
60	 5	 5	 1	 0.000376	 -1	 0.000000	 12.505713
61	 5	 5	 1	 0.002111	 -1	 0.000000	 11.450217
62	 5	 5	 1	 33.344609	 -1	 0.000000	 7.378767
63	 5	 5	 1	 0.000617	 -1	 0.000000	 7.865107
64	 5	 5	 1	 0.002640	 -1	 0.000000	 10.149181
65	 5	 5	 1	 0.554743	 -1	 0.000000	 13.225579
66	 5	 5	 1	 0.000505	 -1	 0.000000	 10.455873
67	 5	 5	 1	 0.002547	 -1	 0.000000	 9.301220
68	 5	 5	 1	 0.000375	 -1	 0.000000	 9.219358
69	 5	 5	 1	 0.000564	 -1	 0.000000	 8.598835
70	 5	 5	 1	 0.000538	 -1	 0.000000	 7.269651
71	 5	 5	 1	 0.003070	 -1	 0.000000	 10.074037
72	 5	 5	 1	 0.002616	 -1	 0.000000	 9.471429
73	 5	 5	 1	 8.330141	 -1	 0.000000	 9.799306
74	 5	 5	 1	 0.002467	 -1	 0.000000	 9.978697
75	 5	 5	 1	 0.000507	 -1	 0.000000	 8.371090
76	 5	 5	 1	 26.579524	 -1	 0.000000	 8.410695
77	 5	 5	 1	 0.002459	 -1	 0.000000	 11.991017
78	 5	 5	 1	 0.002240	 -1	 0.000000	 14.938194
79	 5	 5	 1	 0.000416	 -1	 0.000000	 10.350772
80	 5	 5	 1	 0.000355	 -1	 0.000000	 8.457019
81	 5	 5	 0	 258.903612	 -1	 0.000000	 8.260499
82	 5	 5	 1	 0.002644	 -1	 0.000000	 12.798581
83	 5	 5	 1	 0.002277	 -1	 0.000000	 10.761759
84	 5	 5	 1	 0.002998	 -1	 0.000000	 13.388955
85	 5	 5	 1	 0.001913	 -1	 0.000000	 9.720126
86	 5	 5	 1	 0.430585	 -1	 0.000000	 9.693694
87	 5	 5	 1	 0.002651	 -1	 0.000000	 8.161191
88	 5	 5	 1	 0.002815	 -1	 0.000000	 10.144141
89	 5	 5	 1	 0.001987	 -1	 0.000000	 11.674752
90	 5	 5	 1	 0.002016	 -1	 0.000000	 11.678694
91	 5	 5	 1	 0.000406	 -1	 0.000000	 13.721100
92	 5	 5	 1	 0.000411	 -1	 0.000000	 8.844924
93	 5	 5	 1	 3.111171	 -1	 0.000000	 7.795607
94	 5	 5	 1	 0.002403	 -1	 0.000000	 8.165071
95	 5	 5	 1	 0.000510	 -1	 0.000000	 10.111367
96	 5	 5	 1	 0.000457	 -1	 0.000000	 12.878538
97	 5	 5	 1	 0.000518	 -1	 0.000000	 7.592693
98	 5	 5	 1	 0.002567	 -1	 0.000000	 13.623385
99	 5	 5	 1	 0.002122	 -1	 0.000000	 9.619002
100	 5	 5	 1	 0.003044	 -1	 0.000000	 9.252792
101	 5	 5	 1	 0.002793	 -1	 0.000000	 8.260554
102	 5	 5	 1	 0.000553	 -1	 0.000000	 7.931655
103	 5	 5	 1	 0.002319	 -1	 0.000000	 12.087910
104	 5	 5	 1	 0.001985	 -1	 0.000000	 8.670495
105	 5	 5	 1	 0.003453	 -1	 0.000000	 7.764502
106	 5	 5	 1	 0.000681	 -1	 0.000000	 7.900226
107	 5	 5	 1	 0.000543	 -1	 0.000000	 14.259527
108	 5	 5	 1	 0.000484	 -1	 0.000000	 9.047775
109	 5	 5	 1	 0.000477	 -1	 0.000000	 8.346732
110	 5	 5	 1	 0.000495	 -1	 0.000000	 12.384692
111	 5	 5	 1	 0.002565	 -1	 0.000000	 8.487177
112	 5	 5	 1	 0.002611	 -1	 0.000000	 11.278253
113	 5	 5	 1	 0.000515	 -1	 0.000000	 9.598886
114	 5	 5	 1	 0.002241	 -1	 0.000000	 9.902278
116	 5	 5	 1	 0.002160	 -1	 0.000000	 8.352125
117	 5	 5	 1	 0.002547	 -1	 0.000000	 9.879169
118	 5	 5	 1	 0.000544	 -1	 0.000000	 9.479601
119	 5	 5	 1	 0.001869	 -1	 0.000000	 10.364304
120	 5	 5	 1	 0.000546	 -1	 0.000000	 8.910984
121	 5	 5	 1	 0.009319	 -1	 0.000000	 11.521481
122	 5	 5	 1	 0.029651	 -1	 0.000000	 12.429140
123	 5	 5	 1	 0.002396	 -1	 0.000000	 9.934663
124	 5	 5	 1	 0.001720	 -1	 0.000000	 16.417858
125	 5	 5	 1	 0.000472	 -1	 0.000000	 10.027653
126	 5	 5	 1	 0.000458	 -1	 0.000000	 10.511512
127	 5	 5	 1	 0.000686	 -1	 0.000000	 8.606853
128	 5	 5	 1	 0.000505	 -1	 0.000000	 8.021896
129	 5	 5	 1	 0.000456	 -1	 0.000000	 13.881308
130	 5	 5	 1	 0.002136	 -1	 0.000000	 14.376595
131	 5	 5	 1	 0.002120	 -1	 0.000000	 7.519412
132	 5	 5	 1	 0.000586	 -1	 0.000000	 10.861641
133	 5	 5	 0	 185.977866	 -1	 0.000000	 9.018534
134	 5	 5	 1	 1.522140	 -1	 0.000000	 10.709296
135	 5	 5	 1	 0.482464	 -1	 0.000000	 12.936534
136	 5	 5	 1	 0.002213	 -1	 0.000000	 7.029943
137	 5	 5	 1	 0.000475	 -1	 0.000000	 9.308488
138	 5	 5	 1	 0.002648	 -1	 0.000000	 7.567653
139	 5	 5	 1	 0.002672	 -1	 0.000000	 8.037767
140	 5	 5	 1	 0.002322	 -1	 0.000000	 10.695751
141	 5	 5	 1	 0.000654	 -1	 0.000000	 7.918010
142	 5	 5	 1	 0.000678	 -1	 0.000000	 7.766344
143	 5	 5	 1	 0.000396	 -1	 0.000000	 9.913250
144	 5	 5	 1	 0.002535	 -1	 0.000000	 9.533300
145	 5	 5	 1	 28.470674	 -1	 0.000000	 8.474190
146	 5	 5	 1	 0.001103	 -1	 0.000000	 6.988613
147	 5	 5	 1	 0.002097	 -1	 0.000000	 10.621582
148	 5	 5	 1	 0.000570	 -1	 0.000000	 8.604208
149	 5	 5	 1	 0.500689	 -1	 0.000000	 10.954932
150	 5	 5	 1	 0.002491	 -1	 0.000000	 7.609908
151	 5	 5	 1	 0.002887	 -1	 0.000000	 10.159850
152	 5	 5	 1	 0.002698	 -1	 0.000000	 7.232220
153	 5	 5	 1	 0.002719	 -1	 0.000000	 12.605895
154	 5	 5	 1	 0.000521	 -1	 0.000000	 9.754347
155	 5	 5	 1	 0.002307	 -1	 0.000000	 13.839418
156	 5	 5	 1	 28.981838	 -1	 0.000000	 16.696161
157	 5	 5	 1	 0.000568	 -1	 0.000000	 7.920379
158	 5	 5	 1	 2.438390	 -1	 0.000000	 11.159633
159	 5	 5	 1	 0.000504	 -1	 0.000000	 8.910630
161	 5	 5	 1	 0.003578	 -1	 0.000000	 7.711320
162	 5	 5	 1	 0.000373	 -1	 0.000000	 9.593644
163	 5	 5	 1	 0.000485	 -1	 0.000000	 12.575294
164	 5	 5	 1	 0.002328	 -1	 0.000000	 9.417257
165	 5	 5	 1	 0.002548	 -1	 0.000000	 13.502713
166	 5	 5	 1	 0.002561	 -1	 0.000000	 11.802372
167	 5	 5	 1	 0.009388	 -1	 0.000000	 10.405573
168	 5	 5	 1	 0.000440	 -1	 0.000000	 9.830049
169	 5	 5	 1	 0.019581	 -1	 0.000000	 10.722150
170	 5	 5	 1	 0.314106	 -1	 0.000000	 11.210890
171	 5	 5	 1	 16.219856	 -1	 0.000000	 8.478347
172	 5	 5	 1	 0.000509	 -1	 0.000000	 10.497466
173	 5	 5	 1	 0.002487	 -1	 0.000000	 10.105284
174	 5	 5	 1	 0.000357	 -1	 0.000000	 17.014791
175	 5	 5	 1	 0.000450	 -1	 0.000000	 15.338550
176	 5	 5	 1	 0.002367	 -1	 0.000000	 7.781515
177	 5	 5	 1	 0.002578	 -1	 0.000000	 11.640479
178	 5	 5	 1	 0.002528	 -1	 0.000000	 10.288249
179	 5	 5	 1	 0.001926	 -1	 0.000000	 10.630115
180	 5	 5	 1	 0.068310	 -1	 0.000000	 8.553070
181	 5	 5	 1	 0.000330	 -1	 0.000000	 9.777858
182	 5	 5	 1	 0.002560	 -1	 0.000000	 13.079659
183	 5	 5	 1	 0.000672	 -1	 0.000000	 7.829352
184	 5	 5	 1	 0.037313	 -1	 0.000000	 8.112696
185	 5	 5	 1	 0.000566	 -1	 0.000000	 8.320537
186	 5	 5	 1	 0.000648	 -1	 0.000000	 7.425490
187	 5	 5	 1	 31.425274	 -1	 0.000000	 9.298519
188	 5	 5	 1	 0.002037	 -1	 0.000000	 12.012555
189	 5	 5	 1	 0.033266	 -1	 0.000000	 12.288208
190	 5	 5	 1	 0.000422	 -1	 0.000000	 11.455161
191	 5	 5	 1	 35.728035	 -1	 0.000000	 17.787828
192	 5	 5	 1	 34.608483	 -1	 0.000000	 8.911854
193	 5	 5	 1	 0.001962	 -1	 0.000000	 8.872677
194	 5	 5	 1	 14.039400	 -1	 0.000000	 8.531146
195	 5	 5	 1	 0.002182	 -1	 0.000000	 8.435875
196	 5	 5	 1	 0.000560	 -1	 0.000000	 11.292328
197	 5	 5	 1	 0.824418	 -1	 0.000000	 8.204288
198	 5	 5	 1	 0.000448	 -1	 0.000000	 9.465236
199	 5	 5	 1	 0.227941	 -1	 0.000000	 19.069912
201	 5	 5	 1	 0.000509	 -1	 0.000000	 19.119471
202	 5	 5	 1	 1.260981	 -1	 0.000000	 8.682822
203	 5	 5	 1	 48.004856	 -1	 0.000000	 7.242807
204	 5	 5	 1	 0.002187	 -1	 0.000000	 10.420797
205	 5	 5	 1	 0.001210	 -1	 0.000000	 9.855819
206	 5	 5	 0	 405.041189	 -1	 0.000000	 8.035149
207	 5	 5	 1	 0.002227	 -1	 0.000000	 10.419724
208	 5	 5	 0	 202.658957	 -1	 0.000000	 10.767479
209	 5	 5	 1	 0.002356	 -1	 0.000000	 8.650074
210	 5	 5	 1	 0.002184	 -1	 0.000000	 8.021898
211	 5	 5	 1	 0.029225	 -1	 0.000000	 11.046601
212	 5	 5	 1	 0.000506	 -1	 0.000000	 8.614288
213	 5	 5	 1	 0.000538	 -1	 0.000000	 14.150289
214	 5	 5	 1	 0.002199	 -1	 0.000000	 9.298509
215	 5	 5	 1	 0.000749	 -1	 0.000000	 7.502793
216	 5	 5	 1	 0.000415	 -1	 0.000000	 11.627301
217	 5	 5	 1	 0.000428	 -1	 0.000000	 11.725249
824	 7	 7	 0	 408.956771	 -1	 0.000000	 4.337317
218	 5	 5	 1	 22.735590	 -1	 0.000000	 8.382379
219	 5	 5	 1	 0.002491	 -1	 0.000000	 7.841830
223	 5	 5	 1	 0.359096	 -1	 0.000000	 10.505369
225	 5	 5	 1	 0.002733	 -1	 0.000000	 13.581710
227	 5	 5	 1	 0.549677	 -1	 0.000000	 9.238523
228	 5	 5	 1	 19.416266	 -1	 0.000000	 9.366455
229	 5	 5	 1	 0.269732	 -1	 0.000000	 8.228284
230	 5	 5	 1	 0.003045	 -1	 0.000000	 8.290249
232	 5	 5	 1	 0.003082	 -1	 0.000000	 8.909121
233	 5	 5	 1	 0.000406	 -1	 0.000000	 10.404941
234	 5	 5	 1	 0.000435	 -1	 0.000000	 9.096514
235	 5	 5	 1	 0.002721	 -1	 0.000000	 7.943881
236	 5	 5	 1	 0.001844	 -1	 0.000000	 12.999796
237	 5	 5	 1	 4.204466	 -1	 0.000000	 8.456365
238	 5	 5	 1	 0.002372	 -1	 0.000000	 8.930550
239	 5	 5	 1	 0.001884	 -1	 0.000000	 11.180413
240	 5	 5	 1	 0.002579	 -1	 0.000000	 8.583548
241	 5	 5	 1	 0.001960	 -1	 0.000000	 15.358359
244	 5	 5	 0	 183.666225	 -1	 0.000000	 9.114547
248	 5	 5	 0	 164.292468	 -1	 0.000000	 13.258236
249	 5	 5	 1	 0.000573	 -1	 0.000000	 8.963671
251	 5	 5	 1	 0.002267	 -1	 0.000000	 9.904638
252	 5	 5	 1	 16.532968	 -1	 0.000000	 9.604585
253	 5	 5	 1	 0.079474	 -1	 0.000000	 8.706017
254	 5	 5	 1	 0.000537	 -1	 0.000000	 8.974354
255	 5	 5	 1	 0.000590	 -1	 0.000000	 8.078313
257	 5	 5	 1	 0.000456	 -1	 0.000000	 8.957361
258	 5	 5	 1	 0.000468	 -1	 0.000000	 8.065872
259	 5	 5	 1	 1.707823	 -1	 0.000000	 9.781738
260	 5	 5	 1	 0.000492	 -1	 0.000000	 8.508885
263	 5	 5	 0	 148.595454	 -1	 0.000000	 7.428731
264	 5	 5	 1	 0.002336	 -1	 0.000000	 8.478064
266	 5	 5	 1	 0.004087	 -1	 0.000000	 13.860557
269	 5	 5	 1	 127.265221	 -1	 0.000000	 8.526425
270	 5	 5	 0	 393.182257	 -1	 0.000000	 7.160836
274	 5	 5	 0	 296.931438	 -1	 0.000000	 13.806604
275	 5	 5	 1	 0.002047	 -1	 0.000000	 11.692981
276	 5	 5	 1	 0.002175	 -1	 0.000000	 16.417475
277	 5	 5	 1	 0.002189	 -1	 0.000000	 8.048234
278	 5	 5	 1	 0.001195	 -1	 0.000000	 6.944309
279	 5	 5	 1	 38.990756	 -1	 0.000000	 11.709762
286	 5	 5	 0	 236.384902	 -1	 0.000000	 7.253881
287	 5	 5	 0	 212.297318	 -1	 0.000000	 7.374310
289	 5	 5	 1	 0.000448	 -1	 0.000000	 10.699247
290	 5	 5	 1	 0.002745	 -1	 0.000000	 10.593993
291	 5	 5	 1	 0.000382	 -1	 0.000000	 13.980790
292	 5	 5	 1	 4.856614	 -1	 0.000000	 10.877097
293	 5	 5	 1	 1.267387	 -1	 0.000000	 12.788570
294	 5	 5	 0	 291.194682	 -1	 0.000000	 9.374746
295	 5	 5	 1	 69.960415	 -1	 0.000000	 8.194839
296	 5	 5	 1	 0.000405	 -1	 0.000000	 9.928658
297	 5	 5	 1	 0.000417	 -1	 0.000000	 10.930943
298	 5	 5	 1	 0.023879	 -1	 0.000000	 11.645321
299	 5	 5	 1	 0.000378	 -1	 0.000000	 10.693950
300	 5	 5	 1	 0.003254	 -1	 0.000000	 8.500636
301	 5	 5	 1	 0.002216	 -1	 0.000000	 12.959932
302	 5	 5	 1	 35.275088	 -1	 0.000000	 10.906898
304	 5	 5	 1	 0.001952	 -1	 0.000000	 9.476252
306	 5	 5	 1	 0.002292	 -1	 0.000000	 13.438663
307	 5	 5	 1	 0.001071	 -1	 0.000000	 6.671517
309	 5	 5	 0	 407.830018	 -1	 0.000000	 7.675896
310	 5	 5	 1	 0.003207	 -1	 0.000000	 8.570050
311	 5	 5	 1	 40.511187	 -1	 0.000000	 7.458754
312	 5	 5	 1	 17.989615	 -1	 0.000000	 9.981071
313	 5	 5	 1	 0.000487	 -1	 0.000000	 10.126427
314	 5	 5	 1	 0.000748	 -1	 0.000000	 7.448929
315	 5	 5	 1	 0.000460	 -1	 0.000000	 9.744627
316	 5	 5	 1	 0.001708	 -1	 0.000000	 16.386604
317	 5	 5	 1	 0.002962	 -1	 0.000000	 12.114077
319	 5	 5	 1	 0.000640	 -1	 0.000000	 9.566284
320	 5	 5	 0	 439.311372	 -1	 0.000000	 9.262581
321	 5	 5	 1	 0.000559	 -1	 0.000000	 8.635570
324	 5	 5	 1	 0.003080	 -1	 0.000000	 8.394011
325	 5	 5	 1	 0.510610	 -1	 0.000000	 8.253736
327	 5	 5	 1	 21.564993	 -1	 0.000000	 8.044673
328	 5	 5	 0	 183.522155	 -1	 0.000000	 9.482749
331	 5	 5	 1	 12.662368	 -1	 0.000000	 8.170024
332	 5	 5	 1	 4.439947	 -1	 0.000000	 10.130450
333	 5	 5	 1	 0.001907	 -1	 0.000000	 9.143747
334	 5	 5	 1	 0.000489	 -1	 0.000000	 14.198769
335	 5	 5	 1	 0.000386	 -1	 0.000000	 9.906236
336	 5	 5	 1	 30.143141	 -1	 0.000000	 12.230059
337	 5	 5	 1	 0.002221	 -1	 0.000000	 12.121048
338	 5	 5	 1	 37.646515	 -1	 0.000000	 7.389534
340	 5	 5	 0	 407.251959	 -1	 0.000000	 14.441809
341	 5	 5	 1	 0.003934	 -1	 0.000000	 8.557425
342	 5	 5	 1	 36.609767	 -1	 0.000000	 9.036894
344	 5	 5	 1	 0.000499	 -1	 0.000000	 8.989311
345	 5	 5	 1	 0.001705	 -1	 0.000000	 13.288660
346	 5	 5	 1	 0.002563	 -1	 0.000000	 16.611778
347	 5	 5	 1	 0.000696	 -1	 0.000000	 7.589005
348	 5	 5	 0	 202.680958	 -1	 0.000000	 8.763351
349	 5	 5	 1	 0.003466	 -1	 0.000000	 8.670857
350	 5	 5	 0	 394.571392	 -1	 0.000000	 9.920096
352	 5	 5	 1	 0.002043	 -1	 0.000000	 9.889771
353	 5	 5	 1	 0.000609	 -1	 0.000000	 10.603487
354	 5	 5	 1	 29.987706	 -1	 0.000000	 8.903531
355	 5	 5	 1	 0.000636	 -1	 0.000000	 9.957322
356	 5	 5	 1	 0.002597	 -1	 0.000000	 8.574109
357	 5	 5	 1	 0.002415	 -1	 0.000000	 8.309400
890	 5	 5	 0	 412.324469	 -1	 0.000000	 4.170907
360	 5	 5	 1	 33.563803	 -1	 0.000000	 9.028981
362	 5	 5	 1	 0.002210	 -1	 0.000000	 14.167263
365	 5	 5	 0	 312.107179	 -1	 0.000000	 11.522846
366	 5	 5	 1	 0.002437	 -1	 0.000000	 9.978848
368	 5	 5	 1	 0.001954	 -1	 0.000000	 6.065458
369	 5	 5	 1	 0.002197	 -1	 0.000000	 10.858624
371	 5	 5	 0	 194.789867	 -1	 0.000000	 8.613444
372	 5	 5	 0	 341.044214	 -1	 0.000000	 8.336412
373	 5	 5	 1	 0.000460	 -1	 0.000000	 9.451102
374	 5	 5	 1	 0.000523	 -1	 0.000000	 8.261906
375	 5	 5	 1	 0.000505	 -1	 0.000000	 8.645312
376	 5	 5	 1	 0.000687	 -1	 0.000000	 7.680048
377	 5	 5	 1	 0.000924	 -1	 0.000000	 7.792053
378	 5	 5	 1	 0.002277	 -1	 0.000000	 9.604268
379	 5	 5	 1	 0.002729	 -1	 0.000000	 7.581907
380	 5	 5	 1	 0.012337	 -1	 0.000000	 10.327350
381	 5	 5	 0	 242.800373	 -1	 0.000000	 6.934181
383	 5	 5	 1	 0.002062	 -1	 0.000000	 14.729897
385	 5	 5	 0	 480.639777	 -1	 0.000000	 10.041914
386	 5	 5	 1	 0.000407	 -1	 0.000000	 9.109059
387	 5	 5	 1	 0.249387	 -1	 0.000000	 9.629395
388	 5	 5	 1	 1.160404	 -1	 0.000000	 8.171957
389	 5	 5	 1	 0.000660	 -1	 0.000000	 8.998003
390	 5	 5	 1	 0.000477	 -1	 0.000000	 12.834733
391	 5	 5	 1	 0.002458	 -1	 0.000000	 10.160196
392	 5	 5	 1	 0.002768	 -1	 0.000000	 10.654619
393	 5	 5	 1	 0.002079	 -1	 0.000000	 8.631484
394	 5	 5	 1	 0.000610	 -1	 0.000000	 8.330973
395	 5	 5	 1	 0.002183	 -1	 0.000000	 16.806675
396	 5	 5	 1	 0.002939	 -1	 0.000000	 8.099814
398	 5	 5	 1	 0.001644	 -1	 0.000000	 11.783459
399	 5	 5	 1	 26.860114	 -1	 0.000000	 8.125638
400	 5	 5	 1	 0.000540	 -1	 0.000000	 8.582283
401	 5	 5	 0	 451.623990	 -1	 0.000000	 9.093573
404	 5	 5	 1	 0.000440	 -1	 0.000000	 11.602311
406	 5	 5	 0	 394.371693	 -1	 0.000000	 9.195651
407	 5	 5	 1	 0.002084	 -1	 0.000000	 10.623248
409	 5	 5	 0	 183.690223	 -1	 0.000000	 11.023520
410	 5	 5	 1	 0.000370	 -1	 0.000000	 11.383424
3406	 9	 9	 0	 459.251740	 -1	 0.000000	 4.331460
413	 5	 5	 1	 0.002452	 -1	 0.000000	 12.850135
414	 5	 5	 1	 0.002895	 -1	 0.000000	 7.593445
415	 5	 5	 1	 0.000512	 -1	 0.000000	 8.462006
416	 5	 5	 1	 0.012981	 -1	 0.000000	 8.127084
417	 5	 5	 1	 2.081577	 -1	 0.000000	 13.432700
418	 5	 5	 1	 17.354001	 -1	 0.000000	 9.840289
419	 5	 5	 1	 0.000428	 -1	 0.000000	 14.777675
425	 5	 5	 1	 0.001834	 -1	 0.000000	 11.721909
428	 5	 5	 0	 463.700007	 -1	 0.000000	 10.031141
429	 5	 5	 1	 0.002735	 -1	 0.000000	 7.463027
430	 5	 5	 1	 0.000548	 -1	 0.000000	 13.024000
431	 5	 5	 0	 437.596099	 -1	 0.000000	 8.861390
432	 5	 5	 0	 262.354609	 -1	 0.000000	 9.168848
433	 5	 5	 1	 18.471553	 -1	 0.000000	 10.452208
434	 5	 5	 1	 0.002056	 -1	 0.000000	 9.915599
435	 5	 5	 1	 0.002358	 -1	 0.000000	 11.759990
436	 5	 5	 1	 0.000739	 -1	 0.000000	 7.634576
437	 5	 5	 1	 0.000541	 -1	 0.000000	 9.734187
438	 5	 5	 1	 0.000581	 -1	 0.000000	 11.675117
2867	 7	 7	 0	 0.000000	 -1	 0.000000	 6.449369
440	 5	 5	 1	 0.000655	 -1	 0.000000	 8.830560
480	 5	 5	 1	 3.173096	 -1	 0.000000	 9.052214
481	 5	 5	 1	 0.023096	 -1	 0.000000	 9.987673
482	 5	 5	 1	 0.002000	 -1	 0.000000	 10.119436
483	 5	 5	 1	 0.000768	 -1	 0.000000	 7.743023
484	 5	 5	 1	 0.000449	 -1	 0.000000	 8.547821
490	 5	 5	 1	 0.001102	 -1	 0.000000	 7.780176
1563	 5	 5	 0	 413.558486	 -1	 0.000000	 4.616633
491	 5	 5	 1	 39.088728	 -1	 0.000000	 10.790592
492	 5	 5	 1	 0.000749	 -1	 0.000000	 7.924142
493	 5	 5	 1	 0.000435	 -1	 0.000000	 15.278483
494	 5	 5	 1	 0.001592	 -1	 0.000000	 8.136599
495	 5	 5	 1	 0.002610	 -1	 0.000000	 12.733393
496	 5	 5	 1	 62.732950	 -1	 0.000000	 7.944931
497	 5	 5	 1	 0.002790	 -1	 0.000000	 12.541195
498	 5	 5	 1	 0.002332	 -1	 0.000000	 8.492447
0	 5	 5	 1	 0.001875	 -1	 0.000000	 13.570326
1	 5	 5	 1	 0.002357	 -1	 0.000000	 8.965336
2	 5	 5	 1	 0.001925	 -1	 0.000000	 10.450479
3	 5	 5	 1	 0.002659	 -1	 0.000000	 11.779284
4	 5	 5	 1	 0.002672	 -1	 0.000000	 11.549082
5	 5	 5	 1	 0.002723	 -1	 0.000000	 9.919272
6	 5	 5	 1	 65.287080	 -1	 0.000000	 11.268987
7	 5	 5	 1	 27.703850	 -1	 0.000000	 8.186439
8	 5	 5	 1	 0.002766	 -1	 0.000000	 8.253773
9	 5	 5	 1	 0.002376	 -1	 0.000000	 7.881112
10	 5	 5	 1	 0.003213	 -1	 0.000000	 13.705897
11	 5	 5	 1	 35.066897	 -1	 0.000000	 7.341587
12	 5	 5	 1	 0.002364	 -1	 0.000000	 7.916049
13	 5	 5	 1	 0.000422	 -1	 0.000000	 10.256222
14	 5	 5	 0	 393.235573	 -1	 0.000000	 11.767634
15	 5	 5	 1	 24.703164	 -1	 0.000000	 7.951521
16	 5	 5	 1	 0.001978	 -1	 0.000000	 19.621958
17	 5	 5	 1	 0.002717	 -1	 0.000000	 8.695254
18	 5	 5	 1	 18.537453	 -1	 0.000000	 8.831094
>>> gr_fir_ccf: using E
>>> gr_fir_fff: using E
gr_buffer::allocate_buffer: warning: tried to allocate
   19 items of size 3312. Due to alignment requirements
   256 were allocated.  If this isn't OK, consider padding
   your structure to a power-of-two bytes.
   On this platform, our allocation granularity is 4096 bytes.
25	 5	 5	 1	 0.000560	 -1	 0.000000	 9.754708
26	 5	 5	 1	 0.002103	 -1	 0.000000	 13.740346
27	 5	 5	 1	 0.002787	 -1	 0.000000	 9.631138
28	 5	 5	 1	 0.002307	 -1	 0.000000	 10.290567
29	 5	 5	 1	 0.002801	 -1	 0.000000	 8.024616
30	 5	 5	 1	 0.002590	 -1	 0.000000	 10.416365
31	 5	 5	 1	 0.000467	 -1	 0.000000	 8.583622
32	 5	 5	 1	 6.469898	 -1	 0.000000	 8.211258
33	 5	 5	 1	 0.002546	 -1	 0.000000	 9.342658
34	 5	 5	 1	 0.000582	 -1	 0.000000	 8.424362
35	 5	 5	 1	 0.631678	 -1	 0.000000	 9.268824
36	 5	 5	 1	 0.001817	 -1	 0.000000	 9.980753
37	 5	 5	 1	 0.000763	 -1	 0.000000	 9.114485
38	 5	 5	 1	 0.002201	 -1	 0.000000	 10.353604
39	 5	 5	 1	 31.865557	 -1	 0.000000	 7.594961
40	 5	 5	 1	 0.000401	 -1	 0.000000	 11.565084
41	 5	 5	 1	 0.195633	 -1	 0.000000	 10.735549
42	 5	 5	 1	 0.000448	 -1	 0.000000	 14.509631
43	 5	 5	 1	 0.002706	 -1	 0.000000	 7.869757
44	 5	 5	 1	 0.000523	 -1	 0.000000	 15.213938
45	 5	 5	 1	 0.001774	 -1	 0.000000	 9.275394
46	 5	 5	 1	 0.000474	 -1	 0.000000	 8.055048
47	 5	 5	 1	 37.792474	 -1	 0.000000	 8.360663
2435	 7	 7	 0	 418.384816	 -1	 0.000000	 5.621050
48	 5	 5	 1	 0.002361	 -1	 0.000000	 8.902147
49	 5	 5	 1	 11.973299	 -1	 0.000000	 16.706818
50	 5	 5	 1	 0.000481	 -1	 0.000000	 9.121590
51	 5	 5	 1	 0.000520	 -1	 0.000000	 9.081990
52	 5	 5	 1	 0.002538	 -1	 0.000000	 8.678102
53	 5	 5	 1	 0.002062	 -1	 0.000000	 9.211759
54	 5	 5	 1	 0.000441	 -1	 0.000000	 10.974349
55	 5	 5	 1	 0.002388	 -1	 0.000000	 12.055098
56	 5	 5	 1	 11.115456	 -1	 0.000000	 8.739218
57	 5	 5	 1	 12.638282	 -1	 0.000000	 15.397517
58	 5	 5	 1	 0.001960	 -1	 0.000000	 10.851999
59	 5	 5	 1	 0.671256	 -1	 0.000000	 14.049737
60	 5	 5	 1	 0.002064	 -1	 0.000000	 10.001637
61	 5	 5	 1	 0.002851	 -1	 0.000000	 10.659918
62	 5	 5	 1	 0.027924	 -1	 0.000000	 10.689805
63	 5	 5	 1	 0.002539	 -1	 0.000000	 9.609476
64	 5	 5	 1	 0.000428	 -1	 0.000000	 9.795985
65	 5	 5	 1	 0.423203	 -1	 0.000000	 9.137181
66	 5	 5	 1	 0.002595	 -1	 0.000000	 8.229937
67	 5	 5	 1	 0.000448	 -1	 0.000000	 10.572812
68	 5	 5	 1	 0.002996	 -1	 0.000000	 9.992146
69	 5	 5	 1	 0.000386	 -1	 0.000000	 10.576710
70	 5	 5	 1	 0.000510	 -1	 0.000000	 7.928659
71	 5	 5	 1	 0.002550	 -1	 0.000000	 9.634995
72	 5	 5	 1	 0.001810	 -1	 0.000000	 9.449652
73	 5	 5	 1	 0.000743	 -1	 0.000000	 7.866161
74	 5	 5	 1	 0.002211	 -1	 0.000000	 13.247997
75	 5	 5	 1	 0.000574	 -1	 0.000000	 9.558206
76	 5	 5	 1	 0.000579	 -1	 0.000000	 8.748050
77	 5	 5	 1	 0.002091	 -1	 0.000000	 9.582407
78	 5	 5	 1	 0.000440	 -1	 0.000000	 11.017809
79	 5	 5	 0	 160.182139	 -1	 0.000000	 6.253112
80	 5	 5	 1	 11.990416	 -1	 0.000000	 9.048014
81	 5	 5	 1	 0.002211	 -1	 0.000000	 10.300075
82	 5	 5	 1	 0.620253	 -1	 0.000000	 12.121387
83	 5	 5	 1	 2.144585	 -1	 0.000000	 16.709406
84	 5	 5	 1	 0.002639	 -1	 0.000000	 12.074330
85	 5	 5	 1	 0.000480	 -1	 0.000000	 10.010450
86	 5	 5	 1	 0.000476	 -1	 0.000000	 10.388491
87	 5	 5	 1	 0.006577	 -1	 0.000000	 10.169945
88	 5	 5	 1	 0.000423	 -1	 0.000000	 10.643121
89	 5	 5	 1	 0.001815	 -1	 0.000000	 10.152028
90	 5	 5	 1	 0.002850	 -1	 0.000000	 8.103460
91	 5	 5	 1	 0.000414	 -1	 0.000000	 9.561407
92	 5	 5	 1	 0.002942	 -1	 0.000000	 10.390814
93	 5	 5	 1	 25.020628	 -1	 0.000000	 12.656381
94	 5	 5	 1	 0.009317	 -1	 0.000000	 15.953763
95	 5	 5	 1	 0.002348	 -1	 0.000000	 12.021729
96	 5	 5	 1	 0.000411	 -1	 0.000000	 9.590285
97	 5	 5	 1	 0.000708	 -1	 0.000000	 8.463484
98	 5	 5	 1	 0.002300	 -1	 0.000000	 9.211054
99	 5	 5	 1	 48.824380	 -1	 0.000000	 13.101639
100	 5	 5	 1	 0.000427	 -1	 0.000000	 11.603670
101	 5	 5	 1	 0.857644	 -1	 0.000000	 8.809220
102	 5	 5	 1	 0.000658	 -1	 0.000000	 7.970182
103	 5	 5	 1	 0.434613	 -1	 0.000000	 9.641196
104	 5	 5	 1	 0.000754	 -1	 0.000000	 8.565349
105	 5	 5	 1	 0.000660	 -1	 0.000000	 8.053434
106	 5	 5	 1	 82.752904	 -1	 0.000000	 9.867159
107	 5	 5	 1	 24.466227	 -1	 0.000000	 8.224503
108	 5	 5	 0	 188.508640	 -1	 0.000000	 9.048434
109	 5	 5	 1	 0.020629	 -1	 0.000000	 10.146947
110	 5	 5	 1	 1.149027	 -1	 0.000000	 8.398315
111	 5	 5	 1	 0.002737	 -1	 0.000000	 9.175340
112	 5	 5	 1	 0.002098	 -1	 0.000000	 11.919425
113	 5	 5	 1	 0.002364	 -1	 0.000000	 7.393413
114	 5	 5	 1	 0.002630	 -1	 0.000000	 9.004636
115	 5	 5	 1	 1.955242	 -1	 0.000000	 8.918813
116	 5	 5	 1	 0.003494	 -1	 0.000000	 7.955194
117	 5	 5	 1	 0.000479	 -1	 0.000000	 8.701101
118	 5	 5	 1	 2.307629	 -1	 0.000000	 10.482636
119	 5	 5	 1	 19.633948	 -1	 0.000000	 11.798666
20	 7	 7	 1	 0.004284	 -1	 0.000000	 14.242985
21	 7	 7	 1	 0.003477	 -1	 0.000000	 7.048728
22	 7	 7	 1	 0.601198	 -1	 0.000000	 11.969435
23	 7	 7	 1	 0.002230	 -1	 0.000000	 8.405352
24	 7	 7	 1	 0.020638	 -1	 0.000000	 7.961437
25	 7	 7	 1	 0.005178	 -1	 0.000000	 9.252047
26	 7	 7	 1	 0.002590	 -1	 0.000000	 9.003362
27	 7	 7	 1	 64.948679	 -1	 0.000000	 9.108098
28	 7	 7	 1	 0.003350	 -1	 0.000000	 13.208611
29	 7	 7	 1	 0.002312	 -1	 0.000000	 11.138369
30	 7	 7	 1	 0.002776	 -1	 0.000000	 8.560784
31	 7	 7	 1	 0.968555	 -1	 0.000000	 8.924410
32	 7	 7	 1	 0.189020	 -1	 0.000000	 12.824662
33	 7	 7	 1	 0.002298	 -1	 0.000000	 9.073804
34	 7	 7	 1	 0.003855	 -1	 0.000000	 6.143354
35	 7	 7	 1	 0.024819	 -1	 0.000000	 8.275873
36	 7	 7	 1	 0.006321	 -1	 0.000000	 7.714108
37	 7	 7	 1	 0.002215	 -1	 0.000000	 11.146352
38	 7	 7	 1	 3.176557	 -1	 0.000000	 11.727679
39	 7	 7	 1	 0.001927	 -1	 0.000000	 9.068474
40	 7	 7	 0	 86.168552	 -1	 0.000000	 6.532383
41	 7	 7	 1	 0.008071	 -1	 0.000000	 8.113618
42	 7	 7	 1	 0.003016	 -1	 0.000000	 8.886623
43	 7	 7	 1	 0.001879	 -1	 0.000000	 11.914728
44	 7	 7	 1	 0.002744	 -1	 0.000000	 11.455716
45	 7	 7	 1	 0.002636	 -1	 0.000000	 12.108766
46	 7	 7	 0	 386.261904	 -1	 0.000000	 7.922396
47	 7	 7	 1	 0.016429	 -1	 0.000000	 15.040484
48	 7	 7	 1	 0.003079	 -1	 0.000000	 8.690996
49	 7	 7	 1	 0.002625	 -1	 0.000000	 12.762255
50	 7	 7	 1	 0.013947	 -1	 0.000000	 8.529123
51	 7	 7	 0	 332.214198	 -1	 0.000000	 10.112801
52	 7	 7	 1	 0.003024	 -1	 0.000000	 9.612820
53	 7	 7	 1	 0.003517	 -1	 0.000000	 11.193530
54	 7	 7	 1	 0.002418	 -1	 0.000000	 9.440042
55	 7	 7	 1	 0.003225	 -1	 0.000000	 8.903911
56	 7	 7	 1	 0.004992	 -1	 0.000000	 8.366364
57	 7	 7	 1	 2.918078	 -1	 0.000000	 6.550886
58	 7	 7	 1	 0.002684	 -1	 0.000000	 10.763759
59	 7	 7	 1	 0.002504	 -1	 0.000000	 12.214712
60	 7	 7	 1	 0.003303	 -1	 0.000000	 10.682192
61	 7	 7	 1	 0.002444	 -1	 0.000000	 8.829988
62	 7	 7	 1	 0.002293	 -1	 0.000000	 9.002443
1080	 15	 15	 0	 361.498539	 -1	 0.000000	 5.697164
63	 7	 7	 1	 0.003018	 -1	 0.000000	 10.801545
64	 7	 7	 1	 0.002223	 -1	 0.000000	 8.633638
65	 7	 7	 1	 0.004996	 -1	 0.000000	 13.669559
66	 7	 7	 1	 0.003453	 -1	 0.000000	 7.958798
67	 7	 7	 1	 0.004823	 -1	 0.000000	 11.584499
68	 7	 7	 1	 0.001865	 -1	 0.000000	 11.972997
69	 7	 7	 1	 0.003417	 -1	 0.000000	 8.412053
70	 7	 7	 1	 0.002478	 -1	 0.000000	 13.221978
71	 7	 7	 1	 0.004532	 -1	 0.000000	 8.617670
72	 7	 7	 1	 0.004573	 -1	 0.000000	 9.563051
73	 7	 7	 1	 0.045561	 -1	 0.000000	 18.747929
74	 7	 7	 1	 0.003586	 -1	 0.000000	 6.939515
75	 7	 7	 1	 0.002028	 -1	 0.000000	 15.096035
76	 7	 7	 0	 154.501967	 -1	 0.000000	 8.464120
77	 7	 7	 1	 0.004750	 -1	 0.000000	 10.418124
78	 7	 7	 1	 0.001935	 -1	 0.000000	 12.502089
79	 7	 7	 1	 0.002950	 -1	 0.000000	 10.982214
80	 7	 7	 1	 0.004270	 -1	 0.000000	 10.893310
81	 7	 7	 1	 0.002466	 -1	 0.000000	 9.321348
82	 7	 7	 1	 0.002478	 -1	 0.000000	 11.951827
83	 7	 7	 1	 0.001800	 -1	 0.000000	 11.409768
84	 7	 7	 1	 0.005418	 -1	 0.000000	 8.415537
85	 7	 7	 1	 0.004881	 -1	 0.000000	 9.875178
86	 7	 7	 0	 192.228293	 -1	 0.000000	 9.190465
87	 7	 7	 1	 0.304429	 -1	 0.000000	 9.148399
88	 7	 7	 1	 0.002112	 -1	 0.000000	 14.923569
89	 7	 7	 1	 0.001656	 -1	 0.000000	 13.326983
90	 7	 7	 0	 109.957264	 -1	 0.000000	 9.446724
91	 7	 7	 1	 0.007729	 -1	 0.000000	 8.770804
92	 7	 7	 1	 0.003106	 -1	 0.000000	 9.506789
93	 7	 7	 1	 94.657145	 -1	 0.000000	 11.439379
270	 7	 7	 0	 403.644950	 -1	 0.000000	 5.495508
94	 7	 7	 1	 0.002198	 -1	 0.000000	 9.732867
95	 7	 7	 1	 0.478558	 -1	 0.000000	 10.152196
96	 7	 7	 1	 0.001885	 -1	 0.000000	 14.137380
97	 7	 7	 1	 13.777883	 -1	 0.000000	 8.105362
98	 7	 7	 1	 0.003716	 -1	 0.000000	 9.808132
99	 7	 7	 1	 0.002681	 -1	 0.000000	 9.715280
100	 7	 7	 0	 278.880185	 -1	 0.000000	 11.379194
101	 7	 7	 1	 0.001941	 -1	 0.000000	 12.752748
102	 7	 7	 1	 0.002759	 -1	 0.000000	 9.808372
104	 7	 7	 1	 10.754426	 -1	 0.000000	 8.547743
105	 7	 7	 1	 0.002619	 -1	 0.000000	 9.312496
106	 7	 7	 1	 65.114873	 -1	 0.000000	 7.970287
107	 7	 7	 1	 0.005692	 -1	 0.000000	 11.198393
108	 7	 7	 1	 0.005196	 -1	 0.000000	 10.963002
525	 13	 13	 0	 370.388424	 -1	 0.000000	 4.100361
110	 7	 7	 1	 0.004108	 -1	 0.000000	 8.940556
111	 7	 7	 1	 0.003285	 -1	 0.000000	 15.954264
112	 7	 7	 1	 0.002910	 -1	 0.000000	 13.187120
113	 7	 7	 0	 307.809831	 -1	 0.000000	 9.288136
114	 7	 7	 1	 85.604991	 -1	 0.000000	 8.235563
115	 7	 7	 1	 0.003162	 -1	 0.000000	 10.081481
116	 7	 7	 0	 312.551778	 -1	 0.000000	 7.500156
117	 7	 7	 1	 0.004824	 -1	 0.000000	 9.550009
118	 7	 7	 1	 0.018291	 -1	 0.000000	 9.342998
119	 7	 7	 1	 0.003426	 -1	 0.000000	 10.536717
120	 7	 7	 1	 0.004067	 -1	 0.000000	 11.770165
121	 7	 7	 1	 0.002450	 -1	 0.000000	 8.729168
122	 7	 7	 1	 0.002951	 -1	 0.000000	 7.963675
123	 7	 7	 0	 286.139166	 -1	 0.000000	 8.509799
124	 7	 7	 1	 0.002496	 -1	 0.000000	 11.910323
125	 7	 7	 1	 0.003659	 -1	 0.000000	 15.011729
126	 7	 7	 1	 0.003554	 -1	 0.000000	 9.342606
127	 7	 7	 1	 0.003634	 -1	 0.000000	 9.690994
128	 7	 7	 1	 0.002387	 -1	 0.000000	 21.055452
129	 7	 7	 0	 263.395484	 -1	 0.000000	 19.285818
130	 7	 7	 1	 83.298102	 -1	 0.000000	 14.960641
131	 7	 7	 1	 0.003006	 -1	 0.000000	 10.157572
132	 7	 7	 1	 0.003852	 -1	 0.000000	 8.037410
133	 7	 7	 0	 224.980275	 -1	 0.000000	 11.487691
134	 7	 7	 1	 0.004042	 -1	 0.000000	 7.284507
3886	 10	 10	 0	 477.538529	 -1	 0.000000	 8.661884
135	 7	 7	 1	 0.002272	 -1	 0.000000	 10.485219
136	 7	 7	 1	 0.004650	 -1	 0.000000	 11.142654
137	 7	 7	 1	 0.004138	 -1	 0.000000	 7.707569
138	 7	 7	 1	 0.001942	 -1	 0.000000	 11.166884
139	 7	 7	 1	 0.002440	 -1	 0.000000	 9.571985
140	 7	 7	 1	 0.004453	 -1	 0.000000	 10.674694
141	 7	 7	 1	 0.002319	 -1	 0.000000	 8.288457
142	 7	 7	 1	 16.445376	 -1	 0.000000	 8.057867
143	 7	 7	 1	 0.004391	 -1	 0.000000	 10.339282
144	 7	 7	 1	 0.878433	 -1	 0.000000	 9.912528
145	 7	 7	 1	 39.593904	 -1	 0.000000	 8.430165
146	 7	 7	 1	 0.004286	 -1	 0.000000	 10.061004
147	 7	 7	 1	 0.004579	 -1	 0.000000	 11.981578
148	 7	 7	 1	 0.034918	 -1	 0.000000	 9.269792
149	 7	 7	 1	 70.032916	 -1	 0.000000	 6.110561
150	 7	 7	 1	 0.006476	 -1	 0.000000	 7.681952
151	 7	 7	 1	 0.003816	 -1	 0.000000	 8.778716
152	 7	 7	 0	 253.887709	 -1	 0.000000	 9.060468
153	 7	 7	 1	 11.794162	 -1	 0.000000	 11.442318
154	 7	 7	 1	 0.002286	 -1	 0.000000	 8.257593
156	 7	 7	 1	 0.001807	 -1	 0.000000	 11.176165
157	 7	 7	 1	 0.005207	 -1	 0.000000	 8.212752
158	 7	 7	 1	 0.001790	 -1	 0.000000	 9.205007
159	 7	 7	 0	 133.887947	 -1	 0.000000	 7.745871
160	 7	 7	 1	 18.477201	 -1	 0.000000	 9.257366
161	 7	 7	 1	 0.001815	 -1	 0.000000	 14.505456
162	 7	 7	 1	 0.002695	 -1	 0.000000	 8.134208
163	 7	 7	 1	 0.004020	 -1	 0.000000	 12.400731
164	 7	 7	 1	 0.003058	 -1	 0.000000	 8.691704
165	 7	 7	 1	 0.004317	 -1	 0.000000	 8.680056
166	 7	 7	 1	 0.005296	 -1	 0.000000	 6.901850
167	 7	 7	 1	 0.884263	 -1	 0.000000	 11.391144
168	 7	 7	 1	 0.003500	 -1	 0.000000	 10.446237
169	 7	 7	 1	 18.785997	 -1	 0.000000	 7.841635
170	 7	 7	 1	 0.003999	 -1	 0.000000	 13.467896
171	 7	 7	 1	 0.018284	 -1	 0.000000	 9.798269
172	 7	 7	 1	 48.138451	 -1	 0.000000	 7.750445
173	 7	 7	 1	 0.002571	 -1	 0.000000	 12.288211
174	 7	 7	 1	 0.004205	 -1	 0.000000	 9.114538
175	 7	 7	 1	 0.003327	 -1	 0.000000	 18.586458
176	 7	 7	 1	 12.317392	 -1	 0.000000	 9.799968
177	 7	 7	 1	 0.003018	 -1	 0.000000	 7.902867
178	 7	 7	 1	 0.001750	 -1	 0.000000	 16.233849
179	 7	 7	 1	 0.005637	 -1	 0.000000	 7.684448
180	 7	 7	 1	 0.002519	 -1	 0.000000	 8.914636
181	 7	 7	 1	 0.002545	 -1	 0.000000	 8.176216
182	 7	 7	 0	 86.627498	 -1	 0.000000	 7.638487
183	 7	 7	 1	 44.972852	 -1	 0.000000	 8.131064
184	 7	 7	 1	 0.002308	 -1	 0.000000	 10.387581
185	 7	 7	 1	 0.002377	 -1	 0.000000	 9.539188
186	 7	 7	 1	 0.004560	 -1	 0.000000	 9.136794
187	 7	 7	 1	 0.002322	 -1	 0.000000	 9.457770
189	 7	 7	 1	 41.960163	 -1	 0.000000	 8.333654
190	 7	 7	 1	 0.002355	 -1	 0.000000	 10.471360
191	 7	 7	 1	 0.002185	 -1	 0.000000	 9.011999
192	 7	 7	 0	 285.083040	 -1	 0.000000	 7.338680
193	 7	 7	 0	 377.616621	 -1	 0.000000	 9.652411
194	 7	 7	 1	 0.003093	 -1	 0.000000	 9.361846
195	 7	 7	 0	 243.444994	 -1	 0.000000	 10.730767
196	 7	 7	 1	 22.491182	 -1	 0.000000	 9.176801
197	 7	 7	 1	 0.219330	 -1	 0.000000	 10.265919
198	 7	 7	 1	 0.003525	 -1	 0.000000	 8.625662
199	 7	 7	 1	 0.002281	 -1	 0.000000	 11.690818
200	 7	 7	 0	 368.598097	 -1	 0.000000	 13.738099
201	 7	 7	 1	 0.003261	 -1	 0.000000	 13.963539
202	 7	 7	 1	 0.449881	 -1	 0.000000	 8.202106
203	 7	 7	 1	 0.002600	 -1	 0.000000	 12.259312
204	 7	 7	 1	 0.030537	 -1	 0.000000	 11.813307
206	 7	 7	 1	 0.002077	 -1	 0.000000	 9.624597
207	 7	 7	 0	 222.332895	 -1	 0.000000	 7.806508
208	 7	 7	 1	 0.002326	 -1	 0.000000	 7.725244
2052	 13	 13	 0	 318.113617	 -1	 0.000000	 4.794888
209	 7	 7	 1	 0.007740	 -1	 0.000000	 10.431684
210	 7	 7	 1	 0.002728	 -1	 0.000000	 11.917414
211	 7	 7	 1	 0.003152	 -1	 0.000000	 6.982675
212	 7	 7	 1	 0.006900	 -1	 0.000000	 7.190385
213	 7	 7	 1	 92.470623	 -1	 0.000000	 7.653207
793	 11	 11	 0	 456.151411	 -1	 0.000000	 3.324038
214	 7	 7	 1	 0.002425	 -1	 0.000000	 11.542282
215	 7	 7	 1	 0.002477	 -1	 0.000000	 9.174222
216	 7	 7	 1	 84.906105	 -1	 0.000000	 7.829130
217	 7	 7	 1	 0.002339	 -1	 0.000000	 12.016003
218	 7	 7	 1	 0.004590	 -1	 0.000000	 7.537943
219	 7	 7	 1	 0.006861	 -1	 0.000000	 8.008368
222	 7	 7	 1	 0.002442	 -1	 0.000000	 13.067851
223	 7	 7	 0	 221.601464	 -1	 0.000000	 10.111729
224	 7	 7	 1	 0.002468	 -1	 0.000000	 9.421489
225	 7	 7	 1	 0.005204	 -1	 0.000000	 14.042233
226	 7	 7	 0	 313.760212	 -1	 0.000000	 8.451440
227	 7	 7	 0	 336.876294	 -1	 0.000000	 8.626792
228	 7	 7	 1	 0.002194	 -1	 0.000000	 8.670265
229	 7	 7	 0	 435.635896	 -1	 0.000000	 11.111832
231	 7	 7	 1	 107.417156	 -1	 0.000000	 8.479314
233	 7	 7	 1	 0.004138	 -1	 0.000000	 9.739997
234	 7	 7	 1	 0.004503	 -1	 0.000000	 9.964122
235	 7	 7	 1	 0.003438	 -1	 0.000000	 8.320553
236	 7	 7	 1	 0.002320	 -1	 0.000000	 8.960389
237	 7	 7	 1	 0.003387	 -1	 0.000000	 10.886245
238	 7	 7	 1	 0.003372	 -1	 0.000000	 9.023772
239	 7	 7	 1	 0.003512	 -1	 0.000000	 9.746222
240	 7	 7	 0	 495.642944	 -1	 0.000000	 7.726775
241	 7	 7	 0	 145.136345	 -1	 0.000000	 11.298525
248	 7	 7	 1	 0.003554	 -1	 0.000000	 8.544063
250	 7	 7	 1	 0.002970	 -1	 0.000000	 11.413799
253	 7	 7	 1	 0.002112	 -1	 0.000000	 8.928384
254	 7	 7	 1	 0.002363	 -1	 0.000000	 8.889063
255	 7	 7	 1	 0.005307	 -1	 0.000000	 9.353277
256	 7	 7	 1	 0.002501	 -1	 0.000000	 10.487830
257	 7	 7	 1	 0.003983	 -1	 0.000000	 8.307573
258	 7	 7	 1	 0.011418	 -1	 0.000000	 8.265828
3659	 5	 5	 0	 406.191436	 -1	 0.000000	 7.244643
259	 7	 7	 1	 0.002358	 -1	 0.000000	 9.809396
260	 7	 7	 0	 402.801100	 -1	 0.000000	 10.578885
261	 7	 7	 1	 0.004396	 -1	 0.000000	 9.672169
263	 7	 7	 1	 13.284242	 -1	 0.000000	 8.239919
264	 7	 7	 0	 495.590072	 -1	 0.000000	 10.979075
265	 7	 7	 1	 1.930224	 -1	 0.000000	 8.454255
268	 7	 7	 0	 444.292482	 -1	 0.000000	 17.499102
269	 7	 7	 1	 55.147671	 -1	 0.000000	 9.471219
270	 7	 7	 1	 51.839538	 -1	 0.000000	 7.899451
274	 7	 7	 1	 0.003786	 -1	 0.000000	 8.618010
275	 7	 7	 1	 0.002664	 -1	 0.000000	 9.755145
276	 7	 7	 0	 243.394291	 -1	 0.000000	 12.204949
277	 7	 7	 1	 0.003813	 -1	 0.000000	 9.979803
278	 7	 7	 1	 0.001696	 -1	 0.000000	 10.106769
279	 7	 7	 1	 0.004848	 -1	 0.000000	 9.270361
280	 7	 7	 1	 0.003937	 -1	 0.000000	 11.756518
282	 7	 7	 1	 0.012476	 -1	 0.000000	 10.706335
283	 7	 7	 1	 29.440894	 -1	 0.000000	 9.921891
284	 7	 7	 1	 66.702323	 -1	 0.000000	 3.217128
285	 7	 7	 0	 400.817276	 -1	 0.000000	 10.003897
286	 7	 7	 0	 408.326116	 -1	 0.000000	 10.026860
287	 7	 7	 1	 6.857068	 -1	 0.000000	 6.831980
288	 7	 7	 1	 56.300780	 -1	 0.000000	 9.266356
290	 7	 7	 1	 0.006419	 -1	 0.000000	 9.325950
291	 7	 7	 1	 0.028296	 -1	 0.000000	 9.373599
292	 7	 7	 1	 0.003111	 -1	 0.000000	 8.748265
293	 7	 7	 1	 0.001864	 -1	 0.000000	 9.460172
294	 7	 7	 1	 0.003978	 -1	 0.000000	 14.209453
295	 7	 7	 1	 0.003226	 -1	 0.000000	 9.188382
296	 7	 7	 1	 0.003590	 -1	 0.000000	 9.965699
297	 7	 7	 0	 394.260509	 -1	 0.000000	 6.781511
299	 7	 7	 1	 37.374864	 -1	 0.000000	 8.717497
300	 7	 7	 0	 380.741787	 -1	 0.000000	 8.879538
301	 7	 7	 1	 0.003198	 -1	 0.000000	 16.092531
302	 7	 7	 1	 18.900984	 -1	 0.000000	 11.026957
303	 7	 7	 1	 0.005966	 -1	 0.000000	 6.874206
>>> gr_fir_ccf: using E
>>> gr_fir_fff: using E
terminate called after throwing an instance of 'std::invalid_argument'
  what():  gr_ofdm_demod: Incorrect subcarriers allocated
>>> gr_fir_ccf: using E
>>> gr_fir_fff: using E
gr_buffer::allocate_buffer: warning: tried to allocate
   19 items of size 3312. Due to alignment requirements
   256 were allocated.  If this isn't OK, consider padding
   your structure to a power-of-two bytes.
   On this platform, our allocation granularity is 4096 bytes.
>>> gr_fir_ccf: using E
>>> gr_fir_fff: using E
terminate called after throwing an instance of 'std::invalid_argument'
  what():  gr_ofdm_demod: Incorrect subcarriers allocated
>>> gr_fir_ccf: using E
>>> gr_fir_fff: using E
gr_buffer::allocate_buffer: warning: tried to allocate
   19 items of size 3312. Due to alignment requirements
   256 were allocated.  If this isn't OK, consider padding
   your structure to a power-of-two bytes.
   On this platform, our allocation granularity is 4096 bytes.
23	 11	 11	 1	 8.653463	 -1	 0.000000	 7.612966
24	 11	 11	 1	 4.072493	 -1	 0.000000	 10.321690
25	 11	 11	 1	 6.225202	 -1	 0.000000	 8.229748
>>> gr_fir_ccf: using E
>>> gr_fir_fff: using E
terminate called after throwing an instance of 'std::invalid_argument'
  what():  gr_ofdm_demod: Incorrect subcarriers allocated
>>> gr_fir_ccf: using E
>>> gr_fir_fff: using E
gr_buffer::allocate_buffer: warning: tried to allocate
   19 items of size 3312. Due to alignment requirements
   256 were allocated.  If this isn't OK, consider padding
   your structure to a power-of-two bytes.
   On this platform, our allocation granularity is 4096 bytes.
2909	 10	 10	 0	 477.512661	 -1	 0.000000	 6.432705
3557	 13	 13	 0	 345.144710	 -1	 0.000000	 3.503741
1826	 5	 5	 0	 390.816368	 -1	 0.000000	 7.568306
3786	 11	 11	 0	 460.616711	 -1	 0.000000	 2.753382
776	 3	 3	 0	 487.237755	 -1	 0.000000	 0.963427
1633	 3	 3	 0	 487.440660	 -1	 0.000000	 4.644736
>>> gr_fir_ccf: using E
>>> gr_fir_fff: using E
gr_buffer::allocate_buffer: warning: tried to allocate
   19 items of size 3312. Due to alignment requirements
   256 were allocated.  If this isn't OK, consider padding
   your structure to a power-of-two bytes.
   On this platform, our allocation granularity is 4096 bytes.
3065	 11	 11	 0	 460.456314	 -1	 0.000000	 5.915054
2154	 9	 9	 0	 456.067995	 -1	 0.000000	 5.223152
