>>> gr_fir_ccf: using E
>>> gr_fir_fff: using E
gr_buffer::allocate_buffer: warning: tried to allocate
   19 items of size 3312. Due to alignment requirements
   256 were allocated.  If this isn't OK, consider padding
   your structure to a power-of-two bytes.
   On this platform, our allocation granularity is 4096 bytes.
0	 13	 13	 1	 0.000003	 -1	 0.000000	 13.985114
1	 13	 13	 1	 0.000005	 -1	 0.000000	 9.430522
2	 13	 13	 1	 0.002135	 -1	 0.000000	 9.263115
3	 13	 13	 1	 0.000003	 -1	 0.000000	 17.849483
4	 13	 13	 1	 0.000003	 -1	 0.000000	 8.251874
5	 13	 13	 1	 0.000006	 -1	 0.000000	 21.788332
6	 13	 13	 1	 0.000002	 -1	 0.000000	 9.234707
7	 13	 13	 1	 0.000002	 -1	 0.000000	 11.447549
8	 13	 13	 1	 0.000005	 -1	 0.000000	 10.481041
9	 13	 13	 1	 0.000002	 -1	 0.000000	 11.544127
3389	 15	 15	 0	 402.366964	 -1	 0.000000	 9.213470
10	 13	 13	 1	 0.000006	 -1	 0.000000	 8.882137
11	 13	 13	 1	 0.000002	 -1	 0.000000	 7.291345
12	 13	 13	 1	 0.000002	 -1	 0.000000	 14.584563
13	 13	 13	 1	 0.000005	 -1	 0.000000	 8.597523
14	 13	 13	 1	 0.000002	 -1	 0.000000	 12.968279
15	 13	 13	 1	 0.000005	 -1	 0.000000	 11.756918
16	 13	 13	 1	 0.000002	 -1	 0.000000	 10.606232
17	 13	 13	 1	 0.000002	 -1	 0.000000	 10.825229
18	 13	 13	 1	 0.000005	 -1	 0.000000	 9.755466
19	 13	 13	 1	 0.513717	 -1	 0.000000	 7.736824
20	 13	 13	 1	 0.000006	 -1	 0.000000	 13.079758
21	 13	 13	 1	 0.000004	 -1	 0.000000	 8.583644
22	 13	 13	 1	 0.000002	 -1	 0.000000	 12.790456
23	 13	 13	 1	 0.000002	 -1	 0.000000	 11.937156
24	 13	 13	 1	 0.000003	 -1	 0.000000	 7.296719
25	 13	 13	 1	 0.000007	 -1	 0.000000	 10.491594
26	 13	 13	 1	 0.000002	 -1	 0.000000	 9.464932
27	 13	 13	 1	 0.000002	 -1	 0.000000	 10.049519
28	 13	 13	 1	 0.000005	 -1	 0.000000	 17.824280
29	 13	 13	 1	 0.000003	 -1	 0.000000	 6.837372
30	 13	 13	 1	 0.000007	 -1	 0.000000	 10.367431
31	 13	 13	 1	 0.000002	 -1	 0.000000	 11.692122
32	 13	 13	 1	 0.000003	 -1	 0.000000	 7.087451
33	 13	 13	 1	 0.000005	 -1	 0.000000	 9.747185
34	 13	 13	 1	 0.000003	 -1	 0.000000	 7.358725
35	 13	 13	 1	 0.000009	 -1	 0.000000	 8.938341
36	 13	 13	 1	 0.000003	 -1	 0.000000	 8.865505
37	 13	 13	 1	 0.000003	 -1	 0.000000	 10.719276
38	 13	 13	 1	 0.000003	 -1	 0.000000	 9.485975
39	 13	 13	 1	 0.000002	 -1	 0.000000	 7.577929
40	 13	 13	 1	 0.000108	 -1	 0.000000	 9.706661
41	 13	 13	 1	 0.002061	 -1	 0.000000	 8.825941
42	 13	 13	 1	 0.000003	 -1	 0.000000	 10.085092
43	 13	 13	 1	 0.000004	 -1	 0.000000	 10.107165
44	 13	 13	 1	 0.000002	 -1	 0.000000	 7.356011
45	 13	 13	 1	 0.000005	 -1	 0.000000	 8.677387
46	 13	 13	 1	 0.000002	 -1	 0.000000	 12.145987
1173	 11	 11	 0	 459.168013	 -1	 0.000000	 2.314344
47	 13	 13	 1	 0.000003	 -1	 0.000000	 10.329396
48	 13	 13	 1	 0.000005	 -1	 0.000000	 8.257734
49	 13	 13	 1	 0.000002	 -1	 0.000000	 17.384958
50	 13	 13	 1	 0.000006	 -1	 0.000000	 11.133402
52	 13	 13	 1	 0.000003	 -1	 0.000000	 15.151558
53	 13	 13	 1	 0.000004	 -1	 0.000000	 9.095132
54	 13	 13	 1	 0.000002	 -1	 0.000000	 9.864185
55	 13	 13	 1	 0.000007	 -1	 0.000000	 9.818219
56	 13	 13	 1	 0.000002	 -1	 0.000000	 11.488598
57	 13	 13	 1	 0.000004	 -1	 0.000000	 16.210171
58	 13	 13	 1	 0.000004	 -1	 0.000000	 8.873714
59	 13	 13	 1	 0.000002	 -1	 0.000000	 11.354002
60	 13	 13	 1	 0.000004	 -1	 0.000000	 10.839803
61	 13	 13	 1	 20.218980	 -1	 0.000000	 13.415810
3401	 7	 7	 0	 423.644081	 -1	 0.000000	 5.655354
62	 13	 13	 1	 0.000004	 -1	 0.000000	 14.505363
63	 13	 13	 1	 0.000004	 -1	 0.000000	 10.580520
64	 13	 13	 1	 0.000003	 -1	 0.000000	 9.302176
65	 13	 13	 1	 0.000006	 -1	 0.000000	 8.023143
66	 13	 13	 1	 0.000001	 -1	 0.000000	 9.061472
67	 13	 13	 1	 0.000004	 -1	 0.000000	 11.688837
68	 13	 13	 1	 0.000004	 -1	 0.000000	 9.518021
69	 13	 13	 1	 12.010776	 -1	 0.000000	 9.904236
70	 13	 13	 1	 0.000005	 -1	 0.000000	 13.542128
71	 13	 13	 1	 0.000002	 -1	 0.000000	 8.045969
72	 13	 13	 1	 0.000005	 -1	 0.000000	 8.297340
73	 13	 13	 1	 0.000003	 -1	 0.000000	 8.939714
74	 13	 13	 1	 0.000005	 -1	 0.000000	 8.462613
75	 13	 13	 1	 0.000004	 -1	 0.000000	 11.450840
76	 13	 13	 1	 0.000002	 -1	 0.000000	 7.551205
77	 13	 13	 1	 0.000004	 -1	 0.000000	 9.001016
78	 13	 13	 1	 0.000004	 -1	 0.000000	 7.582368
80	 13	 13	 1	 0.000006	 -1	 0.000000	 9.195759
81	 13	 13	 1	 0.000001	 -1	 0.000000	 9.246383
82	 13	 13	 1	 0.000005	 -1	 0.000000	 9.286512
83	 13	 13	 1	 1.354105	 -1	 0.000000	 8.883143
84	 13	 13	 1	 0.000004	 -1	 0.000000	 7.678871
85	 13	 13	 1	 0.000002	 -1	 0.000000	 10.078327
86	 13	 13	 1	 0.000002	 -1	 0.000000	 7.341766
87	 13	 13	 1	 0.000004	 -1	 0.000000	 11.681334
88	 13	 13	 1	 0.000003	 -1	 0.000000	 8.732222
89	 13	 13	 1	 0.000006	 -1	 0.000000	 11.200742
90	 13	 13	 1	 0.000002	 -1	 0.000000	 8.977311
91	 13	 13	 1	 0.000002	 -1	 0.000000	 9.380647
92	 13	 13	 1	 0.000005	 -1	 0.000000	 8.887670
93	 13	 13	 1	 0.000002	 -1	 0.000000	 12.061412
94	 13	 13	 1	 11.445340	 -1	 0.000000	 8.630827
95	 13	 13	 1	 0.000002	 -1	 0.000000	 14.711309
96	 13	 13	 1	 0.000002	 -1	 0.000000	 11.725956
97	 13	 13	 1	 0.000003	 -1	 0.000000	 8.539847
98	 13	 13	 1	 0.050084	 -1	 0.000000	 8.563592
99	 13	 13	 1	 0.000005	 -1	 0.000000	 8.604373
100	 13	 13	 1	 0.000003	 -1	 0.000000	 12.015428
101	 13	 13	 1	 3.812993	 -1	 0.000000	 7.094339
102	 13	 13	 1	 0.000004	 -1	 0.000000	 10.012489
103	 13	 13	 1	 0.000002	 -1	 0.000000	 11.921138
104	 13	 13	 1	 0.000006	 -1	 0.000000	 9.429317
105	 13	 13	 1	 0.000002	 -1	 0.000000	 9.039175
106	 13	 13	 1	 0.000003	 -1	 0.000000	 8.953138
107	 13	 13	 1	 0.000003	 -1	 0.000000	 10.570592
108	 13	 13	 1	 0.000002	 -1	 0.000000	 9.963273
109	 13	 13	 1	 0.000007	 -1	 0.000000	 7.706587
110	 13	 13	 1	 0.000002	 -1	 0.000000	 8.522360
111	 13	 13	 1	 0.000004	 -1	 0.000000	 9.131234
112	 13	 13	 1	 0.000003	 -1	 0.000000	 10.873717
113	 13	 13	 1	 0.036019	 -1	 0.000000	 7.449834
114	 13	 13	 1	 0.000005	 -1	 0.000000	 11.647576
115	 13	 13	 1	 0.000002	 -1	 0.000000	 9.798755
116	 13	 13	 1	 0.000004	 -1	 0.000000	 10.016103
117	 13	 13	 1	 0.000002	 -1	 0.000000	 10.996619
118	 13	 13	 1	 0.000002	 -1	 0.000000	 11.995420
119	 13	 13	 1	 0.001872	 -1	 0.000000	 7.439550
120	 13	 13	 1	 0.000002	 -1	 0.000000	 9.889038
121	 13	 13	 1	 0.000004	 -1	 0.000000	 9.780192
122	 13	 13	 1	 0.000004	 -1	 0.000000	 11.890525
123	 13	 13	 1	 0.000002	 -1	 0.000000	 10.543306
124	 13	 13	 1	 0.000008	 -1	 0.000000	 14.040314
128	 13	 13	 1	 0.000002	 -1	 0.000000	 17.017361
129	 13	 13	 1	 0.000003	 -1	 0.000000	 9.913143
130	 13	 13	 1	 0.000002	 -1	 0.000000	 17.158270
131	 13	 13	 1	 0.000004	 -1	 0.000000	 8.798097
132	 13	 13	 1	 0.000003	 -1	 0.000000	 15.593904
133	 13	 13	 1	 0.000003	 -1	 0.000000	 8.592192
134	 13	 13	 1	 0.000006	 -1	 0.000000	 13.828327
135	 13	 13	 1	 0.000001	 -1	 0.000000	 11.984683
136	 13	 13	 1	 0.000004	 -1	 0.000000	 11.104628
137	 13	 13	 1	 0.000003	 -1	 0.000000	 12.298704
138	 13	 13	 1	 0.000002	 -1	 0.000000	 12.951243
139	 13	 13	 1	 0.000005	 -1	 0.000000	 9.003547
140	 13	 13	 1	 0.000001	 -1	 0.000000	 17.168829
141	 13	 13	 1	 0.000005	 -1	 0.000000	 8.153836
142	 13	 13	 1	 0.000004	 -1	 0.000000	 8.972914
143	 13	 13	 1	 0.000002	 -1	 0.000000	 10.463670
144	 13	 13	 1	 0.000006	 -1	 0.000000	 9.384761
145	 13	 13	 1	 0.000001	 -1	 0.000000	 8.408390
146	 13	 13	 1	 20.132666	 -1	 0.000000	 7.215008
147	 13	 13	 1	 0.000003	 -1	 0.000000	 16.887276
148	 13	 13	 1	 0.000002	 -1	 0.000000	 12.310398
149	 13	 13	 1	 0.000006	 -1	 0.000000	 10.335986
150	 13	 13	 1	 0.000001	 -1	 0.000000	 10.437239
151	 13	 13	 1	 0.000004	 -1	 0.000000	 9.314488
152	 13	 13	 1	 0.000003	 -1	 0.000000	 10.570889
153	 13	 13	 1	 0.000004	 -1	 0.000000	 10.863898
180	 13	 13	 1	 0.000001	 -1	 0.000000	 12.711817
181	 13	 13	 1	 0.000004	 -1	 0.000000	 19.501139
182	 13	 13	 1	 0.000003	 -1	 0.000000	 9.032442
183	 13	 13	 1	 4.845276	 -1	 0.000000	 6.906273
184	 13	 13	 1	 0.000002	 -1	 0.000000	 7.721889
185	 13	 13	 1	 0.000001	 -1	 0.000000	 7.594521
186	 13	 13	 1	 0.000005	 -1	 0.000000	 10.209750
187	 13	 13	 1	 0.000003	 -1	 0.000000	 10.356023
188	 13	 13	 1	 0.000005	 -1	 0.000000	 12.758329
189	 13	 13	 1	 0.000004	 -1	 0.000000	 8.874515
190	 13	 13	 1	 0.000001	 -1	 0.000000	 7.407576
191	 13	 13	 1	 0.000003	 -1	 0.000000	 8.714004
193	 13	 13	 1	 0.000006	 -1	 0.000000	 8.262188
194	 13	 13	 1	 0.000003	 -1	 0.000000	 13.373233
195	 13	 13	 1	 0.000002	 -1	 0.000000	 8.651583
204	 13	 13	 1	 26.328052	 -1	 0.000000	 14.343495
1641	 13	 13	 0	 381.345027	 -1	 0.000000	 8.864625
197	 13	 13	 1	 0.000003	 -1	 0.000000	 9.931118
198	 13	 13	 1	 0.000005	 -1	 0.000000	 9.004588
199	 13	 13	 1	 0.000236	 -1	 0.000000	 9.152306
128	 13	 13	 0	 319.436883	 -1	 0.000000	 2.892013
200	 13	 13	 1	 0.000002	 -1	 0.000000	 11.039464
201	 13	 13	 1	 0.000004	 -1	 0.000000	 17.521173
202	 13	 13	 1	 0.000002	 -1	 0.000000	 10.649439
203	 13	 13	 1	 0.000005	 -1	 0.000000	 9.194407
204	 13	 13	 1	 0.000002	 -1	 0.000000	 10.841016
205	 13	 13	 1	 0.000002	 -1	 0.000000	 11.014558
206	 13	 13	 1	 0.000004	 -1	 0.000000	 9.461805
207	 13	 13	 1	 0.000002	 -1	 0.000000	 7.890310
208	 13	 13	 1	 0.000007	 -1	 0.000000	 7.720112
210	 13	 13	 1	 0.010610	 -1	 0.000000	 10.313483
211	 13	 13	 1	 0.000005	 -1	 0.000000	 8.915237
212	 13	 13	 1	 0.000002	 -1	 0.000000	 12.820035
213	 13	 13	 1	 0.000005	 -1	 0.000000	 11.040001
214	 13	 13	 1	 0.000003	 -1	 0.000000	 9.509794
215	 13	 13	 1	 0.000002	 -1	 0.000000	 14.922396
216	 13	 13	 1	 0.000003	 -1	 0.000000	 10.263071
218	 13	 13	 1	 0.000004	 -1	 0.000000	 8.754361
220	 13	 13	 1	 0.000002	 -1	 0.000000	 7.499352
221	 13	 13	 1	 0.000005	 -1	 0.000000	 7.663844
222	 13	 13	 1	 0.000003	 -1	 0.000000	 7.879629
223	 13	 13	 1	 0.000003	 -1	 0.000000	 10.846721
224	 13	 13	 1	 0.000005	 -1	 0.000000	 10.390538
225	 13	 13	 1	 0.000002	 -1	 0.000000	 10.926903
226	 13	 13	 1	 0.000004	 -1	 0.000000	 10.862675
227	 13	 13	 1	 0.000003	 -1	 0.000000	 9.748276
228	 13	 13	 1	 0.000004	 -1	 0.000000	 10.056875
229	 13	 13	 1	 0.000004	 -1	 0.000000	 8.961629
230	 13	 13	 1	 0.000001	 -1	 0.000000	 8.103228
231	 13	 13	 1	 0.000006	 -1	 0.000000	 8.532968
232	 13	 13	 1	 0.000002	 -1	 0.000000	 17.162392
233	 13	 13	 1	 0.000005	 -1	 0.000000	 8.458421
234	 13	 13	 1	 0.000003	 -1	 0.000000	 11.772936
235	 13	 13	 1	 0.000002	 -1	 0.000000	 10.493936
236	 13	 13	 1	 0.000007	 -1	 0.000000	 9.869601
240	 13	 13	 1	 0.000001	 -1	 0.000000	 13.807822
241	 13	 13	 1	 0.000003	 -1	 0.000000	 9.525245
242	 13	 13	 1	 0.000002	 -1	 0.000000	 9.098400
243	 13	 13	 1	 0.000004	 -1	 0.000000	 15.434738
244	 13	 13	 1	 0.000003	 -1	 0.000000	 8.543715
248	 13	 13	 1	 0.000007	 -1	 0.000000	 8.159568
249	 13	 13	 1	 0.000003	 -1	 0.000000	 12.267431
250	 13	 13	 1	 2.395155	 -1	 0.000000	 8.275884
251	 13	 13	 1	 0.000005	 -1	 0.000000	 9.125278
252	 13	 13	 1	 0.000002	 -1	 0.000000	 14.728157
253	 13	 13	 1	 0.000005	 -1	 0.000000	 13.170379
254	 13	 13	 1	 0.000002	 -1	 0.000000	 15.149093
255	 13	 13	 1	 0.000002	 -1	 0.000000	 9.570349
256	 13	 13	 1	 0.000004	 -1	 0.000000	 9.936753
257	 13	 13	 1	 0.000003	 -1	 0.000000	 8.558099
258	 13	 13	 1	 0.000006	 -1	 0.000000	 8.571889
259	 13	 13	 1	 0.000002	 -1	 0.000000	 10.859845
267	 13	 13	 1	 0.023679	 -1	 0.000000	 8.901394
268	 13	 13	 1	 0.000007	 -1	 0.000000	 8.723051
269	 13	 13	 1	 0.000602	 -1	 0.000000	 10.338427
270	 13	 13	 1	 0.000002	 -1	 0.000000	 9.328843
271	 13	 13	 1	 0.000004	 -1	 0.000000	 10.698178
272	 13	 13	 1	 0.000002	 -1	 0.000000	 8.812748
273	 13	 13	 1	 0.000006	 -1	 0.000000	 8.552532
274	 13	 13	 1	 0.000003	 -1	 0.000000	 8.561533
275	 13	 13	 1	 0.000002	 -1	 0.000000	 10.290057
276	 13	 13	 1	 0.000005	 -1	 0.000000	 8.891221
1815	 5	 5	 0	 411.200420	 -1	 0.000000	 3.673350
277	 13	 13	 1	 0.000003	 -1	 0.000000	 7.932432
278	 13	 13	 1	 0.000005	 -1	 0.000000	 8.819741
279	 13	 13	 1	 0.000003	 -1	 0.000000	 9.626269
280	 13	 13	 1	 0.000002	 -1	 0.000000	 12.396045
281	 13	 13	 1	 0.000005	 -1	 0.000000	 8.860113
282	 13	 13	 1	 0.000002	 -1	 0.000000	 11.031027
283	 13	 13	 1	 0.000006	 -1	 0.000000	 13.565337
284	 13	 13	 1	 0.000003	 -1	 0.000000	 9.715425
285	 13	 13	 1	 0.000002	 -1	 0.000000	 13.409026
286	 13	 13	 1	 0.000005	 -1	 0.000000	 9.365867
287	 13	 13	 1	 0.000002	 -1	 0.000000	 10.272670
288	 13	 13	 1	 0.000004	 -1	 0.000000	 10.944354
289	 13	 13	 1	 0.000004	 -1	 0.000000	 12.546556
290	 13	 13	 1	 0.000001	 -1	 0.000000	 7.556539
291	 13	 13	 1	 0.000003	 -1	 0.000000	 11.621164
292	 13	 13	 1	 0.000002	 -1	 0.000000	 10.453715
294	 13	 13	 1	 0.000003	 -1	 0.000000	 15.357242
295	 13	 13	 1	 0.000002	 -1	 0.000000	 9.990447
296	 13	 13	 1	 0.000003	 -1	 0.000000	 12.400140
297	 13	 13	 1	 0.000002	 -1	 0.000000	 13.664218
298	 13	 13	 1	 0.000004	 -1	 0.000000	 10.815162
1670	 13	 13	 0	 388.482281	 -1	 0.000000	 4.033949
299	 13	 13	 1	 0.000003	 -1	 0.000000	 8.496984
265	 13	 13	 0	 354.090175	 -1	 0.000000	 14.136559
300	 13	 13	 1	 0.002868	 -1	 0.000000	 11.599620
301	 13	 13	 1	 0.000003	 -1	 0.000000	 13.821557
302	 13	 13	 1	 0.000002	 -1	 0.000000	 8.645206
303	 13	 13	 1	 0.000004	 -1	 0.000000	 8.316936
304	 13	 13	 1	 0.000004	 -1	 0.000000	 16.403440
305	 13	 13	 1	 0.000001	 -1	 0.000000	 9.809673
306	 13	 13	 1	 0.000005	 -1	 0.000000	 10.703867
307	 13	 13	 1	 0.000002	 -1	 0.000000	 12.345351
308	 13	 13	 1	 0.000004	 -1	 0.000000	 12.273384
309	 13	 13	 1	 10.601522	 -1	 0.000000	 13.227802
310	 13	 13	 1	 14.039066	 -1	 0.000000	 9.745017
311	 13	 13	 1	 0.000005	 -1	 0.000000	 10.916084
312	 13	 13	 1	 0.000003	 -1	 0.000000	 10.406957
313	 13	 13	 1	 24.766830	 -1	 0.000000	 10.516148
314	 13	 13	 1	 0.000002	 -1	 0.000000	 11.571198
315	 13	 13	 1	 0.000002	 -1	 0.000000	 10.260978
316	 13	 13	 1	 0.000005	 -1	 0.000000	 11.528721
317	 13	 13	 1	 0.000002	 -1	 0.000000	 7.088930
318	 13	 13	 1	 0.000004	 -1	 0.000000	 9.599861
319	 13	 13	 1	 0.000003	 -1	 0.000000	 7.849685
320	 13	 13	 1	 50.916729	 -1	 0.000000	 8.248890
321	 13	 13	 1	 0.000004	 -1	 0.000000	 12.941283
322	 13	 13	 1	 31.700834	 -1	 0.000000	 9.134015
323	 13	 13	 1	 0.000004	 -1	 0.000000	 9.615121
324	 13	 13	 1	 0.000003	 -1	 0.000000	 10.558918
325	 13	 13	 1	 0.000001	 -1	 0.000000	 10.467757
326	 13	 13	 1	 0.000007	 -1	 0.000000	 8.379996
327	 13	 13	 1	 0.000003	 -1	 0.000000	 12.528898
328	 13	 13	 1	 0.000004	 -1	 0.000000	 9.745421
329	 13	 13	 1	 0.000002	 -1	 0.000000	 8.179702
330	 13	 13	 1	 0.000001	 -1	 0.000000	 8.163581
331	 13	 13	 1	 0.000005	 -1	 0.000000	 13.868328
333	 13	 13	 1	 0.000004	 -1	 0.000000	 11.835975
334	 13	 13	 1	 0.000002	 -1	 0.000000	 10.253692
335	 13	 13	 1	 0.000002	 -1	 0.000000	 12.986067
336	 13	 13	 1	 26.991067	 -1	 0.000000	 9.384104
337	 13	 13	 1	 0.000003	 -1	 0.000000	 10.101240
338	 13	 13	 1	 0.000005	 -1	 0.000000	 9.342213
339	 13	 13	 1	 0.000004	 -1	 0.000000	 8.534940
340	 13	 13	 1	 0.000001	 -1	 0.000000	 9.879323
341	 13	 13	 1	 0.000004	 -1	 0.000000	 13.208315
342	 13	 13	 1	 0.000003	 -1	 0.000000	 9.584429
343	 13	 13	 1	 0.000005	 -1	 0.000000	 11.707612
344	 13	 13	 1	 0.000003	 -1	 0.000000	 7.234037
345	 13	 13	 1	 0.000001	 -1	 0.000000	 8.376511
346	 13	 13	 1	 0.000003	 -1	 0.000000	 9.262552
347	 13	 13	 1	 0.000003	 -1	 0.000000	 9.830086
348	 13	 13	 1	 0.000005	 -1	 0.000000	 9.783830
353	 13	 13	 1	 0.000005	 -1	 0.000000	 12.009705
354	 13	 13	 1	 0.000002	 -1	 0.000000	 8.037405
355	 13	 13	 1	 0.000002	 -1	 0.000000	 10.882678
356	 13	 13	 1	 0.000005	 -1	 0.000000	 9.040815
357	 13	 13	 1	 0.000002	 -1	 0.000000	 11.537150
358	 13	 13	 1	 0.000007	 -1	 0.000000	 9.291990
359	 13	 13	 1	 0.000002	 -1	 0.000000	 10.634362
360	 13	 13	 1	 0.000002	 -1	 0.000000	 11.258845
361	 13	 13	 1	 0.000003	 -1	 0.000000	 9.715907
371	 13	 13	 1	 30.305785	 -1	 0.000000	 7.495684
372	 13	 13	 1	 0.000003	 -1	 0.000000	 8.991635
373	 13	 13	 1	 0.000006	 -1	 0.000000	 8.373406
374	 13	 13	 1	 0.000003	 -1	 0.000000	 12.207296
375	 13	 13	 1	 0.000002	 -1	 0.000000	 13.104433
376	 13	 13	 1	 0.000005	 -1	 0.000000	 11.669839
377	 13	 13	 1	 0.000003	 -1	 0.000000	 9.262145
378	 13	 13	 1	 0.000007	 -1	 0.000000	 14.443919
6	 13	 13	 1	 0.000006	 -1	 0.000000	 9.687542
7	 13	 13	 1	 0.000005	 -1	 0.000000	 8.448626
8	 13	 13	 1	 0.000001	 -1	 0.000000	 12.125093
9	 13	 13	 1	 0.000004	 -1	 0.000000	 8.840439
10	 13	 13	 1	 0.000002	 -1	 0.000000	 11.760444
11	 13	 13	 1	 0.000004	 -1	 0.000000	 14.519483
12	 13	 13	 1	 0.000004	 -1	 0.000000	 9.906655
13	 13	 13	 1	 0.000001	 -1	 0.000000	 11.545637
14	 13	 13	 1	 0.000003	 -1	 0.000000	 11.223652
15	 13	 13	 1	 0.000002	 -1	 0.000000	 10.589052
16	 13	 13	 1	 0.000005	 -1	 0.000000	 22.478720
17	 13	 13	 1	 0.000004	 -1	 0.000000	 10.131759
18	 13	 13	 1	 0.000001	 -1	 0.000000	 9.229226
19	 13	 13	 1	 0.000004	 -1	 0.000000	 11.310532
20	 13	 13	 1	 0.000003	 -1	 0.000000	 8.456548
21	 13	 13	 1	 0.000005	 -1	 0.000000	 10.094280
22	 13	 13	 1	 0.000003	 -1	 0.000000	 8.475596
23	 13	 13	 1	 0.000002	 -1	 0.000000	 9.047704
24	 13	 13	 1	 0.000005	 -1	 0.000000	 8.837622
25	 13	 13	 1	 0.000002	 -1	 0.000000	 15.090898
26	 13	 13	 1	 0.000005	 -1	 0.000000	 12.786888
27	 13	 13	 1	 0.000002	 -1	 0.000000	 11.983324
28	 13	 13	 1	 0.000002	 -1	 0.000000	 15.477192
29	 13	 13	 1	 0.000005	 -1	 0.000000	 9.610522
30	 13	 13	 1	 0.000002	 -1	 0.000000	 13.024701
31	 13	 13	 1	 0.000006	 -1	 0.000000	 13.845609
32	 13	 13	 1	 0.000003	 -1	 0.000000	 8.703019
33	 13	 13	 1	 0.000002	 -1	 0.000000	 16.439922
34	 13	 13	 1	 0.000005	 -1	 0.000000	 9.584860
35	 13	 13	 1	 0.072769	 -1	 0.000000	 8.083787
36	 13	 13	 1	 0.000008	 -1	 0.000000	 9.794241
37	 13	 13	 1	 48.570646	 -1	 0.000000	 13.563202
38	 13	 13	 1	 0.000002	 -1	 0.000000	 9.468197
39	 13	 13	 1	 0.000004	 -1	 0.000000	 11.781669
40	 13	 13	 1	 0.000002	 -1	 0.000000	 18.888182
41	 13	 13	 1	 0.000007	 -1	 0.000000	 11.019543
42	 13	 13	 1	 0.000002	 -1	 0.000000	 7.382756
43	 13	 13	 1	 1.021240	 -1	 0.000000	 9.934850
44	 13	 13	 1	 0.000003	 -1	 0.000000	 10.281379
45	 13	 13	 1	 0.000002	 -1	 0.000000	 8.840327
46	 13	 13	 1	 0.000005	 -1	 0.000000	 10.817258
47	 13	 13	 1	 0.000001	 -1	 0.000000	 11.140458
48	 13	 13	 1	 0.000003	 -1	 0.000000	 8.260054
49	 13	 13	 1	 0.000003	 -1	 0.000000	 12.413111
12	 15	 15	 1	 0.000041	 -1	 0.000000	 13.354629
13	 15	 15	 1	 0.000011	 -1	 0.000000	 11.006767
14	 15	 15	 1	 0.000033	 -1	 0.000000	 11.181400
15	 15	 15	 1	 0.000023	 -1	 0.000000	 7.227935
16	 15	 15	 1	 0.000017	 -1	 0.000000	 14.362767
17	 15	 15	 1	 0.000022	 -1	 0.000000	 20.271891
18	 15	 15	 1	 0.000019	 -1	 0.000000	 7.050495
19	 15	 15	 1	 46.882159	 -1	 0.000000	 6.887117
20	 15	 15	 1	 0.000025	 -1	 0.000000	 8.657605
21	 15	 15	 1	 4.890783	 -1	 0.000000	 7.711407
22	 15	 15	 1	 0.000021	 -1	 0.000000	 10.485003
23	 15	 15	 1	 0.000019	 -1	 0.000000	 17.872776
24	 15	 15	 1	 0.000026	 -1	 0.000000	 11.433778
25	 15	 15	 1	 0.000011	 -1	 0.000000	 11.102605
26	 15	 15	 1	 0.000051	 -1	 0.000000	 13.281256
27	 15	 15	 1	 8.940494	 -1	 0.000000	 7.738486
28	 15	 15	 1	 0.000032	 -1	 0.000000	 10.800212
29	 15	 15	 1	 0.000025	 -1	 0.000000	 11.204657
30	 15	 15	 1	 0.000013	 -1	 0.000000	 12.056002
31	 15	 15	 1	 0.000028	 -1	 0.000000	 11.068704
32	 15	 15	 1	 0.000019	 -1	 0.000000	 7.985668
33	 15	 15	 1	 0.000031	 -1	 0.000000	 12.899584
34	 15	 15	 1	 0.036402	 -1	 0.000000	 9.975904
35	 15	 15	 1	 0.000018	 -1	 0.000000	 8.397262
36	 15	 15	 1	 0.000040	 -1	 0.000000	 8.429013
37	 15	 15	 1	 0.000015	 -1	 0.000000	 9.093465
38	 15	 15	 1	 0.000026	 -1	 0.000000	 9.029206
40	 15	 15	 1	 0.000035	 -1	 0.000000	 12.301478
41	 15	 15	 1	 0.000036	 -1	 0.000000	 7.961738
42	 15	 15	 1	 0.000011	 -1	 0.000000	 11.253071
43	 15	 15	 1	 0.000047	 -1	 0.000000	 15.843579
44	 15	 15	 1	 0.000012	 -1	 0.000000	 9.874119
45	 15	 15	 1	 28.193036	 -1	 0.000000	 8.023772
46	 15	 15	 1	 0.000019	 -1	 0.000000	 9.665056
47	 15	 15	 1	 0.000021	 -1	 0.000000	 10.332493
48	 15	 15	 1	 0.000016	 -1	 0.000000	 8.887622
49	 15	 15	 1	 0.000012	 -1	 0.000000	 12.602918
2198	 13	 13	 0	 339.499612	 -1	 0.000000	 3.358680
50	 15	 15	 1	 0.000033	 -1	 0.000000	 9.161986
51	 15	 15	 1	 0.000019	 -1	 0.000000	 7.974134
52	 15	 15	 1	 0.000027	 -1	 0.000000	 8.567048
53	 15	 15	 1	 0.000027	 -1	 0.000000	 11.314282
54	 15	 15	 1	 0.000016	 -1	 0.000000	 10.694256
55	 15	 15	 1	 1.592361	 -1	 0.000000	 8.882192
56	 15	 15	 1	 0.000019	 -1	 0.000000	 9.879715
57	 15	 15	 1	 32.319277	 -1	 0.000000	 9.764798
58	 15	 15	 1	 0.000024	 -1	 0.000000	 11.570684
59	 15	 15	 1	 0.000019	 -1	 0.000000	 11.471481
60	 15	 15	 1	 0.000026	 -1	 0.000000	 10.883933
61	 15	 15	 1	 0.000012	 -1	 0.000000	 13.029398
62	 15	 15	 1	 0.000036	 -1	 0.000000	 9.583303
63	 15	 15	 1	 0.000031	 -1	 0.000000	 9.760432
64	 15	 15	 1	 0.000037	 -1	 0.000000	 10.040789
65	 15	 15	 1	 0.000015	 -1	 0.000000	 10.070228
66	 15	 15	 1	 0.000011	 -1	 0.000000	 16.161245
67	 15	 15	 1	 0.000030	 -1	 0.000000	 11.008704
68	 15	 15	 1	 0.000025	 -1	 0.000000	 7.005851
69	 15	 15	 1	 0.000033	 -1	 0.000000	 10.387058
70	 15	 15	 1	 0.000022	 -1	 0.000000	 12.665730
71	 15	 15	 1	 0.000012	 -1	 0.000000	 8.815979
72	 15	 15	 0	 82.822468	 -1	 0.000000	 11.443190
73	 15	 15	 1	 0.000017	 -1	 0.000000	 9.154399
74	 15	 15	 1	 0.000071	 -1	 0.000000	 9.271088
75	 15	 15	 1	 0.000029	 -1	 0.000000	 8.991540
76	 15	 15	 1	 0.000016	 -1	 0.000000	 14.719680
77	 15	 15	 1	 101.207147	 -1	 0.000000	 8.977499
78	 15	 15	 1	 0.000014	 -1	 0.000000	 8.568585
79	 15	 15	 1	 0.000053	 -1	 0.000000	 9.011217
80	 15	 15	 1	 0.000015	 -1	 0.000000	 9.577811
81	 15	 15	 1	 0.000036	 -1	 0.000000	 8.998032
696	 7	 7	 0	 433.088354	 -1	 0.000000	 3.306672
82	 15	 15	 1	 0.000035	 -1	 0.000000	 7.729620
83	 15	 15	 1	 0.000016	 -1	 0.000000	 8.827525
84	 15	 15	 1	 0.000048	 -1	 0.000000	 11.115005
85	 15	 15	 1	 0.000013	 -1	 0.000000	 11.419255
86	 15	 15	 1	 27.500012	 -1	 0.000000	 7.002515
87	 15	 15	 0	 186.495419	 -1	 0.000000	 15.099014
88	 15	 15	 1	 0.000026	 -1	 0.000000	 8.559542
89	 15	 15	 1	 0.000106	 -1	 0.000000	 12.737116
90	 15	 15	 1	 0.000016	 -1	 0.000000	 7.897283
91	 15	 15	 1	 0.000014	 -1	 0.000000	 12.102451
92	 15	 15	 1	 0.000012	 -1	 0.000000	 13.409556
93	 15	 15	 1	 0.001429	 -1	 0.000000	 12.038534
94	 15	 15	 1	 0.000019	 -1	 0.000000	 9.987771
95	 15	 15	 1	 0.000015	 -1	 0.000000	 8.212897
96	 15	 15	 1	 0.000016	 -1	 0.000000	 12.556248
97	 15	 15	 1	 0.000008	 -1	 0.000000	 10.069619
98	 15	 15	 1	 7.951864	 -1	 0.000000	 8.616143
99	 15	 15	 1	 0.000013	 -1	 0.000000	 11.098763
100	 15	 15	 1	 0.034506	 -1	 0.000000	 13.133287
101	 15	 15	 1	 0.000015	 -1	 0.000000	 10.841331
102	 15	 15	 1	 5.951007	 -1	 0.000000	 7.632265
103	 15	 15	 1	 0.000068	 -1	 0.000000	 9.496115
104	 15	 15	 1	 0.000015	 -1	 0.000000	 8.114108
105	 15	 15	 1	 0.000026	 -1	 0.000000	 14.616536
106	 15	 15	 0	 159.140484	 -1	 0.000000	 7.525655
107	 15	 15	 1	 0.000018	 -1	 0.000000	 8.462522
108	 15	 15	 1	 0.000040	 -1	 0.000000	 11.396787
109	 15	 15	 1	 0.000009	 -1	 0.000000	 12.567200
110	 15	 15	 1	 0.000045	 -1	 0.000000	 8.873442
111	 15	 15	 1	 0.000030	 -1	 0.000000	 9.715338
112	 15	 15	 1	 0.000023	 -1	 0.000000	 14.603261
113	 15	 15	 1	 0.000024	 -1	 0.000000	 10.762945
114	 15	 15	 0	 6.272850	 -1	 0.000000	 9.200393
115	 15	 15	 1	 0.000023	 -1	 0.000000	 12.195219
116	 15	 15	 1	 0.000019	 -1	 0.000000	 8.547876
117	 15	 15	 0	 185.714558	 -1	 0.000000	 9.685889
118	 15	 15	 1	 0.000030	 -1	 0.000000	 13.586582
119	 15	 15	 1	 0.000022	 -1	 0.000000	 11.308890
120	 15	 15	 1	 0.000017	 -1	 0.000000	 7.999795
121	 15	 15	 1	 0.000009	 -1	 0.000000	 8.391808
122	 15	 15	 1	 0.000057	 -1	 0.000000	 8.864475
123	 15	 15	 1	 0.000021	 -1	 0.000000	 10.507972
124	 15	 15	 1	 0.000017	 -1	 0.000000	 8.498171
125	 15	 15	 1	 0.000017	 -1	 0.000000	 8.471839
126	 15	 15	 1	 0.000016	 -1	 0.000000	 9.823771
127	 15	 15	 1	 0.000035	 -1	 0.000000	 8.508563
128	 15	 15	 1	 0.000022	 -1	 0.000000	 7.742078
129	 15	 15	 1	 0.000024	 -1	 0.000000	 10.419480
130	 15	 15	 1	 0.027341	 -1	 0.000000	 7.992256
606	 5	 5	 0	 385.374188	 -1	 0.000000	 2.778766
131	 15	 15	 0	 93.546857	 -1	 0.000000	 8.506240
132	 15	 15	 1	 0.000041	 -1	 0.000000	 15.417469
133	 15	 15	 1	 0.000017	 -1	 0.000000	 9.242235
134	 15	 15	 1	 0.000035	 -1	 0.000000	 13.697055
135	 15	 15	 1	 0.000020	 -1	 0.000000	 9.227895
136	 15	 15	 1	 0.000016	 -1	 0.000000	 11.206432
137	 15	 15	 1	 6.327290	 -1	 0.000000	 12.349837
138	 15	 15	 1	 0.000014	 -1	 0.000000	 10.119678
139	 15	 15	 1	 0.000039	 -1	 0.000000	 7.902563
140	 15	 15	 1	 0.000036	 -1	 0.000000	 7.602518
141	 15	 15	 1	 0.000026	 -1	 0.000000	 9.260023
142	 15	 15	 0	 101.944525	 -1	 0.000000	 12.417884
143	 15	 15	 1	 0.000008	 -1	 0.000000	 9.068348
144	 15	 15	 1	 7.385190	 -1	 0.000000	 12.344460
145	 15	 15	 0	 243.621683	 -1	 0.000000	 7.416949
146	 15	 15	 1	 0.000041	 -1	 0.000000	 10.772326
147	 15	 15	 1	 0.000375	 -1	 0.000000	 8.032110
148	 15	 15	 1	 0.002601	 -1	 0.000000	 15.056271
149	 15	 15	 1	 0.000018	 -1	 0.000000	 10.281368
150	 15	 15	 1	 0.000014	 -1	 0.000000	 8.653075
151	 15	 15	 1	 0.000078	 -1	 0.000000	 9.337913
152	 15	 15	 1	 0.000021	 -1	 0.000000	 20.889799
153	 15	 15	 1	 0.000025	 -1	 0.000000	 18.001217
154	 15	 15	 1	 0.000018	 -1	 0.000000	 14.205085
155	 15	 15	 1	 0.000023	 -1	 0.000000	 6.503502
157	 15	 15	 1	 0.000018	 -1	 0.000000	 8.642884
158	 15	 15	 1	 66.880007	 -1	 0.000000	 11.070426
159	 15	 15	 1	 0.000024	 -1	 0.000000	 12.881111
160	 15	 15	 1	 0.000015	 -1	 0.000000	 10.101915
161	 15	 15	 1	 0.013577	 -1	 0.000000	 11.132617
162	 15	 15	 1	 0.000010	 -1	 0.000000	 8.926728
163	 15	 15	 1	 0.000046	 -1	 0.000000	 9.142116
164	 15	 15	 1	 0.000027	 -1	 0.000000	 9.115545
165	 15	 15	 1	 0.000018	 -1	 0.000000	 7.366272
166	 15	 15	 1	 0.000033	 -1	 0.000000	 9.923154
167	 15	 15	 1	 0.000014	 -1	 0.000000	 7.449160
168	 15	 15	 1	 0.075547	 -1	 0.000000	 7.076516
169	 15	 15	 1	 0.000024	 -1	 0.000000	 9.107345
170	 15	 15	 1	 0.000034	 -1	 0.000000	 9.868419
171	 15	 15	 1	 0.000039	 -1	 0.000000	 12.574718
172	 15	 15	 1	 0.000008	 -1	 0.000000	 12.268585
173	 15	 15	 1	 0.000027	 -1	 0.000000	 11.061270
174	 15	 15	 1	 0.000029	 -1	 0.000000	 8.307973
175	 15	 15	 1	 0.000054	 -1	 0.000000	 7.793903
176	 15	 15	 1	 0.000012	 -1	 0.000000	 9.781406
177	 15	 15	 1	 0.104583	 -1	 0.000000	 7.902990
178	 15	 15	 1	 0.000015	 -1	 0.000000	 10.291085
179	 15	 15	 1	 0.000015	 -1	 0.000000	 9.457541
180	 15	 15	 1	 0.000045	 -1	 0.000000	 12.148196
181	 15	 15	 1	 0.002674	 -1	 0.000000	 10.780064
182	 15	 15	 1	 0.025682	 -1	 0.000000	 9.045415
183	 15	 15	 1	 0.048559	 -1	 0.000000	 8.667089
185	 15	 15	 1	 0.000039	 -1	 0.000000	 9.416389
186	 15	 15	 1	 0.003300	 -1	 0.000000	 9.113760
187	 15	 15	 1	 0.000039	 -1	 0.000000	 15.369905
188	 15	 15	 1	 0.000022	 -1	 0.000000	 8.746030
189	 15	 15	 1	 0.000020	 -1	 0.000000	 8.217565
191	 15	 15	 1	 0.016676	 -1	 0.000000	 12.308641
192	 15	 15	 1	 0.048479	 -1	 0.000000	 8.586979
193	 15	 15	 1	 0.000022	 -1	 0.000000	 15.270971
194	 15	 15	 1	 0.001643	 -1	 0.000000	 15.536860
195	 15	 15	 1	 0.000022	 -1	 0.000000	 9.622187
198	 15	 15	 1	 0.000022	 -1	 0.000000	 10.850111
199	 15	 15	 1	 0.000044	 -1	 0.000000	 9.943286
230	 15	 15	 1	 0.000019	 -1	 0.000000	 13.904059
231	 15	 15	 1	 64.572565	 -1	 0.000000	 7.296231
232	 15	 15	 1	 0.000011	 -1	 0.000000	 9.311802
233	 15	 15	 1	 12.054187	 -1	 0.000000	 9.358625
234	 15	 15	 1	 0.000017	 -1	 0.000000	 7.951543
235	 15	 15	 1	 0.000030	 -1	 0.000000	 7.908736
236	 15	 15	 1	 37.719311	 -1	 0.000000	 8.772248
237	 15	 15	 1	 0.000014	 -1	 0.000000	 12.013634
238	 15	 15	 1	 0.000062	 -1	 0.000000	 8.698740
239	 15	 15	 1	 0.000015	 -1	 0.000000	 13.161562
211	 15	 15	 1	 0.000026	 -1	 0.000000	 12.577571
240	 15	 15	 1	 18.228174	 -1	 0.000000	 10.624473
241	 15	 15	 1	 77.233691	 -1	 0.000000	 11.228063
242	 15	 15	 0	 105.797194	 -1	 0.000000	 10.929750
243	 15	 15	 1	 0.000043	 -1	 0.000000	 9.618552
244	 15	 15	 1	 0.000014	 -1	 0.000000	 9.641528
245	 15	 15	 1	 0.000032	 -1	 0.000000	 11.807932
246	 15	 15	 1	 0.000016	 -1	 0.000000	 14.815645
247	 15	 15	 1	 0.000029	 -1	 0.000000	 7.532851
248	 15	 15	 1	 0.000026	 -1	 0.000000	 9.072100
249	 15	 15	 1	 0.000014	 -1	 0.000000	 9.985676
250	 15	 15	 1	 0.000021	 -1	 0.000000	 15.207529
>>> gr_fir_ccf: using E
>>> gr_fir_fff: using E
gr_buffer::allocate_buffer: warning: tried to allocate
   19 items of size 3312. Due to alignment requirements
   256 were allocated.  If this isn't OK, consider padding
   your structure to a power-of-two bytes.
   On this platform, our allocation granularity is 4096 bytes.
3	 15	 15	 1	 0.027866	 -1	 0.000000	 16.242441
4	 15	 15	 1	 0.000026	 -1	 0.000000	 13.230620
5	 15	 15	 1	 0.000011	 -1	 0.000000	 16.757338
6	 15	 15	 1	 0.000038	 -1	 0.000000	 8.544886
7	 15	 15	 1	 0.000034	 -1	 0.000000	 14.162244
8	 15	 15	 1	 14.979661	 -1	 0.000000	 8.331614
9	 15	 15	 1	 0.000016	 -1	 0.000000	 14.552204
10	 15	 15	 1	 0.031043	 -1	 0.000000	 9.652792
11	 15	 15	 1	 0.000047	 -1	 0.000000	 12.273677
12	 15	 15	 0	 198.609346	 -1	 0.000000	 15.923290
13	 15	 15	 1	 62.333350	 -1	 0.000000	 10.892139
14	 15	 15	 1	 0.000032	 -1	 0.000000	 10.617698
15	 15	 15	 1	 0.000026	 -1	 0.000000	 6.655980
16	 15	 15	 1	 0.000039	 -1	 0.000000	 7.809986
17	 15	 15	 1	 0.070986	 -1	 0.000000	 8.208779
18	 15	 15	 1	 0.038211	 -1	 0.000000	 12.435294
19	 15	 15	 1	 0.000031	 -1	 0.000000	 9.505980
20	 15	 15	 0	 188.497862	 -1	 0.000000	 7.272675
21	 15	 15	 1	 0.000051	 -1	 0.000000	 13.010634
22	 15	 15	 1	 0.000019	 -1	 0.000000	 7.647241
23	 15	 15	 1	 0.000027	 -1	 0.000000	 13.583930
25	 15	 15	 1	 0.000014	 -1	 0.000000	 9.125603
26	 15	 15	 1	 0.000039	 -1	 0.000000	 9.202224
27	 15	 15	 1	 0.000028	 -1	 0.000000	 9.636369
28	 15	 15	 1	 0.000034	 -1	 0.000000	 8.902846
29	 15	 15	 1	 0.000017	 -1	 0.000000	 9.829310
30	 15	 15	 0	 361.783649	 -1	 0.000000	 7.208228
31	 15	 15	 1	 0.000022	 -1	 0.000000	 11.124908
32	 15	 15	 1	 0.000011	 -1	 0.000000	 9.295355
33	 15	 15	 1	 9.286505	 -1	 0.000000	 7.641229
34	 15	 15	 1	 0.000021	 -1	 0.000000	 7.318827
35	 15	 15	 1	 0.000020	 -1	 0.000000	 8.004749
36	 15	 15	 1	 0.000020	 -1	 0.000000	 7.257779
37	 15	 15	 1	 0.000013	 -1	 0.000000	 10.951475
38	 15	 15	 1	 104.935699	 -1	 0.000000	 7.447479
39	 15	 15	 1	 0.000016	 -1	 0.000000	 10.666210
40	 15	 15	 1	 0.000033	 -1	 0.000000	 12.053915
41	 15	 15	 1	 0.000032	 -1	 0.000000	 10.177691
42	 15	 15	 1	 0.000009	 -1	 0.000000	 11.013916
43	 15	 15	 1	 0.000017	 -1	 0.000000	 9.641228
44	 15	 15	 0	 85.682747	 -1	 0.000000	 8.937651
45	 15	 15	 1	 0.000041	 -1	 0.000000	 9.853451
46	 15	 15	 1	 0.000020	 -1	 0.000000	 9.549908
47	 15	 15	 1	 0.000019	 -1	 0.000000	 18.776655
48	 15	 15	 1	 0.000015	 -1	 0.000000	 13.866890
49	 15	 15	 1	 0.000012	 -1	 0.000000	 15.237704
50	 15	 15	 1	 0.000049	 -1	 0.000000	 9.878540
51	 15	 15	 1	 0.000013	 -1	 0.000000	 12.064342
52	 15	 15	 1	 0.000026	 -1	 0.000000	 10.481769
53	 15	 15	 1	 33.237352	 -1	 0.000000	 8.865464
54	 15	 15	 1	 0.000015	 -1	 0.000000	 9.769662
55	 15	 15	 1	 0.000220	 -1	 0.000000	 8.457951
56	 15	 15	 1	 0.000011	 -1	 0.000000	 7.601956
57	 15	 15	 1	 0.000026	 -1	 0.000000	 14.353309
59	 15	 15	 1	 0.000016	 -1	 0.000000	 9.191127
60	 15	 15	 1	 0.000016	 -1	 0.000000	 11.257329
61	 15	 15	 0	 232.822645	 -1	 0.000000	 7.516905
62	 15	 15	 1	 0.000036	 -1	 0.000000	 13.581618
63	 15	 15	 1	 0.000043	 -1	 0.000000	 7.243769
64	 15	 15	 1	 0.000028	 -1	 0.000000	 9.017757
65	 15	 15	 1	 0.000031	 -1	 0.000000	 8.580989
66	 15	 15	 1	 0.000008	 -1	 0.000000	 7.617158
67	 15	 15	 1	 0.000030	 -1	 0.000000	 15.839322
68	 15	 15	 1	 0.000024	 -1	 0.000000	 7.279422
69	 15	 15	 1	 0.000034	 -1	 0.000000	 11.168384
70	 15	 15	 1	 0.000015	 -1	 0.000000	 10.242634
71	 15	 15	 1	 0.000013	 -1	 0.000000	 8.130485
72	 15	 15	 0	 123.468426	 -1	 0.000000	 10.380194
73	 15	 15	 1	 0.000010	 -1	 0.000000	 12.078763
74	 15	 15	 1	 0.000051	 -1	 0.000000	 9.733606
75	 15	 15	 1	 0.000026	 -1	 0.000000	 7.889940
76	 15	 15	 1	 0.000028	 -1	 0.000000	 9.925614
77	 15	 15	 1	 0.000032	 -1	 0.000000	 12.805533
78	 15	 15	 1	 0.000011	 -1	 0.000000	 7.446608
79	 15	 15	 1	 0.000031	 -1	 0.000000	 10.009926
80	 15	 15	 1	 0.000015	 -1	 0.000000	 8.217471
81	 15	 15	 1	 0.000033	 -1	 0.000000	 10.141372
82	 15	 15	 1	 0.000018	 -1	 0.000000	 10.432105
83	 15	 15	 1	 0.000025	 -1	 0.000000	 11.532517
84	 15	 15	 0	 107.580803	 -1	 0.000000	 18.865509
85	 15	 15	 1	 0.000014	 -1	 0.000000	 9.617103
86	 15	 15	 1	 0.000047	 -1	 0.000000	 10.159436
87	 15	 15	 0	 176.982021	 -1	 0.000000	 7.867929
88	 15	 15	 1	 0.000034	 -1	 0.000000	 8.656746
89	 15	 15	 1	 0.000022	 -1	 0.000000	 10.884034
90	 15	 15	 1	 0.000014	 -1	 0.000000	 7.748204
91	 15	 15	 1	 0.000028	 -1	 0.000000	 10.691291
93	 15	 15	 1	 29.871259	 -1	 0.000000	 8.265509
94	 15	 15	 1	 36.839082	 -1	 0.000000	 8.351247
95	 15	 15	 1	 0.000017	 -1	 0.000000	 12.340402
96	 15	 15	 1	 0.000026	 -1	 0.000000	 9.572108
97	 15	 15	 1	 0.000017	 -1	 0.000000	 7.933565
98	 15	 15	 1	 0.000073	 -1	 0.000000	 7.252719
99	 15	 15	 1	 0.013434	 -1	 0.000000	 9.978586
100	 15	 15	 1	 0.000029	 -1	 0.000000	 9.830271
101	 15	 15	 1	 0.025379	 -1	 0.000000	 9.419538
102	 15	 15	 1	 0.000011	 -1	 0.000000	 9.043550
103	 15	 15	 1	 0.000023	 -1	 0.000000	 11.519584
104	 15	 15	 1	 0.000012	 -1	 0.000000	 8.893741
105	 15	 15	 1	 0.000037	 -1	 0.000000	 10.192467
106	 15	 15	 1	 0.000020	 -1	 0.000000	 9.431763
107	 15	 15	 1	 16.416395	 -1	 0.000000	 11.112394
108	 15	 15	 1	 0.000032	 -1	 0.000000	 13.380734
109	 15	 15	 1	 0.000019	 -1	 0.000000	 8.965018
110	 15	 15	 1	 23.319311	 -1	 0.000000	 10.471334
111	 15	 15	 1	 0.000018	 -1	 0.000000	 8.251950
113	 15	 15	 1	 0.000027	 -1	 0.000000	 9.513304
114	 15	 15	 0	 95.758669	 -1	 0.000000	 8.810757
115	 15	 15	 1	 0.000032	 -1	 0.000000	 9.567435
116	 15	 15	 1	 0.000024	 -1	 0.000000	 9.185791
117	 15	 15	 1	 0.002325	 -1	 0.000000	 13.993176
118	 15	 15	 1	 0.000025	 -1	 0.000000	 7.177913
119	 15	 15	 1	 0.000017	 -1	 0.000000	 8.663751
120	 15	 15	 1	 0.000016	 -1	 0.000000	 14.957774
121	 15	 15	 1	 0.000020	 -1	 0.000000	 6.737996
122	 15	 15	 1	 0.000046	 -1	 0.000000	 14.186205
123	 15	 15	 1	 0.001031	 -1	 0.000000	 8.195242
124	 15	 15	 1	 0.000036	 -1	 0.000000	 7.440831
125	 15	 15	 1	 0.000017	 -1	 0.000000	 8.812885
126	 15	 15	 1	 0.000023	 -1	 0.000000	 9.338218
127	 15	 15	 1	 0.000026	 -1	 0.000000	 11.973612
128	 15	 15	 1	 0.196278	 -1	 0.000000	 8.548032
129	 15	 15	 1	 0.000027	 -1	 0.000000	 11.116834
130	 15	 15	 1	 12.812977	 -1	 0.000000	 15.436221
131	 15	 15	 1	 0.033750	 -1	 0.000000	 10.846756
132	 15	 15	 1	 0.000018	 -1	 0.000000	 10.312575
133	 15	 15	 1	 0.000012	 -1	 0.000000	 12.280006
134	 15	 15	 0	 240.251674	 -1	 0.000000	 8.654515
135	 15	 15	 1	 11.432647	 -1	 0.000000	 8.752797
136	 15	 15	 1	 0.080016	 -1	 0.000000	 11.215293
137	 15	 15	 1	 0.437832	 -1	 0.000000	 7.551675
138	 15	 15	 1	 0.000015	 -1	 0.000000	 8.839120
139	 15	 15	 1	 0.000015	 -1	 0.000000	 9.491024
140	 15	 15	 1	 0.000010	 -1	 0.000000	 10.039536
141	 15	 15	 0	 210.850695	 -1	 0.000000	 7.361720
142	 15	 15	 1	 0.000024	 -1	 0.000000	 7.760757
143	 15	 15	 1	 0.000019	 -1	 0.000000	 15.129808
144	 15	 15	 1	 0.000024	 -1	 0.000000	 10.326818
145	 15	 15	 0	 184.761449	 -1	 0.000000	 9.234899
146	 15	 15	 1	 0.002028	 -1	 0.000000	 7.558020
147	 15	 15	 1	 0.000012	 -1	 0.000000	 10.701890
148	 15	 15	 1	 0.000034	 -1	 0.000000	 8.873638
149	 15	 15	 1	 0.000030	 -1	 0.000000	 10.758548
150	 15	 15	 1	 0.000019	 -1	 0.000000	 9.008367
151	 15	 15	 1	 0.000392	 -1	 0.000000	 11.867914
152	 15	 15	 1	 0.000011	 -1	 0.000000	 10.163353
153	 15	 15	 1	 0.000031	 -1	 0.000000	 8.383962
154	 15	 15	 1	 0.022522	 -1	 0.000000	 9.133660
155	 15	 15	 1	 0.000012	 -1	 0.000000	 7.844821
156	 15	 15	 1	 0.000047	 -1	 0.000000	 9.907954
157	 15	 15	 1	 0.000014	 -1	 0.000000	 15.044032
158	 15	 15	 0	 207.471771	 -1	 0.000000	 10.783599
159	 15	 15	 1	 0.000026	 -1	 0.000000	 9.193865
160	 15	 15	 1	 0.000031	 -1	 0.000000	 9.497320
161	 15	 15	 1	 0.000029	 -1	 0.000000	 8.240892
162	 15	 15	 1	 0.000012	 -1	 0.000000	 11.767524
163	 15	 15	 1	 8.342326	 -1	 0.000000	 10.994242
164	 15	 15	 1	 0.000012	 -1	 0.000000	 9.845352
165	 15	 15	 1	 0.000044	 -1	 0.000000	 11.311315
166	 15	 15	 0	 135.274268	 -1	 0.000000	 10.002612
167	 15	 15	 1	 0.000020	 -1	 0.000000	 9.110846
168	 15	 15	 0	 182.256471	 -1	 0.000000	 10.736676
170	 15	 15	 1	 0.000055	 -1	 0.000000	 11.430282
171	 15	 15	 1	 56.409808	 -1	 0.000000	 9.146515
172	 15	 15	 1	 0.000022	 -1	 0.000000	 14.383132
173	 15	 15	 1	 0.000033	 -1	 0.000000	 7.716530
174	 15	 15	 1	 0.000010	 -1	 0.000000	 12.890433
175	 15	 15	 1	 0.000037	 -1	 0.000000	 12.522877
176	 15	 15	 1	 0.000022	 -1	 0.000000	 8.554082
177	 15	 15	 1	 0.000033	 -1	 0.000000	 9.882543
178	 15	 15	 1	 0.000029	 -1	 0.000000	 9.355374
179	 15	 15	 1	 0.000017	 -1	 0.000000	 14.351841
180	 15	 15	 1	 0.000047	 -1	 0.000000	 8.602153
181	 15	 15	 1	 0.377506	 -1	 0.000000	 7.253059
183	 15	 15	 1	 0.000033	 -1	 0.000000	 11.858915
184	 15	 15	 0	 118.856090	 -1	 0.000000	 8.383358
185	 15	 15	 1	 0.000014	 -1	 0.000000	 9.981445
186	 15	 15	 1	 0.000007	 -1	 0.000000	 9.935711
187	 15	 15	 1	 0.000034	 -1	 0.000000	 8.283296
188	 15	 15	 1	 0.000024	 -1	 0.000000	 9.417624
189	 15	 15	 1	 0.000041	 -1	 0.000000	 8.400353
190	 15	 15	 1	 0.001051	 -1	 0.000000	 9.081122
191	 15	 15	 1	 0.000016	 -1	 0.000000	 13.638601
193	 15	 15	 0	 495.410160	 -1	 0.000000	 7.394619
194	 15	 15	 1	 47.591159	 -1	 0.000000	 6.851030
195	 15	 15	 1	 0.000013	 -1	 0.000000	 10.334455
196	 15	 15	 1	 0.000017	 -1	 0.000000	 10.248543
197	 15	 15	 1	 0.000025	 -1	 0.000000	 12.401091
198	 15	 15	 1	 0.000013	 -1	 0.000000	 7.191133
199	 15	 15	 1	 0.000061	 -1	 0.000000	 10.100974
201	 15	 15	 1	 0.000039	 -1	 0.000000	 11.312419
203	 15	 15	 0	 347.515745	 -1	 0.000000	 13.612653
205	 15	 15	 1	 0.000014	 -1	 0.000000	 15.293307
206	 15	 15	 1	 27.285010	 -1	 0.000000	 7.886187
207	 15	 15	 1	 0.000015	 -1	 0.000000	 8.906312
208	 15	 15	 1	 79.674981	 -1	 0.000000	 7.726159
209	 15	 15	 1	 47.605987	 -1	 0.000000	 8.604825
210	 15	 15	 1	 0.000011	 -1	 0.000000	 6.857125
214	 15	 15	 0	 284.638261	 -1	 0.000000	 10.676325
215	 15	 15	 1	 0.000020	 -1	 0.000000	 10.550258
216	 15	 15	 1	 0.000028	 -1	 0.000000	 14.197710
217	 15	 15	 1	 0.000023	 -1	 0.000000	 8.268170
218	 15	 15	 1	 0.000058	 -1	 0.000000	 7.941543
219	 15	 15	 1	 0.000014	 -1	 0.000000	 7.183585
222	 15	 15	 0	 157.781602	 -1	 0.000000	 7.224046
709	 10	 10	 0	 479.295400	 -1	 0.000000	 4.429714
>>> gr_fir_ccf: using E
>>> gr_fir_fff: using E
gr_buffer::allocate_buffer: warning: tried to allocate
   19 items of size 3312. Due to alignment requirements
   256 were allocated.  If this isn't OK, consider padding
   your structure to a power-of-two bytes.
   On this platform, our allocation granularity is 4096 bytes.
0	 5	 5	 1	 0.002264	 -1	 0.000000	 17.271458
1	 5	 5	 1	 0.005676	 -1	 0.000000	 8.430568
2	 5	 5	 1	 0.005649	 -1	 0.000000	 12.042677
3	 5	 5	 0	 193.427813	 -1	 0.000000	 9.579528
4	 5	 5	 1	 0.008318	 -1	 0.000000	 9.653419
>>> gr_fir_ccf: using E
>>> gr_fir_fff: using E
gr_buffer::allocate_buffer: warning: tried to allocate
   19 items of size 3312. Due to alignment requirements
   256 were allocated.  If this isn't OK, consider padding
   your structure to a power-of-two bytes.
   On this platform, our allocation granularity is 4096 bytes.
20	 5	 5	 1	 0.004041	 -1	 0.000000	 8.184725
21	 5	 5	 1	 0.007833	 -1	 0.000000	 9.456343
22	 5	 5	 1	 0.004782	 -1	 0.000000	 9.332303
23	 5	 5	 1	 0.004997	 -1	 0.000000	 7.895476
24	 5	 5	 1	 0.006683	 -1	 0.000000	 9.045700
25	 5	 5	 1	 0.004618	 -1	 0.000000	 10.076838
26	 5	 5	 1	 0.001705	 -1	 0.000000	 8.482256
27	 5	 5	 1	 0.003626	 -1	 0.000000	 11.119393
28	 5	 5	 1	 41.610231	 -1	 0.000000	 7.340368
29	 5	 5	 1	 0.008474	 -1	 0.000000	 8.134400
30	 5	 5	 1	 0.006542	 -1	 0.000000	 11.425128
31	 5	 5	 1	 0.002875	 -1	 0.000000	 7.680913
32	 5	 5	 1	 0.738071	 -1	 0.000000	 14.325505
33	 5	 5	 1	 0.008647	 -1	 0.000000	 10.209610
34	 5	 5	 1	 0.046947	 -1	 0.000000	 9.596515
35	 5	 5	 1	 0.005190	 -1	 0.000000	 10.868288
36	 5	 5	 1	 0.004189	 -1	 0.000000	 9.410137
37	 5	 5	 1	 0.004003	 -1	 0.000000	 11.611851
38	 5	 5	 1	 0.007338	 -1	 0.000000	 9.347734
39	 5	 5	 1	 1.391004	 -1	 0.000000	 9.505631
40	 5	 5	 1	 0.005624	 -1	 0.000000	 12.567573
41	 5	 5	 1	 0.005932	 -1	 0.000000	 10.697008
42	 5	 5	 1	 0.002302	 -1	 0.000000	 10.117161
43	 5	 5	 1	 0.006754	 -1	 0.000000	 10.760117
0	 7	 7	 1	 0.008577	 -1	 0.000000	 15.998048
1	 7	 7	 1	 0.008249	 -1	 0.000000	 9.749128
2	 7	 7	 1	 0.006806	 -1	 0.000000	 10.493280
3	 7	 7	 0	 241.824325	 -1	 0.000000	 12.407320
4	 7	 7	 1	 0.015091	 -1	 0.000000	 11.511403
5	 7	 7	 1	 0.006713	 -1	 0.000000	 7.933813
6	 7	 7	 1	 0.012936	 -1	 0.000000	 8.921557
7	 7	 7	 1	 0.010131	 -1	 0.000000	 8.620786
8	 7	 7	 1	 0.002604	 -1	 0.000000	 8.587921
>>> gr_fir_ccf: using E
>>> gr_fir_fff: using E
gr_buffer::allocate_buffer: warning: tried to allocate
   19 items of size 3312. Due to alignment requirements
   256 were allocated.  If this isn't OK, consider padding
   your structure to a power-of-two bytes.
   On this platform, our allocation granularity is 4096 bytes.
20	 7	 7	 1	 2.078108	 -1	 0.000000	 9.591096
21	 7	 7	 1	 0.015186	 -1	 0.000000	 9.779542
22	 7	 7	 1	 0.127597	 -1	 0.000000	 7.473141
23	 7	 7	 1	 104.151953	 -1	 0.000000	 10.129792
24	 7	 7	 1	 54.368191	 -1	 0.000000	 9.039130
25	 7	 7	 1	 0.006573	 -1	 0.000000	 9.366972
26	 7	 7	 1	 0.018414	 -1	 0.000000	 10.220099
27	 7	 7	 1	 11.669425	 -1	 0.000000	 12.414603
28	 7	 7	 1	 0.008022	 -1	 0.000000	 9.771095
29	 7	 7	 1	 0.007099	 -1	 0.000000	 14.653563
30	 7	 7	 1	 0.190569	 -1	 0.000000	 8.147763
31	 7	 7	 1	 0.019834	 -1	 0.000000	 11.579902
32	 7	 7	 1	 0.008267	 -1	 0.000000	 9.089704
33	 7	 7	 1	 0.009703	 -1	 0.000000	 13.322263
34	 7	 7	 1	 18.516676	 -1	 0.000000	 9.224504
35	 7	 7	 1	 16.238779	 -1	 0.000000	 10.388244
36	 7	 7	 1	 0.010489	 -1	 0.000000	 10.092218
37	 7	 7	 1	 0.007187	 -1	 0.000000	 7.348242
38	 7	 7	 1	 0.015321	 -1	 0.000000	 9.873438
39	 7	 7	 1	 0.011860	 -1	 0.000000	 10.640586
40	 7	 7	 1	 0.006382	 -1	 0.000000	 9.125439
41	 7	 7	 1	 0.007230	 -1	 0.000000	 9.684559
42	 7	 7	 1	 0.002979	 -1	 0.000000	 10.080403
43	 7	 7	 1	 0.015595	 -1	 0.000000	 8.523516
44	 7	 7	 1	 0.009211	 -1	 0.000000	 8.055431
45	 7	 7	 0	 222.680571	 -1	 0.000000	 7.223894
46	 7	 7	 1	 0.011959	 -1	 0.000000	 10.488844
47	 7	 7	 1	 0.006684	 -1	 0.000000	 7.822026
48	 7	 7	 1	 0.015100	 -1	 0.000000	 8.706646
49	 7	 7	 1	 0.008414	 -1	 0.000000	 12.257231
50	 7	 7	 1	 0.017707	 -1	 0.000000	 8.453233
51	 7	 7	 1	 0.004906	 -1	 0.000000	 15.048662
52	 7	 7	 1	 0.005078	 -1	 0.000000	 8.718843
53	 7	 7	 1	 0.017265	 -1	 0.000000	 8.147824
54	 7	 7	 1	 0.005041	 -1	 0.000000	 10.188606
55	 7	 7	 1	 0.017159	 -1	 0.000000	 9.142633
56	 7	 7	 1	 0.004527	 -1	 0.000000	 8.971108
57	 7	 7	 1	 0.002669	 -1	 0.000000	 15.334491
58	 7	 7	 1	 0.009937	 -1	 0.000000	 8.591922
59	 7	 7	 1	 0.004998	 -1	 0.000000	 9.067441
60	 7	 7	 0	 110.560430	 -1	 0.000000	 9.036647
62	 7	 7	 1	 0.011791	 -1	 0.000000	 16.072880
63	 7	 7	 1	 0.006398	 -1	 0.000000	 11.173155
64	 7	 7	 1	 0.006321	 -1	 0.000000	 9.528776
65	 7	 7	 1	 0.032290	 -1	 0.000000	 9.139634
66	 7	 7	 1	 0.008816	 -1	 0.000000	 15.095398
67	 7	 7	 1	 0.020743	 -1	 0.000000	 11.977775
68	 7	 7	 1	 0.007974	 -1	 0.000000	 8.857536
69	 7	 7	 1	 0.007295	 -1	 0.000000	 6.816245
70	 7	 7	 1	 0.010120	 -1	 0.000000	 11.598918
71	 7	 7	 1	 0.005020	 -1	 0.000000	 8.913757
72	 7	 7	 1	 23.397624	 -1	 0.000000	 11.369022
>>> gr_fir_ccf: using E
>>> gr_fir_fff: using E
gr_buffer::allocate_buffer: warning: tried to allocate
   19 items of size 3312. Due to alignment requirements
   256 were allocated.  If this isn't OK, consider padding
   your structure to a power-of-two bytes.
   On this platform, our allocation granularity is 4096 bytes.
20	 9	 9	 1	 8.620178	 -1	 0.000000	 9.090642
21	 9	 9	 1	 18.751907	 -1	 0.000000	 7.926347
22	 9	 9	 1	 9.033701	 -1	 0.000000	 15.865765
23	 9	 9	 1	 219.754887	 -1	 0.000000	 9.339946
24	 9	 9	 1	 7.936547	 -1	 0.000000	 10.028101
25	 9	 9	 1	 13.788321	 -1	 0.000000	 9.196150
26	 9	 9	 1	 11.710931	 -1	 0.000000	 12.123278
27	 9	 9	 1	 8.770913	 -1	 0.000000	 10.089347
28	 9	 9	 1	 47.158972	 -1	 0.000000	 9.074516
30	 9	 9	 1	 11.101107	 -1	 0.000000	 9.290870
31	 9	 9	 1	 160.764982	 -1	 0.000000	 10.276208
32	 9	 9	 1	 9.348897	 -1	 0.000000	 8.474485
33	 9	 9	 1	 45.005826	 -1	 0.000000	 7.572412
34	 9	 9	 1	 115.813426	 -1	 0.000000	 10.730449
35	 9	 9	 1	 19.832619	 -1	 0.000000	 11.635721
36	 9	 9	 1	 12.961707	 -1	 0.000000	 12.628178
37	 9	 9	 1	 121.385517	 -1	 0.000000	 9.132484
38	 9	 9	 1	 167.843145	 -1	 0.000000	 8.258880
>>> gr_fir_ccf: using E
>>> gr_fir_fff: using E
terminate called after throwing an instance of 'std::invalid_argument'
  what():  gr_ofdm_demod: Incorrect subcarriers allocated
>>> gr_fir_ccf: using E
>>> gr_fir_fff: using E
gr_buffer::allocate_buffer: warning: tried to allocate
   19 items of size 3312. Due to alignment requirements
   256 were allocated.  If this isn't OK, consider padding
   your structure to a power-of-two bytes.
   On this platform, our allocation granularity is 4096 bytes.
15	 11	 11	 1	 17.340612	 -1	 0.000000	 9.077331
16	 11	 11	 1	 190.027157	 -1	 0.000000	 12.253297
17	 11	 11	 1	 13.875672	 -1	 0.000000	 10.228889
18	 11	 11	 1	 7.372845	 -1	 0.000000	 8.511851
19	 11	 11	 1	 13.357213	 -1	 0.000000	 23.127705
20	 11	 11	 1	 13.035717	 -1	 0.000000	 12.342216
21	 11	 11	 1	 46.225696	 -1	 0.000000	 6.897429
22	 11	 11	 1	 15.864729	 -1	 0.000000	 10.606091
23	 11	 11	 1	 20.508847	 -1	 0.000000	 11.083473
24	 11	 11	 1	 11.265027	 -1	 0.000000	 10.764205
25	 11	 11	 1	 72.327178	 -1	 0.000000	 12.582734
26	 11	 11	 1	 47.072059	 -1	 0.000000	 9.840602
27	 11	 11	 1	 17.056286	 -1	 0.000000	 11.463501
28	 11	 11	 1	 101.424855	 -1	 0.000000	 11.772392
29	 11	 11	 1	 123.269862	 -1	 0.000000	 10.679078
30	 11	 11	 1	 57.089262	 -1	 0.000000	 9.983647
31	 11	 11	 1	 45.828754	 -1	 0.000000	 7.781193
32	 11	 11	 1	 13.825922	 -1	 0.000000	 9.580252
33	 11	 11	 1	 39.661073	 -1	 0.000000	 11.015820
34	 11	 11	 1	 23.190836	 -1	 0.000000	 11.941593
35	 11	 11	 1	 20.216374	 -1	 0.000000	 6.883611
36	 11	 11	 1	 72.472428	 -1	 0.000000	 12.446011
37	 11	 11	 1	 13.463791	 -1	 0.000000	 9.278668
38	 11	 11	 1	 168.328017	 -1	 0.000000	 9.128425
39	 11	 11	 1	 32.343213	 -1	 0.000000	 9.416344
40	 11	 11	 1	 88.966097	 -1	 0.000000	 8.567558
41	 11	 11	 1	 74.846035	 -1	 0.000000	 9.422283
42	 11	 11	 1	 6.316746	 -1	 0.000000	 10.948542
43	 11	 11	 1	 50.190650	 -1	 0.000000	 10.177410
44	 11	 11	 1	 25.612610	 -1	 0.000000	 8.700833
45	 11	 11	 1	 36.541132	 -1	 0.000000	 9.123232
46	 11	 11	 1	 19.908216	 -1	 0.000000	 9.214963
47	 11	 11	 1	 8.260779	 -1	 0.000000	 9.552223
48	 11	 11	 1	 38.447394	 -1	 0.000000	 7.570634
49	 11	 11	 1	 139.285356	 -1	 0.000000	 13.834528
50	 11	 11	 1	 137.820794	 -1	 0.000000	 13.658923
51	 11	 11	 1	 129.660606	 -1	 0.000000	 9.030551
52	 11	 11	 1	 65.933158	 -1	 0.000000	 9.064936
53	 11	 11	 1	 17.231450	 -1	 0.000000	 11.763490
54	 11	 11	 1	 18.541463	 -1	 0.000000	 7.880546
55	 11	 11	 1	 67.398299	 -1	 0.000000	 11.423459
56	 11	 11	 1	 9.274305	 -1	 0.000000	 8.796302
57	 11	 11	 1	 65.802879	 -1	 0.000000	 7.997097
58	 11	 11	 1	 110.390990	 -1	 0.000000	 11.750063
59	 11	 11	 1	 12.793291	 -1	 0.000000	 10.313164
60	 11	 11	 1	 39.394276	 -1	 0.000000	 11.277613
61	 11	 11	 1	 17.910310	 -1	 0.000000	 11.338951
62	 11	 11	 1	 96.555265	 -1	 0.000000	 16.645842
63	 11	 11	 1	 17.130199	 -1	 0.000000	 12.113817
64	 11	 11	 1	 62.053762	 -1	 0.000000	 12.658960
65	 11	 11	 1	 190.980095	 -1	 0.000000	 9.164474
66	 11	 11	 1	 11.411810	 -1	 0.000000	 9.727309
67	 11	 11	 1	 40.241448	 -1	 0.000000	 12.184614
68	 11	 11	 1	 26.687287	 -1	 0.000000	 12.680192
69	 11	 11	 1	 22.012039	 -1	 0.000000	 7.078652
70	 11	 11	 1	 36.535177	 -1	 0.000000	 9.377908
71	 11	 11	 1	 12.866437	 -1	 0.000000	 8.180269
72	 11	 11	 1	 49.248338	 -1	 0.000000	 9.622489
73	 11	 11	 1	 76.463290	 -1	 0.000000	 9.601924
74	 11	 11	 1	 14.513980	 -1	 0.000000	 12.376969
75	 11	 11	 1	 20.636569	 -1	 0.000000	 11.627758
76	 11	 11	 1	 84.972506	 -1	 0.000000	 11.275651
77	 11	 11	 1	 49.331023	 -1	 0.000000	 12.685880
78	 11	 11	 1	 23.745601	 -1	 0.000000	 11.220375
79	 11	 11	 1	 14.248681	 -1	 0.000000	 18.652985
80	 11	 11	 1	 52.792195	 -1	 0.000000	 7.823379
81	 11	 11	 1	 44.948370	 -1	 0.000000	 8.200892
82	 11	 11	 1	 32.759934	 -1	 0.000000	 10.590079
83	 11	 11	 1	 19.636586	 -1	 0.000000	 8.890130
84	 11	 11	 1	 139.319739	 -1	 0.000000	 11.106538
85	 11	 11	 1	 13.352048	 -1	 0.000000	 11.108627
86	 11	 11	 1	 7.374828	 -1	 0.000000	 14.826304
87	 11	 11	 1	 95.801892	 -1	 0.000000	 8.612188
88	 11	 11	 1	 66.307642	 -1	 0.000000	 12.726340
89	 11	 11	 1	 56.052398	 -1	 0.000000	 10.270774
90	 11	 11	 1	 51.155367	 -1	 0.000000	 12.193352
91	 11	 11	 1	 7.653682	 -1	 0.000000	 9.908715
92	 11	 11	 1	 24.134581	 -1	 0.000000	 15.618304
93	 11	 11	 1	 15.580828	 -1	 0.000000	 8.335667
94	 11	 11	 1	 36.891945	 -1	 0.000000	 10.708019
95	 11	 11	 1	 113.325701	 -1	 0.000000	 9.240236
96	 11	 11	 1	 13.431655	 -1	 0.000000	 10.510819
97	 11	 11	 1	 37.249371	 -1	 0.000000	 7.541033
98	 11	 11	 1	 14.133456	 -1	 0.000000	 8.459989
99	 11	 11	 1	 66.338371	 -1	 0.000000	 13.551823
100	 11	 11	 1	 19.936477	 -1	 0.000000	 11.909270
101	 11	 11	 1	 126.107929	 -1	 0.000000	 10.182952
102	 11	 11	 1	 18.030984	 -1	 0.000000	 12.145564
103	 11	 11	 1	 7.582411	 -1	 0.000000	 8.636224
104	 11	 11	 1	 38.375471	 -1	 0.000000	 12.674717
105	 11	 11	 1	 54.645818	 -1	 0.000000	 12.028265
106	 11	 11	 1	 48.139520	 -1	 0.000000	 8.956433
107	 11	 11	 1	 32.437361	 -1	 0.000000	 13.434210
108	 11	 11	 1	 6.615979	 -1	 0.000000	 10.044725
109	 11	 11	 1	 89.875999	 -1	 0.000000	 9.491500
110	 11	 11	 1	 56.471283	 -1	 0.000000	 9.116145
111	 11	 11	 1	 31.695803	 -1	 0.000000	 10.635266
112	 11	 11	 1	 62.752722	 -1	 0.000000	 9.338246
113	 11	 11	 1	 52.154326	 -1	 0.000000	 12.065861
114	 11	 11	 1	 18.062174	 -1	 0.000000	 9.985056
115	 11	 11	 1	 57.951913	 -1	 0.000000	 13.193524
116	 11	 11	 1	 53.537869	 -1	 0.000000	 9.537698
117	 11	 11	 1	 85.230442	 -1	 0.000000	 10.841061
118	 11	 11	 1	 9.936181	 -1	 0.000000	 9.988456
119	 11	 11	 1	 72.723474	 -1	 0.000000	 7.344302
120	 11	 11	 1	 77.561137	 -1	 0.000000	 15.248654
121	 11	 11	 1	 47.828957	 -1	 0.000000	 8.076812
122	 11	 11	 1	 98.426077	 -1	 0.000000	 8.936983
123	 11	 11	 1	 21.754456	 -1	 0.000000	 7.048891
125	 11	 11	 1	 13.042308	 -1	 0.000000	 11.619731
126	 11	 11	 1	 24.237090	 -1	 0.000000	 13.518747
127	 11	 11	 1	 106.132592	 -1	 0.000000	 12.478960
128	 11	 11	 1	 9.925787	 -1	 0.000000	 10.306758
129	 11	 11	 1	 21.039171	 -1	 0.000000	 10.040893
130	 11	 11	 1	 8.541408	 -1	 0.000000	 8.408778
131	 11	 11	 1	 47.214438	 -1	 0.000000	 9.414224
132	 11	 11	 1	 19.514536	 -1	 0.000000	 8.837379
133	 11	 11	 1	 28.008162	 -1	 0.000000	 10.108210
134	 11	 11	 1	 24.896395	 -1	 0.000000	 11.039620
135	 11	 11	 1	 62.341402	 -1	 0.000000	 16.879087
136	 11	 11	 1	 142.976330	 -1	 0.000000	 9.811300
137	 11	 11	 1	 40.107262	 -1	 0.000000	 12.981194
138	 11	 11	 1	 74.045028	 -1	 0.000000	 11.352253
139	 11	 11	 1	 87.409956	 -1	 0.000000	 16.615507
140	 11	 11	 1	 49.143747	 -1	 0.000000	 8.594640
141	 11	 11	 1	 83.794172	 -1	 0.000000	 10.205678
142	 11	 11	 1	 14.729993	 -1	 0.000000	 14.239601
143	 11	 11	 1	 74.672667	 -1	 0.000000	 8.713127
144	 11	 11	 1	 102.926084	 -1	 0.000000	 13.042287
145	 11	 11	 1	 42.754629	 -1	 0.000000	 14.956552
146	 11	 11	 1	 17.180203	 -1	 0.000000	 11.775362
148	 11	 11	 1	 228.727169	 -1	 0.000000	 11.400361
149	 11	 11	 1	 17.120386	 -1	 0.000000	 8.061751
150	 11	 11	 1	 14.877852	 -1	 0.000000	 14.658916
151	 11	 11	 1	 11.266206	 -1	 0.000000	 8.282876
152	 11	 11	 1	 10.807054	 -1	 0.000000	 9.620043
153	 11	 11	 1	 77.649303	 -1	 0.000000	 7.842902
154	 11	 11	 1	 16.729832	 -1	 0.000000	 8.576212
155	 11	 11	 1	 26.225004	 -1	 0.000000	 12.178013
156	 11	 11	 1	 32.872761	 -1	 0.000000	 10.199073
157	 11	 11	 1	 7.783420	 -1	 0.000000	 12.620929
158	 11	 11	 1	 34.039628	 -1	 0.000000	 8.581681
159	 11	 11	 1	 15.708331	 -1	 0.000000	 12.946309
160	 11	 11	 1	 126.310240	 -1	 0.000000	 10.575003
161	 11	 11	 1	 25.789715	 -1	 0.000000	 11.832748
162	 11	 11	 1	 9.470022	 -1	 0.000000	 8.545709
163	 11	 11	 1	 20.582659	 -1	 0.000000	 9.872320
164	 11	 11	 1	 11.498414	 -1	 0.000000	 7.593059
165	 11	 11	 1	 43.231898	 -1	 0.000000	 9.738853
166	 11	 11	 1	 107.650020	 -1	 0.000000	 12.285361
167	 11	 11	 1	 23.986418	 -1	 0.000000	 9.044124
168	 11	 11	 1	 19.810552	 -1	 0.000000	 10.931008
169	 11	 11	 1	 52.931970	 -1	 0.000000	 7.292901
170	 11	 11	 1	 132.056901	 -1	 0.000000	 8.521402
171	 11	 11	 1	 19.953806	 -1	 0.000000	 8.406047
172	 11	 11	 1	 26.823079	 -1	 0.000000	 9.904032
173	 11	 11	 1	 23.169093	 -1	 0.000000	 14.974916
174	 11	 11	 1	 69.675334	 -1	 0.000000	 24.094770
175	 11	 11	 1	 21.756127	 -1	 0.000000	 12.581630
176	 11	 11	 1	 107.922470	 -1	 0.000000	 8.435357
177	 11	 11	 1	 110.758861	 -1	 0.000000	 13.280100
178	 11	 11	 1	 77.005527	 -1	 0.000000	 15.390005
179	 11	 11	 1	 15.773038	 -1	 0.000000	 9.047572
180	 11	 11	 1	 13.570754	 -1	 0.000000	 12.275242
181	 11	 11	 1	 114.201527	 -1	 0.000000	 8.416642
182	 11	 11	 1	 38.830759	 -1	 0.000000	 10.532080
184	 11	 11	 1	 53.515024	 -1	 0.000000	 12.117538
185	 11	 11	 1	 80.826146	 -1	 0.000000	 9.508490
186	 11	 11	 1	 15.566738	 -1	 0.000000	 9.309062
187	 11	 11	 1	 77.294651	 -1	 0.000000	 9.502556
188	 11	 11	 1	 98.776367	 -1	 0.000000	 13.004031
191	 11	 11	 1	 18.850275	 -1	 0.000000	 7.262784
192	 11	 11	 1	 57.822452	 -1	 0.000000	 12.223770
193	 11	 11	 0	 449.154976	 -1	 0.000000	 9.309969
195	 11	 11	 1	 150.661580	 -1	 0.000000	 9.154733
196	 11	 11	 1	 7.242822	 -1	 0.000000	 15.637736
197	 11	 11	 1	 214.195638	 -1	 0.000000	 9.260461
198	 11	 11	 1	 16.783805	 -1	 0.000000	 8.941632
199	 11	 11	 1	 32.356525	 -1	 0.000000	 11.663971
200	 11	 11	 1	 58.474385	 -1	 0.000000	 11.173782
201	 11	 11	 1	 72.094806	 -1	 0.000000	 25.151270
202	 11	 11	 1	 124.507567	 -1	 0.000000	 12.225756
203	 11	 11	 1	 13.350469	 -1	 0.000000	 8.884387
204	 11	 11	 1	 205.291384	 -1	 0.000000	 10.024652
205	 11	 11	 1	 185.340773	 -1	 0.000000	 8.669259
208	 11	 11	 1	 7.177406	 -1	 0.000000	 12.012507
209	 11	 11	 1	 224.939318	 -1	 0.000000	 9.301826
210	 11	 11	 1	 84.226390	 -1	 0.000000	 11.929755
211	 11	 11	 1	 13.627886	 -1	 0.000000	 15.649430
212	 11	 11	 1	 62.129708	 -1	 0.000000	 10.623969
213	 11	 11	 1	 51.044838	 -1	 0.000000	 12.686385
214	 11	 11	 1	 29.498511	 -1	 0.000000	 9.734348
215	 11	 11	 1	 64.643120	 -1	 0.000000	 9.841241
216	 11	 11	 1	 127.657211	 -1	 0.000000	 11.605454
217	 11	 11	 1	 104.807847	 -1	 0.000000	 10.278751
258	 5	 5	 0	 406.862862	 -1	 0.000000	 4.106116
222	 11	 11	 1	 109.653110	 -1	 0.000000	 9.553511
223	 11	 11	 1	 5.815966	 -1	 0.000000	 8.921862
225	 11	 11	 0	 458.509923	 -1	 0.000000	 12.331381
226	 11	 11	 1	 223.187368	 -1	 0.000000	 11.722622
227	 11	 11	 1	 25.293343	 -1	 0.000000	 12.125050
232	 11	 11	 1	 14.704486	 -1	 0.000000	 11.264367
233	 11	 11	 1	 145.291214	 -1	 0.000000	 10.424186
234	 11	 11	 1	 18.717028	 -1	 0.000000	 10.617272
235	 11	 11	 1	 95.718398	 -1	 0.000000	 8.073841
236	 11	 11	 1	 30.914476	 -1	 0.000000	 23.134850
237	 11	 11	 1	 14.145668	 -1	 0.000000	 12.019543
238	 11	 11	 1	 26.727644	 -1	 0.000000	 9.554679
239	 11	 11	 1	 15.153321	 -1	 0.000000	 12.764143
243	 11	 11	 0	 458.226329	 -1	 0.000000	 11.819806
244	 11	 11	 1	 108.782692	 -1	 0.000000	 11.427774
245	 11	 11	 1	 25.706913	 -1	 0.000000	 8.049600
2948	 7	 7	 0	 416.951025	 -1	 0.000000	 5.022087
246	 11	 11	 1	 33.865564	 -1	 0.000000	 7.411002
247	 11	 11	 1	 67.749068	 -1	 0.000000	 13.413217
250	 11	 11	 1	 36.750071	 -1	 0.000000	 11.045665
253	 11	 11	 1	 16.318224	 -1	 0.000000	 9.703393
254	 11	 11	 1	 13.423517	 -1	 0.000000	 12.077391
255	 11	 11	 1	 67.625082	 -1	 0.000000	 9.349839
256	 11	 11	 1	 12.810880	 -1	 0.000000	 8.268891
257	 11	 11	 1	 12.027705	 -1	 0.000000	 15.690705
2469	 7	 7	 0	 414.194524	 -1	 0.000000	 8.758110
258	 11	 11	 1	 26.934442	 -1	 0.000000	 9.089525
259	 11	 11	 1	 12.291289	 -1	 0.000000	 9.075077
260	 11	 11	 1	 59.139523	 -1	 0.000000	 8.453558
262	 11	 11	 1	 46.495138	 -1	 0.000000	 9.405731
264	 11	 11	 1	 46.929418	 -1	 0.000000	 6.478993
266	 11	 11	 1	 15.174986	 -1	 0.000000	 9.716654
267	 11	 11	 1	 41.228654	 -1	 0.000000	 8.564754
269	 11	 11	 1	 34.069397	 -1	 0.000000	 7.977680
270	 11	 11	 1	 22.916801	 -1	 0.000000	 14.971724
271	 11	 11	 1	 11.440841	 -1	 0.000000	 8.944647
272	 11	 11	 1	 137.113689	 -1	 0.000000	 12.158449
273	 11	 11	 1	 93.794989	 -1	 0.000000	 17.555063
274	 11	 11	 1	 118.341746	 -1	 0.000000	 9.423688
275	 11	 11	 1	 20.209441	 -1	 0.000000	 14.409472
276	 11	 11	 1	 55.294117	 -1	 0.000000	 11.229736
277	 11	 11	 1	 19.061805	 -1	 0.000000	 8.848142
278	 11	 11	 1	 27.242129	 -1	 0.000000	 12.639930
279	 11	 11	 1	 64.367002	 -1	 0.000000	 9.130588
280	 11	 11	 1	 13.925568	 -1	 0.000000	 8.662601
283	 11	 11	 1	 94.727854	 -1	 0.000000	 11.972530
285	 11	 11	 1	 20.428396	 -1	 0.000000	 10.703073
286	 11	 11	 0	 407.334247	 -1	 0.000000	 9.921330
289	 11	 11	 1	 126.754037	 -1	 0.000000	 8.514335
290	 11	 11	 1	 51.410781	 -1	 0.000000	 7.914326
291	 11	 11	 1	 174.227368	 -1	 0.000000	 14.555553
292	 11	 11	 1	 27.105123	 -1	 0.000000	 12.894086
293	 11	 11	 1	 16.987977	 -1	 0.000000	 7.816392
294	 11	 11	 1	 139.092030	 -1	 0.000000	 8.343569
295	 11	 11	 1	 63.256006	 -1	 0.000000	 7.823008
296	 11	 11	 1	 59.927724	 -1	 0.000000	 11.661295
297	 11	 11	 1	 26.223298	 -1	 0.000000	 10.418953
298	 11	 11	 1	 13.963962	 -1	 0.000000	 9.391124
299	 11	 11	 1	 28.453467	 -1	 0.000000	 12.403969
300	 11	 11	 0	 445.136780	 -1	 0.000000	 11.900434
301	 11	 11	 1	 37.908478	 -1	 0.000000	 7.672264
302	 11	 11	 1	 17.890913	 -1	 0.000000	 11.190386
304	 11	 11	 1	 90.633134	 -1	 0.000000	 18.612165
305	 11	 11	 0	 452.278863	 -1	 0.000000	 11.804632
306	 11	 11	 0	 224.422173	 -1	 0.000000	 15.066458
307	 11	 11	 1	 12.272468	 -1	 0.000000	 11.972584
308	 11	 11	 0	 450.799963	 -1	 0.000000	 7.198813
309	 11	 11	 1	 66.104329	 -1	 0.000000	 10.893306
310	 11	 11	 0	 487.744949	 -1	 0.000000	 10.475967
3275	 11	 11	 0	 455.453389	 -1	 0.000000	 7.313676
312	 11	 11	 1	 51.347613	 -1	 0.000000	 12.101785
313	 11	 11	 1	 214.673124	 -1	 0.000000	 8.127216
314	 11	 11	 1	 29.176375	 -1	 0.000000	 8.330460
315	 11	 11	 1	 52.475587	 -1	 0.000000	 9.694872
317	 11	 11	 1	 21.079417	 -1	 0.000000	 7.621183
318	 11	 11	 1	 118.790548	 -1	 0.000000	 8.346535
319	 11	 11	 1	 83.794901	 -1	 0.000000	 7.084507
321	 11	 11	 1	 21.321622	 -1	 0.000000	 12.951184
322	 11	 11	 1	 24.610229	 -1	 0.000000	 11.364276
323	 11	 11	 1	 21.207505	 -1	 0.000000	 8.741824
324	 11	 11	 1	 7.923029	 -1	 0.000000	 10.288557
325	 11	 11	 1	 108.525468	 -1	 0.000000	 10.775532
326	 11	 11	 1	 97.096249	 -1	 0.000000	 16.791428
327	 11	 11	 1	 46.979565	 -1	 0.000000	 9.855536
328	 11	 11	 1	 76.335410	 -1	 0.000000	 11.642898
329	 11	 11	 1	 8.926392	 -1	 0.000000	 9.531960
330	 11	 11	 0	 308.039721	 -1	 0.000000	 7.638204
890	 11	 11	 0	 453.545966	 -1	 0.000000	 5.867332
331	 11	 11	 1	 11.939117	 -1	 0.000000	 9.223815
332	 11	 11	 1	 56.060732	 -1	 0.000000	 13.035683
333	 11	 11	 1	 14.202184	 -1	 0.000000	 9.949008
334	 11	 11	 1	 47.627141	 -1	 0.000000	 9.110122
335	 11	 11	 1	 33.840837	 -1	 0.000000	 8.302815
336	 11	 11	 1	 11.554135	 -1	 0.000000	 8.578358
337	 11	 11	 1	 108.577401	 -1	 0.000000	 10.416368
338	 11	 11	 1	 20.642689	 -1	 0.000000	 8.189896
343	 11	 11	 1	 11.573982	 -1	 0.000000	 19.912525
344	 11	 11	 0	 450.185420	 -1	 0.000000	 15.465561
345	 11	 11	 0	 440.673446	 -1	 0.000000	 10.568426
346	 11	 11	 1	 25.815419	 -1	 0.000000	 8.432436
348	 11	 11	 0	 447.794203	 -1	 0.000000	 7.757835
349	 11	 11	 1	 26.976192	 -1	 0.000000	 8.901847
350	 11	 11	 1	 25.323663	 -1	 0.000000	 13.186858
352	 11	 11	 1	 20.225319	 -1	 0.000000	 8.930740
355	 11	 11	 1	 14.561212	 -1	 0.000000	 12.869396
356	 11	 11	 1	 198.521245	 -1	 0.000000	 7.570319
357	 11	 11	 1	 21.452447	 -1	 0.000000	 9.885894
358	 11	 11	 1	 67.372734	 -1	 0.000000	 9.069492
359	 11	 11	 1	 19.611433	 -1	 0.000000	 12.566547
360	 11	 11	 1	 91.417503	 -1	 0.000000	 7.339120
365	 11	 11	 1	 25.297534	 -1	 0.000000	 7.625863
366	 11	 11	 1	 48.749371	 -1	 0.000000	 8.979085
367	 11	 11	 0	 468.843350	 -1	 0.000000	 10.896184
369	 11	 11	 1	 53.970681	 -1	 0.000000	 7.916680
370	 11	 11	 1	 14.668639	 -1	 0.000000	 8.919761
371	 11	 11	 1	 41.422246	 -1	 0.000000	 13.583410
373	 11	 11	 1	 127.730500	 -1	 0.000000	 9.032366
374	 11	 11	 1	 39.270660	 -1	 0.000000	 11.401599
375	 11	 11	 1	 26.523575	 -1	 0.000000	 6.961248
376	 11	 11	 1	 52.659891	 -1	 0.000000	 7.541611
377	 11	 11	 1	 93.008315	 -1	 0.000000	 7.291347
378	 11	 11	 1	 29.318021	 -1	 0.000000	 11.795767
379	 11	 11	 1	 27.619046	 -1	 0.000000	 9.128475
381	 11	 11	 1	 26.070557	 -1	 0.000000	 12.306771
382	 11	 11	 0	 495.575507	 -1	 0.000000	 9.036069
384	 11	 11	 1	 12.401594	 -1	 0.000000	 8.592453
2817	 11	 11	 0	 474.458876	 -1	 0.000000	 8.026994
387	 11	 11	 0	 464.911074	 -1	 0.000000	 7.870943
388	 11	 11	 0	 466.322561	 -1	 0.000000	 3.394598
389	 11	 11	 1	 85.557558	 -1	 0.000000	 9.572161
390	 11	 11	 0	 318.317993	 -1	 0.000000	 12.500690
392	 11	 11	 1	 4.582433	 -1	 0.000000	 8.978536
393	 11	 11	 1	 18.823309	 -1	 0.000000	 11.617299
395	 11	 11	 1	 54.191448	 -1	 0.000000	 11.587828
396	 11	 11	 1	 13.714276	 -1	 0.000000	 15.764529
398	 11	 11	 1	 25.745471	 -1	 0.000000	 8.679288
399	 11	 11	 1	 10.049187	 -1	 0.000000	 8.045673
400	 11	 11	 0	 495.436600	 -1	 0.000000	 12.250545
401	 11	 11	 1	 62.687552	 -1	 0.000000	 11.292075
404	 11	 11	 1	 27.125237	 -1	 0.000000	 6.740506
405	 11	 11	 1	 128.814156	 -1	 0.000000	 21.108719
407	 11	 11	 1	 82.393243	 -1	 0.000000	 8.628496
408	 11	 11	 1	 33.242792	 -1	 0.000000	 8.738522
410	 11	 11	 1	 21.826570	 -1	 0.000000	 9.683805
412	 11	 11	 1	 62.672728	 -1	 0.000000	 10.417462
413	 11	 11	 1	 25.669725	 -1	 0.000000	 18.871426
414	 11	 11	 1	 20.452750	 -1	 0.000000	 11.674490
415	 11	 11	 1	 16.219866	 -1	 0.000000	 7.461243
416	 11	 11	 1	 13.085729	 -1	 0.000000	 9.216298
417	 11	 11	 1	 92.635595	 -1	 0.000000	 16.465357
418	 11	 11	 1	 76.030433	 -1	 0.000000	 15.175738
419	 11	 11	 0	 462.001877	 -1	 0.000000	 10.877365
420	 11	 11	 0	 201.016848	 -1	 0.000000	 10.053888
425	 11	 11	 1	 23.978703	 -1	 0.000000	 10.441706
427	 11	 11	 1	 16.120140	 -1	 0.000000	 12.104476
428	 11	 11	 1	 82.810200	 -1	 0.000000	 7.379967
429	 11	 11	 0	 495.395064	 -1	 0.000000	 8.824199
431	 11	 11	 1	 16.743663	 -1	 0.000000	 10.713065
432	 11	 11	 1	 21.126023	 -1	 0.000000	 12.912836
433	 11	 11	 1	 12.336046	 -1	 0.000000	 11.987484
434	 11	 11	 1	 60.831369	 -1	 0.000000	 8.942901
435	 11	 11	 1	 22.403636	 -1	 0.000000	 13.334483
436	 11	 11	 1	 50.845967	 -1	 0.000000	 8.594883
437	 11	 11	 1	 17.583162	 -1	 0.000000	 10.304319
439	 11	 11	 1	 132.385610	 -1	 0.000000	 10.063789
441	 11	 11	 1	 52.182911	 -1	 0.000000	 8.178851
446	 11	 11	 1	 43.746336	 -1	 0.000000	 9.161667
447	 11	 11	 1	 80.934750	 -1	 0.000000	 10.373755
448	 11	 11	 1	 30.169160	 -1	 0.000000	 8.863966
449	 11	 11	 1	 211.724762	 -1	 0.000000	 9.742498
450	 11	 11	 1	 14.588290	 -1	 0.000000	 7.304558
451	 11	 11	 1	 158.429950	 -1	 0.000000	 14.028986
452	 11	 11	 1	 19.366093	 -1	 0.000000	 19.281614
453	 11	 11	 1	 7.909901	 -1	 0.000000	 8.774238
454	 11	 11	 1	 35.672052	 -1	 0.000000	 13.071609
455	 11	 11	 1	 76.456458	 -1	 0.000000	 8.331370
456	 11	 11	 1	 34.100413	 -1	 0.000000	 12.517453
458	 11	 11	 1	 28.793221	 -1	 0.000000	 10.640191
459	 11	 11	 1	 112.486676	 -1	 0.000000	 12.748471
461	 11	 11	 0	 495.529599	 -1	 0.000000	 9.268025
464	 11	 11	 1	 96.868464	 -1	 0.000000	 11.282413
466	 11	 11	 1	 114.433602	 -1	 0.000000	 7.873925
468	 11	 11	 1	 40.718131	 -1	 0.000000	 11.727705
470	 11	 11	 1	 6.145836	 -1	 0.000000	 9.362978
471	 11	 11	 1	 19.678407	 -1	 0.000000	 10.406116
472	 11	 11	 1	 10.776401	 -1	 0.000000	 10.168096
473	 11	 11	 1	 72.661167	 -1	 0.000000	 13.388618
474	 11	 11	 1	 11.784518	 -1	 0.000000	 14.320416
475	 11	 11	 1	 57.950604	 -1	 0.000000	 8.770182
476	 11	 11	 1	 16.907433	 -1	 0.000000	 11.135051
478	 11	 11	 1	 187.983111	 -1	 0.000000	 11.033418
479	 11	 11	 1	 11.780321	 -1	 0.000000	 7.225429
480	 11	 11	 1	 57.208283	 -1	 0.000000	 13.849409
481	 11	 11	 0	 495.625886	 -1	 0.000000	 10.789473
483	 11	 11	 1	 27.656198	 -1	 0.000000	 11.349270
485	 11	 11	 0	 439.398313	 -1	 0.000000	 9.811831
486	 11	 11	 1	 120.194036	 -1	 0.000000	 15.894892
487	 11	 11	 1	 10.098937	 -1	 0.000000	 9.146156
489	 11	 11	 1	 10.753957	 -1	 0.000000	 9.777689
>>> gr_fir_ccf: using E
>>> gr_fir_fff: using E
gr_buffer::allocate_buffer: warning: tried to allocate
   19 items of size 3312. Due to alignment requirements
   256 were allocated.  If this isn't OK, consider padding
   your structure to a power-of-two bytes.
   On this platform, our allocation granularity is 4096 bytes.
20	 11	 11	 1	 63.801421	 -1	 0.000000	 8.799585
21	 11	 11	 1	 44.583776	 -1	 0.000000	 11.020310
22	 11	 11	 1	 13.057259	 -1	 0.000000	 8.802483
23	 11	 11	 1	 26.998793	 -1	 0.000000	 10.046913
24	 11	 11	 1	 18.796227	 -1	 0.000000	 9.216516
25	 11	 11	 1	 14.936876	 -1	 0.000000	 7.945863
26	 11	 11	 1	 20.403709	 -1	 0.000000	 11.057892
27	 11	 11	 1	 12.708959	 -1	 0.000000	 8.705978
28	 11	 11	 1	 133.402829	 -1	 0.000000	 12.199092
30	 11	 11	 1	 8.586547	 -1	 0.000000	 9.795453
31	 11	 11	 1	 18.027880	 -1	 0.000000	 15.757202
32	 11	 11	 1	 58.302819	 -1	 0.000000	 7.964888
33	 11	 11	 1	 55.723103	 -1	 0.000000	 7.456250
35	 11	 11	 1	 118.798945	 -1	 0.000000	 8.151209
36	 11	 11	 1	 56.779744	 -1	 0.000000	 16.525517
37	 11	 11	 1	 42.197492	 -1	 0.000000	 16.991381
38	 11	 11	 1	 111.918389	 -1	 0.000000	 9.631031
39	 11	 11	 1	 94.643823	 -1	 0.000000	 9.392210
41	 11	 11	 1	 16.666352	 -1	 0.000000	 12.660007
42	 11	 11	 1	 7.782254	 -1	 0.000000	 8.259848
44	 11	 11	 1	 72.474486	 -1	 0.000000	 8.430415
45	 11	 11	 1	 61.165863	 -1	 0.000000	 10.466517
46	 11	 11	 1	 17.729867	 -1	 0.000000	 8.937558
47	 11	 11	 1	 18.168034	 -1	 0.000000	 8.739087
48	 11	 11	 1	 17.387620	 -1	 0.000000	 11.183159
50	 11	 11	 1	 29.769221	 -1	 0.000000	 9.357380
51	 11	 11	 1	 24.873033	 -1	 0.000000	 10.387049
>>> gr_fir_ccf: using E
>>> gr_fir_fff: using E
gr_buffer::allocate_buffer: warning: tried to allocate
   19 items of size 3312. Due to alignment requirements
   256 were allocated.  If this isn't OK, consider padding
   your structure to a power-of-two bytes.
   On this platform, our allocation granularity is 4096 bytes.
20	 10	 10	 1	 266.793278	 -1	 0.000000	 7.840709
21	 10	 10	 0	 414.318904	 -1	 0.000000	 9.288807
22	 10	 10	 1	 173.015148	 -1	 0.000000	 11.714482
23	 10	 10	 0	 413.271599	 -1	 0.000000	 8.025768
24	 10	 10	 1	 203.174357	 -1	 0.000000	 10.364561
25	 10	 10	 1	 239.920244	 -1	 0.000000	 9.036045
26	 10	 10	 0	 462.633997	 -1	 0.000000	 13.370702
27	 10	 10	 1	 175.619888	 -1	 0.000000	 10.729338
28	 10	 10	 1	 105.586266	 -1	 0.000000	 7.225705
29	 10	 10	 0	 432.695873	 -1	 0.000000	 10.055896
30	 10	 10	 0	 398.566362	 -1	 0.000000	 8.550454
31	 10	 10	 1	 368.353534	 -1	 0.000000	 8.759701
32	 10	 10	 1	 171.015638	 -1	 0.000000	 11.264452
33	 10	 10	 1	 133.243829	 -1	 0.000000	 11.008224
34	 10	 10	 1	 228.800814	 -1	 0.000000	 11.843974
35	 10	 10	 1	 228.426480	 -1	 0.000000	 8.347012
36	 10	 10	 1	 368.477067	 -1	 0.000000	 13.203181
37	 10	 10	 0	 392.832628	 -1	 0.000000	 12.688605
38	 10	 10	 1	 110.226066	 -1	 0.000000	 9.866354
39	 10	 10	 0	 401.022961	 -1	 0.000000	 9.789862
40	 10	 10	 1	 320.828829	 -1	 0.000000	 8.994593
41	 10	 10	 0	 431.322208	 -1	 0.000000	 15.045837
42	 10	 10	 1	 223.255314	 -1	 0.000000	 18.381834
43	 10	 10	 0	 448.613854	 -1	 0.000000	 7.797381
44	 10	 10	 1	 400.629285	 -1	 0.000000	 7.061814
45	 10	 10	 1	 172.187499	 -1	 0.000000	 20.446880
46	 10	 10	 0	 455.693266	 -1	 0.000000	 11.177477
47	 10	 10	 0	 393.325620	 -1	 0.000000	 10.415987
48	 10	 10	 1	 130.852767	 -1	 0.000000	 12.606787
49	 10	 10	 0	 449.828801	 -1	 0.000000	 17.189690
50	 10	 10	 1	 336.653165	 -1	 0.000000	 9.068599
51	 10	 10	 0	 461.707530	 -1	 0.000000	 10.649400
52	 10	 10	 1	 196.266331	 -1	 0.000000	 10.660388
53	 10	 10	 0	 419.603807	 -1	 0.000000	 7.927292
54	 10	 10	 1	 317.458167	 -1	 0.000000	 8.460653
55	 10	 10	 1	 296.548107	 -1	 0.000000	 8.578224
56	 10	 10	 0	 464.430844	 -1	 0.000000	 9.398888
57	 10	 10	 0	 428.241733	 -1	 0.000000	 9.406232
58	 10	 10	 1	 142.503486	 -1	 0.000000	 11.024335
59	 10	 10	 1	 295.059853	 -1	 0.000000	 10.449854
>>> gr_fir_ccf: using E
>>> gr_fir_fff: using E
terminate called after throwing an instance of 'std::invalid_argument'
  what():  gr_ofdm_demod: Incorrect subcarriers allocated
