>>> gr_fir_ccf: using E
>>> gr_fir_fff: using E
gr_buffer::allocate_buffer: warning: tried to allocate
   19 items of size 3312. Due to alignment requirements
   256 were allocated.  If this isn't OK, consider padding
   your structure to a power-of-two bytes.
   On this platform, our allocation granularity is 4096 bytes.
20	 13	 13	 1	 0.000001	 -1	 0.000000	 6.514021
21	 13	 13	 1	 0.000001	 -1	 0.000000	 6.635202
22	 13	 13	 1	 0.000001	 -1	 0.000000	 7.169707
23	 13	 13	 1	 0.000001	 -1	 0.000000	 7.772874
24	 13	 13	 1	 0.000002	 -1	 0.000000	 7.089613
25	 13	 13	 1	 0.000001	 -1	 0.000000	 7.018311
26	 13	 13	 1	 0.000001	 -1	 0.000000	 7.330226
27	 13	 13	 1	 0.000002	 -1	 0.000000	 6.306942
28	 13	 13	 1	 0.000001	 -1	 0.000000	 6.017220
29	 13	 13	 1	 0.000001	 -1	 0.000000	 6.171197
31	 13	 13	 1	 0.000001	 -1	 0.000000	 6.313690
33	 13	 13	 1	 0.000001	 -1	 0.000000	 7.087374
34	 13	 13	 1	 0.000001	 -1	 0.000000	 8.318268
35	 13	 13	 1	 0.000001	 -1	 0.000000	 6.843360
36	 13	 13	 1	 0.000001	 -1	 0.000000	 7.015248
37	 13	 13	 1	 0.000001	 -1	 0.000000	 7.760785
38	 13	 13	 1	 0.000001	 -1	 0.000000	 7.488260
39	 13	 13	 1	 0.000002	 -1	 0.000000	 6.533102
40	 13	 13	 1	 0.000001	 -1	 0.000000	 7.695455
41	 13	 13	 1	 0.000001	 -1	 0.000000	 7.596011
42	 13	 13	 1	 0.005233	 -1	 0.000000	 5.787888
43	 13	 13	 1	 0.000001	 -1	 0.000000	 8.368157
44	 13	 13	 1	 0.000001	 -1	 0.000000	 7.034915
45	 13	 13	 1	 0.000001	 -1	 0.000000	 6.826007
46	 13	 13	 1	 0.000001	 -1	 0.000000	 6.431883
47	 13	 13	 1	 0.000001	 -1	 0.000000	 6.960160
48	 13	 13	 1	 0.000002	 -1	 0.000000	 6.565784
49	 13	 13	 1	 0.000001	 -1	 0.000000	 7.278008
51	 13	 13	 1	 0.000001	 -1	 0.000000	 6.793425
52	 13	 13	 1	 0.000001	 -1	 0.000000	 6.665950
53	 13	 13	 1	 0.000001	 -1	 0.000000	 8.365514
55	 13	 13	 1	 0.000001	 -1	 0.000000	 7.104974
56	 13	 13	 1	 0.000001	 -1	 0.000000	 7.907613
57	 13	 13	 1	 0.000001	 -1	 0.000000	 7.345542
58	 13	 13	 1	 0.000001	 -1	 0.000000	 7.129764
59	 13	 13	 1	 0.000001	 -1	 0.000000	 6.962547
60	 13	 13	 1	 0.000001	 -1	 0.000000	 7.862616
61	 13	 13	 1	 0.000001	 -1	 0.000000	 6.545550
62	 13	 13	 1	 0.000001	 -1	 0.000000	 7.583468
63	 13	 13	 1	 0.000002	 -1	 0.000000	 6.264468
64	 13	 13	 1	 0.000001	 -1	 0.000000	 6.578820
65	 13	 13	 1	 0.000001	 -1	 0.000000	 7.871788
66	 13	 13	 1	 0.000001	 -1	 0.000000	 8.392565
67	 13	 13	 1	 0.000001	 -1	 0.000000	 6.671135
68	 13	 13	 1	 0.034341	 -1	 0.000000	 6.184107
69	 13	 13	 1	 0.081376	 -1	 0.000000	 5.887384
70	 13	 13	 1	 0.000001	 -1	 0.000000	 7.689586
71	 13	 13	 1	 0.005070	 -1	 0.000000	 6.539005
72	 13	 13	 1	 0.000001	 -1	 0.000000	 7.137983
73	 13	 13	 1	 0.000001	 -1	 0.000000	 10.824247
74	 13	 13	 1	 0.000001	 -1	 0.000000	 7.004763
75	 13	 13	 1	 0.000001	 -1	 0.000000	 6.508252
76	 13	 13	 1	 0.000001	 -1	 0.000000	 7.120598
77	 13	 13	 1	 0.000001	 -1	 0.000000	 6.650526
78	 13	 13	 1	 0.000001	 -1	 0.000000	 8.207834
79	 13	 13	 1	 0.000001	 -1	 0.000000	 8.469155
80	 13	 13	 1	 0.000001	 -1	 0.000000	 7.030066
81	 13	 13	 1	 0.000001	 -1	 0.000000	 7.875960
82	 13	 13	 1	 0.000001	 -1	 0.000000	 6.965207
83	 13	 13	 1	 0.000001	 -1	 0.000000	 7.123224
84	 13	 13	 1	 0.000001	 -1	 0.000000	 6.722937
85	 13	 13	 1	 0.000001	 -1	 0.000000	 7.519306
86	 13	 13	 1	 0.000666	 -1	 0.000000	 6.388760
87	 13	 13	 1	 0.000001	 -1	 0.000000	 6.796842
88	 13	 13	 1	 0.000001	 -1	 0.000000	 6.815636
89	 13	 13	 1	 0.000001	 -1	 0.000000	 6.944973
90	 13	 13	 1	 0.000001	 -1	 0.000000	 7.333214
91	 13	 13	 1	 0.000001	 -1	 0.000000	 7.416261
92	 13	 13	 1	 0.000001	 -1	 0.000000	 7.581521
93	 13	 13	 1	 0.035591	 -1	 0.000000	 5.973209
94	 13	 13	 1	 0.000001	 -1	 0.000000	 7.015201
95	 13	 13	 1	 0.000001	 -1	 0.000000	 6.852012
96	 13	 13	 1	 0.000002	 -1	 0.000000	 5.846514
97	 13	 13	 1	 0.000001	 -1	 0.000000	 6.925248
98	 13	 13	 1	 0.000001	 -1	 0.000000	 6.903666
99	 13	 13	 1	 0.000001	 -1	 0.000000	 9.195885
100	 13	 13	 1	 0.000001	 -1	 0.000000	 7.414547
101	 13	 13	 1	 0.000001	 -1	 0.000000	 7.094084
102	 13	 13	 1	 0.000001	 -1	 0.000000	 8.157051
103	 13	 13	 1	 0.000001	 -1	 0.000000	 7.372732
104	 13	 13	 1	 0.000001	 -1	 0.000000	 7.450381
105	 13	 13	 1	 0.000001	 -1	 0.000000	 7.509652
106	 13	 13	 1	 0.000001	 -1	 0.000000	 7.747448
107	 13	 13	 1	 0.100052	 -1	 0.000000	 7.489667
108	 13	 13	 1	 0.000001	 -1	 0.000000	 8.020054
109	 13	 13	 1	 0.000001	 -1	 0.000000	 6.668376
110	 13	 13	 1	 0.000001	 -1	 0.000000	 7.383674
111	 13	 13	 1	 0.089092	 -1	 0.000000	 5.844785
112	 13	 13	 1	 0.000001	 -1	 0.000000	 7.036252
113	 13	 13	 1	 0.000001	 -1	 0.000000	 8.125552
114	 13	 13	 1	 0.000001	 -1	 0.000000	 7.229580
115	 13	 13	 1	 0.000001	 -1	 0.000000	 7.665448
116	 13	 13	 1	 0.000001	 -1	 0.000000	 7.936523
117	 13	 13	 1	 0.000001	 -1	 0.000000	 6.434446
118	 13	 13	 1	 0.000001	 -1	 0.000000	 6.884822
119	 13	 13	 1	 0.000001	 -1	 0.000000	 7.055181
120	 13	 13	 1	 0.000001	 -1	 0.000000	 6.851816
121	 13	 13	 1	 0.000001	 -1	 0.000000	 7.155547
122	 13	 13	 1	 0.000001	 -1	 0.000000	 6.940469
123	 13	 13	 1	 0.000001	 -1	 0.000000	 9.121182
124	 13	 13	 1	 0.000002	 -1	 0.000000	 7.372187
126	 13	 13	 1	 0.000001	 -1	 0.000000	 7.473804
127	 13	 13	 1	 0.000001	 -1	 0.000000	 6.742769
128	 13	 13	 1	 0.000001	 -1	 0.000000	 7.403551
129	 13	 13	 1	 0.000001	 -1	 0.000000	 8.256042
130	 13	 13	 1	 0.000001	 -1	 0.000000	 6.405092
131	 13	 13	 1	 0.000002	 -1	 0.000000	 6.333783
132	 13	 13	 1	 0.000001	 -1	 0.000000	 7.619140
133	 13	 13	 1	 0.000001	 -1	 0.000000	 8.377586
134	 13	 13	 1	 0.000001	 -1	 0.000000	 7.279906
135	 13	 13	 1	 0.000001	 -1	 0.000000	 7.708874
136	 13	 13	 1	 0.000002	 -1	 0.000000	 6.410291
137	 13	 13	 1	 0.000001	 -1	 0.000000	 7.718430
138	 13	 13	 1	 0.000001	 -1	 0.000000	 7.164201
139	 13	 13	 1	 0.000001	 -1	 0.000000	 8.015365
140	 13	 13	 1	 0.000001	 -1	 0.000000	 7.493113
141	 13	 13	 1	 0.000002	 -1	 0.000000	 6.364397
142	 13	 13	 1	 0.000001	 -1	 0.000000	 6.767643
143	 13	 13	 1	 0.000001	 -1	 0.000000	 6.649259
144	 13	 13	 1	 0.000001	 -1	 0.000000	 6.396839
145	 13	 13	 1	 0.000001	 -1	 0.000000	 9.259748
146	 13	 13	 1	 0.000001	 -1	 0.000000	 6.437725
147	 13	 13	 1	 0.000001	 -1	 0.000000	 6.464922
148	 13	 13	 1	 41.138038	 -1	 0.000000	 6.453725
149	 13	 13	 1	 0.000001	 -1	 0.000000	 6.777102
150	 13	 13	 1	 0.000001	 -1	 0.000000	 7.454820
151	 13	 13	 1	 0.000001	 -1	 0.000000	 8.289113
153	 13	 13	 1	 0.000002	 -1	 0.000000	 6.706626
154	 13	 13	 1	 0.000001	 -1	 0.000000	 6.719882
155	 13	 13	 1	 0.000001	 -1	 0.000000	 8.020178
156	 13	 13	 1	 0.000001	 -1	 0.000000	 7.119493
157	 13	 13	 1	 0.000002	 -1	 0.000000	 6.372468
158	 13	 13	 1	 0.000001	 -1	 0.000000	 7.129061
159	 13	 13	 1	 0.022651	 -1	 0.000000	 5.812680
160	 13	 13	 1	 0.000001	 -1	 0.000000	 6.874613
162	 13	 13	 1	 0.000001	 -1	 0.000000	 7.243297
163	 13	 13	 1	 0.000001	 -1	 0.000000	 7.739294
164	 13	 13	 1	 0.000001	 -1	 0.000000	 7.061260
165	 13	 13	 1	 0.000002	 -1	 0.000000	 6.228606
166	 13	 13	 1	 0.000001	 -1	 0.000000	 6.958431
167	 13	 13	 1	 0.000001	 -1	 0.000000	 7.436814
168	 13	 13	 1	 0.000001	 -1	 0.000000	 6.688086
3229	 13	 13	 0	 373.930043	 -1	 0.000000	 3.873180
169	 13	 13	 1	 0.000001	 -1	 0.000000	 6.736489
170	 13	 13	 1	 0.000001	 -1	 0.000000	 8.414655
171	 13	 13	 1	 4.442566	 -1	 0.000000	 6.528325
172	 13	 13	 1	 35.279365	 -1	 0.000000	 7.714521
173	 13	 13	 1	 0.000001	 -1	 0.000000	 6.990894
174	 13	 13	 1	 0.000001	 -1	 0.000000	 6.933360
175	 13	 13	 1	 0.000001	 -1	 0.000000	 6.790069
176	 13	 13	 1	 0.000001	 -1	 0.000000	 6.621321
177	 13	 13	 1	 0.000001	 -1	 0.000000	 9.478552
178	 13	 13	 1	 0.000001	 -1	 0.000000	 7.038767
179	 13	 13	 1	 0.000001	 -1	 0.000000	 6.964450
180	 13	 13	 1	 0.000001	 -1	 0.000000	 8.646312
181	 13	 13	 1	 0.000001	 -1	 0.000000	 7.576582
182	 13	 13	 1	 0.000001	 -1	 0.000000	 7.651292
183	 13	 13	 1	 0.000001	 -1	 0.000000	 7.115479
184	 13	 13	 1	 0.000001	 -1	 0.000000	 6.901302
185	 13	 13	 1	 0.000001	 -1	 0.000000	 8.633980
186	 13	 13	 1	 0.000001	 -1	 0.000000	 6.806326
187	 13	 13	 1	 0.000001	 -1	 0.000000	 6.759244
188	 13	 13	 1	 0.000001	 -1	 0.000000	 7.694856
189	 13	 13	 1	 0.000001	 -1	 0.000000	 6.867502
190	 13	 13	 1	 0.000001	 -1	 0.000000	 7.645610
191	 13	 13	 1	 0.000001	 -1	 0.000000	 6.420780
192	 13	 13	 1	 0.000001	 -1	 0.000000	 6.986105
193	 13	 13	 1	 0.023304	 -1	 0.000000	 6.229251
194	 13	 13	 1	 0.000002	 -1	 0.000000	 6.313510
195	 13	 13	 1	 0.000001	 -1	 0.000000	 6.310907
196	 13	 13	 1	 0.000001	 -1	 0.000000	 6.772901
197	 13	 13	 1	 0.000001	 -1	 0.000000	 8.044386
198	 13	 13	 1	 0.000001	 -1	 0.000000	 7.669261
199	 13	 13	 1	 0.000001	 -1	 0.000000	 8.329089
202	 13	 13	 0	 172.072734	 -1	 0.000000	 7.773605
203	 13	 13	 1	 2.831736	 -1	 0.000000	 7.105023
205	 13	 13	 1	 0.000001	 -1	 0.000000	 6.114302
206	 13	 13	 1	 0.000001	 -1	 0.000000	 6.518483
207	 13	 13	 1	 0.000001	 -1	 0.000000	 6.832167
208	 13	 13	 1	 0.000001	 -1	 0.000000	 8.280304
209	 13	 13	 1	 0.000001	 -1	 0.000000	 8.626519
210	 13	 13	 1	 0.000001	 -1	 0.000000	 6.739564
211	 13	 13	 1	 0.000001	 -1	 0.000000	 8.666334
212	 13	 13	 1	 0.036280	 -1	 0.000000	 6.393121
213	 13	 13	 1	 0.000001	 -1	 0.000000	 7.665444
214	 13	 13	 1	 0.000001	 -1	 0.000000	 7.398601
215	 13	 13	 1	 0.000001	 -1	 0.000000	 6.765163
216	 13	 13	 1	 0.000001	 -1	 0.000000	 7.642035
217	 13	 13	 1	 0.000001	 -1	 0.000000	 6.269791
224	 13	 13	 1	 0.000001	 -1	 0.000000	 6.404733
228	 13	 13	 1	 0.000002	 -1	 0.000000	 6.436736
230	 13	 13	 0	 416.650023	 -1	 0.000000	 6.448236
231	 13	 13	 1	 0.000001	 -1	 0.000000	 7.081480
232	 13	 13	 1	 0.000001	 -1	 0.000000	 7.804790
235	 13	 13	 1	 0.000001	 -1	 0.000000	 7.062612
237	 13	 13	 1	 63.173972	 -1	 0.000000	 6.865499
238	 13	 13	 1	 0.000002	 -1	 0.000000	 6.299800
239	 13	 13	 1	 0.000001	 -1	 0.000000	 6.865709
241	 13	 13	 1	 0.000001	 -1	 0.000000	 6.228373
243	 13	 13	 1	 21.474128	 -1	 0.000000	 6.218237
245	 13	 13	 0	 228.933985	 -1	 0.000000	 6.629508
247	 13	 13	 1	 0.000001	 -1	 0.000000	 7.464699
248	 13	 13	 0	 177.730456	 -1	 0.000000	 6.898328
249	 13	 13	 1	 0.000001	 -1	 0.000000	 10.076749
250	 13	 13	 1	 0.000001	 -1	 0.000000	 8.189128
252	 13	 13	 1	 0.000001	 -1	 0.000000	 8.757018
254	 13	 13	 1	 0.000001	 -1	 0.000000	 8.155031
255	 13	 13	 1	 0.000001	 -1	 0.000000	 7.295617
256	 13	 13	 1	 0.000001	 -1	 0.000000	 8.243963
257	 13	 13	 1	 0.000001	 -1	 0.000000	 8.842000
258	 13	 13	 1	 0.000001	 -1	 0.000000	 6.682318
259	 13	 13	 1	 0.000001	 -1	 0.000000	 7.400597
262	 13	 13	 1	 48.727018	 -1	 0.000000	 9.132812
263	 13	 13	 0	 317.898347	 -1	 0.000000	 6.119160
264	 13	 13	 0	 429.679344	 -1	 0.000000	 8.171082
266	 13	 13	 1	 0.040115	 -1	 0.000000	 5.424500
267	 13	 13	 1	 0.000001	 -1	 0.000000	 8.996166
269	 13	 13	 1	 0.000001	 -1	 0.000000	 7.491285
270	 13	 13	 1	 0.000001	 -1	 0.000000	 7.740977
271	 13	 13	 1	 0.000001	 -1	 0.000000	 7.035753
272	 13	 13	 1	 0.000001	 -1	 0.000000	 6.683419
273	 13	 13	 1	 0.000001	 -1	 0.000000	 8.550185
274	 13	 13	 1	 0.000002	 -1	 0.000000	 6.395029
275	 13	 13	 1	 0.000001	 -1	 0.000000	 6.363472
276	 13	 13	 1	 0.000001	 -1	 0.000000	 7.021010
277	 13	 13	 1	 0.000001	 -1	 0.000000	 6.155897
278	 13	 13	 1	 0.305871	 -1	 0.000000	 8.087919
279	 13	 13	 1	 0.000001	 -1	 0.000000	 8.045719
280	 13	 13	 1	 56.026523	 -1	 0.000000	 5.935927
282	 13	 13	 1	 0.000001	 -1	 0.000000	 8.550690
283	 13	 13	 1	 0.000001	 -1	 0.000000	 7.872112
284	 13	 13	 0	 167.726582	 -1	 0.000000	 6.297998
285	 13	 13	 1	 0.000001	 -1	 0.000000	 7.030727
286	 13	 13	 1	 0.000001	 -1	 0.000000	 8.375379
287	 13	 13	 1	 0.014799	 -1	 0.000000	 6.951071
288	 13	 13	 1	 0.000002	 -1	 0.000000	 6.083070
290	 13	 13	 1	 0.000001	 -1	 0.000000	 7.340012
291	 13	 13	 1	 0.000001	 -1	 0.000000	 6.477664
292	 13	 13	 1	 0.000001	 -1	 0.000000	 6.125090
293	 13	 13	 1	 0.000001	 -1	 0.000000	 7.110610
294	 13	 13	 1	 0.000001	 -1	 0.000000	 6.345419
295	 13	 13	 1	 0.000001	 -1	 0.000000	 6.851575
296	 13	 13	 1	 0.000001	 -1	 0.000000	 6.305133
297	 13	 13	 1	 0.000001	 -1	 0.000000	 7.126094
298	 13	 13	 0	 122.027114	 -1	 0.000000	 7.547399
304	 13	 13	 1	 0.000001	 -1	 0.000000	 6.594185
305	 13	 13	 1	 0.000002	 -1	 0.000000	 6.879697
306	 13	 13	 1	 0.000001	 -1	 0.000000	 7.464458
308	 13	 13	 0	 253.732202	 -1	 0.000000	 5.865231
310	 13	 13	 0	 146.319090	 -1	 0.000000	 6.910180
311	 13	 13	 0	 463.531551	 -1	 0.000000	 6.715973
312	 13	 13	 1	 0.000001	 -1	 0.000000	 7.249773
313	 13	 13	 1	 0.000001	 -1	 0.000000	 7.219786
314	 13	 13	 1	 0.000001	 -1	 0.000000	 7.176375
317	 13	 13	 1	 0.000001	 -1	 0.000000	 8.725612
318	 13	 13	 1	 0.000001	 -1	 0.000000	 6.717944
319	 13	 13	 1	 0.000001	 -1	 0.000000	 6.860356
320	 13	 13	 0	 221.272700	 -1	 0.000000	 7.254427
324	 13	 13	 1	 0.000001	 -1	 0.000000	 7.315463
325	 13	 13	 0	 331.166552	 -1	 0.000000	 6.703326
327	 13	 13	 0	 289.212271	 -1	 0.000000	 7.765525
328	 13	 13	 1	 0.000001	 -1	 0.000000	 7.807976
329	 13	 13	 1	 0.000001	 -1	 0.000000	 6.327866
330	 13	 13	 1	 0.000001	 -1	 0.000000	 8.803753
333	 13	 13	 1	 48.517641	 -1	 0.000000	 6.611880
335	 13	 13	 1	 0.000002	 -1	 0.000000	 6.539540
336	 13	 13	 1	 0.000000	 -1	 0.000000	 8.898597
337	 13	 13	 1	 0.000001	 -1	 0.000000	 7.614897
338	 13	 13	 1	 0.000001	 -1	 0.000000	 7.452318
2846	 10	 10	 0	 479.495202	 -1	 0.000000	 5.554049
350	 13	 13	 1	 64.408030	 -1	 0.000000	 7.989139
351	 13	 13	 1	 56.040910	 -1	 0.000000	 7.387024
353	 13	 13	 1	 0.000001	 -1	 0.000000	 8.585213
354	 13	 13	 1	 0.000001	 -1	 0.000000	 6.536479
355	 13	 13	 1	 0.000001	 -1	 0.000000	 8.078928
356	 13	 13	 1	 0.000001	 -1	 0.000000	 7.374783
357	 13	 13	 1	 0.000001	 -1	 0.000000	 6.807061
358	 13	 13	 1	 0.000001	 -1	 0.000000	 7.166370
359	 13	 13	 1	 0.000001	 -1	 0.000000	 7.138169
364	 13	 13	 0	 198.242450	 -1	 0.000000	 8.651543
365	 13	 13	 1	 0.000001	 -1	 0.000000	 6.375418
366	 13	 13	 1	 0.000001	 -1	 0.000000	 6.736201
368	 13	 13	 0	 173.888168	 -1	 0.000000	 6.452006
369	 13	 13	 1	 0.030270	 -1	 0.000000	 5.955711
3819	 9	 9	 0	 453.263601	 -1	 0.000000	 2.193001
370	 13	 13	 0	 126.471155	 -1	 0.000000	 6.525200
371	 13	 13	 1	 0.000001	 -1	 0.000000	 8.192759
372	 13	 13	 1	 29.601949	 -1	 0.000000	 6.922262
373	 13	 13	 1	 0.000001	 -1	 0.000000	 7.678430
375	 13	 13	 1	 0.000001	 -1	 0.000000	 6.280459
376	 13	 13	 1	 0.000002	 -1	 0.000000	 6.366041
377	 13	 13	 1	 0.000001	 -1	 0.000000	 7.687956
378	 13	 13	 1	 0.000001	 -1	 0.000000	 8.288261
379	 13	 13	 1	 0.000001	 -1	 0.000000	 7.347605
410	 13	 13	 1	 0.000001	 -1	 0.000000	 6.354696
411	 13	 13	 1	 0.000001	 -1	 0.000000	 6.884229
413	 13	 13	 1	 0.000001	 -1	 0.000000	 6.895390
414	 13	 13	 1	 0.000001	 -1	 0.000000	 6.778975
>>> gr_fir_ccf: using E
>>> gr_fir_fff: using E
gr_buffer::allocate_buffer: warning: tried to allocate
   19 items of size 3312. Due to alignment requirements
   256 were allocated.  If this isn't OK, consider padding
   your structure to a power-of-two bytes.
   On this platform, our allocation granularity is 4096 bytes.
20	 13	 13	 1	 0.000001	 -1	 0.000000	 6.085802
21	 13	 13	 1	 0.000001	 -1	 0.000000	 7.095599
22	 13	 13	 1	 0.000001	 -1	 0.000000	 8.710646
23	 13	 13	 1	 0.000001	 -1	 0.000000	 7.823606
24	 13	 13	 1	 0.000001	 -1	 0.000000	 7.829663
25	 13	 13	 1	 0.000001	 -1	 0.000000	 7.104863
26	 13	 13	 1	 0.000001	 -1	 0.000000	 5.979430
27	 13	 13	 1	 0.000001	 -1	 0.000000	 6.921567
28	 13	 13	 1	 0.000001	 -1	 0.000000	 6.118459
29	 13	 13	 1	 0.000001	 -1	 0.000000	 10.057781
30	 13	 13	 1	 0.000001	 -1	 0.000000	 8.182386
31	 13	 13	 1	 0.000001	 -1	 0.000000	 7.600775
32	 13	 13	 1	 0.000002	 -1	 0.000000	 6.566220
33	 13	 13	 1	 0.000001	 -1	 0.000000	 8.267059
34	 13	 13	 1	 0.000001	 -1	 0.000000	 6.793295
35	 13	 13	 1	 0.000001	 -1	 0.000000	 6.441271
36	 13	 13	 1	 0.000001	 -1	 0.000000	 7.069501
37	 13	 13	 1	 0.000001	 -1	 0.000000	 8.425502
38	 13	 13	 1	 0.000001	 -1	 0.000000	 7.365043
39	 13	 13	 1	 0.000001	 -1	 0.000000	 8.155140
40	 13	 13	 1	 0.000001	 -1	 0.000000	 7.514258
2161	 11	 11	 0	 459.926567	 -1	 0.000000	 4.665771
41	 13	 13	 1	 0.000001	 -1	 0.000000	 6.706398
42	 13	 13	 1	 0.000001	 -1	 0.000000	 6.607454
43	 13	 13	 1	 0.000001	 -1	 0.000000	 6.165422
44	 13	 13	 1	 0.000001	 -1	 0.000000	 8.036836
45	 13	 13	 1	 0.000001	 -1	 0.000000	 6.817285
46	 13	 13	 1	 0.000001	 -1	 0.000000	 6.971644
47	 13	 13	 1	 0.000001	 -1	 0.000000	 8.231672
48	 13	 13	 1	 0.000001	 -1	 0.000000	 6.835784
49	 13	 13	 1	 0.000001	 -1	 0.000000	 7.799796
50	 13	 13	 1	 0.000001	 -1	 0.000000	 7.321283
51	 13	 13	 1	 0.000001	 -1	 0.000000	 6.609430
52	 13	 13	 1	 0.000002	 -1	 0.000000	 7.222064
53	 13	 13	 1	 0.000001	 -1	 0.000000	 6.884668
54	 13	 13	 1	 0.000001	 -1	 0.000000	 6.791652
55	 13	 13	 1	 0.000001	 -1	 0.000000	 7.642436
56	 13	 13	 1	 0.000001	 -1	 0.000000	 7.358057
57	 13	 13	 1	 0.000001	 -1	 0.000000	 6.874438
58	 13	 13	 1	 0.000001	 -1	 0.000000	 7.213563
59	 13	 13	 1	 0.000002	 -1	 0.000000	 6.490047
60	 13	 13	 1	 0.000001	 -1	 0.000000	 7.777119
61	 13	 13	 1	 0.000001	 -1	 0.000000	 7.290402
62	 13	 13	 1	 0.000001	 -1	 0.000000	 6.653908
63	 13	 13	 1	 0.097775	 -1	 0.000000	 5.650315
64	 13	 13	 1	 0.000001	 -1	 0.000000	 7.062900
65	 13	 13	 1	 0.000001	 -1	 0.000000	 6.904368
66	 13	 13	 1	 0.000001	 -1	 0.000000	 7.354823
67	 13	 13	 1	 0.000001	 -1	 0.000000	 7.448031
68	 13	 13	 1	 0.000001	 -1	 0.000000	 6.007883
69	 13	 13	 1	 0.000002	 -1	 0.000000	 6.634457
70	 13	 13	 1	 0.000001	 -1	 0.000000	 6.147213
3920	 7	 7	 0	 429.378979	 -1	 0.000000	 4.565554
71	 13	 13	 1	 0.000001	 -1	 0.000000	 6.706500
1176	 15	 15	 0	 394.182868	 -1	 0.000000	 3.824581
72	 13	 13	 1	 0.000001	 -1	 0.000000	 7.079177
73	 13	 13	 1	 0.000001	 -1	 0.000000	 6.694578
74	 13	 13	 1	 0.000001	 -1	 0.000000	 6.592030
75	 13	 13	 1	 0.000001	 -1	 0.000000	 7.500362
76	 13	 13	 1	 0.000001	 -1	 0.000000	 6.962355
77	 13	 13	 1	 0.000001	 -1	 0.000000	 6.967273
78	 13	 13	 1	 0.000001	 -1	 0.000000	 6.419059
79	 13	 13	 1	 0.000001	 -1	 0.000000	 7.307685
80	 13	 13	 1	 0.000001	 -1	 0.000000	 7.755325
81	 13	 13	 1	 0.000001	 -1	 0.000000	 7.443204
82	 13	 13	 1	 0.000001	 -1	 0.000000	 7.601561
2842	 5	 5	 0	 400.744537	 -1	 0.000000	 7.162241
83	 13	 13	 1	 0.000001	 -1	 0.000000	 8.562748
84	 13	 13	 1	 0.000001	 -1	 0.000000	 7.976247
85	 13	 13	 1	 0.000001	 -1	 0.000000	 10.070023
86	 13	 13	 1	 0.000001	 -1	 0.000000	 6.464084
87	 13	 13	 1	 0.000001	 -1	 0.000000	 6.531406
88	 13	 13	 1	 0.000001	 -1	 0.000000	 7.620656
89	 13	 13	 1	 0.000001	 -1	 0.000000	 7.421488
90	 13	 13	 1	 0.000001	 -1	 0.000000	 7.004570
91	 13	 13	 1	 0.000001	 -1	 0.000000	 7.932706
92	 13	 13	 1	 0.000001	 -1	 0.000000	 8.058146
93	 13	 13	 1	 0.000001	 -1	 0.000000	 7.232739
94	 13	 13	 1	 0.000001	 -1	 0.000000	 7.927216
95	 13	 13	 1	 0.000001	 -1	 0.000000	 7.046878
96	 13	 13	 1	 0.000001	 -1	 0.000000	 8.125556
97	 13	 13	 1	 0.000001	 -1	 0.000000	 7.276407
1569	 11	 11	 0	 462.842402	 -1	 0.000000	 2.896894
99	 13	 13	 1	 0.000001	 -1	 0.000000	 10.084233
100	 13	 13	 1	 0.000002	 -1	 0.000000	 6.319497
102	 13	 13	 1	 18.592220	 -1	 0.000000	 6.277635
103	 13	 13	 1	 0.000001	 -1	 0.000000	 7.930958
104	 13	 13	 1	 0.000001	 -1	 0.000000	 7.008008
105	 13	 13	 1	 0.000001	 -1	 0.000000	 6.388182
106	 13	 13	 1	 0.000002	 -1	 0.000000	 6.561432
107	 13	 13	 1	 0.000001	 -1	 0.000000	 6.555239
108	 13	 13	 1	 0.000001	 -1	 0.000000	 6.809633
109	 13	 13	 1	 0.000001	 -1	 0.000000	 6.474586
111	 13	 13	 1	 0.000001	 -1	 0.000000	 6.747240
112	 13	 13	 1	 0.000001	 -1	 0.000000	 7.942888
113	 13	 13	 1	 0.000001	 -1	 0.000000	 7.154815
114	 13	 13	 1	 0.000001	 -1	 0.000000	 6.868098
115	 13	 13	 1	 0.000001	 -1	 0.000000	 7.874345
116	 13	 13	 1	 0.000001	 -1	 0.000000	 7.164105
117	 13	 13	 1	 0.000001	 -1	 0.000000	 7.053373
118	 13	 13	 1	 0.000001	 -1	 0.000000	 6.891047
119	 13	 13	 1	 0.000001	 -1	 0.000000	 7.146515
630	 15	 15	 0	 384.608531	 -1	 0.000000	 6.690736
120	 13	 13	 1	 0.000001	 -1	 0.000000	 7.270467
121	 13	 13	 1	 0.000001	 -1	 0.000000	 6.564116
122	 13	 13	 1	 0.000001	 -1	 0.000000	 7.972783
123	 13	 13	 1	 0.170432	 -1	 0.000000	 7.353523
124	 13	 13	 1	 0.000001	 -1	 0.000000	 6.394444
125	 13	 13	 1	 0.000001	 -1	 0.000000	 8.323453
126	 13	 13	 1	 0.000001	 -1	 0.000000	 7.280355
127	 13	 13	 1	 0.000001	 -1	 0.000000	 7.742700
128	 13	 13	 1	 0.000001	 -1	 0.000000	 6.469887
129	 13	 13	 1	 0.000001	 -1	 0.000000	 6.895559
130	 13	 13	 1	 0.000001	 -1	 0.000000	 7.228019
131	 13	 13	 1	 0.000001	 -1	 0.000000	 6.675700
132	 13	 13	 1	 0.000001	 -1	 0.000000	 7.235420
133	 13	 13	 1	 0.000001	 -1	 0.000000	 6.969652
134	 13	 13	 1	 0.000001	 -1	 0.000000	 7.510904
135	 13	 13	 1	 2.521754	 -1	 0.000000	 7.315477
136	 13	 13	 1	 0.000001	 -1	 0.000000	 6.874106
137	 13	 13	 1	 0.000001	 -1	 0.000000	 7.349395
140	 13	 13	 1	 0.000002	 -1	 0.000000	 6.534773
141	 13	 13	 1	 0.000001	 -1	 0.000000	 7.521039
142	 13	 13	 1	 0.000001	 -1	 0.000000	 7.655917
143	 13	 13	 1	 0.000001	 -1	 0.000000	 6.012601
144	 13	 13	 1	 0.000001	 -1	 0.000000	 8.617081
145	 13	 13	 1	 0.000001	 -1	 0.000000	 7.148707
146	 13	 13	 1	 0.000001	 -1	 0.000000	 8.020370
147	 13	 13	 1	 0.000001	 -1	 0.000000	 6.414950
149	 13	 13	 1	 0.000001	 -1	 0.000000	 8.359476
3555	 13	 13	 0	 361.427696	 -1	 0.000000	 0.884241
150	 13	 13	 1	 0.000001	 -1	 0.000000	 6.120333
151	 13	 13	 1	 0.000001	 -1	 0.000000	 6.183954
152	 13	 13	 1	 0.000001	 -1	 0.000000	 7.609558
153	 13	 13	 1	 0.000001	 -1	 0.000000	 7.206679
154	 13	 13	 1	 0.000001	 -1	 0.000000	 8.852033
155	 13	 13	 1	 0.000001	 -1	 0.000000	 6.849699
156	 13	 13	 1	 0.000001	 -1	 0.000000	 6.333546
157	 13	 13	 1	 0.000001	 -1	 0.000000	 6.659889
158	 13	 13	 1	 0.000001	 -1	 0.000000	 7.444800
159	 13	 13	 1	 0.000001	 -1	 0.000000	 6.624982
160	 13	 13	 1	 0.000001	 -1	 0.000000	 6.847141
161	 13	 13	 1	 0.000001	 -1	 0.000000	 7.048881
162	 13	 13	 1	 0.000001	 -1	 0.000000	 8.369789
163	 13	 13	 1	 0.000001	 -1	 0.000000	 7.198579
164	 13	 13	 1	 0.000001	 -1	 0.000000	 6.529139
165	 13	 13	 1	 0.000001	 -1	 0.000000	 8.470016
166	 13	 13	 1	 0.000001	 -1	 0.000000	 6.311343
167	 13	 13	 1	 0.000001	 -1	 0.000000	 7.829665
168	 13	 13	 1	 0.000001	 -1	 0.000000	 6.897257
169	 13	 13	 1	 0.000001	 -1	 0.000000	 8.276363
170	 13	 13	 1	 0.000001	 -1	 0.000000	 8.110490
171	 13	 13	 1	 0.000001	 -1	 0.000000	 7.075520
172	 13	 13	 1	 0.000001	 -1	 0.000000	 6.419045
1921	 11	 11	 0	 455.950033	 -1	 0.000000	 8.198827
173	 13	 13	 1	 0.000001	 -1	 0.000000	 6.676391
174	 13	 13	 1	 0.000001	 -1	 0.000000	 6.446687
175	 13	 13	 1	 44.519840	 -1	 0.000000	 6.883513
176	 13	 13	 1	 0.000001	 -1	 0.000000	 7.629856
177	 13	 13	 1	 0.000001	 -1	 0.000000	 6.390655
178	 13	 13	 1	 0.000001	 -1	 0.000000	 6.401286
179	 13	 13	 1	 0.000001	 -1	 0.000000	 7.330219
181	 13	 13	 1	 43.136320	 -1	 0.000000	 7.492890
183	 13	 13	 1	 13.444408	 -1	 0.000000	 6.761928
184	 13	 13	 1	 37.642131	 -1	 0.000000	 7.009751
185	 13	 13	 1	 0.000001	 -1	 0.000000	 7.143509
186	 13	 13	 1	 0.000001	 -1	 0.000000	 7.240764
187	 13	 13	 1	 0.000001	 -1	 0.000000	 7.437973
188	 13	 13	 1	 0.000001	 -1	 0.000000	 7.440387
189	 13	 13	 1	 0.000001	 -1	 0.000000	 8.330352
190	 13	 13	 1	 0.000001	 -1	 0.000000	 7.114769
191	 13	 13	 1	 0.000001	 -1	 0.000000	 8.530790
192	 13	 13	 1	 0.000001	 -1	 0.000000	 8.728759
193	 13	 13	 0	 275.088255	 -1	 0.000000	 6.659663
194	 13	 13	 1	 0.000001	 -1	 0.000000	 6.544809
195	 13	 13	 1	 0.000001	 -1	 0.000000	 7.794350
196	 13	 13	 1	 0.000001	 -1	 0.000000	 8.992710
197	 13	 13	 1	 0.000001	 -1	 0.000000	 8.373410
198	 13	 13	 1	 0.000001	 -1	 0.000000	 6.656903
199	 13	 13	 1	 0.000001	 -1	 0.000000	 7.161292
204	 13	 13	 0	 226.335599	 -1	 0.000000	 5.883484
205	 13	 13	 1	 0.000001	 -1	 0.000000	 7.202088
207	 13	 13	 0	 423.673830	 -1	 0.000000	 7.488144
3471	 15	 15	 0	 388.527752	 -1	 0.000000	 6.025241
208	 13	 13	 0	 112.539328	 -1	 0.000000	 6.841750
209	 13	 13	 1	 0.000001	 -1	 0.000000	 7.667679
240	 13	 13	 1	 0.000001	 -1	 0.000000	 8.325176
241	 13	 13	 1	 0.000001	 -1	 0.000000	 7.804452
242	 13	 13	 1	 0.000001	 -1	 0.000000	 7.089826
243	 13	 13	 1	 18.584975	 -1	 0.000000	 6.600188
244	 13	 13	 1	 0.000002	 -1	 0.000000	 6.436533
245	 13	 13	 1	 0.000001	 -1	 0.000000	 7.089049
246	 13	 13	 1	 0.000001	 -1	 0.000000	 7.705087
247	 13	 13	 1	 0.000002	 -1	 0.000000	 6.905031
248	 13	 13	 1	 0.000001	 -1	 0.000000	 6.356357
249	 13	 13	 1	 0.000001	 -1	 0.000000	 6.393789
250	 13	 13	 1	 0.000001	 -1	 0.000000	 6.693770
251	 13	 13	 1	 11.915992	 -1	 0.000000	 6.553091
252	 13	 13	 1	 0.000002	 -1	 0.000000	 6.257930
3566	 5	 5	 0	 397.371816	 -1	 0.000000	 7.618743
253	 13	 13	 1	 0.000001	 -1	 0.000000	 6.002814
254	 13	 13	 1	 0.000002	 -1	 0.000000	 6.987823
255	 13	 13	 1	 0.000001	 -1	 0.000000	 6.019797
256	 13	 13	 1	 0.000001	 -1	 0.000000	 7.910425
257	 13	 13	 1	 0.000002	 -1	 0.000000	 6.283830
258	 13	 13	 1	 0.000001	 -1	 0.000000	 6.630057
259	 13	 13	 1	 0.000001	 -1	 0.000000	 7.414539
260	 13	 13	 1	 0.000001	 -1	 0.000000	 7.180696
261	 13	 13	 1	 0.000001	 -1	 0.000000	 7.468131
262	 13	 13	 1	 0.000001	 -1	 0.000000	 7.338545
263	 13	 13	 1	 0.000001	 -1	 0.000000	 6.776595
264	 13	 13	 1	 0.000002	 -1	 0.000000	 6.805534
265	 13	 13	 1	 0.000001	 -1	 0.000000	 7.279374
266	 13	 13	 1	 0.000001	 -1	 0.000000	 6.602212
280	 13	 13	 1	 0.000001	 -1	 0.000000	 7.231254
281	 13	 13	 1	 0.000001	 -1	 0.000000	 7.473055
282	 13	 13	 1	 0.000001	 -1	 0.000000	 6.521748
283	 13	 13	 1	 0.000001	 -1	 0.000000	 6.823119
284	 13	 13	 1	 0.000001	 -1	 0.000000	 7.091365
285	 13	 13	 1	 0.000001	 -1	 0.000000	 7.976964
286	 13	 13	 1	 0.000001	 -1	 0.000000	 9.214954
287	 13	 13	 1	 0.000001	 -1	 0.000000	 7.962386
288	 13	 13	 1	 0.000001	 -1	 0.000000	 6.619563
289	 13	 13	 1	 0.000001	 -1	 0.000000	 6.653733
290	 13	 13	 1	 0.000001	 -1	 0.000000	 8.749687
291	 13	 13	 1	 0.000001	 -1	 0.000000	 6.195464
292	 13	 13	 1	 0.000001	 -1	 0.000000	 6.379989
293	 13	 13	 1	 0.000001	 -1	 0.000000	 6.645897
294	 13	 13	 1	 0.000001	 -1	 0.000000	 6.086047
295	 13	 13	 1	 0.000001	 -1	 0.000000	 7.548652
296	 13	 13	 1	 0.000001	 -1	 0.000000	 6.112301
297	 13	 13	 1	 0.000001	 -1	 0.000000	 7.007385
298	 13	 13	 1	 0.000001	 -1	 0.000000	 7.486401
299	 13	 13	 1	 0.000001	 -1	 0.000000	 8.237190
307	 13	 13	 1	 0.000001	 -1	 0.000000	 7.298604
308	 13	 13	 1	 0.000001	 -1	 0.000000	 7.412925
309	 13	 13	 1	 0.000001	 -1	 0.000000	 6.957303
310	 13	 13	 1	 0.000001	 -1	 0.000000	 6.619208
311	 13	 13	 1	 0.027585	 -1	 0.000000	 7.150828
312	 13	 13	 1	 0.000001	 -1	 0.000000	 7.020072
313	 13	 13	 1	 0.000001	 -1	 0.000000	 7.181555
314	 13	 13	 1	 0.000001	 -1	 0.000000	 9.771380
315	 13	 13	 1	 0.000001	 -1	 0.000000	 7.259927
317	 13	 13	 1	 0.000002	 -1	 0.000000	 6.169856
318	 13	 13	 1	 0.000001	 -1	 0.000000	 7.970553
319	 13	 13	 1	 0.000001	 -1	 0.000000	 7.542986
320	 13	 13	 1	 0.000001	 -1	 0.000000	 7.233037
2610	 5	 5	 0	 416.392140	 -1	 0.000000	 4.887393
321	 13	 13	 1	 0.000001	 -1	 0.000000	 6.770182
322	 13	 13	 1	 0.000001	 -1	 0.000000	 6.420471
323	 13	 13	 1	 0.001616	 -1	 0.000000	 6.511250
324	 13	 13	 1	 0.000001	 -1	 0.000000	 7.187664
325	 13	 13	 1	 0.000002	 -1	 0.000000	 6.242391
1576	 15	 15	 0	 400.609277	 -1	 0.000000	 8.361250
326	 13	 13	 1	 0.000001	 -1	 0.000000	 7.156703
327	 13	 13	 1	 0.000001	 -1	 0.000000	 7.729693
328	 13	 13	 1	 0.000001	 -1	 0.000000	 7.255241
329	 13	 13	 1	 0.000002	 -1	 0.000000	 7.358636
330	 13	 13	 0	 50.978431	 -1	 0.000000	 7.363813
331	 13	 13	 1	 0.000001	 -1	 0.000000	 9.266088
332	 13	 13	 1	 0.000001	 -1	 0.000000	 7.339859
333	 13	 13	 1	 0.000001	 -1	 0.000000	 7.631363
334	 13	 13	 1	 0.000001	 -1	 0.000000	 7.113742
335	 13	 13	 1	 0.031389	 -1	 0.000000	 6.579283
336	 13	 13	 1	 0.000002	 -1	 0.000000	 6.780439
337	 13	 13	 1	 0.000001	 -1	 0.000000	 7.851460
338	 13	 13	 1	 0.000001	 -1	 0.000000	 6.178885
339	 13	 13	 1	 0.000001	 -1	 0.000000	 7.371043
340	 13	 13	 1	 0.000001	 -1	 0.000000	 7.748366
341	 13	 13	 1	 0.000001	 -1	 0.000000	 7.194407
342	 13	 13	 1	 0.000001	 -1	 0.000000	 7.920985
343	 13	 13	 1	 0.000002	 -1	 0.000000	 6.653172
344	 13	 13	 1	 0.000001	 -1	 0.000000	 6.702359
345	 13	 13	 1	 0.000001	 -1	 0.000000	 7.275217
346	 13	 13	 1	 0.000001	 -1	 0.000000	 7.926985
347	 13	 13	 1	 0.000001	 -1	 0.000000	 7.084580
348	 13	 13	 1	 0.000001	 -1	 0.000000	 6.649395
349	 13	 13	 1	 0.000001	 -1	 0.000000	 8.418033
350	 13	 13	 1	 0.000001	 -1	 0.000000	 6.963880
351	 13	 13	 1	 0.067029	 -1	 0.000000	 6.004956
352	 13	 13	 1	 0.000001	 -1	 0.000000	 6.707421
353	 13	 13	 1	 0.000001	 -1	 0.000000	 7.601904
354	 13	 13	 1	 0.000001	 -1	 0.000000	 7.580997
355	 13	 13	 1	 0.000001	 -1	 0.000000	 6.588797
356	 13	 13	 1	 49.175493	 -1	 0.000000	 8.033520
357	 13	 13	 1	 0.000001	 -1	 0.000000	 7.079378
358	 13	 13	 1	 0.000001	 -1	 0.000000	 6.552421
359	 13	 13	 1	 0.000001	 -1	 0.000000	 6.768846
360	 13	 13	 1	 0.000001	 -1	 0.000000	 6.750149
361	 13	 13	 1	 0.000001	 -1	 0.000000	 9.263126
362	 13	 13	 1	 0.000001	 -1	 0.000000	 7.708582
363	 13	 13	 1	 0.000001	 -1	 0.000000	 7.621660
364	 13	 13	 1	 0.000001	 -1	 0.000000	 7.468684
365	 13	 13	 1	 0.000002	 -1	 0.000000	 6.268678
366	 13	 13	 1	 0.000001	 -1	 0.000000	 7.323658
367	 13	 13	 1	 0.000001	 -1	 0.000000	 7.924534
368	 13	 13	 1	 0.000001	 -1	 0.000000	 7.228809
369	 13	 13	 1	 0.000001	 -1	 0.000000	 7.205576
370	 13	 13	 1	 0.000001	 -1	 0.000000	 7.296275
380	 13	 13	 1	 0.000001	 -1	 0.000000	 6.696853
381	 13	 13	 1	 0.000001	 -1	 0.000000	 7.949663
382	 13	 13	 1	 0.000001	 -1	 0.000000	 7.328037
383	 13	 13	 1	 0.000001	 -1	 0.000000	 6.549273
384	 13	 13	 1	 0.000001	 -1	 0.000000	 7.341976
385	 13	 13	 1	 0.000001	 -1	 0.000000	 8.032112
386	 13	 13	 1	 0.000001	 -1	 0.000000	 7.274992
387	 13	 13	 1	 0.000001	 -1	 0.000000	 7.352181
388	 13	 13	 1	 0.000001	 -1	 0.000000	 6.831043
389	 13	 13	 1	 0.000001	 -1	 0.000000	 7.203623
390	 13	 13	 1	 0.000001	 -1	 0.000000	 7.767241
391	 13	 13	 1	 0.000001	 -1	 0.000000	 6.612244
392	 13	 13	 1	 0.000001	 -1	 0.000000	 7.062964
393	 13	 13	 1	 0.000001	 -1	 0.000000	 6.222521
394	 13	 13	 1	 0.000001	 -1	 0.000000	 9.652556
816	 13	 13	 0	 394.975383	 -1	 0.000000	 2.780216
395	 13	 13	 1	 0.000001	 -1	 0.000000	 7.898794
396	 13	 13	 1	 0.000002	 -1	 0.000000	 6.559432
397	 13	 13	 1	 0.000001	 -1	 0.000000	 7.043573
398	 13	 13	 1	 0.000002	 -1	 0.000000	 6.321355
399	 13	 13	 1	 0.000001	 -1	 0.000000	 6.873038
413	 13	 13	 1	 0.000001	 -1	 0.000000	 7.547995
414	 13	 13	 1	 0.000001	 -1	 0.000000	 7.433104
415	 13	 13	 1	 0.000001	 -1	 0.000000	 6.218208
416	 13	 13	 1	 0.000001	 -1	 0.000000	 6.648510
417	 13	 13	 1	 0.000001	 -1	 0.000000	 9.062458
418	 13	 13	 1	 0.000001	 -1	 0.000000	 8.383309
419	 13	 13	 1	 0.000002	 -1	 0.000000	 6.569858
420	 13	 13	 1	 0.000001	 -1	 0.000000	 8.396223
421	 13	 13	 1	 0.000001	 -1	 0.000000	 7.259858
422	 13	 13	 1	 0.000001	 -1	 0.000000	 6.432710
423	 13	 13	 1	 0.000001	 -1	 0.000000	 6.763719
424	 13	 13	 1	 0.000001	 -1	 0.000000	 7.700791
425	 13	 13	 1	 0.000001	 -1	 0.000000	 6.927631
427	 13	 13	 1	 0.000001	 -1	 0.000000	 6.726319
428	 13	 13	 1	 0.000001	 -1	 0.000000	 6.575278
429	 13	 13	 1	 0.000001	 -1	 0.000000	 6.938488
430	 13	 13	 1	 0.000001	 -1	 0.000000	 6.697230
431	 13	 13	 1	 29.529501	 -1	 0.000000	 6.245905
432	 13	 13	 1	 0.000001	 -1	 0.000000	 8.427965
433	 13	 13	 1	 0.000001	 -1	 0.000000	 6.616468
435	 13	 13	 1	 0.000001	 -1	 0.000000	 7.203547
436	 13	 13	 1	 0.000001	 -1	 0.000000	 6.954020
437	 13	 13	 1	 0.000002	 -1	 0.000000	 6.400805
3590	 13	 13	 0	 377.284693	 -1	 0.000000	 2.032379
439	 13	 13	 1	 0.000001	 -1	 0.000000	 6.997975
440	 13	 13	 1	 0.000001	 -1	 0.000000	 6.700771
441	 13	 13	 1	 0.000001	 -1	 0.000000	 5.966136
442	 13	 13	 1	 0.000001	 -1	 0.000000	 7.284300
443	 13	 13	 1	 0.000001	 -1	 0.000000	 6.187238
444	 13	 13	 1	 0.000001	 -1	 0.000000	 7.681031
445	 13	 13	 1	 0.000001	 -1	 0.000000	 8.352061
446	 13	 13	 1	 0.000001	 -1	 0.000000	 6.531196
447	 13	 13	 1	 0.000001	 -1	 0.000000	 8.187249
448	 13	 13	 1	 48.355084	 -1	 0.000000	 8.272939
449	 13	 13	 1	 0.000001	 -1	 0.000000	 7.020586
450	 13	 13	 1	 0.000001	 -1	 0.000000	 7.661763
451	 13	 13	 1	 3.710077	 -1	 0.000000	 5.795861
452	 13	 13	 1	 0.000001	 -1	 0.000000	 7.941794
453	 13	 13	 1	 0.000001	 -1	 0.000000	 7.845227
454	 13	 13	 1	 0.000001	 -1	 0.000000	 7.368044
455	 13	 13	 1	 0.000001	 -1	 0.000000	 7.013442
457	 13	 13	 1	 0.000001	 -1	 0.000000	 7.482734
458	 13	 13	 1	 0.000001	 -1	 0.000000	 6.767870
459	 13	 13	 1	 0.000001	 -1	 0.000000	 8.526953
460	 13	 13	 1	 0.000001	 -1	 0.000000	 6.881450
461	 13	 13	 1	 0.000001	 -1	 0.000000	 7.730727
462	 13	 13	 1	 0.000001	 -1	 0.000000	 7.301555
463	 13	 13	 1	 0.000001	 -1	 0.000000	 9.526431
464	 13	 13	 1	 0.000001	 -1	 0.000000	 6.879658
465	 13	 13	 1	 0.000001	 -1	 0.000000	 7.876156
466	 13	 13	 1	 0.000001	 -1	 0.000000	 7.049053
467	 13	 13	 1	 0.000001	 -1	 0.000000	 6.226651
468	 13	 13	 1	 0.000001	 -1	 0.000000	 6.776113
469	 13	 13	 1	 0.000001	 -1	 0.000000	 6.588983
41	 15	 15	 0	 374.645284	 -1	 0.000000	 3.995371
470	 13	 13	 1	 0.000001	 -1	 0.000000	 6.897581
471	 13	 13	 1	 0.000002	 -1	 0.000000	 7.128736
473	 13	 13	 1	 0.000001	 -1	 0.000000	 7.850629
480	 13	 13	 1	 0.000001	 -1	 0.000000	 7.451838
481	 13	 13	 1	 0.000001	 -1	 0.000000	 7.640357
482	 13	 13	 1	 0.000001	 -1	 0.000000	 7.478399
483	 13	 13	 1	 0.000001	 -1	 0.000000	 8.797859
484	 13	 13	 1	 0.000001	 -1	 0.000000	 6.583659
485	 13	 13	 1	 0.000001	 -1	 0.000000	 7.482682
486	 13	 13	 1	 0.000001	 -1	 0.000000	 6.815357
3877	 11	 11	 0	 451.877321	 -1	 0.000000	 4.011840
487	 13	 13	 1	 0.000001	 -1	 0.000000	 7.508132
488	 13	 13	 1	 0.000001	 -1	 0.000000	 9.050829
489	 13	 13	 1	 0.000001	 -1	 0.000000	 6.982403
490	 13	 13	 1	 0.000001	 -1	 0.000000	 6.874454
491	 13	 13	 1	 0.000001	 -1	 0.000000	 6.916857
492	 13	 13	 1	 0.000001	 -1	 0.000000	 7.293968
493	 13	 13	 1	 0.000001	 -1	 0.000000	 6.351879
494	 13	 13	 1	 0.000001	 -1	 0.000000	 6.555045
496	 13	 13	 1	 0.000001	 -1	 0.000000	 6.868628
497	 13	 13	 1	 0.000001	 -1	 0.000000	 7.422522
498	 13	 13	 1	 0.000001	 -1	 0.000000	 6.967311
499	 13	 13	 1	 0.000001	 -1	 0.000000	 7.501352
0	 15	 15	 1	 0.000009	 -1	 0.000000	 8.050500
1	 15	 15	 1	 0.000013	 -1	 0.000000	 6.625990
2	 15	 15	 1	 0.000013	 -1	 0.000000	 7.236944
3	 15	 15	 1	 0.000070	 -1	 0.000000	 7.649506
4	 15	 15	 1	 0.000010	 -1	 0.000000	 6.941459
usrp2::ctor set_rx_decim failed
>>> gr_fir_ccf: using E
>>> gr_fir_fff: using E
terminate called after throwing an instance of 'std::invalid_argument'
  what():  gr_ofdm_demod: Incorrect subcarriers allocated
>>> gr_fir_ccf: using E
>>> gr_fir_fff: using E
terminate called after throwing an instance of 'std::invalid_argument'
  what():  gr_ofdm_demod: Incorrect subcarriers allocated
>>> gr_fir_ccf: using E
>>> gr_fir_fff: using E
gr_buffer::allocate_buffer: warning: tried to allocate
   19 items of size 3312. Due to alignment requirements
   256 were allocated.  If this isn't OK, consider padding
   your structure to a power-of-two bytes.
   On this platform, our allocation granularity is 4096 bytes.
20	 5	 5	 1	 0.003950	 -1	 0.000000	 6.090704
21	 5	 5	 1	 0.003567	 -1	 0.000000	 8.020462
22	 5	 5	 1	 0.000916	 -1	 0.000000	 6.550267
23	 5	 5	 1	 0.004378	 -1	 0.000000	 7.576597
24	 5	 5	 1	 0.003279	 -1	 0.000000	 8.538274
25	 5	 5	 1	 0.003490	 -1	 0.000000	 6.911448
26	 5	 5	 1	 42.905380	 -1	 0.000000	 5.730892
27	 5	 5	 1	 4.036231	 -1	 0.000000	 7.032765
28	 5	 5	 1	 0.003906	 -1	 0.000000	 7.934085
29	 5	 5	 1	 0.001087	 -1	 0.000000	 6.518768
30	 5	 5	 1	 0.003677	 -1	 0.000000	 6.942729
31	 5	 5	 1	 0.004442	 -1	 0.000000	 7.060797
32	 5	 5	 1	 0.004087	 -1	 0.000000	 6.633678
33	 5	 5	 1	 0.411590	 -1	 0.000000	 7.021415
34	 5	 5	 1	 0.001002	 -1	 0.000000	 6.434556
35	 5	 5	 1	 0.004053	 -1	 0.000000	 6.321807
36	 5	 5	 1	 11.935181	 -1	 0.000000	 7.410594
37	 5	 5	 1	 0.003415	 -1	 0.000000	 8.027954
38	 5	 5	 1	 2.447465	 -1	 0.000000	 6.618352
39	 5	 5	 1	 0.001119	 -1	 0.000000	 6.080325
40	 5	 5	 1	 0.000753	 -1	 0.000000	 7.361116
41	 5	 5	 1	 0.004493	 -1	 0.000000	 6.142448
42	 5	 5	 1	 0.003500	 -1	 0.000000	 9.276762
43	 5	 5	 1	 0.003457	 -1	 0.000000	 7.518760
44	 5	 5	 1	 0.000652	 -1	 0.000000	 6.942956
45	 5	 5	 1	 0.936701	 -1	 0.000000	 7.358424
46	 5	 5	 1	 42.503327	 -1	 0.000000	 7.572021
47	 5	 5	 1	 0.000606	 -1	 0.000000	 9.188155
48	 5	 5	 0	 165.421375	 -1	 0.000000	 6.717686
49	 5	 5	 1	 0.000613	 -1	 0.000000	 8.000669
50	 5	 5	 1	 0.000722	 -1	 0.000000	 7.055236
51	 5	 5	 1	 0.003624	 -1	 0.000000	 6.108881
52	 5	 5	 1	 0.003619	 -1	 0.000000	 6.374784
53	 5	 5	 1	 0.004749	 -1	 0.000000	 7.171717
54	 5	 5	 1	 0.000776	 -1	 0.000000	 7.235361
55	 5	 5	 1	 0.375595	 -1	 0.000000	 7.427860
56	 5	 5	 1	 11.612572	 -1	 0.000000	 6.312293
57	 5	 5	 1	 0.000920	 -1	 0.000000	 6.830122
58	 5	 5	 1	 0.004079	 -1	 0.000000	 5.633176
59	 5	 5	 1	 0.004484	 -1	 0.000000	 6.602433
60	 5	 5	 1	 10.999950	 -1	 0.000000	 7.950022
61	 5	 5	 1	 0.001202	 -1	 0.000000	 6.270664
62	 5	 5	 1	 11.218725	 -1	 0.000000	 7.457833
63	 5	 5	 1	 0.003118	 -1	 0.000000	 6.835198
64	 5	 5	 1	 0.004052	 -1	 0.000000	 6.428086
65	 5	 5	 1	 0.003547	 -1	 0.000000	 6.180418
66	 5	 5	 1	 77.672029	 -1	 0.000000	 6.431655
67	 5	 5	 1	 1.658780	 -1	 0.000000	 6.974618
68	 5	 5	 1	 0.003130	 -1	 0.000000	 7.659766
69	 5	 5	 1	 4.370725	 -1	 0.000000	 7.313594
70	 5	 5	 1	 0.003051	 -1	 0.000000	 7.437850
71	 5	 5	 1	 0.003418	 -1	 0.000000	 8.055997
72	 5	 5	 1	 0.000784	 -1	 0.000000	 7.144697
73	 5	 5	 1	 0.002532	 -1	 0.000000	 8.474973
74	 5	 5	 1	 0.000800	 -1	 0.000000	 7.600694
75	 5	 5	 1	 0.000784	 -1	 0.000000	 6.818205
76	 5	 5	 1	 28.112717	 -1	 0.000000	 6.016121
77	 5	 5	 1	 0.000667	 -1	 0.000000	 7.602741
78	 5	 5	 1	 0.001108	 -1	 0.000000	 6.570783
3391	 7	 7	 0	 419.959515	 -1	 0.000000	 5.183381
79	 5	 5	 1	 0.000780	 -1	 0.000000	 7.053738
80	 5	 5	 1	 10.187923	 -1	 0.000000	 6.512969
81	 5	 5	 1	 0.001059	 -1	 0.000000	 6.215226
82	 5	 5	 1	 0.001044	 -1	 0.000000	 6.429810
83	 5	 5	 0	 206.123171	 -1	 0.000000	 6.411888
84	 5	 5	 1	 0.000482	 -1	 0.000000	 7.972618
85	 5	 5	 1	 0.000731	 -1	 0.000000	 6.768074
86	 5	 5	 1	 0.000778	 -1	 0.000000	 7.361842
87	 5	 5	 1	 7.099735	 -1	 0.000000	 6.064729
88	 5	 5	 1	 0.004813	 -1	 0.000000	 7.989192
89	 5	 5	 1	 0.004600	 -1	 0.000000	 6.692346
90	 5	 5	 1	 0.003008	 -1	 0.000000	 7.608439
91	 5	 5	 1	 0.003517	 -1	 0.000000	 8.108214
92	 5	 5	 1	 0.003560	 -1	 0.000000	 7.605464
93	 5	 5	 1	 0.003410	 -1	 0.000000	 8.387159
94	 5	 5	 1	 0.003742	 -1	 0.000000	 7.629354
95	 5	 5	 1	 0.002264	 -1	 0.000000	 9.108209
96	 5	 5	 1	 0.000847	 -1	 0.000000	 6.910857
97	 5	 5	 1	 0.003151	 -1	 0.000000	 6.540548
98	 5	 5	 1	 0.003987	 -1	 0.000000	 8.589534
99	 5	 5	 1	 36.954341	 -1	 0.000000	 6.505380
100	 5	 5	 1	 0.001143	 -1	 0.000000	 6.286801
101	 5	 5	 1	 0.003463	 -1	 0.000000	 8.584067
102	 5	 5	 1	 0.004250	 -1	 0.000000	 7.363770
103	 5	 5	 1	 0.000765	 -1	 0.000000	 6.843901
104	 5	 5	 1	 0.002592	 -1	 0.000000	 12.308437
105	 5	 5	 1	 0.005020	 -1	 0.000000	 7.664558
106	 5	 5	 1	 0.003687	 -1	 0.000000	 7.926917
107	 5	 5	 1	 0.004517	 -1	 0.000000	 7.398765
108	 5	 5	 1	 0.001043	 -1	 0.000000	 6.412925
109	 5	 5	 1	 0.002919	 -1	 0.000000	 6.493932
110	 5	 5	 1	 0.000822	 -1	 0.000000	 6.697225
111	 5	 5	 1	 0.000801	 -1	 0.000000	 6.864045
112	 5	 5	 1	 3.489983	 -1	 0.000000	 7.195394
113	 5	 5	 1	 27.172355	 -1	 0.000000	 6.735430
114	 5	 5	 1	 3.883425	 -1	 0.000000	 5.911170
115	 5	 5	 1	 0.000889	 -1	 0.000000	 6.961396
116	 5	 5	 1	 0.004109	 -1	 0.000000	 6.707316
117	 5	 5	 1	 1.020105	 -1	 0.000000	 6.284179
118	 5	 5	 1	 0.003539	 -1	 0.000000	 6.952951
119	 5	 5	 1	 0.001283	 -1	 0.000000	 6.281273
120	 5	 5	 1	 75.101816	 -1	 0.000000	 6.899405
121	 5	 5	 1	 0.003584	 -1	 0.000000	 8.204021
122	 5	 5	 1	 0.001135	 -1	 0.000000	 6.483986
123	 5	 5	 1	 9.176123	 -1	 0.000000	 6.352486
124	 5	 5	 1	 0.000695	 -1	 0.000000	 8.260567
125	 5	 5	 1	 0.008475	 -1	 0.000000	 6.724383
126	 5	 5	 1	 0.003545	 -1	 0.000000	 6.751291
127	 5	 5	 1	 0.000995	 -1	 0.000000	 6.646366
128	 5	 5	 1	 0.001081	 -1	 0.000000	 6.096278
129	 5	 5	 1	 27.649578	 -1	 0.000000	 7.144170
130	 5	 5	 1	 0.007096	 -1	 0.000000	 7.737442
131	 5	 5	 1	 0.000768	 -1	 0.000000	 6.862203
132	 5	 5	 1	 19.916319	 -1	 0.000000	 6.275028
133	 5	 5	 1	 0.719330	 -1	 0.000000	 5.960890
134	 5	 5	 1	 0.003378	 -1	 0.000000	 8.231953
135	 5	 5	 1	 0.008751	 -1	 0.000000	 7.109383
136	 5	 5	 1	 0.003397	 -1	 0.000000	 7.913830
137	 5	 5	 1	 0.005574	 -1	 0.000000	 6.572114
138	 5	 5	 1	 0.000732	 -1	 0.000000	 6.951697
139	 5	 5	 1	 0.010789	 -1	 0.000000	 6.661458
140	 5	 5	 1	 0.003151	 -1	 0.000000	 6.703601
141	 5	 5	 1	 0.000841	 -1	 0.000000	 7.470655
142	 5	 5	 1	 0.004528	 -1	 0.000000	 6.847009
143	 5	 5	 1	 20.012813	 -1	 0.000000	 5.926054
144	 5	 5	 1	 0.003679	 -1	 0.000000	 9.526966
145	 5	 5	 1	 0.000747	 -1	 0.000000	 7.097807
146	 5	 5	 1	 0.000973	 -1	 0.000000	 6.845677
147	 5	 5	 1	 0.003076	 -1	 0.000000	 8.182188
148	 5	 5	 1	 5.656724	 -1	 0.000000	 6.249170
149	 5	 5	 1	 0.000798	 -1	 0.000000	 7.110105
150	 5	 5	 1	 0.000926	 -1	 0.000000	 6.579298
151	 5	 5	 1	 0.212760	 -1	 0.000000	 7.294996
152	 5	 5	 1	 0.000709	 -1	 0.000000	 6.620358
153	 5	 5	 1	 0.003144	 -1	 0.000000	 7.127648
154	 5	 5	 1	 0.003943	 -1	 0.000000	 6.978484
155	 5	 5	 1	 0.003665	 -1	 0.000000	 6.701465
156	 5	 5	 1	 0.001098	 -1	 0.000000	 6.591593
157	 5	 5	 1	 0.003753	 -1	 0.000000	 8.598813
158	 5	 5	 1	 0.003964	 -1	 0.000000	 7.483743
1075	 15	 15	 0	 401.915554	 -1	 0.000000	 4.159847
159	 5	 5	 1	 0.003351	 -1	 0.000000	 8.847867
160	 5	 5	 1	 0.003619	 -1	 0.000000	 6.038459
161	 5	 5	 1	 0.004338	 -1	 0.000000	 7.250969
162	 5	 5	 1	 0.003397	 -1	 0.000000	 7.742976
163	 5	 5	 1	 0.000920	 -1	 0.000000	 7.246728
646	 3	 3	 0	 486.059778	 -1	 0.000000	 5.235142
164	 5	 5	 0	 487.159146	 -1	 0.000000	 7.082916
165	 5	 5	 1	 0.003404	 -1	 0.000000	 7.514086
166	 5	 5	 1	 0.003191	 -1	 0.000000	 7.307175
167	 5	 5	 1	 0.005268	 -1	 0.000000	 7.480569
168	 5	 5	 1	 0.985844	 -1	 0.000000	 6.862383
169	 5	 5	 1	 0.003997	 -1	 0.000000	 6.961677
170	 5	 5	 1	 0.000908	 -1	 0.000000	 6.327133
171	 5	 5	 1	 0.001260	 -1	 0.000000	 8.093901
172	 5	 5	 1	 0.003227	 -1	 0.000000	 7.958070
174	 5	 5	 1	 0.003205	 -1	 0.000000	 5.765720
175	 5	 5	 1	 22.854667	 -1	 0.000000	 8.219415
176	 5	 5	 1	 0.003573	 -1	 0.000000	 8.058125
177	 5	 5	 1	 0.003349	 -1	 0.000000	 6.483772
178	 5	 5	 1	 0.002902	 -1	 0.000000	 6.346934
179	 5	 5	 1	 0.004079	 -1	 0.000000	 6.468954
180	 5	 5	 1	 0.003553	 -1	 0.000000	 7.853049
181	 5	 5	 1	 0.000702	 -1	 0.000000	 6.886837
182	 5	 5	 1	 0.787265	 -1	 0.000000	 6.683777
183	 5	 5	 1	 0.000949	 -1	 0.000000	 6.510911
184	 5	 5	 1	 0.003741	 -1	 0.000000	 7.290065
185	 5	 5	 1	 0.000691	 -1	 0.000000	 7.396743
186	 5	 5	 1	 0.000802	 -1	 0.000000	 6.319319
187	 5	 5	 1	 0.001048	 -1	 0.000000	 6.669475
188	 5	 5	 1	 0.028626	 -1	 0.000000	 7.669291
189	 5	 5	 1	 0.003528	 -1	 0.000000	 7.773604
190	 5	 5	 1	 0.002887	 -1	 0.000000	 6.627402
191	 5	 5	 1	 0.001332	 -1	 0.000000	 7.118807
192	 5	 5	 1	 0.787777	 -1	 0.000000	 8.418102
193	 5	 5	 1	 0.003327	 -1	 0.000000	 8.157055
194	 5	 5	 1	 0.117863	 -1	 0.000000	 6.152282
195	 5	 5	 1	 0.048731	 -1	 0.000000	 6.545835
196	 5	 5	 1	 0.004803	 -1	 0.000000	 6.973565
197	 5	 5	 1	 0.003654	 -1	 0.000000	 7.629184
198	 5	 5	 1	 0.004283	 -1	 0.000000	 6.034704
199	 5	 5	 1	 0.001190	 -1	 0.000000	 7.137026
200	 5	 5	 1	 0.003827	 -1	 0.000000	 6.438463
201	 5	 5	 0	 335.625413	 -1	 0.000000	 6.070009
202	 5	 5	 0	 202.632447	 -1	 0.000000	 6.550134
203	 5	 5	 1	 0.003752	 -1	 0.000000	 7.568565
204	 5	 5	 1	 0.003557	 -1	 0.000000	 6.580797
205	 5	 5	 1	 0.000990	 -1	 0.000000	 6.562598
206	 5	 5	 1	 0.000992	 -1	 0.000000	 5.624525
207	 5	 5	 1	 21.557577	 -1	 0.000000	 6.533390
208	 5	 5	 1	 0.001070	 -1	 0.000000	 5.909459
209	 5	 5	 1	 54.680307	 -1	 0.000000	 7.035400
210	 5	 5	 1	 0.003210	 -1	 0.000000	 9.368385
211	 5	 5	 1	 0.004112	 -1	 0.000000	 6.487545
240	 5	 5	 1	 0.001105	 -1	 0.000000	 9.166848
241	 5	 5	 1	 0.003294	 -1	 0.000000	 6.041154
242	 5	 5	 1	 5.399204	 -1	 0.000000	 7.906427
243	 5	 5	 1	 0.003626	 -1	 0.000000	 7.855673
244	 5	 5	 1	 0.003725	 -1	 0.000000	 7.039775
245	 5	 5	 1	 0.000928	 -1	 0.000000	 7.007433
246	 5	 5	 1	 0.003365	 -1	 0.000000	 6.494560
247	 5	 5	 1	 5.294918	 -1	 0.000000	 6.642958
248	 5	 5	 1	 0.003575	 -1	 0.000000	 6.818729
249	 5	 5	 1	 0.000882	 -1	 0.000000	 7.457579
250	 5	 5	 1	 0.003717	 -1	 0.000000	 6.428609
251	 5	 5	 0	 92.702161	 -1	 0.000000	 6.906675
252	 5	 5	 1	 0.002046	 -1	 0.000000	 6.373194
253	 5	 5	 1	 0.001023	 -1	 0.000000	 7.434702
254	 5	 5	 1	 0.000663	 -1	 0.000000	 6.665493
255	 5	 5	 1	 0.001165	 -1	 0.000000	 6.679725
256	 5	 5	 1	 0.003925	 -1	 0.000000	 7.684373
260	 5	 5	 1	 0.000718	 -1	 0.000000	 8.012555
20	 5	 5	 1	 3.077575	 -1	 0.000000	 7.345567
21	 5	 5	 1	 0.005134	 -1	 0.000000	 6.978329
22	 5	 5	 1	 0.003666	 -1	 0.000000	 8.605470
23	 5	 5	 1	 0.000833	 -1	 0.000000	 6.745030
24	 5	 5	 1	 0.000569	 -1	 0.000000	 7.638593
25	 5	 5	 1	 0.049816	 -1	 0.000000	 8.030377
26	 5	 5	 1	 0.003648	 -1	 0.000000	 7.401582
27	 5	 5	 1	 0.010726	 -1	 0.000000	 7.441394
28	 5	 5	 1	 0.003636	 -1	 0.000000	 8.700128
29	 5	 5	 1	 0.003358	 -1	 0.000000	 6.511531
30	 5	 5	 1	 88.429860	 -1	 0.000000	 6.885980
31	 5	 5	 1	 0.356184	 -1	 0.000000	 6.890218
32	 5	 5	 1	 8.603016	 -1	 0.000000	 5.933437
33	 5	 5	 1	 0.000690	 -1	 0.000000	 6.879190
34	 5	 5	 1	 0.001783	 -1	 0.000000	 8.165468
35	 5	 5	 1	 5.765229	 -1	 0.000000	 5.957571
36	 5	 5	 1	 0.003331	 -1	 0.000000	 6.337280
37	 5	 5	 1	 0.000736	 -1	 0.000000	 7.861981
38	 5	 5	 1	 19.509465	 -1	 0.000000	 6.299311
39	 5	 5	 1	 0.002996	 -1	 0.000000	 6.981724
40	 5	 5	 1	 0.004033	 -1	 0.000000	 7.466887
41	 5	 5	 1	 0.000758	 -1	 0.000000	 6.871850
42	 5	 5	 1	 0.006819	 -1	 0.000000	 7.544506
43	 5	 5	 1	 0.003730	 -1	 0.000000	 7.224635
44	 5	 5	 1	 0.003575	 -1	 0.000000	 7.530473
3149	 11	 11	 0	 458.108461	 -1	 0.000000	 0.901717
45	 5	 5	 1	 0.024228	 -1	 0.000000	 7.516666
46	 5	 5	 1	 0.002943	 -1	 0.000000	 8.025126
47	 5	 5	 1	 34.494610	 -1	 0.000000	 6.516929
48	 5	 5	 1	 0.003163	 -1	 0.000000	 8.412456
49	 5	 5	 1	 0.001301	 -1	 0.000000	 6.172239
50	 5	 5	 1	 0.000811	 -1	 0.000000	 6.869358
51	 5	 5	 1	 1.433652	 -1	 0.000000	 7.529594
52	 5	 5	 1	 0.005102	 -1	 0.000000	 6.943813
53	 5	 5	 1	 0.003565	 -1	 0.000000	 7.548398
54	 5	 5	 1	 0.000992	 -1	 0.000000	 6.308390
55	 5	 5	 1	 0.000870	 -1	 0.000000	 6.840493
56	 5	 5	 1	 0.003793	 -1	 0.000000	 7.080865
57	 5	 5	 1	 0.011002	 -1	 0.000000	 8.353354
58	 5	 5	 1	 0.000463	 -1	 0.000000	 7.968311
59	 5	 5	 1	 0.004607	 -1	 0.000000	 6.742859
60	 5	 5	 1	 0.003453	 -1	 0.000000	 7.659643
61	 5	 5	 1	 0.001488	 -1	 0.000000	 5.924440
62	 5	 5	 1	 0.005645	 -1	 0.000000	 7.578047
63	 5	 5	 1	 0.000683	 -1	 0.000000	 6.913342
64	 5	 5	 1	 53.833597	 -1	 0.000000	 7.001586
65	 5	 5	 1	 0.003963	 -1	 0.000000	 6.479864
66	 5	 5	 1	 0.000938	 -1	 0.000000	 6.425205
67	 5	 5	 1	 0.000812	 -1	 0.000000	 7.577133
68	 5	 5	 1	 0.003944	 -1	 0.000000	 6.847700
69	 5	 5	 1	 0.003688	 -1	 0.000000	 7.225708
70	 5	 5	 1	 84.521744	 -1	 0.000000	 6.970413
71	 5	 5	 1	 0.003604	 -1	 0.000000	 7.331885
72	 5	 5	 1	 0.000645	 -1	 0.000000	 7.680012
73	 5	 5	 1	 0.003065	 -1	 0.000000	 7.734896
74	 5	 5	 1	 0.001998	 -1	 0.000000	 5.727479
75	 5	 5	 1	 0.554012	 -1	 0.000000	 10.249876
76	 5	 5	 1	 0.000709	 -1	 0.000000	 7.353820
77	 5	 5	 1	 0.003512	 -1	 0.000000	 8.442317
78	 5	 5	 1	 0.000781	 -1	 0.000000	 6.619785
79	 5	 5	 1	 0.003066	 -1	 0.000000	 7.701498
80	 5	 5	 1	 0.003450	 -1	 0.000000	 7.563159
81	 5	 5	 1	 0.000550	 -1	 0.000000	 8.159024
82	 5	 5	 1	 0.000822	 -1	 0.000000	 7.039581
83	 5	 5	 1	 0.003130	 -1	 0.000000	 7.160335
84	 5	 5	 1	 0.004459	 -1	 0.000000	 6.993701
85	 5	 5	 1	 2.108137	 -1	 0.000000	 6.747455
86	 5	 5	 1	 0.000682	 -1	 0.000000	 7.762966
87	 5	 5	 1	 0.003354	 -1	 0.000000	 6.822526
88	 5	 5	 1	 10.147931	 -1	 0.000000	 7.890006
89	 5	 5	 1	 0.004997	 -1	 0.000000	 7.135656
90	 5	 5	 1	 0.003551	 -1	 0.000000	 7.123085
91	 5	 5	 1	 0.000732	 -1	 0.000000	 7.020900
92	 5	 5	 1	 0.003800	 -1	 0.000000	 8.644040
93	 5	 5	 1	 0.003198	 -1	 0.000000	 6.882621
94	 5	 5	 1	 0.013767	 -1	 0.000000	 7.767148
95	 5	 5	 1	 0.003795	 -1	 0.000000	 7.243797
96	 5	 5	 1	 55.220418	 -1	 0.000000	 7.069762
97	 5	 5	 1	 0.003889	 -1	 0.000000	 8.000843
98	 5	 5	 1	 0.003193	 -1	 0.000000	 6.594146
99	 5	 5	 1	 0.004201	 -1	 0.000000	 7.554337
100	 5	 5	 1	 0.003721	 -1	 0.000000	 8.022722
101	 5	 5	 1	 9.173441	 -1	 0.000000	 6.886628
102	 5	 5	 1	 0.002985	 -1	 0.000000	 7.555715
103	 5	 5	 1	 0.000747	 -1	 0.000000	 7.609127
104	 5	 5	 1	 19.069109	 -1	 0.000000	 6.204723
105	 5	 5	 1	 0.006820	 -1	 0.000000	 6.639040
106	 5	 5	 1	 0.004416	 -1	 0.000000	 7.084747
107	 5	 5	 0	 74.808168	 -1	 0.000000	 7.534216
108	 5	 5	 1	 0.000607	 -1	 0.000000	 7.830006
109	 5	 5	 1	 0.000777	 -1	 0.000000	 7.449208
1149	 9	 9	 0	 453.917072	 -1	 0.000000	 2.511317
110	 5	 5	 1	 0.000811	 -1	 0.000000	 6.739205
111	 5	 5	 1	 28.779119	 -1	 0.000000	 6.585687
112	 5	 5	 1	 0.000823	 -1	 0.000000	 7.020540
113	 5	 5	 1	 0.016026	 -1	 0.000000	 7.112759
114	 5	 5	 1	 0.003332	 -1	 0.000000	 7.296653
115	 5	 5	 1	 0.021239	 -1	 0.000000	 6.615092
116	 5	 5	 1	 0.004116	 -1	 0.000000	 6.475315
117	 5	 5	 1	 4.533147	 -1	 0.000000	 5.788262
118	 5	 5	 1	 0.000807	 -1	 0.000000	 7.246695
119	 5	 5	 1	 29.479238	 -1	 0.000000	 6.282063
120	 5	 5	 1	 0.003131	 -1	 0.000000	 7.579917
121	 5	 5	 1	 0.004486	 -1	 0.000000	 7.762588
122	 5	 5	 1	 0.003633	 -1	 0.000000	 7.312498
123	 5	 5	 1	 0.000911	 -1	 0.000000	 6.761926
124	 5	 5	 1	 0.003147	 -1	 0.000000	 11.302428
125	 5	 5	 1	 0.002827	 -1	 0.000000	 6.755473
126	 5	 5	 1	 0.000820	 -1	 0.000000	 7.065130
127	 5	 5	 1	 0.000724	 -1	 0.000000	 6.467466
128	 5	 5	 1	 0.004411	 -1	 0.000000	 7.000906
129	 5	 5	 1	 0.004115	 -1	 0.000000	 7.479828
130	 5	 5	 1	 0.001190	 -1	 0.000000	 6.420872
131	 5	 5	 1	 43.749371	 -1	 0.000000	 6.327703
132	 5	 5	 1	 0.000673	 -1	 0.000000	 7.015579
2731	 11	 11	 0	 459.291336	 -1	 0.000000	 10.182475
133	 5	 5	 1	 0.000880	 -1	 0.000000	 6.801139
134	 5	 5	 1	 0.003803	 -1	 0.000000	 6.172529
135	 5	 5	 1	 20.902676	 -1	 0.000000	 5.823215
136	 5	 5	 1	 0.000946	 -1	 0.000000	 7.104219
137	 5	 5	 1	 0.003503	 -1	 0.000000	 7.886506
1176	 5	 5	 0	 406.601700	 -1	 0.000000	 9.058501
138	 5	 5	 1	 0.004001	 -1	 0.000000	 7.115898
139	 5	 5	 1	 2.322490	 -1	 0.000000	 6.674476
140	 5	 5	 1	 30.860124	 -1	 0.000000	 6.187102
141	 5	 5	 1	 0.000915	 -1	 0.000000	 6.615450
142	 5	 5	 1	 0.003087	 -1	 0.000000	 7.032667
143	 5	 5	 1	 0.004286	 -1	 0.000000	 7.031247
144	 5	 5	 1	 0.000750	 -1	 0.000000	 7.550385
145	 5	 5	 1	 0.001665	 -1	 0.000000	 6.014405
146	 5	 5	 1	 0.001493	 -1	 0.000000	 5.948366
147	 5	 5	 1	 0.003219	 -1	 0.000000	 7.632351
148	 5	 5	 1	 0.000565	 -1	 0.000000	 8.246765
149	 5	 5	 1	 0.003563	 -1	 0.000000	 6.405306
150	 5	 5	 1	 2.666912	 -1	 0.000000	 7.003806
151	 5	 5	 1	 0.000755	 -1	 0.000000	 6.787871
152	 5	 5	 1	 0.000702	 -1	 0.000000	 7.349593
153	 5	 5	 1	 0.000683	 -1	 0.000000	 7.341205
839	 5	 5	 0	 415.955699	 -1	 0.000000	 3.065564
154	 5	 5	 1	 0.001929	 -1	 0.000000	 5.770521
155	 5	 5	 1	 0.001344	 -1	 0.000000	 6.572837
156	 5	 5	 1	 0.003361	 -1	 0.000000	 7.534931
157	 5	 5	 1	 0.000480	 -1	 0.000000	 8.150391
158	 5	 5	 1	 47.114466	 -1	 0.000000	 6.154636
159	 5	 5	 1	 0.001280	 -1	 0.000000	 5.834567
160	 5	 5	 1	 0.001034	 -1	 0.000000	 6.433927
161	 5	 5	 1	 0.003525	 -1	 0.000000	 10.534950
162	 5	 5	 1	 0.003029	 -1	 0.000000	 6.818263
163	 5	 5	 1	 0.003978	 -1	 0.000000	 7.975003
164	 5	 5	 1	 0.261891	 -1	 0.000000	 8.736544
165	 5	 5	 1	 0.004126	 -1	 0.000000	 6.304759
166	 5	 5	 1	 0.003352	 -1	 0.000000	 7.050876
167	 5	 5	 1	 0.000743	 -1	 0.000000	 7.229695
168	 5	 5	 0	 260.542427	 -1	 0.000000	 5.871815
169	 5	 5	 1	 0.000950	 -1	 0.000000	 6.318787
170	 5	 5	 1	 0.000659	 -1	 0.000000	 7.992180
171	 5	 5	 1	 0.009008	 -1	 0.000000	 7.519739
172	 5	 5	 1	 0.003831	 -1	 0.000000	 8.500528
173	 5	 5	 1	 0.003297	 -1	 0.000000	 8.422477
174	 5	 5	 1	 0.003635	 -1	 0.000000	 6.071752
175	 5	 5	 1	 0.004332	 -1	 0.000000	 7.634711
176	 5	 5	 1	 0.003599	 -1	 0.000000	 7.219639
177	 5	 5	 1	 0.004541	 -1	 0.000000	 6.902476
178	 5	 5	 1	 0.001412	 -1	 0.000000	 6.163454
179	 5	 5	 1	 0.003797	 -1	 0.000000	 6.533625
180	 5	 5	 1	 0.000748	 -1	 0.000000	 7.406476
181	 5	 5	 1	 29.968757	 -1	 0.000000	 5.935096
182	 5	 5	 0	 374.143355	 -1	 0.000000	 6.647942
183	 5	 5	 1	 0.003908	 -1	 0.000000	 6.651968
184	 5	 5	 1	 0.003085	 -1	 0.000000	 7.146067
185	 5	 5	 1	 31.652893	 -1	 0.000000	 6.814953
186	 5	 5	 1	 0.000558	 -1	 0.000000	 7.814990
3768	 13	 13	 0	 373.324243	 -1	 0.000000	 2.533655
188	 5	 5	 1	 0.000901	 -1	 0.000000	 6.761132
189	 5	 5	 1	 0.003259	 -1	 0.000000	 9.137681
190	 5	 5	 1	 0.000688	 -1	 0.000000	 7.276320
191	 5	 5	 1	 0.001793	 -1	 0.000000	 6.059273
192	 5	 5	 1	 0.003685	 -1	 0.000000	 7.130769
193	 5	 5	 1	 3.142708	 -1	 0.000000	 6.318408
194	 5	 5	 1	 0.004933	 -1	 0.000000	 7.271273
195	 5	 5	 0	 416.725946	 -1	 0.000000	 6.354281
196	 5	 5	 1	 0.001465	 -1	 0.000000	 5.758025
197	 5	 5	 1	 0.000919	 -1	 0.000000	 7.150697
198	 5	 5	 1	 0.003436	 -1	 0.000000	 6.556080
199	 5	 5	 1	 0.003961	 -1	 0.000000	 6.917169
202	 5	 5	 1	 0.003488	 -1	 0.000000	 6.495874
203	 5	 5	 1	 0.022761	 -1	 0.000000	 7.451230
204	 5	 5	 0	 202.651747	 -1	 0.000000	 6.853465
205	 5	 5	 1	 0.000819	 -1	 0.000000	 6.656864
207	 5	 5	 1	 0.003255	 -1	 0.000000	 6.872279
208	 5	 5	 0	 148.500658	 -1	 0.000000	 6.864841
209	 5	 5	 1	 0.001263	 -1	 0.000000	 6.253494
210	 5	 5	 1	 14.638151	 -1	 0.000000	 6.162711
211	 5	 5	 1	 0.003167	 -1	 0.000000	 7.199171
212	 5	 5	 1	 42.736212	 -1	 0.000000	 5.949917
213	 5	 5	 1	 0.599317	 -1	 0.000000	 6.725096
214	 5	 5	 1	 0.003530	 -1	 0.000000	 8.243151
215	 5	 5	 1	 0.017329	 -1	 0.000000	 8.156264
216	 5	 5	 1	 0.003027	 -1	 0.000000	 7.304125
217	 5	 5	 1	 0.003378	 -1	 0.000000	 8.927724
218	 5	 5	 1	 0.003879	 -1	 0.000000	 6.968199
219	 5	 5	 1	 0.196133	 -1	 0.000000	 7.827111
220	 5	 5	 0	 488.115391	 -1	 0.000000	 6.567102
222	 5	 5	 1	 0.003369	 -1	 0.000000	 6.968480
223	 5	 5	 1	 0.003175	 -1	 0.000000	 6.565627
226	 5	 5	 1	 0.001008	 -1	 0.000000	 6.816740
227	 5	 5	 1	 0.003461	 -1	 0.000000	 7.559982
231	 5	 5	 1	 0.005191	 -1	 0.000000	 7.065700
233	 5	 5	 1	 0.002949	 -1	 0.000000	 8.277965
234	 5	 5	 1	 25.714441	 -1	 0.000000	 6.197165
235	 5	 5	 1	 0.006596	 -1	 0.000000	 6.672235
236	 5	 5	 1	 0.001003	 -1	 0.000000	 6.753274
238	 5	 5	 1	 0.001105	 -1	 0.000000	 6.555007
239	 5	 5	 1	 0.000515	 -1	 0.000000	 8.844878
240	 5	 5	 1	 0.003162	 -1	 0.000000	 6.763346
245	 5	 5	 1	 2.315781	 -1	 0.000000	 5.974785
246	 5	 5	 1	 0.002525	 -1	 0.000000	 6.741481
249	 5	 5	 1	 0.000803	 -1	 0.000000	 6.970315
250	 5	 5	 1	 0.002966	 -1	 0.000000	 8.999565
252	 5	 5	 1	 0.262421	 -1	 0.000000	 8.192799
253	 5	 5	 1	 20.854957	 -1	 0.000000	 6.464030
254	 5	 5	 1	 0.003456	 -1	 0.000000	 7.115191
255	 5	 5	 1	 0.001227	 -1	 0.000000	 6.076610
256	 5	 5	 1	 0.003387	 -1	 0.000000	 6.809515
257	 5	 5	 1	 21.086841	 -1	 0.000000	 7.292969
258	 5	 5	 1	 0.004314	 -1	 0.000000	 6.148958
259	 5	 5	 1	 0.000775	 -1	 0.000000	 6.788492
3960	 15	 15	 0	 418.010621	 -1	 0.000000	 0.647696
260	 5	 5	 1	 0.001733	 -1	 0.000000	 5.917780
261	 5	 5	 1	 0.025664	 -1	 0.000000	 8.334016
263	 5	 5	 1	 0.055068	 -1	 0.000000	 6.708572
264	 5	 5	 1	 0.003662	 -1	 0.000000	 6.976853
265	 5	 5	 1	 0.012473	 -1	 0.000000	 7.912249
270	 5	 5	 1	 0.003680	 -1	 0.000000	 8.370886
271	 5	 5	 1	 0.001076	 -1	 0.000000	 6.292534
272	 5	 5	 1	 54.416287	 -1	 0.000000	 6.552963
273	 5	 5	 1	 0.003607	 -1	 0.000000	 7.249682
274	 5	 5	 1	 0.000665	 -1	 0.000000	 7.163772
275	 5	 5	 1	 18.823273	 -1	 0.000000	 6.251133
276	 5	 5	 1	 0.003933	 -1	 0.000000	 7.723446
277	 5	 5	 1	 0.090196	 -1	 0.000000	 6.632663
278	 5	 5	 1	 2.968904	 -1	 0.000000	 7.521771
279	 5	 5	 1	 0.003507	 -1	 0.000000	 7.901251
280	 5	 5	 0	 202.668211	 -1	 0.000000	 6.657337
283	 5	 5	 1	 0.004416	 -1	 0.000000	 6.944932
285	 5	 5	 1	 0.001077	 -1	 0.000000	 6.371737
286	 5	 5	 1	 0.003581	 -1	 0.000000	 6.562693
288	 5	 5	 1	 0.000664	 -1	 0.000000	 7.308132
289	 5	 5	 1	 98.512503	 -1	 0.000000	 7.109351
290	 5	 5	 1	 32.065592	 -1	 0.000000	 6.603065
291	 5	 5	 1	 0.003336	 -1	 0.000000	 6.997017
3092	 13	 13	 0	 317.986817	 -1	 0.000000	 4.403699
292	 5	 5	 1	 0.004120	 -1	 0.000000	 7.527258
293	 5	 5	 1	 0.000534	 -1	 0.000000	 8.249140
294	 5	 5	 1	 1.141985	 -1	 0.000000	 6.645008
295	 5	 5	 1	 0.000630	 -1	 0.000000	 7.668048
296	 5	 5	 1	 0.003169	 -1	 0.000000	 6.945271
297	 5	 5	 1	 0.001495	 -1	 0.000000	 6.083150
298	 5	 5	 0	 455.150012	 -1	 0.000000	 7.256110
299	 5	 5	 1	 0.002642	 -1	 0.000000	 7.300546
301	 5	 5	 1	 0.003059	 -1	 0.000000	 7.247715
304	 5	 5	 1	 0.732843	 -1	 0.000000	 6.942653
308	 5	 5	 1	 8.425877	 -1	 0.000000	 6.788316
309	 5	 5	 1	 0.000689	 -1	 0.000000	 7.559411
312	 5	 5	 1	 0.003726	 -1	 0.000000	 7.987192
3395	 7	 7	 0	 429.431414	 -1	 0.000000	 2.573065
313	 5	 5	 1	 0.003401	 -1	 0.000000	 7.193051
314	 5	 5	 1	 0.002797	 -1	 0.000000	 7.633082
315	 5	 5	 1	 2.546500	 -1	 0.000000	 6.073499
316	 5	 5	 1	 0.000763	 -1	 0.000000	 6.957404
317	 5	 5	 1	 0.001089	 -1	 0.000000	 6.617188
318	 5	 5	 1	 0.002613	 -1	 0.000000	 7.851212
319	 5	 5	 1	 0.001394	 -1	 0.000000	 6.149125
323	 5	 5	 0	 394.534187	 -1	 0.000000	 6.215208
324	 5	 5	 0	 386.611598	 -1	 0.000000	 6.771564
332	 5	 5	 0	 387.570527	 -1	 0.000000	 8.921082
333	 5	 5	 0	 233.312043	 -1	 0.000000	 7.389943
335	 5	 5	 1	 0.000884	 -1	 0.000000	 6.482802
336	 5	 5	 1	 0.003983	 -1	 0.000000	 6.569744
337	 5	 5	 1	 0.412516	 -1	 0.000000	 8.224302
338	 5	 5	 1	 0.000670	 -1	 0.000000	 7.748841
339	 5	 5	 1	 0.001086	 -1	 0.000000	 6.600130
343	 5	 5	 0	 495.574164	 -1	 0.000000	 6.944858
347	 5	 5	 1	 0.000779	 -1	 0.000000	 7.278828
348	 5	 5	 1	 0.006986	 -1	 0.000000	 6.841781
349	 5	 5	 0	 174.613993	 -1	 0.000000	 6.098413
351	 5	 5	 1	 0.003790	 -1	 0.000000	 7.263753
352	 5	 5	 1	 0.003790	 -1	 0.000000	 7.055293
354	 5	 5	 1	 0.441892	 -1	 0.000000	 6.617538
355	 5	 5	 1	 0.003570	 -1	 0.000000	 7.378194
356	 5	 5	 1	 0.000885	 -1	 0.000000	 7.021437
357	 5	 5	 1	 0.003143	 -1	 0.000000	 6.412626
358	 5	 5	 1	 0.004611	 -1	 0.000000	 7.506151
359	 5	 5	 1	 0.000684	 -1	 0.000000	 8.409162
363	 5	 5	 1	 0.003397	 -1	 0.000000	 7.537601
365	 5	 5	 1	 0.004229	 -1	 0.000000	 7.223965
366	 5	 5	 1	 70.114871	 -1	 0.000000	 6.556829
643	 5	 5	 0	 401.482555	 -1	 0.000000	 6.472203
369	 5	 5	 0	 182.345603	 -1	 0.000000	 6.678326
371	 5	 5	 1	 0.002976	 -1	 0.000000	 8.267371
372	 5	 5	 1	 0.003054	 -1	 0.000000	 7.968972
374	 5	 5	 1	 0.003468	 -1	 0.000000	 7.901186
377	 5	 5	 1	 0.003260	 -1	 0.000000	 8.502872
378	 5	 5	 1	 0.010332	 -1	 0.000000	 6.151911
379	 5	 5	 0	 358.770361	 -1	 0.000000	 7.056291
380	 5	 5	 1	 2.165213	 -1	 0.000000	 7.843754
382	 5	 5	 1	 0.003406	 -1	 0.000000	 8.571277
844	 7	 7	 0	 450.246878	 -1	 0.000000	 4.115223
385	 5	 5	 1	 0.003833	 -1	 0.000000	 7.454388
386	 5	 5	 1	 0.001025	 -1	 0.000000	 6.149389
387	 5	 5	 1	 0.004023	 -1	 0.000000	 7.780056
389	 5	 5	 1	 0.557740	 -1	 0.000000	 7.737005
391	 5	 5	 0	 76.718792	 -1	 0.000000	 5.863154
392	 5	 5	 1	 5.540390	 -1	 0.000000	 6.139625
393	 5	 5	 1	 0.021656	 -1	 0.000000	 7.209474
394	 5	 5	 1	 15.018306	 -1	 0.000000	 5.986362
395	 5	 5	 1	 0.003921	 -1	 0.000000	 6.372397
397	 5	 5	 0	 143.589716	 -1	 0.000000	 6.490466
398	 5	 5	 1	 3.370294	 -1	 0.000000	 3.915039
401	 5	 5	 0	 440.062800	 -1	 0.000000	 6.837317
402	 5	 5	 1	 0.000626	 -1	 0.000000	 8.086822
403	 5	 5	 1	 0.001124	 -1	 0.000000	 6.312095
404	 5	 5	 1	 0.001145	 -1	 0.000000	 6.976544
405	 5	 5	 1	 10.714197	 -1	 0.000000	 6.542161
406	 5	 5	 1	 0.048564	 -1	 0.000000	 7.465137
407	 5	 5	 1	 0.003661	 -1	 0.000000	 6.644118
408	 5	 5	 1	 0.003756	 -1	 0.000000	 7.946224
1272	 5	 5	 0	 409.305334	 -1	 0.000000	 5.706466
410	 5	 5	 0	 282.956477	 -1	 0.000000	 0.999040
411	 5	 5	 1	 0.003325	 -1	 0.000000	 7.884074
412	 5	 5	 1	 11.968478	 -1	 0.000000	 6.983855
413	 5	 5	 1	 4.470528	 -1	 0.000000	 5.943674
414	 5	 5	 1	 0.003074	 -1	 0.000000	 6.691173
415	 5	 5	 1	 0.000562	 -1	 0.000000	 8.014782
416	 5	 5	 1	 0.003276	 -1	 0.000000	 6.240165
417	 5	 5	 1	 0.004413	 -1	 0.000000	 7.490920
418	 5	 5	 1	 0.000715	 -1	 0.000000	 7.180183
419	 5	 5	 1	 1.993331	 -1	 0.000000	 6.211653
420	 5	 5	 1	 0.003423	 -1	 0.000000	 9.068331
424	 5	 5	 1	 0.000869	 -1	 0.000000	 7.196899
427	 5	 5	 1	 2.385986	 -1	 0.000000	 9.718369
428	 5	 5	 1	 0.004665	 -1	 0.000000	 6.799798
429	 5	 5	 0	 385.996174	 -1	 0.000000	 6.964438
430	 5	 5	 1	 0.000701	 -1	 0.000000	 7.386778
431	 5	 5	 1	 0.002700	 -1	 0.000000	 8.961164
432	 5	 5	 1	 25.440978	 -1	 0.000000	 6.416293
433	 5	 5	 1	 0.167545	 -1	 0.000000	 6.866022
434	 5	 5	 1	 0.004053	 -1	 0.000000	 6.846764
435	 5	 5	 1	 0.003589	 -1	 0.000000	 7.746138
437	 5	 5	 1	 61.840943	 -1	 0.000000	 6.028661
438	 5	 5	 1	 0.001345	 -1	 0.000000	 5.785905
439	 5	 5	 1	 0.001901	 -1	 0.000000	 6.159130
440	 5	 5	 0	 469.303865	 -1	 0.000000	 8.834211
441	 5	 5	 0	 408.331248	 -1	 0.000000	 7.969440
442	 5	 5	 1	 0.000527	 -1	 0.000000	 9.431621
445	 5	 5	 0	 444.476127	 -1	 0.000000	 6.545026
449	 5	 5	 1	 0.000926	 -1	 0.000000	 7.457826
451	 5	 5	 1	 49.277389	 -1	 0.000000	 3.027470
452	 5	 5	 1	 0.000914	 -1	 0.000000	 6.709715
454	 5	 5	 1	 0.001946	 -1	 0.000000	 5.660264
456	 5	 5	 1	 65.578589	 -1	 0.000000	 6.075320
457	 5	 5	 1	 0.000823	 -1	 0.000000	 6.538744
458	 5	 5	 1	 0.003628	 -1	 0.000000	 6.046424
459	 5	 5	 1	 0.003767	 -1	 0.000000	 6.988859
460	 5	 5	 1	 0.000626	 -1	 0.000000	 7.506781
462	 5	 5	 1	 0.003592	 -1	 0.000000	 6.516201
1643	 15	 15	 0	 402.409899	 -1	 0.000000	 3.034849
464	 5	 5	 0	 155.156020	 -1	 0.000000	 6.322176
465	 5	 5	 1	 0.003737	 -1	 0.000000	 7.623048
466	 5	 5	 1	 0.000828	 -1	 0.000000	 6.496007
468	 5	 5	 1	 29.856781	 -1	 0.000000	 6.514771
471	 5	 5	 1	 0.003109	 -1	 0.000000	 8.189465
472	 5	 5	 1	 0.000753	 -1	 0.000000	 6.929029
473	 5	 5	 1	 0.031028	 -1	 0.000000	 9.617048
2478	 15	 15	 0	 400.751455	 -1	 0.000000	 2.611121
474	 5	 5	 1	 0.004280	 -1	 0.000000	 8.033066
475	 5	 5	 1	 0.000732	 -1	 0.000000	 6.963081
476	 5	 5	 1	 0.003154	 -1	 0.000000	 6.492372
477	 5	 5	 1	 0.004797	 -1	 0.000000	 6.841155
478	 5	 5	 1	 0.002951	 -1	 0.000000	 6.424879
479	 5	 5	 1	 35.565573	 -1	 0.000000	 5.893299
481	 5	 5	 0	 305.901524	 -1	 0.000000	 7.652891
482	 5	 5	 1	 0.371858	 -1	 0.000000	 7.745283
483	 5	 5	 1	 0.001374	 -1	 0.000000	 6.144736
484	 5	 5	 1	 0.778654	 -1	 0.000000	 6.100520
485	 5	 5	 1	 39.195269	 -1	 0.000000	 7.212544
486	 5	 5	 0	 381.796617	 -1	 0.000000	 7.175119
487	 5	 5	 0	 463.516851	 -1	 0.000000	 7.141423
489	 5	 5	 1	 12.487293	 -1	 0.000000	 6.959665
490	 5	 5	 1	 1.285693	 -1	 0.000000	 7.047967
491	 5	 5	 1	 0.003849	 -1	 0.000000	 6.637649
492	 5	 5	 1	 0.000964	 -1	 0.000000	 6.740832
493	 5	 5	 1	 0.001014	 -1	 0.000000	 6.744465
494	 5	 5	 1	 0.004324	 -1	 0.000000	 6.141891
495	 5	 5	 1	 24.439824	 -1	 0.000000	 6.348225
496	 5	 5	 1	 0.000918	 -1	 0.000000	 7.052507
497	 5	 5	 1	 23.870746	 -1	 0.000000	 5.896568
498	 5	 5	 1	 0.002947	 -1	 0.000000	 7.231117
>>> gr_fir_ccf: using E
>>> gr_fir_fff: using E
gr_buffer::allocate_buffer: warning: tried to allocate
   19 items of size 3312. Due to alignment requirements
   256 were allocated.  If this isn't OK, consider padding
   your structure to a power-of-two bytes.
   On this platform, our allocation granularity is 4096 bytes.
0	 7	 7	 1	 0.003719	 -1	 0.000000	 6.902983
1	 7	 7	 1	 0.005690	 -1	 0.000000	 7.338583
2	 7	 7	 1	 0.003021	 -1	 0.000000	 8.286545
3	 7	 7	 1	 0.002570	 -1	 0.000000	 8.010413
4	 7	 7	 1	 93.231162	 -1	 0.000000	 6.714739
5	 7	 7	 1	 0.005718	 -1	 0.000000	 6.408502
6	 7	 7	 1	 18.368401	 -1	 0.000000	 7.110218
7	 7	 7	 1	 0.010811	 -1	 0.000000	 6.433475
8	 7	 7	 1	 30.459947	 -1	 0.000000	 7.248382
9	 7	 7	 1	 0.393421	 -1	 0.000000	 7.942294
10	 7	 7	 1	 0.004049	 -1	 0.000000	 6.450598
11	 7	 7	 1	 0.007460	 -1	 0.000000	 7.287227
12	 7	 7	 0	 206.795944	 -1	 0.000000	 6.860026
13	 7	 7	 1	 0.007233	 -1	 0.000000	 6.914746
14	 7	 7	 1	 0.005914	 -1	 0.000000	 7.153362
15	 7	 7	 1	 0.003384	 -1	 0.000000	 7.138786
16	 7	 7	 1	 0.007078	 -1	 0.000000	 7.855958
17	 7	 7	 1	 0.003683	 -1	 0.000000	 7.299188
18	 7	 7	 1	 0.039120	 -1	 0.000000	 8.368519
>>> gr_fir_ccf: using E
>>> gr_fir_fff: using E
gr_buffer::allocate_buffer: warning: tried to allocate
   19 items of size 3312. Due to alignment requirements
   256 were allocated.  If this isn't OK, consider padding
   your structure to a power-of-two bytes.
   On this platform, our allocation granularity is 4096 bytes.
37	 7	 7	 1	 0.004919	 -1	 0.000000	 6.884366
38	 7	 7	 1	 0.004840	 -1	 0.000000	 6.276683
39	 7	 7	 1	 0.006411	 -1	 0.000000	 7.213204
40	 7	 7	 1	 0.014230	 -1	 0.000000	 6.008663
41	 7	 7	 1	 0.005092	 -1	 0.000000	 6.504402
42	 7	 7	 1	 0.004068	 -1	 0.000000	 6.985247
43	 7	 7	 1	 0.004908	 -1	 0.000000	 7.144484
442	 11	 11	 0	 448.971197	 -1	 0.000000	 8.593919
44	 7	 7	 1	 0.485504	 -1	 0.000000	 6.835265
45	 7	 7	 1	 0.003215	 -1	 0.000000	 6.485137
46	 7	 7	 0	 241.251799	 -1	 0.000000	 6.632139
47	 7	 7	 1	 0.009086	 -1	 0.000000	 6.320408
48	 7	 7	 1	 0.003456	 -1	 0.000000	 7.150252
49	 7	 7	 1	 0.003903	 -1	 0.000000	 6.891892
50	 7	 7	 1	 30.019092	 -1	 0.000000	 5.750484
51	 7	 7	 1	 0.006330	 -1	 0.000000	 7.416322
52	 7	 7	 1	 0.003879	 -1	 0.000000	 6.158071
53	 7	 7	 1	 0.005675	 -1	 0.000000	 7.387745
54	 7	 7	 1	 0.002980	 -1	 0.000000	 7.906578
55	 7	 7	 1	 8.417422	 -1	 0.000000	 6.148956
56	 7	 7	 1	 0.008297	 -1	 0.000000	 6.820577
57	 7	 7	 1	 0.005756	 -1	 0.000000	 6.180673
58	 7	 7	 1	 0.005392	 -1	 0.000000	 6.563320
59	 7	 7	 1	 0.004655	 -1	 0.000000	 6.644641
60	 7	 7	 1	 0.005027	 -1	 0.000000	 8.032571
61	 7	 7	 1	 0.004075	 -1	 0.000000	 6.683340
62	 7	 7	 1	 80.610994	 -1	 0.000000	 6.388719
63	 7	 7	 1	 0.005357	 -1	 0.000000	 6.786027
64	 7	 7	 1	 0.014517	 -1	 0.000000	 6.049870
65	 7	 7	 1	 0.007706	 -1	 0.000000	 7.352080
66	 7	 7	 1	 0.002850	 -1	 0.000000	 8.061769
67	 7	 7	 1	 4.890106	 -1	 0.000000	 6.625412
68	 7	 7	 1	 0.567289	 -1	 0.000000	 7.530510
69	 7	 7	 1	 0.003988	 -1	 0.000000	 7.691589
70	 7	 7	 0	 218.374046	 -1	 0.000000	 6.273921
71	 7	 7	 1	 0.005548	 -1	 0.000000	 6.393151
72	 7	 7	 1	 0.004889	 -1	 0.000000	 7.665659
73	 7	 7	 1	 0.003336	 -1	 0.000000	 7.176240
74	 7	 7	 1	 0.004096	 -1	 0.000000	 7.544750
75	 7	 7	 1	 0.004704	 -1	 0.000000	 7.011691
76	 7	 7	 1	 25.362123	 -1	 0.000000	 6.495987
77	 7	 7	 1	 0.006372	 -1	 0.000000	 6.842756
78	 7	 7	 1	 0.003786	 -1	 0.000000	 8.558262
79	 7	 7	 1	 0.010283	 -1	 0.000000	 6.475161
80	 7	 7	 1	 0.006276	 -1	 0.000000	 7.945027
81	 7	 7	 1	 0.003391	 -1	 0.000000	 6.980252
82	 7	 7	 1	 0.008055	 -1	 0.000000	 6.030991
83	 7	 7	 1	 0.138644	 -1	 0.000000	 7.261217
84	 7	 7	 1	 0.003959	 -1	 0.000000	 6.257535
85	 7	 7	 1	 37.966096	 -1	 0.000000	 6.171094
86	 7	 7	 0	 145.605626	 -1	 0.000000	 7.150815
87	 7	 7	 1	 0.002766	 -1	 0.000000	 7.062297
88	 7	 7	 0	 132.355455	 -1	 0.000000	 6.045044
89	 7	 7	 1	 0.003800	 -1	 0.000000	 7.579204
90	 7	 7	 1	 0.009333	 -1	 0.000000	 6.637942
91	 7	 7	 1	 0.010464	 -1	 0.000000	 7.033795
92	 7	 7	 1	 62.215821	 -1	 0.000000	 6.498843
93	 7	 7	 1	 0.004669	 -1	 0.000000	 6.195278
94	 7	 7	 1	 0.004061	 -1	 0.000000	 8.069112
95	 7	 7	 1	 0.013025	 -1	 0.000000	 6.565424
96	 7	 7	 1	 0.003838	 -1	 0.000000	 7.962778
3489	 13	 13	 0	 350.373575	 -1	 0.000000	 4.025100
97	 7	 7	 1	 0.005049	 -1	 0.000000	 7.370190
98	 7	 7	 1	 0.006202	 -1	 0.000000	 7.604105
99	 7	 7	 1	 0.004284	 -1	 0.000000	 6.942361
100	 7	 7	 1	 0.009860	 -1	 0.000000	 6.820584
101	 7	 7	 1	 42.118612	 -1	 0.000000	 6.654460
102	 7	 7	 1	 0.004340	 -1	 0.000000	 8.422507
103	 7	 7	 1	 0.004791	 -1	 0.000000	 7.464211
104	 7	 7	 1	 0.031558	 -1	 0.000000	 7.719265
105	 7	 7	 1	 0.006004	 -1	 0.000000	 7.273739
106	 7	 7	 1	 3.341670	 -1	 0.000000	 7.057723
107	 7	 7	 1	 0.005705	 -1	 0.000000	 7.283923
108	 7	 7	 0	 232.558399	 -1	 0.000000	 7.464522
109	 7	 7	 1	 0.434059	 -1	 0.000000	 8.504583
110	 7	 7	 1	 0.008981	 -1	 0.000000	 6.978241
111	 7	 7	 1	 0.006844	 -1	 0.000000	 6.302669
112	 7	 7	 1	 0.003200	 -1	 0.000000	 7.325538
113	 7	 7	 1	 0.008030	 -1	 0.000000	 7.732652
114	 7	 7	 1	 0.002744	 -1	 0.000000	 6.917856
115	 7	 7	 1	 0.004715	 -1	 0.000000	 7.647092
116	 7	 7	 0	 23.748523	 -1	 0.000000	 6.739000
1564	 10	 10	 0	 478.459969	 -1	 0.000000	 2.306365
2357	 7	 7	 0	 430.816527	 -1	 0.000000	 4.526727
3711	 5	 5	 0	 427.748901	 -1	 0.000000	 4.955431
0	 9	 9	 1	 82.543517	 -1	 0.000000	 7.883322
1	 9	 9	 1	 77.508792	 -1	 0.000000	 7.029425
2	 9	 9	 1	 79.054684	 -1	 0.000000	 7.867712
3	 9	 9	 1	 82.285464	 -1	 0.000000	 6.575011
4	 9	 9	 1	 6.290664	 -1	 0.000000	 6.308455
737	 10	 10	 0	 478.864233	 -1	 0.000000	 6.316828
5	 9	 9	 1	 3.526810	 -1	 0.000000	 7.655268
2012	 13	 13	 0	 388.230882	 -1	 0.000000	 10.561745
7	 9	 9	 1	 4.445828	 -1	 0.000000	 6.443992
8	 9	 9	 1	 2.622875	 -1	 0.000000	 8.177368
10	 9	 9	 1	 78.473516	 -1	 0.000000	 7.269858
12	 9	 9	 1	 3.719300	 -1	 0.000000	 7.239673
13	 9	 9	 1	 3.758117	 -1	 0.000000	 7.533691
20	 9	 9	 1	 5.927854	 -1	 0.000000	 6.227565
>>> gr_fir_ccf: using E
>>> gr_fir_fff: using E
gr_buffer::allocate_buffer: warning: tried to allocate
   19 items of size 3312. Due to alignment requirements
   256 were allocated.  If this isn't OK, consider padding
   your structure to a power-of-two bytes.
   On this platform, our allocation granularity is 4096 bytes.
40	 9	 9	 1	 4.574209	 -1	 0.000000	 7.078761
41	 9	 9	 1	 3.651884	 -1	 0.000000	 7.242690
43	 9	 9	 1	 83.757490	 -1	 0.000000	 7.220581
44	 9	 9	 1	 84.058292	 -1	 0.000000	 6.619127
45	 9	 9	 1	 4.574758	 -1	 0.000000	 6.888439
46	 9	 9	 1	 2.610194	 -1	 0.000000	 7.637323
47	 9	 9	 1	 66.455444	 -1	 0.000000	 6.796806
48	 9	 9	 1	 93.329636	 -1	 0.000000	 7.470269
49	 9	 9	 1	 2.433587	 -1	 0.000000	 8.523012
50	 9	 9	 1	 77.765537	 -1	 0.000000	 7.065205
51	 9	 9	 1	 6.755694	 -1	 0.000000	 6.039562
52	 9	 9	 1	 81.058548	 -1	 0.000000	 6.418308
53	 9	 9	 1	 81.678893	 -1	 0.000000	 7.661854
54	 9	 9	 1	 4.308956	 -1	 0.000000	 6.865376
55	 9	 9	 1	 3.716818	 -1	 0.000000	 7.192018
56	 9	 9	 1	 4.382304	 -1	 0.000000	 6.548734
57	 9	 9	 1	 3.219082	 -1	 0.000000	 7.762464
58	 9	 9	 1	 74.087976	 -1	 0.000000	 7.991685
59	 9	 9	 1	 5.141280	 -1	 0.000000	 6.783078
60	 9	 9	 1	 5.341460	 -1	 0.000000	 6.370081
61	 9	 9	 1	 5.019056	 -1	 0.000000	 6.558992
62	 9	 9	 1	 97.643150	 -1	 0.000000	 6.645915
63	 9	 9	 1	 3.619021	 -1	 0.000000	 7.101034
64	 9	 9	 1	 4.694057	 -1	 0.000000	 6.690473
65	 9	 9	 1	 5.419558	 -1	 0.000000	 6.398390
66	 9	 9	 1	 5.986467	 -1	 0.000000	 6.296621
67	 9	 9	 1	 81.445490	 -1	 0.000000	 8.901756
68	 9	 9	 1	 2.837441	 -1	 0.000000	 7.404552
69	 9	 9	 1	 5.753497	 -1	 0.000000	 6.891706
70	 9	 9	 1	 3.263223	 -1	 0.000000	 7.471128
71	 9	 9	 1	 4.556181	 -1	 0.000000	 6.560167
73	 9	 9	 1	 75.347918	 -1	 0.000000	 12.926910
74	 9	 9	 1	 3.042870	 -1	 0.000000	 7.754598
75	 9	 9	 1	 88.415962	 -1	 0.000000	 6.783839
77	 9	 9	 1	 94.207747	 -1	 0.000000	 6.398530
78	 9	 9	 1	 5.870426	 -1	 0.000000	 6.252572
79	 9	 9	 1	 80.048497	 -1	 0.000000	 6.640159
80	 9	 9	 1	 4.567724	 -1	 0.000000	 6.664628
81	 9	 9	 1	 81.123629	 -1	 0.000000	 7.630653
82	 9	 9	 1	 4.700043	 -1	 0.000000	 7.278622
83	 9	 9	 1	 84.882424	 -1	 0.000000	 6.899609
>>> gr_fir_ccf: using E
>>> gr_fir_fff: using E
gr_buffer::allocate_buffer: warning: tried to allocate
   19 items of size 3312. Due to alignment requirements
   256 were allocated.  If this isn't OK, consider padding
   your structure to a power-of-two bytes.
   On this platform, our allocation granularity is 4096 bytes.
31	 9	 9	 1	 71.794973	 -1	 0.000000	 8.282418
32	 9	 9	 1	 3.492417	 -1	 0.000000	 7.100165
33	 9	 9	 1	 4.069116	 -1	 0.000000	 6.998163
>>> gr_fir_ccf: using E
>>> gr_fir_fff: using E
gr_buffer::allocate_buffer: warning: tried to allocate
   19 items of size 3312. Due to alignment requirements
   256 were allocated.  If this isn't OK, consider padding
   your structure to a power-of-two bytes.
   On this platform, our allocation granularity is 4096 bytes.
38	 11	 11	 0	 234.969851	 -1	 0.000000	 7.023046
2606	 11	 11	 0	 456.591399	 -1	 0.000000	 4.619337
1779	 9	 9	 0	 458.193657	 -1	 0.000000	 6.070273
1432	 13	 13	 0	 374.930628	 -1	 0.000000	 5.568883
706	 5	 5	 0	 411.614368	 -1	 0.000000	 6.472100
4074	 13	 13	 0	 404.153900	 -1	 0.000000	 9.339715
821	 11	 11	 0	 458.107696	 -1	 0.000000	 9.692642
484	 10	 10	 0	 477.624548	 -1	 0.000000	 3.999046
2636	 10	 10	 0	 477.324065	 -1	 0.000000	 4.745287
>>> gr_fir_ccf: using E
>>> gr_fir_fff: using E
gr_buffer::allocate_buffer: warning: tried to allocate
   19 items of size 3312. Due to alignment requirements
   256 were allocated.  If this isn't OK, consider padding
   your structure to a power-of-two bytes.
   On this platform, our allocation granularity is 4096 bytes.
40	 11	 11	 1	 36.733065	 -1	 0.000000	 7.056931
41	 11	 11	 1	 9.226467	 -1	 0.000000	 7.417377
42	 11	 11	 1	 7.580308	 -1	 0.000000	 7.750562
43	 11	 11	 1	 16.207371	 -1	 0.000000	 6.422540
44	 11	 11	 1	 9.347398	 -1	 0.000000	 7.770930
45	 11	 11	 1	 11.070997	 -1	 0.000000	 6.623466
46	 11	 11	 1	 58.331040	 -1	 0.000000	 6.608556
47	 11	 11	 1	 7.106320	 -1	 0.000000	 8.402176
48	 11	 11	 1	 14.506368	 -1	 0.000000	 6.185541
49	 11	 11	 1	 63.248557	 -1	 0.000000	 7.072008
50	 11	 11	 1	 9.856032	 -1	 0.000000	 6.793999
51	 11	 11	 1	 55.917840	 -1	 0.000000	 6.576979
52	 11	 11	 1	 8.455055	 -1	 0.000000	 6.953732
53	 11	 11	 1	 49.750974	 -1	 0.000000	 7.020704
54	 11	 11	 1	 46.763456	 -1	 0.000000	 7.115485
56	 11	 11	 1	 9.838109	 -1	 0.000000	 7.081607
57	 11	 11	 1	 11.048227	 -1	 0.000000	 6.945510
58	 11	 11	 1	 9.843144	 -1	 0.000000	 6.995536
59	 11	 11	 1	 14.543860	 -1	 0.000000	 6.203329
60	 11	 11	 1	 7.050523	 -1	 0.000000	 7.640422
61	 11	 11	 1	 39.381338	 -1	 0.000000	 7.026217
62	 11	 11	 1	 13.221749	 -1	 0.000000	 6.402212
64	 11	 11	 1	 39.125999	 -1	 0.000000	 7.676214
65	 11	 11	 1	 40.367987	 -1	 0.000000	 9.489554
66	 11	 11	 1	 9.897061	 -1	 0.000000	 6.986444
67	 11	 11	 1	 34.571084	 -1	 0.000000	 7.603079
68	 11	 11	 1	 38.915603	 -1	 0.000000	 7.353281
69	 11	 11	 1	 8.558142	 -1	 0.000000	 8.258931
70	 11	 11	 1	 14.544100	 -1	 0.000000	 6.480724
71	 11	 11	 1	 37.012761	 -1	 0.000000	 7.977756
72	 11	 11	 1	 7.718892	 -1	 0.000000	 8.185902
73	 11	 11	 1	 8.432024	 -1	 0.000000	 7.782411
74	 11	 11	 1	 15.078120	 -1	 0.000000	 6.125902
77	 11	 11	 1	 9.344196	 -1	 0.000000	 7.100343
78	 11	 11	 1	 14.233842	 -1	 0.000000	 6.147070
79	 11	 11	 1	 10.766701	 -1	 0.000000	 6.671160
80	 11	 11	 1	 54.487739	 -1	 0.000000	 7.117185
1729	 5	 5	 0	 409.172820	 -1	 0.000000	 6.881726
81	 11	 11	 1	 12.029075	 -1	 0.000000	 6.738616
82	 11	 11	 1	 9.938181	 -1	 0.000000	 7.124962
83	 11	 11	 1	 14.221826	 -1	 0.000000	 6.191105
84	 11	 11	 1	 10.904209	 -1	 0.000000	 7.209072
85	 11	 11	 1	 6.843845	 -1	 0.000000	 7.749496
86	 11	 11	 1	 9.035615	 -1	 0.000000	 6.896863
87	 11	 11	 1	 9.055716	 -1	 0.000000	 7.053409
88	 11	 11	 1	 12.461983	 -1	 0.000000	 6.642383
89	 11	 11	 1	 8.438684	 -1	 0.000000	 8.631298
90	 11	 11	 1	 8.911136	 -1	 0.000000	 7.222136
91	 11	 11	 1	 39.741275	 -1	 0.000000	 9.041053
92	 11	 11	 1	 38.891303	 -1	 0.000000	 6.848450
93	 11	 11	 1	 5.238670	 -1	 0.000000	 8.268675
94	 11	 11	 1	 9.333636	 -1	 0.000000	 7.185935
95	 11	 11	 1	 43.604280	 -1	 0.000000	 7.297349
96	 11	 11	 1	 14.611931	 -1	 0.000000	 6.684423
97	 11	 11	 1	 7.349084	 -1	 0.000000	 7.531043
98	 11	 11	 1	 7.968703	 -1	 0.000000	 7.102499
99	 11	 11	 1	 58.019341	 -1	 0.000000	 8.342454
100	 11	 11	 1	 11.481386	 -1	 0.000000	 6.495754
101	 11	 11	 1	 40.483633	 -1	 0.000000	 7.952350
102	 11	 11	 1	 13.884289	 -1	 0.000000	 6.744870
103	 11	 11	 1	 13.087706	 -1	 0.000000	 6.289794
3308	 11	 11	 0	 456.469511	 -1	 0.000000	 4.368123
104	 11	 11	 1	 12.246030	 -1	 0.000000	 6.384511
105	 11	 11	 1	 28.365104	 -1	 0.000000	 7.303011
106	 11	 11	 1	 9.908478	 -1	 0.000000	 7.121105
107	 11	 11	 1	 50.795798	 -1	 0.000000	 7.286868
108	 11	 11	 1	 10.776872	 -1	 0.000000	 6.784336
109	 11	 11	 1	 54.784747	 -1	 0.000000	 7.341388
110	 11	 11	 1	 37.853981	 -1	 0.000000	 7.955967
111	 11	 11	 1	 12.442815	 -1	 0.000000	 6.695232
112	 11	 11	 1	 8.938708	 -1	 0.000000	 6.773409
113	 11	 11	 1	 28.274888	 -1	 0.000000	 8.630131
114	 11	 11	 1	 7.751002	 -1	 0.000000	 8.803727
115	 11	 11	 1	 6.186385	 -1	 0.000000	 8.812556
116	 11	 11	 1	 48.878918	 -1	 0.000000	 7.334974
117	 11	 11	 1	 16.921880	 -1	 0.000000	 6.030230
118	 11	 11	 1	 13.346656	 -1	 0.000000	 6.308671
119	 11	 11	 1	 15.463424	 -1	 0.000000	 6.626776
120	 11	 11	 1	 12.950735	 -1	 0.000000	 6.528805
121	 11	 11	 1	 42.002426	 -1	 0.000000	 7.161162
122	 11	 11	 1	 12.604013	 -1	 0.000000	 6.511218
123	 11	 11	 1	 55.265307	 -1	 0.000000	 6.742246
124	 11	 11	 1	 10.449443	 -1	 0.000000	 6.787768
125	 11	 11	 1	 70.161601	 -1	 0.000000	 6.434289
126	 11	 11	 1	 8.784909	 -1	 0.000000	 7.257029
127	 11	 11	 1	 12.547769	 -1	 0.000000	 6.683530
128	 11	 11	 1	 10.399096	 -1	 0.000000	 7.228259
129	 11	 11	 1	 13.013048	 -1	 0.000000	 6.626892
130	 11	 11	 1	 9.855908	 -1	 0.000000	 7.149130
131	 11	 11	 1	 12.941185	 -1	 0.000000	 6.671228
132	 11	 11	 1	 11.386198	 -1	 0.000000	 7.041790
133	 11	 11	 1	 44.613198	 -1	 0.000000	 6.780759
134	 11	 11	 1	 60.922195	 -1	 0.000000	 6.567448
135	 11	 11	 1	 5.951139	 -1	 0.000000	 7.607323
136	 11	 11	 1	 9.027519	 -1	 0.000000	 6.930454
137	 11	 11	 1	 51.300403	 -1	 0.000000	 7.483859
138	 11	 11	 1	 6.302010	 -1	 0.000000	 7.658531
139	 11	 11	 1	 12.368428	 -1	 0.000000	 6.424005
140	 11	 11	 1	 50.051833	 -1	 0.000000	 7.302660
141	 11	 11	 1	 10.938799	 -1	 0.000000	 6.304989
142	 11	 11	 1	 5.899215	 -1	 0.000000	 7.810852
143	 11	 11	 1	 52.884751	 -1	 0.000000	 6.715358
144	 11	 11	 1	 59.015177	 -1	 0.000000	 6.716514
145	 11	 11	 1	 14.117483	 -1	 0.000000	 6.235337
146	 11	 11	 1	 6.987351	 -1	 0.000000	 7.366882
147	 11	 11	 1	 8.945187	 -1	 0.000000	 7.128888
148	 11	 11	 1	 8.826033	 -1	 0.000000	 6.791322
149	 11	 11	 1	 8.454563	 -1	 0.000000	 6.849856
150	 11	 11	 1	 32.751284	 -1	 0.000000	 8.173726
151	 11	 11	 1	 54.615685	 -1	 0.000000	 6.616242
152	 11	 11	 1	 10.486414	 -1	 0.000000	 6.996868
153	 11	 11	 1	 12.313329	 -1	 0.000000	 6.520509
154	 11	 11	 1	 61.000047	 -1	 0.000000	 6.652952
155	 11	 11	 1	 7.916623	 -1	 0.000000	 7.348252
156	 11	 11	 1	 9.485873	 -1	 0.000000	 7.042935
157	 11	 11	 1	 11.152925	 -1	 0.000000	 6.880285
158	 11	 11	 1	 13.428794	 -1	 0.000000	 6.630789
159	 11	 11	 1	 9.676463	 -1	 0.000000	 7.189725
160	 11	 11	 1	 64.869397	 -1	 0.000000	 7.036271
>>> gr_fir_ccf: using E
>>> gr_fir_fff: using E
gr_buffer::allocate_buffer: warning: tried to allocate
   19 items of size 3312. Due to alignment requirements
   256 were allocated.  If this isn't OK, consider padding
   your structure to a power-of-two bytes.
   On this platform, our allocation granularity is 4096 bytes.
36	 10	 10	 0	 448.267875	 -1	 0.000000	 7.463225
37	 10	 10	 0	 378.740779	 -1	 0.000000	 8.288667
38	 10	 10	 1	 333.147088	 -1	 0.000000	 6.598439
39	 10	 10	 1	 209.021136	 -1	 0.000000	 7.267528
40	 10	 10	 1	 360.997396	 -1	 0.000000	 6.100306
41	 10	 10	 1	 233.232952	 -1	 0.000000	 7.280811
42	 10	 10	 1	 224.170135	 -1	 0.000000	 6.914956
43	 10	 10	 1	 292.789439	 -1	 0.000000	 6.389544
44	 10	 10	 1	 242.675002	 -1	 0.000000	 6.781306
45	 10	 10	 0	 441.418364	 -1	 0.000000	 6.515436
46	 10	 10	 1	 276.033524	 -1	 0.000000	 6.693798
48	 10	 10	 0	 392.275138	 -1	 0.000000	 6.012360
49	 10	 10	 1	 331.677374	 -1	 0.000000	 6.095513
50	 10	 10	 1	 260.986768	 -1	 0.000000	 7.371121
52	 10	 10	 1	 193.506092	 -1	 0.000000	 7.745969
53	 10	 10	 0	 432.770323	 -1	 0.000000	 7.210473
40	 10	 10	 1	 139.311035	 -1	 0.000000	 9.148026
41	 10	 10	 0	 433.714152	 -1	 0.000000	 7.391530
42	 10	 10	 1	 187.164869	 -1	 0.000000	 8.505882
43	 10	 10	 0	 451.129120	 -1	 0.000000	 7.483866
44	 10	 10	 1	 250.107615	 -1	 0.000000	 7.225721
45	 10	 10	 1	 260.915760	 -1	 0.000000	 6.956470
46	 10	 10	 1	 277.029026	 -1	 0.000000	 6.724433
47	 10	 10	 1	 302.156519	 -1	 0.000000	 6.270220
48	 10	 10	 1	 349.331999	 -1	 0.000000	 5.927678
49	 10	 10	 1	 282.423180	 -1	 0.000000	 6.669619
50	 10	 10	 1	 274.431111	 -1	 0.000000	 6.620614
51	 10	 10	 1	 296.459362	 -1	 0.000000	 6.675451
52	 10	 10	 1	 330.212952	 -1	 0.000000	 6.314520
53	 10	 10	 0	 424.252541	 -1	 0.000000	 7.269984
54	 10	 10	 0	 442.897094	 -1	 0.000000	 6.515994
55	 10	 10	 0	 406.499382	 -1	 0.000000	 6.756883
56	 10	 10	 1	 233.185337	 -1	 0.000000	 7.267881
57	 10	 10	 1	 315.581610	 -1	 0.000000	 6.499162
59	 10	 10	 1	 340.459550	 -1	 0.000000	 6.548723
60	 10	 10	 1	 383.675571	 -1	 0.000000	 6.082164
62	 10	 10	 1	 150.933139	 -1	 0.000000	 8.271491
63	 10	 10	 1	 137.959222	 -1	 0.000000	 13.817140
64	 10	 10	 1	 347.678600	 -1	 0.000000	 6.234819
65	 10	 10	 0	 410.187262	 -1	 0.000000	 8.434533
66	 10	 10	 1	 262.373234	 -1	 0.000000	 7.037739
67	 10	 10	 0	 421.241199	 -1	 0.000000	 6.920847
68	 10	 10	 1	 270.682349	 -1	 0.000000	 6.832527
69	 10	 10	 0	 422.140371	 -1	 0.000000	 6.733668
70	 10	 10	 1	 328.729783	 -1	 0.000000	 6.366260
71	 10	 10	 1	 324.147900	 -1	 0.000000	 6.368171
72	 10	 10	 0	 401.164686	 -1	 0.000000	 8.269112
73	 10	 10	 0	 469.730236	 -1	 0.000000	 6.555973
74	 10	 10	 1	 297.615881	 -1	 0.000000	 6.453534
75	 10	 10	 1	 278.754793	 -1	 0.000000	 6.828809
76	 10	 10	 1	 262.171230	 -1	 0.000000	 6.929033
77	 10	 10	 1	 267.569981	 -1	 0.000000	 6.687224
78	 10	 10	 0	 434.517713	 -1	 0.000000	 7.096079
79	 10	 10	 1	 249.306662	 -1	 0.000000	 6.845530
80	 10	 10	 1	 261.606342	 -1	 0.000000	 6.943082
81	 10	 10	 0	 409.812176	 -1	 0.000000	 7.801115
82	 10	 10	 1	 255.018562	 -1	 0.000000	 7.081199
83	 10	 10	 0	 414.902555	 -1	 0.000000	 9.723210
84	 10	 10	 0	 428.577845	 -1	 0.000000	 6.808941
85	 10	 10	 1	 275.044512	 -1	 0.000000	 6.664879
86	 10	 10	 0	 443.388097	 -1	 0.000000	 7.005176
87	 10	 10	 1	 382.407999	 -1	 0.000000	 6.290545
88	 10	 10	 0	 441.543380	 -1	 0.000000	 6.335900
89	 10	 10	 0	 462.327637	 -1	 0.000000	 6.972186
90	 10	 10	 0	 419.819633	 -1	 0.000000	 7.601089
91	 10	 10	 0	 418.809264	 -1	 0.000000	 6.821445
92	 10	 10	 0	 453.099445	 -1	 0.000000	 6.464170
93	 10	 10	 1	 263.358241	 -1	 0.000000	 6.777349
94	 10	 10	 1	 317.972148	 -1	 0.000000	 6.338683
95	 10	 10	 1	 245.754480	 -1	 0.000000	 6.798890
96	 10	 10	 0	 448.802446	 -1	 0.000000	 6.523089
97	 10	 10	 0	 411.535631	 -1	 0.000000	 7.781005
98	 10	 10	 1	 278.313500	 -1	 0.000000	 6.653685
99	 10	 10	 1	 314.968067	 -1	 0.000000	 6.570872
100	 10	 10	 1	 187.412128	 -1	 0.000000	 8.445625
101	 10	 10	 0	 418.225187	 -1	 0.000000	 7.771269
102	 10	 10	 1	 289.431517	 -1	 0.000000	 6.462204
103	 10	 10	 1	 214.092414	 -1	 0.000000	 7.008811
104	 10	 10	 0	 389.842758	 -1	 0.000000	 5.748591
105	 10	 10	 0	 403.638863	 -1	 0.000000	 8.811952
106	 10	 10	 1	 370.340518	 -1	 0.000000	 6.139788
107	 10	 10	 0	 425.498944	 -1	 0.000000	 7.290138
108	 10	 10	 0	 459.089096	 -1	 0.000000	 5.778301
109	 10	 10	 1	 225.828013	 -1	 0.000000	 7.110229
110	 10	 10	 1	 245.033488	 -1	 0.000000	 6.508967
111	 10	 10	 1	 389.910737	 -1	 0.000000	 6.026331
112	 10	 10	 1	 195.439320	 -1	 0.000000	 7.837028
113	 10	 10	 0	 408.110226	 -1	 0.000000	 7.989964
114	 10	 10	 0	 407.626069	 -1	 0.000000	 7.791567
115	 10	 10	 1	 323.596195	 -1	 0.000000	 6.268759
116	 10	 10	 1	 341.961753	 -1	 0.000000	 6.320223
117	 10	 10	 1	 380.323176	 -1	 0.000000	 5.821026
3331	 7	 7	 0	 427.669478	 -1	 0.000000	 6.806739
118	 10	 10	 0	 403.228040	 -1	 0.000000	 5.931369
119	 10	 10	 0	 414.646351	 -1	 0.000000	 7.449972
120	 10	 10	 0	 365.321781	 -1	 0.000000	 8.822743
121	 10	 10	 0	 423.411530	 -1	 0.000000	 7.043606
122	 10	 10	 1	 322.378341	 -1	 0.000000	 6.504589
123	 10	 10	 1	 194.496553	 -1	 0.000000	 8.522070
221	 5	 5	 0	 391.253885	 -1	 0.000000	 6.042900
124	 10	 10	 1	 253.890872	 -1	 0.000000	 6.683260
125	 10	 10	 0	 448.959242	 -1	 0.000000	 7.562796
126	 10	 10	 0	 397.002531	 -1	 0.000000	 7.742489
127	 10	 10	 1	 278.846071	 -1	 0.000000	 6.971037
128	 10	 10	 0	 420.896248	 -1	 0.000000	 5.735454
129	 10	 10	 1	 206.952133	 -1	 0.000000	 7.350034
130	 10	 10	 1	 359.828333	 -1	 0.000000	 6.430724
132	 10	 10	 0	 385.668470	 -1	 0.000000	 5.774413
133	 10	 10	 0	 445.818162	 -1	 0.000000	 6.701124
134	 10	 10	 1	 228.186660	 -1	 0.000000	 7.365598
135	 10	 10	 1	 239.689358	 -1	 0.000000	 7.072886
136	 10	 10	 0	 459.891890	 -1	 0.000000	 5.998162
137	 10	 10	 1	 310.040021	 -1	 0.000000	 6.266533
139	 10	 10	 1	 301.076467	 -1	 0.000000	 7.005816
140	 10	 10	 1	 193.972075	 -1	 0.000000	 7.485217
141	 10	 10	 1	 255.107887	 -1	 0.000000	 7.506862
142	 10	 10	 1	 202.577191	 -1	 0.000000	 7.271113
143	 10	 10	 1	 184.710131	 -1	 0.000000	 7.218393
144	 10	 10	 1	 228.650360	 -1	 0.000000	 7.369752
145	 10	 10	 1	 327.666182	 -1	 0.000000	 5.925373
146	 10	 10	 1	 226.257670	 -1	 0.000000	 6.787894
147	 10	 10	 1	 319.363313	 -1	 0.000000	 6.839097
148	 10	 10	 0	 452.571625	 -1	 0.000000	 6.852221
149	 10	 10	 1	 301.137281	 -1	 0.000000	 6.739671
150	 10	 10	 0	 461.277085	 -1	 0.000000	 6.202669
151	 10	 10	 0	 397.945113	 -1	 0.000000	 7.414052
152	 10	 10	 1	 292.394745	 -1	 0.000000	 6.530567
153	 10	 10	 0	 425.519624	 -1	 0.000000	 8.531349
154	 10	 10	 1	 361.253106	 -1	 0.000000	 6.331627
155	 10	 10	 0	 415.394209	 -1	 0.000000	 6.776740
156	 10	 10	 1	 271.978982	 -1	 0.000000	 6.535370
157	 10	 10	 0	 429.612061	 -1	 0.000000	 6.835994
158	 10	 10	 0	 406.000175	 -1	 0.000000	 8.297455
159	 10	 10	 1	 266.321963	 -1	 0.000000	 7.039617
160	 10	 10	 0	 400.546829	 -1	 0.000000	 8.091649
161	 10	 10	 0	 395.352301	 -1	 0.000000	 8.857608
162	 10	 10	 1	 238.755475	 -1	 0.000000	 7.127668
163	 10	 10	 0	 427.878259	 -1	 0.000000	 7.763125
164	 10	 10	 1	 194.719926	 -1	 0.000000	 7.953910
165	 10	 10	 1	 188.009732	 -1	 0.000000	 8.627192
166	 10	 10	 1	 239.518450	 -1	 0.000000	 6.951384
167	 10	 10	 0	 417.481881	 -1	 0.000000	 8.991311
168	 10	 10	 1	 249.552517	 -1	 0.000000	 6.811132
169	 10	 10	 0	 401.496775	 -1	 0.000000	 5.679104
170	 10	 10	 1	 178.470249	 -1	 0.000000	 8.158442
171	 10	 10	 0	 445.906834	 -1	 0.000000	 7.646648
173	 10	 10	 1	 248.114421	 -1	 0.000000	 6.997125
175	 10	 10	 0	 402.667825	 -1	 0.000000	 8.510397
176	 10	 10	 0	 449.212511	 -1	 0.000000	 6.203996
177	 10	 10	 0	 432.177619	 -1	 0.000000	 6.314432
200	 10	 10	 0	 441.385619	 -1	 0.000000	 7.011007
201	 10	 10	 1	 207.657328	 -1	 0.000000	 7.186697
202	 10	 10	 1	 304.050607	 -1	 0.000000	 6.581859
203	 10	 10	 0	 449.348717	 -1	 0.000000	 7.261632
204	 10	 10	 1	 255.264358	 -1	 0.000000	 6.753608
205	 10	 10	 0	 417.167180	 -1	 0.000000	 7.371794
206	 10	 10	 0	 416.329794	 -1	 0.000000	 7.307655
207	 10	 10	 0	 455.157251	 -1	 0.000000	 7.365618
208	 10	 10	 1	 223.416471	 -1	 0.000000	 7.417384
209	 10	 10	 0	 430.431775	 -1	 0.000000	 6.836295
211	 10	 10	 1	 291.600590	 -1	 0.000000	 6.650665
212	 10	 10	 1	 261.926501	 -1	 0.000000	 7.313703
221	 10	 10	 1	 256.471417	 -1	 0.000000	 6.490430
222	 10	 10	 0	 449.862456	 -1	 0.000000	 7.738581
223	 10	 10	 1	 310.916325	 -1	 0.000000	 6.322341
224	 10	 10	 1	 264.437371	 -1	 0.000000	 7.008220
225	 10	 10	 1	 274.538272	 -1	 0.000000	 7.047939
226	 10	 10	 1	 375.903439	 -1	 0.000000	 6.013218
228	 10	 10	 1	 228.286756	 -1	 0.000000	 6.954546
234	 10	 10	 1	 375.233518	 -1	 0.000000	 5.894191
235	 10	 10	 1	 286.429349	 -1	 0.000000	 6.520383
236	 10	 10	 0	 454.955124	 -1	 0.000000	 6.645772
237	 10	 10	 1	 229.297950	 -1	 0.000000	 7.090219
238	 10	 10	 1	 215.405992	 -1	 0.000000	 7.038421
2219	 10	 10	 0	 360.832538	 -1	 0.000000	 4.920425
239	 10	 10	 1	 224.958117	 -1	 0.000000	 7.128797
240	 10	 10	 1	 292.347339	 -1	 0.000000	 6.617992
241	 10	 10	 1	 293.389774	 -1	 0.000000	 6.463478
242	 10	 10	 1	 344.275183	 -1	 0.000000	 5.965775
243	 10	 10	 1	 216.764276	 -1	 0.000000	 7.901125
244	 10	 10	 1	 326.386594	 -1	 0.000000	 6.536583
523	 9	 9	 0	 453.289840	 -1	 0.000000	 5.728544
245	 10	 10	 0	 452.265003	 -1	 0.000000	 6.716741
246	 10	 10	 1	 289.702732	 -1	 0.000000	 6.690641
247	 10	 10	 0	 431.513742	 -1	 0.000000	 7.162818
248	 10	 10	 0	 442.349070	 -1	 0.000000	 7.408549
249	 10	 10	 1	 195.651298	 -1	 0.000000	 8.086357
250	 10	 10	 1	 305.512211	 -1	 0.000000	 6.601408
251	 10	 10	 1	 152.750559	 -1	 0.000000	 8.279886
252	 10	 10	 1	 252.052325	 -1	 0.000000	 7.007027
253	 10	 10	 1	 258.687277	 -1	 0.000000	 6.747839
254	 10	 10	 0	 378.138998	 -1	 0.000000	 7.334699
255	 10	 10	 0	 453.042935	 -1	 0.000000	 6.883130
256	 10	 10	 0	 443.185074	 -1	 0.000000	 7.638309
257	 10	 10	 1	 277.668764	 -1	 0.000000	 6.735662
258	 10	 10	 1	 236.000921	 -1	 0.000000	 6.884935
259	 10	 10	 1	 240.197444	 -1	 0.000000	 6.795008
261	 10	 10	 0	 412.002202	 -1	 0.000000	 6.878200
262	 10	 10	 1	 266.588607	 -1	 0.000000	 6.417803
263	 10	 10	 1	 293.107039	 -1	 0.000000	 6.657440
264	 10	 10	 1	 301.653126	 -1	 0.000000	 6.446853
268	 10	 10	 0	 469.373673	 -1	 0.000000	 7.138887
269	 10	 10	 0	 410.222399	 -1	 0.000000	 7.605800
270	 10	 10	 0	 425.580463	 -1	 0.000000	 6.772913
271	 10	 10	 1	 368.703632	 -1	 0.000000	 6.160104
272	 10	 10	 1	 307.304916	 -1	 0.000000	 6.556878
1519	 10	 10	 0	 480.248935	 -1	 0.000000	 4.905827
273	 10	 10	 1	 325.084437	 -1	 0.000000	 6.904328
274	 10	 10	 1	 303.315886	 -1	 0.000000	 6.289064
275	 10	 10	 0	 431.748921	 -1	 0.000000	 7.205718
276	 10	 10	 1	 226.533921	 -1	 0.000000	 7.359625
277	 10	 10	 1	 336.524814	 -1	 0.000000	 6.671769
278	 10	 10	 1	 267.979692	 -1	 0.000000	 6.902796
279	 10	 10	 1	 350.079536	 -1	 0.000000	 5.942040
280	 10	 10	 1	 250.257065	 -1	 0.000000	 7.380779
281	 10	 10	 1	 242.556819	 -1	 0.000000	 7.312966
282	 10	 10	 1	 208.498063	 -1	 0.000000	 8.343011
283	 10	 10	 0	 393.602103	 -1	 0.000000	 5.841769
284	 10	 10	 0	 399.003464	 -1	 0.000000	 8.079757
285	 10	 10	 0	 360.944142	 -1	 0.000000	 8.710904
286	 10	 10	 0	 430.467719	 -1	 0.000000	 6.821384
287	 10	 10	 1	 259.683954	 -1	 0.000000	 6.698421
288	 10	 10	 1	 222.254664	 -1	 0.000000	 6.849031
289	 10	 10	 0	 449.937363	 -1	 0.000000	 7.175650
290	 10	 10	 0	 251.609851	 -1	 0.000000	 7.048773
291	 10	 10	 0	 406.217907	 -1	 0.000000	 8.537377
292	 10	 10	 0	 401.275983	 -1	 0.000000	 7.226066
293	 10	 10	 1	 292.448397	 -1	 0.000000	 6.565845
294	 10	 10	 0	 426.628029	 -1	 0.000000	 8.038756
295	 10	 10	 0	 389.438737	 -1	 0.000000	 7.327477
296	 10	 10	 0	 435.135948	 -1	 0.000000	 8.054376
297	 10	 10	 0	 460.127526	 -1	 0.000000	 7.130910
298	 10	 10	 0	 455.407129	 -1	 0.000000	 7.176932
299	 10	 10	 0	 414.617127	 -1	 0.000000	 7.467917
300	 10	 10	 1	 220.271807	 -1	 0.000000	 6.987616
301	 10	 10	 1	 246.253965	 -1	 0.000000	 6.927066
302	 10	 10	 1	 306.457618	 -1	 0.000000	 6.480292
303	 10	 10	 1	 322.799361	 -1	 0.000000	 6.542945
304	 10	 10	 1	 352.563821	 -1	 0.000000	 6.200681
305	 10	 10	 1	 214.405980	 -1	 0.000000	 7.127525
306	 10	 10	 1	 312.210726	 -1	 0.000000	 6.231611
307	 10	 10	 1	 202.629119	 -1	 0.000000	 8.073845
308	 10	 10	 1	 346.963911	 -1	 0.000000	 6.633048
309	 10	 10	 1	 200.605665	 -1	 0.000000	 7.455886
310	 10	 10	 1	 246.937501	 -1	 0.000000	 6.792308
311	 10	 10	 1	 356.761894	 -1	 0.000000	 6.061135
312	 10	 10	 0	 444.715723	 -1	 0.000000	 6.857997
313	 10	 10	 1	 419.128079	 -1	 0.000000	 9.468183
314	 10	 10	 1	 267.448875	 -1	 0.000000	 6.485810
315	 10	 10	 0	 456.831990	 -1	 0.000000	 6.502741
316	 10	 10	 1	 193.325200	 -1	 0.000000	 7.758056
317	 10	 10	 1	 149.553063	 -1	 0.000000	 8.141027
320	 10	 10	 1	 173.863467	 -1	 0.000000	 8.133823
321	 10	 10	 0	 418.298303	 -1	 0.000000	 7.514029
322	 10	 10	 1	 216.742987	 -1	 0.000000	 7.326062
323	 10	 10	 1	 238.960948	 -1	 0.000000	 6.898598
324	 10	 10	 1	 309.522948	 -1	 0.000000	 6.478889
325	 10	 10	 1	 264.665316	 -1	 0.000000	 7.033397
326	 10	 10	 1	 341.412781	 -1	 0.000000	 6.271877
327	 10	 10	 0	 205.166210	 -1	 0.000000	 7.525784
328	 10	 10	 1	 226.974724	 -1	 0.000000	 7.184914
329	 10	 10	 0	 450.188872	 -1	 0.000000	 6.454811
330	 10	 10	 1	 295.596326	 -1	 0.000000	 6.596890
331	 10	 10	 0	 405.621697	 -1	 0.000000	 7.498724
332	 10	 10	 1	 346.754905	 -1	 0.000000	 6.251694
333	 10	 10	 0	 380.231952	 -1	 0.000000	 7.659642
334	 10	 10	 0	 440.286094	 -1	 0.000000	 7.562393
335	 10	 10	 1	 230.782538	 -1	 0.000000	 7.169970
340	 10	 10	 0	 404.523100	 -1	 0.000000	 9.036366
341	 10	 10	 1	 278.918430	 -1	 0.000000	 6.919081
342	 10	 10	 1	 238.747141	 -1	 0.000000	 7.118442
343	 10	 10	 1	 233.524047	 -1	 0.000000	 7.027617
344	 10	 10	 0	 268.856773	 -1	 0.000000	 7.420608
350	 10	 10	 1	 249.121579	 -1	 0.000000	 7.340981
351	 10	 10	 1	 302.624617	 -1	 0.000000	 6.350043
353	 10	 10	 0	 436.675694	 -1	 0.000000	 8.132299
354	 10	 10	 1	 252.748032	 -1	 0.000000	 7.202585
355	 10	 10	 0	 431.406957	 -1	 0.000000	 7.829643
356	 10	 10	 1	 244.282148	 -1	 0.000000	 7.511204
357	 10	 10	 1	 327.029492	 -1	 0.000000	 6.213433
358	 10	 10	 0	 412.161886	 -1	 0.000000	 7.235521
359	 10	 10	 1	 209.278642	 -1	 0.000000	 7.148137
365	 10	 10	 1	 229.816126	 -1	 0.000000	 7.911908
366	 10	 10	 1	 182.877684	 -1	 0.000000	 7.813028
367	 10	 10	 0	 425.494831	 -1	 0.000000	 8.330018
2047	 7	 7	 0	 424.582317	 -1	 0.000000	 6.819092
369	 10	 10	 1	 240.660088	 -1	 0.000000	 7.133103
370	 10	 10	 1	 360.850230	 -1	 0.000000	 6.168638
374	 10	 10	 0	 450.760323	 -1	 0.000000	 6.321407
375	 10	 10	 0	 454.882673	 -1	 0.000000	 6.207932
376	 10	 10	 1	 311.681497	 -1	 0.000000	 6.627756
377	 10	 10	 1	 233.253518	 -1	 0.000000	 6.947724
378	 10	 10	 1	 240.424830	 -1	 0.000000	 7.259218
379	 10	 10	 1	 292.240112	 -1	 0.000000	 6.920942
380	 10	 10	 1	 314.568652	 -1	 0.000000	 7.053854
381	 10	 10	 1	 218.008552	 -1	 0.000000	 7.738129
383	 10	 10	 0	 424.921466	 -1	 0.000000	 7.327092
385	 10	 10	 1	 217.837488	 -1	 0.000000	 7.412360
386	 10	 10	 1	 198.891308	 -1	 0.000000	 7.838548
387	 10	 10	 0	 445.076619	 -1	 0.000000	 6.609435
388	 10	 10	 1	 309.560713	 -1	 0.000000	 6.605244
389	 10	 10	 1	 251.969880	 -1	 0.000000	 7.025922
390	 10	 10	 1	 284.935105	 -1	 0.000000	 6.620953
391	 10	 10	 0	 443.692002	 -1	 0.000000	 6.258448
392	 10	 10	 1	 271.232915	 -1	 0.000000	 6.604869
393	 10	 10	 1	 329.703785	 -1	 0.000000	 6.354819
394	 10	 10	 1	 294.681534	 -1	 0.000000	 6.880953
395	 10	 10	 0	 453.128664	 -1	 0.000000	 6.281529
397	 10	 10	 1	 301.058429	 -1	 0.000000	 6.534677
398	 10	 10	 0	 434.162969	 -1	 0.000000	 7.072885
399	 10	 10	 0	 444.787564	 -1	 0.000000	 7.521484
400	 10	 10	 1	 273.779781	 -1	 0.000000	 7.127306
401	 10	 10	 1	 250.362444	 -1	 0.000000	 6.749791
402	 10	 10	 1	 255.764007	 -1	 0.000000	 7.098093
403	 10	 10	 0	 420.786643	 -1	 0.000000	 7.811084
405	 10	 10	 1	 262.938118	 -1	 0.000000	 6.997485
406	 10	 10	 1	 186.637809	 -1	 0.000000	 8.361453
407	 10	 10	 1	 202.059021	 -1	 0.000000	 7.106968
408	 10	 10	 1	 334.566141	 -1	 0.000000	 6.653636
409	 10	 10	 0	 390.522445	 -1	 0.000000	 8.098655
410	 10	 10	 1	 241.772863	 -1	 0.000000	 6.754470
411	 10	 10	 1	 221.795246	 -1	 0.000000	 6.827903
412	 10	 10	 1	 352.583746	 -1	 0.000000	 5.952968
413	 10	 10	 1	 232.237790	 -1	 0.000000	 6.850719
414	 10	 10	 0	 466.793815	 -1	 0.000000	 6.502394
415	 10	 10	 0	 459.616005	 -1	 0.000000	 6.987698
416	 10	 10	 1	 282.274200	 -1	 0.000000	 6.911551
417	 10	 10	 1	 259.547923	 -1	 0.000000	 7.168421
418	 10	 10	 0	 430.550589	 -1	 0.000000	 6.523436
419	 10	 10	 0	 364.624079	 -1	 0.000000	 7.634127
420	 10	 10	 1	 388.525324	 -1	 0.000000	 5.863618
421	 10	 10	 0	 464.004103	 -1	 0.000000	 6.356194
422	 10	 10	 1	 217.293700	 -1	 0.000000	 7.873520
424	 10	 10	 1	 203.208589	 -1	 0.000000	 7.642114
425	 10	 10	 1	 367.366303	 -1	 0.000000	 6.010408
426	 10	 10	 1	 176.881320	 -1	 0.000000	 7.829319
427	 10	 10	 0	 421.123861	 -1	 0.000000	 5.869854
428	 10	 10	 0	 430.862386	 -1	 0.000000	 8.535015
429	 10	 10	 0	 397.240858	 -1	 0.000000	 7.523552
430	 10	 10	 1	 297.156405	 -1	 0.000000	 6.343904
431	 10	 10	 0	 394.356453	 -1	 0.000000	 8.188754
432	 10	 10	 1	 350.754614	 -1	 0.000000	 6.432333
433	 10	 10	 0	 424.860132	 -1	 0.000000	 6.854733
435	 10	 10	 0	 410.238838	 -1	 0.000000	 7.644531
436	 10	 10	 1	 229.875151	 -1	 0.000000	 6.990847
437	 10	 10	 0	 440.437147	 -1	 0.000000	 6.996412
438	 10	 10	 1	 282.014292	 -1	 0.000000	 6.730957
439	 10	 10	 0	 430.539759	 -1	 0.000000	 7.212869
441	 10	 10	 0	 431.348254	 -1	 0.000000	 7.501109
442	 10	 10	 0	 454.757804	 -1	 0.000000	 7.984151
443	 10	 10	 1	 271.788174	 -1	 0.000000	 6.851544
444	 10	 10	 0	 444.460771	 -1	 0.000000	 7.394164
445	 10	 10	 1	 347.189648	 -1	 0.000000	 6.626040
446	 10	 10	 1	 324.764659	 -1	 0.000000	 6.323647
447	 10	 10	 1	 317.155174	 -1	 0.000000	 6.530947
