>>> gr_fir_ccf: using E
>>> gr_fir_fff: using E
gr_buffer::allocate_buffer: warning: tried to allocate
   17 items of size 3696. Due to alignment requirements
   256 were allocated.  If this isn't OK, consider padding
   your structure to a power-of-two bytes.
   On this platform, our allocation granularity is 4096 bytes.
0	 13	 13	 1	 0.000011	 -1	 0.000000	 7.324193
1	 13	 13	 1	 0.000007	 -1	 0.000000	 8.289234
2	 13	 13	 1	 7.765532	 -1	 0.000000	 8.235031
3	 13	 13	 1	 0.000014	 -1	 0.000000	 7.749943
4	 13	 13	 1	 9.416291	 -1	 0.000000	 6.733925
5	 13	 13	 1	 0.000011	 -1	 0.000000	 8.880185
6	 13	 13	 1	 0.000019	 -1	 0.000000	 10.443696
7	 13	 13	 1	 0.000042	 -1	 0.000000	 11.949202
8	 13	 13	 1	 0.000008	 -1	 0.000000	 7.327327
9	 13	 13	 1	 0.000009	 -1	 0.000000	 8.213568
10	 13	 13	 1	 0.000007	 -1	 0.000000	 12.407995
11	 13	 13	 1	 0.000014	 -1	 0.000000	 10.968487
12	 13	 13	 1	 0.000008	 -1	 0.000000	 9.786447
13	 13	 13	 1	 0.000006	 -1	 0.000000	 8.774217
19	 13	 13	 1	 0.000007	 -1	 0.000000	 9.338713
20	 13	 13	 1	 0.000008	 -1	 0.000000	 7.653868
>>> gr_fir_ccf: using E
>>> gr_fir_fff: using E
gr_buffer::allocate_buffer: warning: tried to allocate
   17 items of size 3696. Due to alignment requirements
   256 were allocated.  If this isn't OK, consider padding
   your structure to a power-of-two bytes.
   On this platform, our allocation granularity is 4096 bytes.
0	 15	 15	 1	 0.000532	 -1	 0.000000	 13.137611
1	 15	 15	 1	 0.000049	 -1	 0.000000	 9.948438
2	 15	 15	 1	 0.000060	 -1	 0.000000	 8.653451
3	 15	 15	 1	 0.000067	 -1	 0.000000	 7.632482
4	 15	 15	 1	 0.000053	 -1	 0.000000	 8.916388
5	 15	 15	 1	 0.000225	 -1	 0.000000	 12.258624
6	 15	 15	 1	 0.016519	 -1	 0.000000	 6.148793
7	 15	 15	 1	 0.000057	 -1	 0.000000	 12.651743
8	 15	 15	 1	 0.000062	 -1	 0.000000	 9.840969
9	 15	 15	 1	 0.037707	 -1	 0.000000	 6.877712
10	 15	 15	 1	 0.000056	 -1	 0.000000	 9.464542
11	 15	 15	 1	 0.000047	 -1	 0.000000	 9.537665
12	 15	 15	 1	 0.000065	 -1	 0.000000	 7.360330
13	 15	 15	 1	 0.000062	 -1	 0.000000	 7.357630
14	 15	 15	 1	 0.000067	 -1	 0.000000	 8.636658
15	 15	 15	 1	 40.024121	 -1	 0.000000	 7.218194
16	 15	 15	 1	 0.000052	 -1	 0.000000	 8.496200
17	 15	 15	 1	 0.000053	 -1	 0.000000	 10.447171
18	 15	 15	 1	 2.402581	 -1	 0.000000	 8.009035
19	 15	 15	 1	 0.000283	 -1	 0.000000	 12.055586
20	 15	 15	 1	 35.220964	 -1	 0.000000	 8.784289
2968	 15	 15	 0	 367.247821	 -1	 0.000000	 6.003712
21	 15	 15	 1	 0.000069	 -1	 0.000000	 9.531668
22	 15	 15	 0	 149.392591	 -1	 0.000000	 11.327030
23	 15	 15	 1	 0.000057	 -1	 0.000000	 7.770348
24	 15	 15	 0	 115.920723	 -1	 0.000000	 13.587289
25	 15	 15	 1	 0.000057	 -1	 0.000000	 8.664168
26	 15	 15	 1	 0.000468	 -1	 0.000000	 11.241852
27	 15	 15	 1	 0.000070	 -1	 0.000000	 7.585984
28	 15	 15	 1	 0.000060	 -1	 0.000000	 10.320815
29	 15	 15	 1	 0.000064	 -1	 0.000000	 7.475569
30	 15	 15	 1	 25.663637	 -1	 0.000000	 7.880655
31	 15	 15	 1	 0.000060	 -1	 0.000000	 9.723038
32	 15	 15	 1	 0.000064	 -1	 0.000000	 7.938189
33	 15	 15	 0	 181.984529	 -1	 0.000000	 15.565476
34	 15	 15	 1	 0.000057	 -1	 0.000000	 7.862530
35	 15	 15	 1	 0.160033	 -1	 0.000000	 6.275004
36	 15	 15	 1	 0.000067	 -1	 0.000000	 8.288221
37	 15	 15	 1	 0.000232	 -1	 0.000000	 9.737116
38	 15	 15	 1	 0.000218	 -1	 0.000000	 9.189912
39	 15	 15	 1	 0.000061	 -1	 0.000000	 9.014709
40	 15	 15	 1	 0.000059	 -1	 0.000000	 8.927409
41	 15	 15	 1	 0.000409	 -1	 0.000000	 9.829719
42	 15	 15	 1	 0.000058	 -1	 0.000000	 8.081049
43	 15	 15	 1	 0.000410	 -1	 0.000000	 10.415446
44	 15	 15	 1	 0.000050	 -1	 0.000000	 8.592557
45	 15	 15	 1	 0.000060	 -1	 0.000000	 8.363400
46	 15	 15	 1	 0.075057	 -1	 0.000000	 7.359235
47	 15	 15	 1	 30.123799	 -1	 0.000000	 8.996963
48	 15	 15	 1	 24.029784	 -1	 0.000000	 8.843447
49	 15	 15	 1	 0.000054	 -1	 0.000000	 12.777647
50	 15	 15	 1	 0.000383	 -1	 0.000000	 8.885515
51	 15	 15	 1	 27.490337	 -1	 0.000000	 8.466999
52	 15	 15	 1	 0.000068	 -1	 0.000000	 7.586952
53	 15	 15	 1	 0.000060	 -1	 0.000000	 11.517147
54	 15	 15	 1	 0.000071	 -1	 0.000000	 10.521791
55	 15	 15	 1	 0.000069	 -1	 0.000000	 6.797845
56	 15	 15	 1	 0.000060	 -1	 0.000000	 7.576407
57	 15	 15	 1	 13.458930	 -1	 0.000000	 8.603604
58	 15	 15	 1	 0.000080	 -1	 0.000000	 8.236896
59	 15	 15	 0	 80.946724	 -1	 0.000000	 8.158461
60	 15	 15	 1	 0.000325	 -1	 0.000000	 8.509330
61	 15	 15	 1	 0.000058	 -1	 0.000000	 8.303346
62	 15	 15	 1	 0.000058	 -1	 0.000000	 7.837708
63	 15	 15	 1	 0.000055	 -1	 0.000000	 7.100516
64	 15	 15	 1	 0.000110	 -1	 0.000000	 11.022195
65	 15	 15	 1	 0.000055	 -1	 0.000000	 8.211444
66	 15	 15	 0	 3.659159	 -1	 0.000000	 9.423540
3303	 11	 11	 0	 459.533315	 -1	 0.000000	 5.937846
1687	 15	 15	 0	 384.701690	 -1	 0.000000	 5.708374
2814	 15	 15	 0	 382.081457	 -1	 0.000000	 5.448790
3255	 13	 13	 0	 374.333907	 -1	 0.000000	 9.396807
20	 15	 15	 1	 0.000154	 -1	 0.000000	 14.439508
21	 15	 15	 1	 0.000557	 -1	 0.000000	 8.768834
22	 15	 15	 1	 0.000074	 -1	 0.000000	 10.704012
23	 15	 15	 1	 0.087415	 -1	 0.000000	 6.978776
24	 15	 15	 1	 0.000225	 -1	 0.000000	 10.304539
25	 15	 15	 1	 0.000064	 -1	 0.000000	 8.044199
26	 15	 15	 1	 15.004536	 -1	 0.000000	 10.798844
27	 15	 15	 1	 0.000126	 -1	 0.000000	 13.674467
28	 15	 15	 1	 0.000057	 -1	 0.000000	 7.812851
29	 15	 15	 1	 0.000057	 -1	 0.000000	 8.657673
30	 15	 15	 1	 0.000055	 -1	 0.000000	 11.807720
31	 15	 15	 1	 0.000064	 -1	 0.000000	 8.337181
32	 15	 15	 1	 0.000061	 -1	 0.000000	 8.839475
33	 15	 15	 1	 0.000104	 -1	 0.000000	 8.604317
34	 15	 15	 1	 0.000081	 -1	 0.000000	 8.882489
35	 15	 15	 1	 0.000369	 -1	 0.000000	 7.877173
36	 15	 15	 1	 0.000542	 -1	 0.000000	 13.010562
37	 15	 15	 1	 0.000094	 -1	 0.000000	 7.719936
38	 15	 15	 1	 0.000056	 -1	 0.000000	 7.999321
39	 15	 15	 1	 28.620744	 -1	 0.000000	 6.963027
40	 15	 15	 1	 0.000055	 -1	 0.000000	 7.639469
41	 15	 15	 1	 0.033604	 -1	 0.000000	 8.935270
42	 15	 15	 1	 0.011471	 -1	 0.000000	 7.070876
43	 15	 15	 1	 0.000062	 -1	 0.000000	 6.635100
44	 15	 15	 1	 0.000374	 -1	 0.000000	 11.114482
45	 15	 15	 1	 0.003134	 -1	 0.000000	 6.418619
46	 15	 15	 1	 0.000307	 -1	 0.000000	 9.492772
47	 15	 15	 1	 0.000056	 -1	 0.000000	 8.439908
48	 15	 15	 1	 0.000058	 -1	 0.000000	 8.253522
49	 15	 15	 1	 0.000236	 -1	 0.000000	 16.201275
50	 15	 15	 1	 0.000408	 -1	 0.000000	 12.111223
51	 15	 15	 1	 0.000067	 -1	 0.000000	 9.748957
52	 15	 15	 1	 0.000230	 -1	 0.000000	 11.503273
53	 15	 15	 1	 0.000160	 -1	 0.000000	 8.776079
55	 15	 15	 1	 8.249688	 -1	 0.000000	 8.738300
56	 15	 15	 1	 27.837662	 -1	 0.000000	 8.773697
57	 15	 15	 1	 101.521671	 -1	 0.000000	 8.813313
58	 15	 15	 1	 0.000060	 -1	 0.000000	 7.872141
59	 15	 15	 1	 0.000060	 -1	 0.000000	 8.250583
>>> gr_fir_ccf: using E
>>> gr_fir_fff: using E
gr_buffer::allocate_buffer: warning: tried to allocate
   17 items of size 3696. Due to alignment requirements
   256 were allocated.  If this isn't OK, consider padding
   your structure to a power-of-two bytes.
   On this platform, our allocation granularity is 4096 bytes.
12	 5	 5	 0	 259.785875	 -1	 0.000000	 7.583269
13	 5	 5	 1	 0.035523	 -1	 0.000000	 10.481545
17	 5	 5	 1	 0.019181	 -1	 0.000000	 9.760140
18	 5	 5	 1	 0.030033	 -1	 0.000000	 7.751220
21	 5	 5	 1	 34.967735	 -1	 0.000000	 9.734761
22	 5	 5	 1	 15.137531	 -1	 0.000000	 6.828097
25	 5	 5	 1	 31.113783	 -1	 0.000000	 8.115947
26	 5	 5	 0	 180.975284	 -1	 0.000000	 8.424654
28	 5	 5	 1	 18.701525	 -1	 0.000000	 7.772714
29	 5	 5	 1	 10.244636	 -1	 0.000000	 9.905451
30	 5	 5	 1	 57.146547	 -1	 0.000000	 8.227771
31	 5	 5	 1	 0.007383	 -1	 0.000000	 11.769946
33	 5	 5	 1	 0.025785	 -1	 0.000000	 7.118212
34	 5	 5	 1	 0.015433	 -1	 0.000000	 7.479527
35	 5	 5	 1	 0.735541	 -1	 0.000000	 7.864195
36	 5	 5	 1	 0.083730	 -1	 0.000000	 7.394575
38	 5	 5	 1	 0.039320	 -1	 0.000000	 10.448140
39	 5	 5	 1	 35.214758	 -1	 0.000000	 8.284402
41	 5	 5	 1	 0.039681	 -1	 0.000000	 6.681629
42	 5	 5	 1	 0.011236	 -1	 0.000000	 8.562435
45	 5	 5	 1	 77.702476	 -1	 0.000000	 8.027478
46	 5	 5	 1	 25.461747	 -1	 0.000000	 7.684120
47	 5	 5	 1	 0.034059	 -1	 0.000000	 7.500150
49	 5	 5	 1	 9.637153	 -1	 0.000000	 6.305841
51	 5	 5	 1	 0.009622	 -1	 0.000000	 14.826923
52	 5	 5	 1	 5.023240	 -1	 0.000000	 7.254088
54	 5	 5	 1	 39.706367	 -1	 0.000000	 8.138831
55	 5	 5	 1	 0.011996	 -1	 0.000000	 7.122200
56	 5	 5	 1	 6.129382	 -1	 0.000000	 7.747043
57	 5	 5	 1	 0.010616	 -1	 0.000000	 9.725343
58	 5	 5	 0	 324.297236	 -1	 0.000000	 7.739491
59	 5	 5	 0	 98.745256	 -1	 0.000000	 7.366122
60	 5	 5	 1	 0.009399	 -1	 0.000000	 8.427237
62	 5	 5	 1	 118.681693	 -1	 0.000000	 9.031147
63	 5	 5	 1	 0.050918	 -1	 0.000000	 7.569333
64	 5	 5	 1	 44.019214	 -1	 0.000000	 8.290236
65	 5	 5	 1	 0.018250	 -1	 0.000000	 6.812417
66	 5	 5	 0	 348.765177	 -1	 0.000000	 7.756980
67	 5	 5	 1	 0.014722	 -1	 0.000000	 6.632919
68	 5	 5	 1	 0.036681	 -1	 0.000000	 7.770382
69	 5	 5	 1	 1.266150	 -1	 0.000000	 8.303994
70	 5	 5	 1	 0.026662	 -1	 0.000000	 7.470850
71	 5	 5	 1	 0.015891	 -1	 0.000000	 10.766832
73	 5	 5	 1	 19.859276	 -1	 0.000000	 8.004173
74	 5	 5	 1	 56.878058	 -1	 0.000000	 9.040139
75	 5	 5	 1	 0.045847	 -1	 0.000000	 8.216194
76	 5	 5	 1	 0.014271	 -1	 0.000000	 20.722717
77	 5	 5	 1	 0.029606	 -1	 0.000000	 12.669226
78	 5	 5	 1	 0.026449	 -1	 0.000000	 9.977181
79	 5	 5	 1	 0.022148	 -1	 0.000000	 7.949957
81	 5	 5	 1	 0.024756	 -1	 0.000000	 9.622808
82	 5	 5	 1	 0.022753	 -1	 0.000000	 7.975202
83	 5	 5	 1	 0.017154	 -1	 0.000000	 6.992973
84	 5	 5	 1	 1.465777	 -1	 0.000000	 7.209945
85	 5	 5	 1	 68.147373	 -1	 0.000000	 7.563189
86	 5	 5	 1	 0.031875	 -1	 0.000000	 7.331792
87	 5	 5	 1	 0.019459	 -1	 0.000000	 10.636979
88	 5	 5	 1	 181.561953	 -1	 0.000000	 7.944283
89	 5	 5	 1	 0.019779	 -1	 0.000000	 8.310349
90	 5	 5	 1	 64.710992	 -1	 0.000000	 7.429519
91	 5	 5	 1	 0.022930	 -1	 0.000000	 11.979616
93	 5	 5	 1	 0.018266	 -1	 0.000000	 7.354846
96	 5	 5	 1	 0.026840	 -1	 0.000000	 6.774156
97	 5	 5	 1	 0.043427	 -1	 0.000000	 10.156456
100	 5	 5	 1	 0.020296	 -1	 0.000000	 8.626758
103	 5	 5	 1	 14.457937	 -1	 0.000000	 7.616100
104	 5	 5	 1	 0.016860	 -1	 0.000000	 8.196014
105	 5	 5	 1	 3.836857	 -1	 0.000000	 9.922371
106	 5	 5	 1	 0.043537	 -1	 0.000000	 8.127226
107	 5	 5	 1	 0.020825	 -1	 0.000000	 8.103788
110	 5	 5	 1	 46.332480	 -1	 0.000000	 7.304467
111	 5	 5	 1	 42.666354	 -1	 0.000000	 6.996524
113	 5	 5	 1	 0.372768	 -1	 0.000000	 6.909337
115	 5	 5	 1	 3.279984	 -1	 0.000000	 7.323149
116	 5	 5	 1	 0.016086	 -1	 0.000000	 8.211680
117	 5	 5	 1	 0.019000	 -1	 0.000000	 8.262193
118	 5	 5	 1	 7.781686	 -1	 0.000000	 7.382325
119	 5	 5	 1	 26.989651	 -1	 0.000000	 14.348752
120	 5	 5	 1	 0.024966	 -1	 0.000000	 12.545547
122	 5	 5	 1	 0.022510	 -1	 0.000000	 8.103194
123	 5	 5	 1	 0.019175	 -1	 0.000000	 8.008561
124	 5	 5	 1	 17.844637	 -1	 0.000000	 10.429082
125	 5	 5	 1	 0.013890	 -1	 0.000000	 7.684008
126	 5	 5	 1	 0.020546	 -1	 0.000000	 14.765311
127	 5	 5	 0	 231.961026	 -1	 0.000000	 8.084332
128	 5	 5	 1	 10.284697	 -1	 0.000000	 8.827504
129	 5	 5	 1	 5.201628	 -1	 0.000000	 7.077725
130	 5	 5	 1	 7.650376	 -1	 0.000000	 8.427489
131	 5	 5	 1	 0.019135	 -1	 0.000000	 7.657252
132	 5	 5	 1	 0.023978	 -1	 0.000000	 7.439899
133	 5	 5	 1	 0.033558	 -1	 0.000000	 10.462877
134	 5	 5	 1	 0.740532	 -1	 0.000000	 9.916443
135	 5	 5	 0	 243.687503	 -1	 0.000000	 8.132699
136	 5	 5	 1	 9.822892	 -1	 0.000000	 7.070504
137	 5	 5	 1	 0.015764	 -1	 0.000000	 7.302134
139	 5	 5	 1	 0.030967	 -1	 0.000000	 7.798951
140	 5	 5	 1	 0.059378	 -1	 0.000000	 9.051310
141	 5	 5	 1	 90.249053	 -1	 0.000000	 6.511973
142	 5	 5	 1	 0.017975	 -1	 0.000000	 10.164295
143	 5	 5	 1	 0.066293	 -1	 0.000000	 7.147687
146	 5	 5	 1	 5.354407	 -1	 0.000000	 9.267424
147	 5	 5	 1	 0.011589	 -1	 0.000000	 9.032818
148	 5	 5	 1	 29.684379	 -1	 0.000000	 8.154151
150	 5	 5	 1	 0.012044	 -1	 0.000000	 11.043083
151	 5	 5	 1	 0.070425	 -1	 0.000000	 7.262322
152	 5	 5	 1	 0.011536	 -1	 0.000000	 9.860155
153	 5	 5	 1	 0.012488	 -1	 0.000000	 10.107182
155	 5	 5	 1	 0.010446	 -1	 0.000000	 10.559293
157	 5	 5	 1	 0.077140	 -1	 0.000000	 7.917251
159	 5	 5	 1	 0.010828	 -1	 0.000000	 11.355823
198	 5	 5	 1	 0.013192	 -1	 0.000000	 14.000592
199	 5	 5	 1	 0.029989	 -1	 0.000000	 10.761298
201	 5	 5	 1	 2.637727	 -1	 0.000000	 6.846086
202	 5	 5	 1	 0.010775	 -1	 0.000000	 9.437146
203	 5	 5	 1	 14.119401	 -1	 0.000000	 8.286497
204	 5	 5	 1	 0.021392	 -1	 0.000000	 8.055650
205	 5	 5	 1	 0.013445	 -1	 0.000000	 8.871233
207	 5	 5	 1	 42.698869	 -1	 0.000000	 9.626060
208	 5	 5	 1	 0.012168	 -1	 0.000000	 7.332909
211	 5	 5	 1	 0.429259	 -1	 0.000000	 7.786560
212	 5	 5	 1	 0.092399	 -1	 0.000000	 10.535964
213	 5	 5	 1	 26.615634	 -1	 0.000000	 9.501122
215	 5	 5	 1	 99.345946	 -1	 0.000000	 7.510933
217	 5	 5	 1	 0.012194	 -1	 0.000000	 11.125254
218	 5	 5	 1	 0.616400	 -1	 0.000000	 7.421879
219	 5	 5	 1	 0.032608	 -1	 0.000000	 7.697346
196	 5	 5	 1	 60.445470	 -1	 0.000000	 8.431244
220	 5	 5	 1	 0.024280	 -1	 0.000000	 9.461403
222	 5	 5	 1	 8.008644	 -1	 0.000000	 7.489092
223	 5	 5	 1	 0.049723	 -1	 0.000000	 8.553761
224	 5	 5	 1	 14.663027	 -1	 0.000000	 7.529609
225	 5	 5	 1	 0.037927	 -1	 0.000000	 8.083567
226	 5	 5	 1	 0.058744	 -1	 0.000000	 6.696653
227	 5	 5	 1	 0.023454	 -1	 0.000000	 10.319036
228	 5	 5	 1	 0.045369	 -1	 0.000000	 7.933239
229	 5	 5	 1	 11.441563	 -1	 0.000000	 9.656916
230	 5	 5	 1	 0.013618	 -1	 0.000000	 8.085140
231	 5	 5	 1	 0.011450	 -1	 0.000000	 8.630984
232	 5	 5	 1	 34.586358	 -1	 0.000000	 9.246337
233	 5	 5	 1	 0.041885	 -1	 0.000000	 7.616655
235	 5	 5	 1	 0.964094	 -1	 0.000000	 7.623843
236	 5	 5	 1	 19.205572	 -1	 0.000000	 7.074843
239	 5	 5	 1	 0.011761	 -1	 0.000000	 11.124845
200	 5	 5	 1	 0.019648	 -1	 0.000000	 8.468288
241	 5	 5	 1	 0.018476	 -1	 0.000000	 9.505873
242	 5	 5	 1	 5.291573	 -1	 0.000000	 9.189503
243	 5	 5	 1	 58.129262	 -1	 0.000000	 9.680672
244	 5	 5	 1	 0.012337	 -1	 0.000000	 8.640824
246	 5	 5	 1	 0.022111	 -1	 0.000000	 10.861355
247	 5	 5	 1	 0.019872	 -1	 0.000000	 9.880034
255	 5	 5	 1	 0.139737	 -1	 0.000000	 7.802928
256	 5	 5	 1	 103.545665	 -1	 0.000000	 8.194006
257	 5	 5	 1	 0.011662	 -1	 0.000000	 8.776133
258	 5	 5	 1	 0.012145	 -1	 0.000000	 9.366934
259	 5	 5	 1	 0.011034	 -1	 0.000000	 10.813914
260	 5	 5	 1	 0.016617	 -1	 0.000000	 13.893106
262	 5	 5	 1	 0.059566	 -1	 0.000000	 10.529829
263	 5	 5	 1	 2.142516	 -1	 0.000000	 6.402995
264	 5	 5	 1	 0.013308	 -1	 0.000000	 7.747556
265	 5	 5	 1	 0.012574	 -1	 0.000000	 8.079153
266	 5	 5	 1	 0.069310	 -1	 0.000000	 7.276421
267	 5	 5	 1	 0.030967	 -1	 0.000000	 8.087232
268	 5	 5	 0	 128.113159	 -1	 0.000000	 8.041077
269	 5	 5	 1	 0.029493	 -1	 0.000000	 7.668489
271	 5	 5	 1	 114.701759	 -1	 0.000000	 7.926150
272	 5	 5	 0	 157.215123	 -1	 0.000000	 8.103977
280	 5	 5	 1	 9.912471	 -1	 0.000000	 7.048901
281	 5	 5	 1	 1.081664	 -1	 0.000000	 7.573385
282	 5	 5	 1	 54.894015	 -1	 0.000000	 9.330161
283	 5	 5	 1	 5.177609	 -1	 0.000000	 7.731748
284	 5	 5	 1	 0.022181	 -1	 0.000000	 11.866136
286	 5	 5	 1	 0.018428	 -1	 0.000000	 7.945503
287	 5	 5	 1	 0.014306	 -1	 0.000000	 7.698543
288	 5	 5	 1	 0.015743	 -1	 0.000000	 8.921078
289	 5	 5	 1	 0.540571	 -1	 0.000000	 8.962962
290	 5	 5	 1	 59.557991	 -1	 0.000000	 8.008529
304	 5	 5	 1	 45.724028	 -1	 0.000000	 10.000350
306	 5	 5	 1	 59.178683	 -1	 0.000000	 7.058444
307	 5	 5	 1	 11.147138	 -1	 0.000000	 9.037544
308	 5	 5	 1	 60.910990	 -1	 0.000000	 7.981155
309	 5	 5	 1	 1.540617	 -1	 0.000000	 7.077152
310	 5	 5	 1	 135.039305	 -1	 0.000000	 7.321091
311	 5	 5	 1	 51.537497	 -1	 0.000000	 7.462676
312	 5	 5	 1	 0.019739	 -1	 0.000000	 9.008082
314	 5	 5	 1	 7.845851	 -1	 0.000000	 8.074690
315	 5	 5	 0	 337.984104	 -1	 0.000000	 6.986262
316	 5	 5	 1	 9.526760	 -1	 0.000000	 7.149138
317	 5	 5	 1	 0.028396	 -1	 0.000000	 7.615080
318	 5	 5	 1	 0.028567	 -1	 0.000000	 15.474590
319	 5	 5	 1	 0.028918	 -1	 0.000000	 8.373926
322	 5	 5	 1	 0.018942	 -1	 0.000000	 8.276878
323	 5	 5	 1	 0.020475	 -1	 0.000000	 11.629613
324	 5	 5	 1	 0.018315	 -1	 0.000000	 8.371775
325	 5	 5	 1	 0.029168	 -1	 0.000000	 8.147700
326	 5	 5	 1	 0.009130	 -1	 0.000000	 8.835503
328	 5	 5	 1	 69.119239	 -1	 0.000000	 7.903341
329	 5	 5	 1	 0.021794	 -1	 0.000000	 8.140840
330	 5	 5	 1	 0.049042	 -1	 0.000000	 8.907738
332	 5	 5	 0	 260.009753	 -1	 0.000000	 9.161592
333	 5	 5	 1	 0.018907	 -1	 0.000000	 7.562667
334	 5	 5	 1	 0.018313	 -1	 0.000000	 7.267490
335	 5	 5	 1	 4.936669	 -1	 0.000000	 9.538873
336	 5	 5	 1	 18.944990	 -1	 0.000000	 8.563085
337	 5	 5	 1	 52.581874	 -1	 0.000000	 9.587531
338	 5	 5	 1	 12.624003	 -1	 0.000000	 6.545370
339	 5	 5	 1	 0.036032	 -1	 0.000000	 8.984491
301	 5	 5	 1	 156.763214	 -1	 0.000000	 10.664405
302	 5	 5	 1	 172.660112	 -1	 0.000000	 13.500357
303	 5	 5	 0	 201.995776	 -1	 0.000000	 6.877050
340	 5	 5	 1	 0.017781	 -1	 0.000000	 8.366422
342	 5	 5	 1	 0.030720	 -1	 0.000000	 7.832365
343	 5	 5	 1	 0.014727	 -1	 0.000000	 8.474329
344	 5	 5	 1	 12.208920	 -1	 0.000000	 7.907337
345	 5	 5	 1	 0.031811	 -1	 0.000000	 8.284516
346	 5	 5	 1	 0.013808	 -1	 0.000000	 8.127489
347	 5	 5	 1	 0.014681	 -1	 0.000000	 8.918694
348	 5	 5	 1	 0.015979	 -1	 0.000000	 9.309776
349	 5	 5	 1	 8.126760	 -1	 0.000000	 12.296942
350	 5	 5	 1	 0.025693	 -1	 0.000000	 7.344638
357	 5	 5	 1	 0.015719	 -1	 0.000000	 7.540406
358	 5	 5	 1	 0.021083	 -1	 0.000000	 8.930142
359	 5	 5	 1	 0.058937	 -1	 0.000000	 9.297722
360	 5	 5	 1	 0.019718	 -1	 0.000000	 8.117311
361	 5	 5	 1	 0.026675	 -1	 0.000000	 7.683504
362	 5	 5	 1	 6.248152	 -1	 0.000000	 8.648572
366	 5	 5	 1	 68.397933	 -1	 0.000000	 7.979174
367	 5	 5	 1	 0.018530	 -1	 0.000000	 8.824872
369	 5	 5	 1	 0.017389	 -1	 0.000000	 9.690590
370	 5	 5	 1	 116.563111	 -1	 0.000000	 11.037523
371	 5	 5	 1	 0.013709	 -1	 0.000000	 7.293643
372	 5	 5	 1	 0.019047	 -1	 0.000000	 7.183554
374	 5	 5	 1	 0.047259	 -1	 0.000000	 11.953879
375	 5	 5	 1	 0.015717	 -1	 0.000000	 9.854909
376	 5	 5	 1	 0.010389	 -1	 0.000000	 8.691547
381	 5	 5	 1	 0.028961	 -1	 0.000000	 7.269539
383	 5	 5	 1	 0.008677	 -1	 0.000000	 8.946780
384	 5	 5	 0	 273.902904	 -1	 0.000000	 7.276310
385	 5	 5	 1	 0.023065	 -1	 0.000000	 7.551726
386	 5	 5	 1	 0.116552	 -1	 0.000000	 7.655040
388	 5	 5	 0	 295.583445	 -1	 0.000000	 7.980156
393	 5	 5	 1	 0.014603	 -1	 0.000000	 10.750229
397	 5	 5	 1	 0.016494	 -1	 0.000000	 9.003891
400	 5	 5	 1	 8.588437	 -1	 0.000000	 7.571297
401	 5	 5	 1	 0.019046	 -1	 0.000000	 13.521576
402	 5	 5	 1	 0.025930	 -1	 0.000000	 7.837996
412	 5	 5	 1	 0.019504	 -1	 0.000000	 7.647488
1460	 3	 3	 0	 488.031982	 -1	 0.000000	 5.999898
413	 5	 5	 0	 487.592474	 -1	 0.000000	 6.298285
414	 5	 5	 0	 258.707982	 -1	 0.000000	 8.166841
416	 5	 5	 1	 0.073367	 -1	 0.000000	 7.472000
417	 5	 5	 1	 0.018075	 -1	 0.000000	 12.901203
418	 5	 5	 1	 46.696867	 -1	 0.000000	 8.926495
419	 5	 5	 1	 0.017867	 -1	 0.000000	 8.218315
421	 5	 5	 1	 0.011312	 -1	 0.000000	 8.824279
422	 5	 5	 1	 42.333521	 -1	 0.000000	 7.969584
423	 5	 5	 1	 0.018099	 -1	 0.000000	 9.010991
429	 5	 5	 1	 35.888425	 -1	 0.000000	 7.992362
430	 5	 5	 1	 0.018302	 -1	 0.000000	 9.378630
431	 5	 5	 1	 52.488512	 -1	 0.000000	 7.736887
432	 5	 5	 1	 0.073245	 -1	 0.000000	 8.071346
433	 5	 5	 1	 3.773333	 -1	 0.000000	 7.435499
434	 5	 5	 0	 227.002519	 -1	 0.000000	 10.143662
435	 5	 5	 1	 73.352413	 -1	 0.000000	 10.494345
436	 5	 5	 1	 0.016877	 -1	 0.000000	 7.596348
437	 5	 5	 1	 0.023740	 -1	 0.000000	 8.714067
438	 5	 5	 1	 32.204837	 -1	 0.000000	 9.234932
440	 5	 5	 1	 0.016516	 -1	 0.000000	 7.227160
441	 5	 5	 1	 0.028752	 -1	 0.000000	 9.113020
442	 5	 5	 1	 0.013295	 -1	 0.000000	 8.431067
443	 5	 5	 1	 71.582847	 -1	 0.000000	 7.838032
445	 5	 5	 1	 0.013622	 -1	 0.000000	 8.238482
446	 5	 5	 1	 0.041791	 -1	 0.000000	 7.374301
447	 5	 5	 1	 0.012670	 -1	 0.000000	 7.264359
449	 5	 5	 1	 0.026495	 -1	 0.000000	 9.229312
450	 5	 5	 0	 288.494463	 -1	 0.000000	 8.032501
451	 5	 5	 0	 293.786793	 -1	 0.000000	 8.605745
453	 5	 5	 1	 0.015902	 -1	 0.000000	 9.277493
454	 5	 5	 1	 59.854366	 -1	 0.000000	 9.511681
427	 5	 5	 0	 299.463408	 -1	 0.000000	 8.673620
428	 5	 5	 1	 0.012201	 -1	 0.000000	 6.676611
460	 5	 5	 0	 440.413310	 -1	 0.000000	 8.192037
461	 5	 5	 1	 56.347603	 -1	 0.000000	 8.232317
463	 5	 5	 1	 43.750965	 -1	 0.000000	 13.248308
464	 5	 5	 1	 0.010484	 -1	 0.000000	 7.782062
465	 5	 5	 1	 11.549253	 -1	 0.000000	 12.890512
466	 5	 5	 1	 0.029824	 -1	 0.000000	 8.973980
469	 5	 5	 0	 418.520498	 -1	 0.000000	 7.408254
470	 5	 5	 1	 9.894292	 -1	 0.000000	 10.457226
471	 5	 5	 1	 0.011618	 -1	 0.000000	 11.937502
473	 5	 5	 1	 0.033369	 -1	 0.000000	 8.824919
475	 5	 5	 1	 122.114896	 -1	 0.000000	 8.131437
476	 5	 5	 1	 0.022825	 -1	 0.000000	 6.713678
477	 5	 5	 1	 0.022412	 -1	 0.000000	 7.976672
478	 5	 5	 1	 125.223307	 -1	 0.000000	 7.143871
480	 5	 5	 0	 418.467673	 -1	 0.000000	 7.440500
482	 5	 5	 1	 0.066200	 -1	 0.000000	 14.648993
484	 5	 5	 1	 19.918560	 -1	 0.000000	 7.296792
486	 5	 5	 1	 17.359343	 -1	 0.000000	 8.880556
488	 5	 5	 1	 17.593624	 -1	 0.000000	 8.538204
490	 5	 5	 1	 0.021358	 -1	 0.000000	 8.007993
491	 5	 5	 1	 0.025430	 -1	 0.000000	 9.841310
492	 5	 5	 1	 0.023960	 -1	 0.000000	 10.146225
>>> gr_fir_ccf: using E
>>> gr_fir_fff: using E
gr_buffer::allocate_buffer: warning: tried to allocate
   17 items of size 3696. Due to alignment requirements
   256 were allocated.  If this isn't OK, consider padding
   your structure to a power-of-two bytes.
   On this platform, our allocation granularity is 4096 bytes.
21	 5	 5	 0	 159.271680	 -1	 0.000000	 10.102611
22	 5	 5	 1	 0.032078	 -1	 0.000000	 8.544499
25	 5	 5	 1	 59.517132	 -1	 0.000000	 6.731963
26	 5	 5	 1	 0.018245	 -1	 0.000000	 7.082973
>>> gr_fir_ccf: using E
>>> gr_fir_fff: using E
gr_buffer::allocate_buffer: warning: tried to allocate
   17 items of size 3696. Due to alignment requirements
   256 were allocated.  If this isn't OK, consider padding
   your structure to a power-of-two bytes.
   On this platform, our allocation granularity is 4096 bytes.
14	 7	 7	 1	 0.008414	 -1	 0.000000	 7.521975
17	 7	 7	 1	 0.012343	 -1	 0.000000	 7.994081
18	 7	 7	 0	 157.815364	 -1	 0.000000	 7.443900
19	 7	 7	 1	 0.010717	 -1	 0.000000	 9.440245
21	 7	 7	 1	 0.013255	 -1	 0.000000	 7.258100
22	 7	 7	 1	 0.009996	 -1	 0.000000	 7.483904
23	 7	 7	 0	 412.563166	 -1	 0.000000	 8.530503
24	 7	 7	 1	 0.007715	 -1	 0.000000	 8.600225
27	 7	 7	 0	 335.978653	 -1	 0.000000	 7.185858
28	 7	 7	 1	 130.511234	 -1	 0.000000	 7.014662
29	 7	 7	 1	 10.391664	 -1	 0.000000	 7.912643
30	 7	 7	 1	 150.340428	 -1	 0.000000	 8.053096
32	 7	 7	 1	 4.118558	 -1	 0.000000	 6.679420
33	 7	 7	 1	 36.800416	 -1	 0.000000	 6.209192
34	 7	 7	 1	 0.008772	 -1	 0.000000	 7.454650
36	 7	 7	 1	 0.017854	 -1	 0.000000	 7.707521
37	 7	 7	 1	 0.010625	 -1	 0.000000	 7.749506
38	 7	 7	 1	 14.964303	 -1	 0.000000	 7.212021
39	 7	 7	 1	 5.251166	 -1	 0.000000	 7.588893
40	 7	 7	 1	 0.020131	 -1	 0.000000	 8.078839
42	 7	 7	 1	 0.014660	 -1	 0.000000	 8.820103
43	 7	 7	 1	 50.787875	 -1	 0.000000	 7.310707
44	 7	 7	 1	 0.010889	 -1	 0.000000	 7.285863
45	 7	 7	 1	 0.009472	 -1	 0.000000	 7.711054
46	 7	 7	 1	 0.047101	 -1	 0.000000	 10.560949
48	 7	 7	 1	 0.020471	 -1	 0.000000	 9.110648
49	 7	 7	 1	 4.265596	 -1	 0.000000	 8.705088
50	 7	 7	 1	 0.009293	 -1	 0.000000	 11.684965
52	 7	 7	 1	 118.741028	 -1	 0.000000	 7.567676
54	 7	 7	 1	 0.009499	 -1	 0.000000	 8.581199
56	 7	 7	 1	 0.012361	 -1	 0.000000	 11.404315
57	 7	 7	 1	 0.007458	 -1	 0.000000	 8.912552
58	 7	 7	 1	 0.052562	 -1	 0.000000	 9.144270
60	 7	 7	 1	 96.996990	 -1	 0.000000	 8.410697
61	 7	 7	 1	 0.010430	 -1	 0.000000	 7.432286
62	 7	 7	 1	 0.021849	 -1	 0.000000	 8.382879
64	 7	 7	 1	 0.031961	 -1	 0.000000	 11.927237
65	 7	 7	 0	 280.132370	 -1	 0.000000	 7.770566
66	 7	 7	 1	 0.009725	 -1	 0.000000	 7.606411
67	 7	 7	 1	 0.390074	 -1	 0.000000	 8.333903
68	 7	 7	 1	 38.901062	 -1	 0.000000	 6.465786
69	 7	 7	 1	 0.011357	 -1	 0.000000	 8.848968
70	 7	 7	 0	 402.040607	 -1	 0.000000	 12.667850
71	 7	 7	 0	 144.440425	 -1	 0.000000	 13.980113
72	 7	 7	 1	 0.037187	 -1	 0.000000	 9.906301
74	 7	 7	 1	 3.513851	 -1	 0.000000	 6.893800
76	 7	 7	 1	 50.545472	 -1	 0.000000	 7.157727
77	 7	 7	 1	 2.108320	 -1	 0.000000	 8.033069
79	 7	 7	 1	 15.165138	 -1	 0.000000	 7.715744
80	 7	 7	 1	 35.185168	 -1	 0.000000	 10.829962
81	 7	 7	 1	 2.770230	 -1	 0.000000	 6.603425
83	 7	 7	 0	 341.338423	 -1	 0.000000	 9.839048
85	 7	 7	 1	 0.011795	 -1	 0.000000	 7.921070
87	 7	 7	 1	 0.015577	 -1	 0.000000	 8.456006
89	 7	 7	 1	 0.007286	 -1	 0.000000	 8.678530
90	 7	 7	 1	 98.040487	 -1	 0.000000	 9.038450
91	 7	 7	 1	 43.479091	 -1	 0.000000	 7.667275
92	 7	 7	 0	 144.791866	 -1	 0.000000	 8.067125
94	 7	 7	 1	 0.957747	 -1	 0.000000	 8.108779
95	 7	 7	 1	 0.018344	 -1	 0.000000	 10.985080
97	 7	 7	 0	 342.520727	 -1	 0.000000	 14.879599
100	 7	 7	 0	 412.078191	 -1	 0.000000	 6.171382
101	 7	 7	 1	 0.007811	 -1	 0.000000	 8.218647
102	 7	 7	 1	 0.034992	 -1	 0.000000	 9.907561
103	 7	 7	 1	 0.011726	 -1	 0.000000	 8.160543
104	 7	 7	 1	 65.496650	 -1	 0.000000	 7.785496
105	 7	 7	 1	 0.028177	 -1	 0.000000	 19.206165
106	 7	 7	 1	 0.065909	 -1	 0.000000	 10.252051
107	 7	 7	 1	 0.008617	 -1	 0.000000	 8.796412
108	 7	 7	 1	 0.007950	 -1	 0.000000	 11.948500
109	 7	 7	 1	 0.008364	 -1	 0.000000	 8.549457
111	 7	 7	 1	 0.015753	 -1	 0.000000	 9.854389
114	 7	 7	 1	 0.012352	 -1	 0.000000	 7.535207
115	 7	 7	 1	 0.010040	 -1	 0.000000	 7.478160
116	 7	 7	 1	 0.010302	 -1	 0.000000	 17.161119
118	 7	 7	 0	 144.331993	 -1	 0.000000	 9.260221
119	 7	 7	 1	 0.027328	 -1	 0.000000	 11.275129
120	 7	 7	 1	 53.631214	 -1	 0.000000	 7.551670
121	 7	 7	 1	 0.007852	 -1	 0.000000	 9.057016
122	 7	 7	 1	 0.008009	 -1	 0.000000	 7.358831
123	 7	 7	 1	 0.012273	 -1	 0.000000	 13.516221
125	 7	 7	 1	 8.196679	 -1	 0.000000	 6.535738
126	 7	 7	 1	 0.012177	 -1	 0.000000	 6.945508
127	 7	 7	 1	 0.011983	 -1	 0.000000	 8.370385
128	 7	 7	 1	 0.007736	 -1	 0.000000	 7.684117
884	 3	 3	 0	 488.532747	 -1	 0.000000	 12.658110
130	 7	 7	 0	 471.615163	 -1	 0.000000	 7.377504
131	 7	 7	 0	 230.747408	 -1	 0.000000	 7.514318
132	 7	 7	 1	 0.010662	 -1	 0.000000	 8.379485
133	 7	 7	 1	 0.009507	 -1	 0.000000	 7.013918
135	 7	 7	 1	 0.009737	 -1	 0.000000	 8.508421
136	 7	 7	 1	 0.012556	 -1	 0.000000	 11.925562
137	 7	 7	 1	 0.054279	 -1	 0.000000	 10.148685
138	 7	 7	 1	 0.007167	 -1	 0.000000	 9.411679
139	 7	 7	 1	 0.012257	 -1	 0.000000	 8.535331
141	 7	 7	 1	 0.008880	 -1	 0.000000	 6.280999
142	 7	 7	 1	 1.518692	 -1	 0.000000	 7.038616
143	 7	 7	 0	 285.157345	 -1	 0.000000	 7.944144
144	 7	 7	 1	 144.357332	 -1	 0.000000	 7.904399
145	 7	 7	 1	 58.896977	 -1	 0.000000	 8.076294
146	 7	 7	 1	 0.035029	 -1	 0.000000	 8.094686
147	 7	 7	 1	 1.487561	 -1	 0.000000	 9.074693
148	 7	 7	 1	 0.025135	 -1	 0.000000	 7.538639
150	 7	 7	 1	 34.934122	 -1	 0.000000	 15.280011
151	 7	 7	 1	 1.217680	 -1	 0.000000	 8.207735
152	 7	 7	 0	 142.309409	 -1	 0.000000	 9.507708
154	 7	 7	 1	 0.011031	 -1	 0.000000	 7.189436
155	 7	 7	 1	 0.017379	 -1	 0.000000	 7.219111
156	 7	 7	 1	 88.120261	 -1	 0.000000	 7.542108
157	 7	 7	 1	 131.508227	 -1	 0.000000	 8.341825
158	 7	 7	 1	 0.009830	 -1	 0.000000	 8.621904
159	 7	 7	 1	 0.013135	 -1	 0.000000	 9.306918
160	 7	 7	 1	 0.009177	 -1	 0.000000	 9.468597
162	 7	 7	 1	 0.007357	 -1	 0.000000	 8.016457
163	 7	 7	 1	 1.222715	 -1	 0.000000	 9.993076
164	 7	 7	 1	 120.783448	 -1	 0.000000	 9.535891
167	 7	 7	 1	 0.010420	 -1	 0.000000	 7.456601
168	 7	 7	 0	 251.688002	 -1	 0.000000	 10.920313
171	 7	 7	 1	 0.028888	 -1	 0.000000	 7.711260
174	 7	 7	 0	 354.148349	 -1	 0.000000	 9.612983
175	 7	 7	 1	 0.761904	 -1	 0.000000	 8.544805
176	 7	 7	 1	 0.008754	 -1	 0.000000	 7.676297
177	 7	 7	 1	 0.022602	 -1	 0.000000	 9.423210
178	 7	 7	 1	 0.030018	 -1	 0.000000	 12.268422
179	 7	 7	 1	 0.029648	 -1	 0.000000	 7.698315
181	 7	 7	 1	 0.008463	 -1	 0.000000	 7.646945
183	 7	 7	 0	 187.006432	 -1	 0.000000	 13.512335
184	 7	 7	 1	 0.007423	 -1	 0.000000	 10.711823
185	 7	 7	 0	 161.505189	 -1	 0.000000	 8.464065
186	 7	 7	 1	 0.008919	 -1	 0.000000	 7.819615
187	 7	 7	 1	 0.009908	 -1	 0.000000	 10.281572
190	 7	 7	 1	 0.008412	 -1	 0.000000	 7.876543
191	 7	 7	 1	 0.008147	 -1	 0.000000	 10.686341
192	 7	 7	 1	 1.524800	 -1	 0.000000	 7.582944
194	 7	 7	 1	 0.009878	 -1	 0.000000	 8.024292
195	 7	 7	 1	 0.008913	 -1	 0.000000	 7.416718
197	 7	 7	 1	 3.302145	 -1	 0.000000	 12.434801
198	 7	 7	 1	 0.007547	 -1	 0.000000	 7.855256
199	 7	 7	 0	 155.182527	 -1	 0.000000	 18.145344
201	 7	 7	 1	 77.819145	 -1	 0.000000	 7.570550
206	 7	 7	 1	 0.013847	 -1	 0.000000	 12.601179
207	 7	 7	 1	 0.050016	 -1	 0.000000	 8.264656
210	 7	 7	 1	 0.007528	 -1	 0.000000	 13.081975
211	 7	 7	 1	 0.029954	 -1	 0.000000	 10.800560
213	 7	 7	 1	 0.014800	 -1	 0.000000	 7.458611
214	 7	 7	 1	 0.008701	 -1	 0.000000	 6.649090
215	 7	 7	 1	 7.201328	 -1	 0.000000	 10.530164
216	 7	 7	 1	 0.008057	 -1	 0.000000	 7.114688
217	 7	 7	 1	 31.629876	 -1	 0.000000	 9.039629
218	 7	 7	 1	 0.015645	 -1	 0.000000	 9.476778
3825	 5	 5	 1	 218.356585	 -1	 0.000000	 5.508851
225	 7	 7	 0	 359.163901	 -1	 0.000000	 9.785864
226	 7	 7	 1	 0.021135	 -1	 0.000000	 10.365908
228	 7	 7	 0	 249.110949	 -1	 0.000000	 8.986089
230	 7	 7	 1	 9.011825	 -1	 0.000000	 11.278882
234	 7	 7	 1	 0.056084	 -1	 0.000000	 8.541119
235	 7	 7	 1	 0.007040	 -1	 0.000000	 7.981735
237	 7	 7	 1	 0.009845	 -1	 0.000000	 6.941391
238	 7	 7	 1	 9.250830	 -1	 0.000000	 7.351599
239	 7	 7	 0	 345.189204	 -1	 0.000000	 7.119208
268	 7	 7	 1	 0.009237	 -1	 0.000000	 9.188379
270	 7	 7	 1	 0.013972	 -1	 0.000000	 7.861441
271	 7	 7	 0	 125.065101	 -1	 0.000000	 8.142909
272	 7	 7	 1	 0.008584	 -1	 0.000000	 7.308463
273	 7	 7	 1	 44.603856	 -1	 0.000000	 8.363785
274	 7	 7	 1	 0.017013	 -1	 0.000000	 9.336167
276	 7	 7	 1	 0.020616	 -1	 0.000000	 14.233142
277	 7	 7	 1	 0.007676	 -1	 0.000000	 8.165156
252	 7	 7	 1	 0.011422	 -1	 0.000000	 9.357235
300	 7	 7	 1	 20.082695	 -1	 0.000000	 7.679229
310	 7	 7	 1	 0.010452	 -1	 0.000000	 11.361560
312	 7	 7	 1	 0.008562	 -1	 0.000000	 6.907095
313	 7	 7	 1	 0.010631	 -1	 0.000000	 10.171886
314	 7	 7	 1	 0.031442	 -1	 0.000000	 8.657731
315	 7	 7	 0	 234.776970	 -1	 0.000000	 10.377007
316	 7	 7	 0	 379.639327	 -1	 0.000000	 13.815257
317	 7	 7	 1	 0.019360	 -1	 0.000000	 9.454314
318	 7	 7	 1	 0.040735	 -1	 0.000000	 8.463045
4044	 9	 9	 0	 437.845616	 -1	 0.000000	 8.313351
319	 7	 7	 0	 419.278537	 -1	 0.000000	 10.821340
320	 7	 7	 1	 0.007833	 -1	 0.000000	 8.383440
321	 7	 7	 1	 0.010549	 -1	 0.000000	 7.246222
322	 7	 7	 1	 0.080962	 -1	 0.000000	 10.644904
323	 7	 7	 1	 77.261997	 -1	 0.000000	 8.650815
324	 7	 7	 1	 0.010805	 -1	 0.000000	 7.320472
326	 7	 7	 1	 0.008412	 -1	 0.000000	 7.784039
327	 7	 7	 0	 331.456372	 -1	 0.000000	 7.753663
609	 9	 9	 1	 9.013348	 -1	 0.000000	 5.598473
328	 7	 7	 0	 261.380372	 -1	 0.000000	 6.649610
329	 7	 7	 1	 0.013837	 -1	 0.000000	 8.120088
331	 7	 7	 1	 1.463575	 -1	 0.000000	 8.801639
>>> gr_fir_ccf: using E
>>> gr_fir_fff: using E
terminate called after throwing an instance of 'std::invalid_argument'
  what():  gr_ofdm_demod: Incorrect subcarriers allocated
>>> gr_fir_ccf: using E
>>> gr_fir_fff: using E
gr_buffer::allocate_buffer: warning: tried to allocate
   17 items of size 3696. Due to alignment requirements
   256 were allocated.  If this isn't OK, consider padding
   your structure to a power-of-two bytes.
   On this platform, our allocation granularity is 4096 bytes.
8	 9	 9	 1	 110.974905	 -1	 0.000000	 11.468577
9	 9	 9	 1	 202.639299	 -1	 0.000000	 7.728252
10	 9	 9	 1	 177.424800	 -1	 0.000000	 7.588185
11	 9	 9	 1	 206.090823	 -1	 0.000000	 8.095284
12	 9	 9	 1	 189.447363	 -1	 0.000000	 7.381269
13	 9	 9	 1	 194.419762	 -1	 0.000000	 12.121252
14	 9	 9	 1	 129.484939	 -1	 0.000000	 7.611372
15	 9	 9	 1	 230.931417	 -1	 0.000000	 12.767155
16	 9	 9	 1	 255.874374	 -1	 0.000000	 9.626455
17	 9	 9	 1	 208.052305	 -1	 0.000000	 8.732290
18	 9	 9	 1	 240.499770	 -1	 0.000000	 8.264838
19	 9	 9	 1	 170.829935	 -1	 0.000000	 14.418756
20	 9	 9	 0	 349.987159	 -1	 0.000000	 11.363375
21	 9	 9	 1	 199.039777	 -1	 0.000000	 8.167811
22	 9	 9	 1	 196.595088	 -1	 0.000000	 10.233777
23	 9	 9	 0	 374.873838	 -1	 0.000000	 6.648964
24	 9	 9	 1	 196.445697	 -1	 0.000000	 10.068673
25	 9	 9	 1	 234.508337	 -1	 0.000000	 8.988331
26	 9	 9	 1	 276.026931	 -1	 0.000000	 11.165943
27	 9	 9	 1	 116.643101	 -1	 0.000000	 13.453869
28	 9	 9	 1	 166.786121	 -1	 0.000000	 7.807731
30	 9	 9	 0	 318.099201	 -1	 0.000000	 7.576002
31	 9	 9	 1	 145.994426	 -1	 0.000000	 8.468271
32	 9	 9	 1	 173.003250	 -1	 0.000000	 8.459643
33	 9	 9	 1	 216.473342	 -1	 0.000000	 10.870818
34	 9	 9	 1	 172.002410	 -1	 0.000000	 9.593850
35	 9	 9	 1	 193.527333	 -1	 0.000000	 12.465611
36	 9	 9	 1	 233.351955	 -1	 0.000000	 9.576219
37	 9	 9	 1	 224.515071	 -1	 0.000000	 8.412873
38	 9	 9	 0	 327.757154	 -1	 0.000000	 8.688592
39	 9	 9	 1	 216.988355	 -1	 0.000000	 7.483106
40	 9	 9	 1	 190.875416	 -1	 0.000000	 9.466142
41	 9	 9	 1	 77.861143	 -1	 0.000000	 8.551616
42	 9	 9	 1	 91.795229	 -1	 0.000000	 14.363722
43	 9	 9	 1	 159.098892	 -1	 0.000000	 8.744151
44	 9	 9	 1	 59.516874	 -1	 0.000000	 17.024349
45	 9	 9	 1	 230.220213	 -1	 0.000000	 17.040548
46	 9	 9	 1	 84.062552	 -1	 0.000000	 12.065168
47	 9	 9	 1	 200.344362	 -1	 0.000000	 10.570164
48	 9	 9	 1	 118.607104	 -1	 0.000000	 10.925902
49	 9	 9	 1	 170.303018	 -1	 0.000000	 11.944193
50	 9	 9	 1	 153.470303	 -1	 0.000000	 6.789212
51	 9	 9	 1	 148.601321	 -1	 0.000000	 15.006112
52	 9	 9	 1	 221.131459	 -1	 0.000000	 9.117238
53	 9	 9	 1	 186.679668	 -1	 0.000000	 7.244067
54	 9	 9	 1	 244.214878	 -1	 0.000000	 7.579048
55	 9	 9	 1	 152.790910	 -1	 0.000000	 8.369338
56	 9	 9	 1	 72.196421	 -1	 0.000000	 6.820551
57	 9	 9	 1	 191.525549	 -1	 0.000000	 8.439417
58	 9	 9	 1	 218.355413	 -1	 0.000000	 7.503241
59	 9	 9	 1	 273.912287	 -1	 0.000000	 9.469435
60	 9	 9	 1	 144.347451	 -1	 0.000000	 7.689056
61	 9	 9	 1	 246.716051	 -1	 0.000000	 8.364999
62	 9	 9	 1	 264.678673	 -1	 0.000000	 9.651497
63	 9	 9	 1	 193.048880	 -1	 0.000000	 8.212947
64	 9	 9	 1	 150.018131	 -1	 0.000000	 9.785167
66	 9	 9	 1	 151.734883	 -1	 0.000000	 7.444491
67	 9	 9	 1	 266.428530	 -1	 0.000000	 9.562786
68	 9	 9	 1	 271.874383	 -1	 0.000000	 8.417552
69	 9	 9	 1	 93.939036	 -1	 0.000000	 9.596843
70	 9	 9	 1	 177.505038	 -1	 0.000000	 9.101460
71	 9	 9	 1	 135.424580	 -1	 0.000000	 9.148249
72	 9	 9	 1	 165.923116	 -1	 0.000000	 7.715782
73	 9	 9	 1	 236.819831	 -1	 0.000000	 6.773062
74	 9	 9	 1	 180.276120	 -1	 0.000000	 8.329865
76	 9	 9	 1	 194.902164	 -1	 0.000000	 8.249211
78	 9	 9	 1	 134.456342	 -1	 0.000000	 10.053353
79	 9	 9	 1	 77.242874	 -1	 0.000000	 8.301137
80	 9	 9	 1	 243.183165	 -1	 0.000000	 10.646482
81	 9	 9	 1	 163.735196	 -1	 0.000000	 9.954904
83	 9	 9	 1	 174.881456	 -1	 0.000000	 11.150601
84	 9	 9	 1	 249.989590	 -1	 0.000000	 10.806168
85	 9	 9	 1	 247.314672	 -1	 0.000000	 9.540753
86	 9	 9	 1	 152.887292	 -1	 0.000000	 12.237934
87	 9	 9	 1	 217.410254	 -1	 0.000000	 9.984078
88	 9	 9	 1	 124.486824	 -1	 0.000000	 8.766492
89	 9	 9	 1	 263.251313	 -1	 0.000000	 7.901467
90	 9	 9	 1	 189.898367	 -1	 0.000000	 7.540112
91	 9	 9	 1	 151.655925	 -1	 0.000000	 9.725260
92	 9	 9	 1	 272.180220	 -1	 0.000000	 10.604136
93	 9	 9	 1	 158.125812	 -1	 0.000000	 8.941720
94	 9	 9	 1	 264.169696	 -1	 0.000000	 8.419415
95	 9	 9	 1	 213.738621	 -1	 0.000000	 9.829358
96	 9	 9	 1	 252.725463	 -1	 0.000000	 9.003253
97	 9	 9	 1	 165.992925	 -1	 0.000000	 11.850805
98	 9	 9	 1	 200.771052	 -1	 0.000000	 8.225844
99	 9	 9	 1	 232.936958	 -1	 0.000000	 15.820827
100	 9	 9	 1	 174.577784	 -1	 0.000000	 6.977670
101	 9	 9	 1	 194.333147	 -1	 0.000000	 7.758202
102	 9	 9	 1	 150.118877	 -1	 0.000000	 7.645064
103	 9	 9	 1	 54.625338	 -1	 0.000000	 8.852382
104	 9	 9	 1	 215.810117	 -1	 0.000000	 11.350986
105	 9	 9	 1	 221.986262	 -1	 0.000000	 11.182858
106	 9	 9	 1	 113.864880	 -1	 0.000000	 8.087925
107	 9	 9	 1	 155.224696	 -1	 0.000000	 11.763235
108	 9	 9	 1	 81.906286	 -1	 0.000000	 8.875835
109	 9	 9	 1	 151.038301	 -1	 0.000000	 9.855178
110	 9	 9	 1	 229.659921	 -1	 0.000000	 7.875776
111	 9	 9	 1	 250.203547	 -1	 0.000000	 7.235369
112	 9	 9	 1	 124.170957	 -1	 0.000000	 9.580225
113	 9	 9	 1	 128.104421	 -1	 0.000000	 9.318653
115	 9	 9	 1	 236.804012	 -1	 0.000000	 10.526487
116	 9	 9	 0	 320.410086	 -1	 0.000000	 8.216219
117	 9	 9	 1	 268.549478	 -1	 0.000000	 12.217807
118	 9	 9	 1	 197.571073	 -1	 0.000000	 7.610003
119	 9	 9	 1	 174.990252	 -1	 0.000000	 7.704431
120	 9	 9	 1	 281.660709	 -1	 0.000000	 6.825068
121	 9	 9	 1	 228.075895	 -1	 0.000000	 9.830159
122	 9	 9	 1	 265.434975	 -1	 0.000000	 14.181415
123	 9	 9	 1	 208.091601	 -1	 0.000000	 11.738072
124	 9	 9	 1	 235.381572	 -1	 0.000000	 10.466214
125	 9	 9	 1	 185.759839	 -1	 0.000000	 7.582559
126	 9	 9	 1	 160.445546	 -1	 0.000000	 7.000155
127	 9	 9	 1	 204.401664	 -1	 0.000000	 7.047305
128	 9	 9	 1	 164.616258	 -1	 0.000000	 7.245568
129	 9	 9	 1	 155.896507	 -1	 0.000000	 8.566918
130	 9	 9	 1	 107.630802	 -1	 0.000000	 8.728175
131	 9	 9	 1	 224.129154	 -1	 0.000000	 8.199914
132	 9	 9	 1	 179.724582	 -1	 0.000000	 9.153291
133	 9	 9	 1	 219.715690	 -1	 0.000000	 7.996149
134	 9	 9	 1	 243.513264	 -1	 0.000000	 7.982351
135	 9	 9	 1	 300.107346	 -1	 0.000000	 12.155555
136	 9	 9	 1	 172.291482	 -1	 0.000000	 9.776704
137	 9	 9	 1	 93.744434	 -1	 0.000000	 8.780726
138	 9	 9	 1	 172.088142	 -1	 0.000000	 7.450047
139	 9	 9	 1	 129.922242	 -1	 0.000000	 8.701185
140	 9	 9	 1	 159.511573	 -1	 0.000000	 7.582595
141	 9	 9	 1	 134.245357	 -1	 0.000000	 8.341267
142	 9	 9	 1	 83.204981	 -1	 0.000000	 8.705426
143	 9	 9	 1	 159.023423	 -1	 0.000000	 9.910285
144	 9	 9	 1	 185.123128	 -1	 0.000000	 10.935509
145	 9	 9	 0	 228.193822	 -1	 0.000000	 7.595079
146	 9	 9	 1	 208.284076	 -1	 0.000000	 6.816178
147	 9	 9	 1	 72.963421	 -1	 0.000000	 8.745274
148	 9	 9	 1	 81.017655	 -1	 0.000000	 9.114537
149	 9	 9	 1	 254.910815	 -1	 0.000000	 9.463551
150	 9	 9	 1	 157.917488	 -1	 0.000000	 10.089598
180	 9	 9	 1	 233.718936	 -1	 0.000000	 7.958887
181	 9	 9	 1	 135.373202	 -1	 0.000000	 11.602587
182	 9	 9	 1	 237.779035	 -1	 0.000000	 7.681929
183	 9	 9	 1	 194.116813	 -1	 0.000000	 9.345656
184	 9	 9	 1	 227.867182	 -1	 0.000000	 9.212495
185	 9	 9	 1	 136.041115	 -1	 0.000000	 7.517370
186	 9	 9	 1	 170.686917	 -1	 0.000000	 9.539133
187	 9	 9	 1	 235.349901	 -1	 0.000000	 7.153306
188	 9	 9	 1	 225.771005	 -1	 0.000000	 6.856413
189	 9	 9	 1	 231.455091	 -1	 0.000000	 6.751732
190	 9	 9	 1	 149.872906	 -1	 0.000000	 8.075775
191	 9	 9	 1	 101.916906	 -1	 0.000000	 8.781185
192	 9	 9	 1	 116.318334	 -1	 0.000000	 8.639964
193	 9	 9	 1	 167.873976	 -1	 0.000000	 7.176209
2949	 7	 7	 0	 421.691811	 -1	 0.000000	 10.182790
195	 9	 9	 0	 321.689437	 -1	 0.000000	 8.463239
197	 9	 9	 1	 212.762721	 -1	 0.000000	 7.807207
198	 9	 9	 1	 188.179356	 -1	 0.000000	 8.012855
199	 9	 9	 1	 234.797697	 -1	 0.000000	 7.787185
200	 9	 9	 1	 219.809768	 -1	 0.000000	 8.793160
201	 9	 9	 1	 224.030075	 -1	 0.000000	 9.977555
202	 9	 9	 0	 297.832344	 -1	 0.000000	 7.875613
>>> gr_fir_ccf: using E
>>> gr_fir_fff: using E
gr_buffer::allocate_buffer: warning: tried to allocate
   17 items of size 3696. Due to alignment requirements
   256 were allocated.  If this isn't OK, consider padding
   your structure to a power-of-two bytes.
   On this platform, our allocation granularity is 4096 bytes.
15	 9	 9	 1	 242.557264	 -1	 0.000000	 12.360752
16	 9	 9	 1	 307.060718	 -1	 0.000000	 12.756015
17	 9	 9	 1	 238.790318	 -1	 0.000000	 9.465282
18	 9	 9	 1	 260.350908	 -1	 0.000000	 12.773448
19	 9	 9	 1	 155.093706	 -1	 0.000000	 9.038139
20	 9	 9	 0	 366.204621	 -1	 0.000000	 9.291430
21	 9	 9	 1	 227.259023	 -1	 0.000000	 14.047365
22	 9	 9	 1	 150.784067	 -1	 0.000000	 12.052705
23	 9	 9	 0	 347.735564	 -1	 0.000000	 7.514904
24	 9	 9	 1	 175.057839	 -1	 0.000000	 15.746760
25	 9	 9	 1	 130.496425	 -1	 0.000000	 9.117429
27	 9	 9	 1	 155.601963	 -1	 0.000000	 13.986083
28	 9	 9	 1	 174.803040	 -1	 0.000000	 6.820773
29	 9	 9	 1	 141.947221	 -1	 0.000000	 11.028662
30	 9	 9	 0	 306.678754	 -1	 0.000000	 8.791759
31	 9	 9	 1	 246.782764	 -1	 0.000000	 12.567214
32	 9	 9	 1	 174.090129	 -1	 0.000000	 9.244073
33	 9	 9	 1	 265.757320	 -1	 0.000000	 8.982395
34	 9	 9	 1	 201.919673	 -1	 0.000000	 10.319536
35	 9	 9	 1	 268.144848	 -1	 0.000000	 12.215228
36	 9	 9	 0	 269.835745	 -1	 0.000000	 8.367048
37	 9	 9	 1	 239.536122	 -1	 0.000000	 8.679179
38	 9	 9	 1	 304.304764	 -1	 0.000000	 14.544704
39	 9	 9	 1	 211.965901	 -1	 0.000000	 7.610636
40	 9	 9	 1	 133.204437	 -1	 0.000000	 10.442593
41	 9	 9	 1	 56.830853	 -1	 0.000000	 12.976386
42	 9	 9	 1	 183.045854	 -1	 0.000000	 8.406038
43	 9	 9	 1	 162.956655	 -1	 0.000000	 9.721296
44	 9	 9	 1	 84.245333	 -1	 0.000000	 7.746692
45	 9	 9	 1	 214.064306	 -1	 0.000000	 9.327526
46	 9	 9	 1	 129.898071	 -1	 0.000000	 11.153386
47	 9	 9	 1	 210.188463	 -1	 0.000000	 7.980951
48	 9	 9	 1	 102.583020	 -1	 0.000000	 9.345065
49	 9	 9	 1	 125.820981	 -1	 0.000000	 9.196073
50	 9	 9	 1	 242.946680	 -1	 0.000000	 11.823159
51	 9	 9	 1	 171.732426	 -1	 0.000000	 7.301827
52	 9	 9	 1	 209.850081	 -1	 0.000000	 9.493412
53	 9	 9	 1	 140.747619	 -1	 0.000000	 8.169929
54	 9	 9	 1	 245.903308	 -1	 0.000000	 12.915563
55	 9	 9	 1	 189.689597	 -1	 0.000000	 6.862498
56	 9	 9	 1	 209.474165	 -1	 0.000000	 12.131065
57	 9	 9	 1	 156.450161	 -1	 0.000000	 8.834822
58	 9	 9	 1	 265.429459	 -1	 0.000000	 8.915150
60	 9	 9	 1	 228.989886	 -1	 0.000000	 12.697322
61	 9	 9	 0	 326.424497	 -1	 0.000000	 8.162494
62	 9	 9	 1	 215.680877	 -1	 0.000000	 9.974387
63	 9	 9	 1	 229.920787	 -1	 0.000000	 10.613370
64	 9	 9	 1	 177.723916	 -1	 0.000000	 8.006304
>>> gr_fir_ccf: using E
>>> gr_fir_fff: using E
gr_buffer::allocate_buffer: warning: tried to allocate
   17 items of size 3696. Due to alignment requirements
   256 were allocated.  If this isn't OK, consider padding
   your structure to a power-of-two bytes.
   On this platform, our allocation granularity is 4096 bytes.
20	 11	 11	 1	 94.542257	 -1	 0.000000	 8.026932
21	 11	 11	 0	 286.099109	 -1	 0.000000	 8.279087
22	 11	 11	 1	 210.009992	 -1	 0.000000	 9.548076
23	 11	 11	 1	 287.192158	 -1	 0.000000	 7.288105
25	 11	 11	 1	 93.106903	 -1	 0.000000	 9.776872
26	 11	 11	 1	 314.124149	 -1	 0.000000	 9.276077
27	 11	 11	 1	 337.024290	 -1	 0.000000	 8.466917
28	 11	 11	 1	 78.748107	 -1	 0.000000	 11.564316
29	 11	 11	 1	 222.370736	 -1	 0.000000	 11.178054
30	 11	 11	 1	 133.145499	 -1	 0.000000	 8.630671
31	 11	 11	 1	 330.317609	 -1	 0.000000	 8.027040
32	 11	 11	 1	 297.615870	 -1	 0.000000	 8.361019
33	 11	 11	 1	 87.050592	 -1	 0.000000	 7.772257
34	 11	 11	 1	 285.071890	 -1	 0.000000	 11.222413
35	 11	 11	 1	 320.558942	 -1	 0.000000	 7.217839
36	 11	 11	 0	 435.839427	 -1	 0.000000	 8.211198
37	 11	 11	 1	 290.333327	 -1	 0.000000	 12.664817
38	 11	 11	 1	 196.152613	 -1	 0.000000	 8.580215
39	 11	 11	 1	 66.758317	 -1	 0.000000	 13.021682
40	 11	 11	 1	 218.328962	 -1	 0.000000	 8.673440
41	 11	 11	 0	 406.155321	 -1	 0.000000	 8.020134
42	 11	 11	 1	 235.020481	 -1	 0.000000	 9.728405
45	 11	 11	 1	 83.733674	 -1	 0.000000	 9.866928
46	 11	 11	 1	 316.749277	 -1	 0.000000	 9.085682
47	 11	 11	 1	 371.260093	 -1	 0.000000	 9.575020
48	 11	 11	 1	 201.824876	 -1	 0.000000	 8.977984
49	 11	 11	 1	 228.391732	 -1	 0.000000	 8.586436
50	 11	 11	 1	 224.885191	 -1	 0.000000	 14.441183
52	 11	 11	 1	 184.022490	 -1	 0.000000	 7.517394
53	 11	 11	 1	 359.811872	 -1	 0.000000	 9.381110
55	 11	 11	 1	 180.196723	 -1	 0.000000	 14.550580
56	 11	 11	 1	 148.354525	 -1	 0.000000	 8.970901
57	 11	 11	 1	 269.893337	 -1	 0.000000	 10.434444
58	 11	 11	 0	 370.702509	 -1	 0.000000	 10.701397
59	 11	 11	 1	 238.340143	 -1	 0.000000	 7.453623
60	 11	 11	 1	 245.242732	 -1	 0.000000	 9.444426
61	 11	 11	 1	 236.916896	 -1	 0.000000	 9.228771
62	 11	 11	 0	 386.511018	 -1	 0.000000	 9.523014
63	 11	 11	 1	 296.247186	 -1	 0.000000	 7.292441
64	 11	 11	 1	 200.626736	 -1	 0.000000	 8.311882
65	 11	 11	 1	 204.577857	 -1	 0.000000	 8.152717
66	 11	 11	 1	 217.962969	 -1	 0.000000	 11.324581
67	 11	 11	 1	 272.769795	 -1	 0.000000	 6.803545
68	 11	 11	 1	 78.622186	 -1	 0.000000	 8.991613
69	 11	 11	 0	 347.313539	 -1	 0.000000	 7.732722
70	 11	 11	 1	 323.877797	 -1	 0.000000	 7.218136
71	 11	 11	 1	 104.901244	 -1	 0.000000	 7.551360
72	 11	 11	 1	 84.658925	 -1	 0.000000	 10.036554
73	 11	 11	 1	 244.948124	 -1	 0.000000	 9.168082
74	 11	 11	 0	 376.825909	 -1	 0.000000	 11.222407
75	 11	 11	 1	 43.308112	 -1	 0.000000	 13.203665
>>> gr_fir_ccf: using E
>>> gr_fir_fff: using E
gr_buffer::allocate_buffer: warning: tried to allocate
   17 items of size 3696. Due to alignment requirements
   256 were allocated.  If this isn't OK, consider padding
   your structure to a power-of-two bytes.
   On this platform, our allocation granularity is 4096 bytes.
12	 11	 11	 0	 348.080105	 -1	 0.000000	 7.572890
13	 11	 11	 0	 443.164983	 -1	 0.000000	 7.991855
14	 11	 11	 0	 326.367912	 -1	 0.000000	 9.305128
15	 11	 11	 1	 70.693126	 -1	 0.000000	 9.076526
16	 11	 11	 1	 233.787428	 -1	 0.000000	 8.221684
17	 11	 11	 0	 382.713483	 -1	 0.000000	 10.918011
18	 11	 11	 1	 361.563122	 -1	 0.000000	 7.270461
19	 11	 11	 1	 122.721984	 -1	 0.000000	 6.899491
20	 11	 11	 1	 114.162403	 -1	 0.000000	 7.484859
21	 11	 11	 0	 263.838555	 -1	 0.000000	 7.598194
22	 11	 11	 1	 221.000262	 -1	 0.000000	 11.193854
23	 11	 11	 1	 301.551300	 -1	 0.000000	 12.104911
24	 11	 11	 1	 194.165993	 -1	 0.000000	 18.710505
25	 11	 11	 1	 173.772105	 -1	 0.000000	 7.256898
26	 11	 11	 1	 129.846687	 -1	 0.000000	 17.436836
27	 11	 11	 1	 323.813003	 -1	 0.000000	 8.266423
28	 11	 11	 1	 121.802111	 -1	 0.000000	 9.256811
29	 11	 11	 1	 248.784906	 -1	 0.000000	 12.746660
30	 11	 11	 1	 128.384933	 -1	 0.000000	 15.539211
31	 11	 11	 0	 392.802348	 -1	 0.000000	 10.227194
32	 11	 11	 1	 312.297975	 -1	 0.000000	 6.843304
33	 11	 11	 1	 42.246906	 -1	 0.000000	 9.397598
34	 11	 11	 1	 229.296435	 -1	 0.000000	 9.654833
35	 11	 11	 0	 356.611542	 -1	 0.000000	 8.300220
36	 11	 11	 0	 435.776554	 -1	 0.000000	 7.680219
37	 11	 11	 1	 265.341832	 -1	 0.000000	 7.217586
38	 11	 11	 1	 99.118416	 -1	 0.000000	 8.761813
39	 11	 11	 1	 88.421818	 -1	 0.000000	 8.116082
40	 11	 11	 1	 203.388057	 -1	 0.000000	 11.065939
41	 11	 11	 0	 426.995582	 -1	 0.000000	 9.289185
42	 11	 11	 1	 225.298652	 -1	 0.000000	 10.718543
43	 11	 11	 1	 149.286523	 -1	 0.000000	 7.968864
44	 11	 11	 1	 107.365522	 -1	 0.000000	 8.055979
45	 11	 11	 1	 102.468203	 -1	 0.000000	 10.101760
46	 11	 11	 0	 382.437574	 -1	 0.000000	 9.859233
47	 11	 11	 1	 320.253982	 -1	 0.000000	 10.075347
48	 11	 11	 1	 200.861702	 -1	 0.000000	 10.396494
49	 11	 11	 1	 151.541410	 -1	 0.000000	 9.121608
50	 11	 11	 1	 281.799976	 -1	 0.000000	 7.184873
51	 11	 11	 0	 254.448608	 -1	 0.000000	 13.735758
52	 11	 11	 1	 273.530626	 -1	 0.000000	 10.765364
53	 11	 11	 1	 256.982315	 -1	 0.000000	 13.688864
54	 11	 11	 0	 392.256415	 -1	 0.000000	 7.178941
55	 11	 11	 1	 119.900418	 -1	 0.000000	 18.988239
56	 11	 11	 1	 166.732186	 -1	 0.000000	 7.685641
57	 11	 11	 1	 270.569757	 -1	 0.000000	 9.636870
58	 11	 11	 0	 407.843315	 -1	 0.000000	 9.620744
59	 11	 11	 1	 270.481638	 -1	 0.000000	 9.193224
60	 11	 11	 1	 146.290223	 -1	 0.000000	 7.972742
61	 11	 11	 1	 233.794664	 -1	 0.000000	 10.349105
62	 11	 11	 0	 419.446061	 -1	 0.000000	 14.013689
63	 11	 11	 1	 233.130566	 -1	 0.000000	 7.877810
>>> gr_fir_ccf: using E
>>> gr_fir_fff: using E
gr_buffer::allocate_buffer: warning: tried to allocate
   17 items of size 3696. Due to alignment requirements
   256 were allocated.  If this isn't OK, consider padding
   your structure to a power-of-two bytes.
   On this platform, our allocation granularity is 4096 bytes.
>>> gr_fir_ccf: using E
>>> gr_fir_fff: using E
gr_buffer::allocate_buffer: warning: tried to allocate
   17 items of size 3696. Due to alignment requirements
   256 were allocated.  If this isn't OK, consider padding
   your structure to a power-of-two bytes.
   On this platform, our allocation granularity is 4096 bytes.
10	 10	 10	 0	 469.895205	 -1	 0.000000	 7.349288
11	 10	 10	 0	 448.176412	 -1	 0.000000	 8.635784
12	 10	 10	 0	 469.653389	 -1	 0.000000	 7.493317
13	 10	 10	 0	 461.364075	 -1	 0.000000	 7.818587
14	 10	 10	 0	 457.743757	 -1	 0.000000	 7.170665
15	 10	 10	 0	 459.479221	 -1	 0.000000	 7.853117
16	 10	 10	 0	 466.900086	 -1	 0.000000	 7.294606
17	 10	 10	 0	 468.764345	 -1	 0.000000	 8.288909
18	 10	 10	 0	 476.134805	 -1	 0.000000	 10.758866
19	 10	 10	 0	 475.868877	 -1	 0.000000	 9.608015
20	 10	 10	 0	 451.024206	 -1	 0.000000	 8.167383
21	 10	 10	 0	 440.037244	 -1	 0.000000	 9.884135
22	 10	 10	 0	 464.057320	 -1	 0.000000	 10.123834
23	 10	 10	 0	 472.530997	 -1	 0.000000	 6.998578
3890	 15	 15	 0	 359.624333	 -1	 0.000000	 9.030575
24	 10	 10	 0	 479.047021	 -1	 0.000000	 10.102072
25	 10	 10	 0	 447.117633	 -1	 0.000000	 8.057981
26	 10	 10	 0	 468.425618	 -1	 0.000000	 10.595753
27	 10	 10	 0	 477.913926	 -1	 0.000000	 9.802622
28	 10	 10	 0	 463.894386	 -1	 0.000000	 7.551696
29	 10	 10	 0	 471.738889	 -1	 0.000000	 6.668806
30	 10	 10	 0	 454.380370	 -1	 0.000000	 16.712639
31	 10	 10	 1	 398.111284	 -1	 0.000000	 9.689302
32	 10	 10	 0	 465.383283	 -1	 0.000000	 7.968068
33	 10	 10	 0	 444.583886	 -1	 0.000000	 9.501509
34	 10	 10	 0	 468.100802	 -1	 0.000000	 7.528105
