>>> gr_fir_ccf: using E
>>> gr_fir_fff: using E
gr_buffer::allocate_buffer: warning: tried to allocate
   17 items of size 3696. Due to alignment requirements
   256 were allocated.  If this isn't OK, consider padding
   your structure to a power-of-two bytes.
   On this platform, our allocation granularity is 4096 bytes.
>>> gr_fir_ccf: using E
>>> gr_fir_fff: using E
gr_buffer::allocate_buffer: warning: tried to allocate
   17 items of size 3696. Due to alignment requirements
   256 were allocated.  If this isn't OK, consider padding
   your structure to a power-of-two bytes.
   On this platform, our allocation granularity is 4096 bytes.
>>> gr_fir_ccf: using E
>>> gr_fir_fff: using E
gr_buffer::allocate_buffer: warning: tried to allocate
   17 items of size 3696. Due to alignment requirements
   256 were allocated.  If this isn't OK, consider padding
   your structure to a power-of-two bytes.
   On this platform, our allocation granularity is 4096 bytes.
Traceback (most recent call last):
  File "./benchmark_coded_ofdm_rx.py", line 243, in <module>
    main()
  File "./benchmark_coded_ofdm_rx.py", line 225, in main
    tb = my_top_block(rx_callback, options)
  File "./benchmark_coded_ofdm_rx.py", line 47, in __init__
    self._setup_standard_source(options)
  File "./benchmark_coded_ofdm_rx.py", line 71, in _setup_standard_source
    self.u = usrp2.source_32fc(options.interface, options.mac_addr)
  File "/home/moment/gnuradio/gnuradio-builds/.current/lib/python2.6/site-packages/gnuradio/usrp2.py", line 679, in source_32fc
    return _usrp2.source_32fc(ifc, mac)
RuntimeError: No URPs found on interface eth1
>>> gr_fir_ccf: using E
>>> gr_fir_fff: using E
gr_buffer::allocate_buffer: warning: tried to allocate
   17 items of size 3696. Due to alignment requirements
   256 were allocated.  If this isn't OK, consider padding
   your structure to a power-of-two bytes.
   On this platform, our allocation granularity is 4096 bytes.
0	 13	 13	 1	 0.000001	 -1	 0.000000	 8.696698
1	 13	 13	 1	 0.000001	 -1	 0.000000	 7.494258
2	 13	 13	 1	 0.000001	 -1	 0.000000	 6.091403
3	 13	 13	 1	 0.000002	 -1	 0.000000	 5.859955
4	 13	 13	 1	 0.000001	 -1	 0.000000	 7.143564
5	 13	 13	 1	 0.000001	 -1	 0.000000	 6.879609
6	 13	 13	 1	 0.018534	 -1	 0.000000	 6.538897
7	 13	 13	 1	 0.000001	 -1	 0.000000	 7.025908
8	 13	 13	 1	 0.000001	 -1	 0.000000	 6.067818
9	 13	 13	 1	 0.000000	 -1	 0.000000	 8.582056
10	 13	 13	 1	 0.000001	 -1	 0.000000	 8.447783
11	 13	 13	 1	 0.000002	 -1	 0.000000	 8.013905
12	 13	 13	 1	 0.000001	 -1	 0.000000	 6.606366
13	 13	 13	 1	 0.000001	 -1	 0.000000	 7.010244
14	 13	 13	 1	 0.000001	 -1	 0.000000	 7.770640
15	 13	 13	 1	 0.000002	 -1	 0.000000	 7.860322
16	 13	 13	 1	 0.000001	 -1	 0.000000	 7.430837
17	 13	 13	 1	 0.000001	 -1	 0.000000	 7.296078
18	 13	 13	 1	 0.000001	 -1	 0.000000	 7.762508
19	 13	 13	 1	 0.000001	 -1	 0.000000	 7.246534
20	 13	 13	 1	 0.000001	 -1	 0.000000	 7.825610
21	 13	 13	 1	 0.000002	 -1	 0.000000	 7.034977
22	 13	 13	 1	 0.000001	 -1	 0.000000	 7.105864
23	 13	 13	 1	 0.000001	 -1	 0.000000	 7.521079
24	 13	 13	 1	 0.000001	 -1	 0.000000	 8.728553
25	 13	 13	 1	 0.000001	 -1	 0.000000	 6.656557
26	 13	 13	 1	 0.000001	 -1	 0.000000	 7.177731
27	 13	 13	 1	 0.000002	 -1	 0.000000	 6.804474
29	 13	 13	 1	 48.513837	 -1	 0.000000	 10.400377
30	 13	 13	 1	 0.000001	 -1	 0.000000	 7.319424
31	 13	 13	 1	 0.000001	 -1	 0.000000	 7.233264
32	 13	 13	 1	 0.000001	 -1	 0.000000	 7.854529
33	 13	 13	 1	 0.000001	 -1	 0.000000	 6.393499
34	 13	 13	 1	 0.000000	 -1	 0.000000	 12.731296
35	 13	 13	 1	 0.000001	 -1	 0.000000	 7.184275
36	 13	 13	 1	 0.000001	 -1	 0.000000	 6.921548
37	 13	 13	 1	 0.000001	 -1	 0.000000	 6.394646
38	 13	 13	 1	 0.000001	 -1	 0.000000	 8.364288
39	 13	 13	 1	 0.000001	 -1	 0.000000	 7.545016
40	 13	 13	 1	 0.000001	 -1	 0.000000	 8.682651
42	 13	 13	 1	 0.000001	 -1	 0.000000	 6.174850
43	 13	 13	 1	 0.000001	 -1	 0.000000	 6.977556
44	 13	 13	 1	 0.000001	 -1	 0.000000	 6.782017
45	 13	 13	 1	 0.000001	 -1	 0.000000	 7.675073
46	 13	 13	 1	 0.000002	 -1	 0.000000	 8.694554
47	 13	 13	 1	 0.000001	 -1	 0.000000	 6.665514
48	 13	 13	 1	 0.000002	 -1	 0.000000	 6.546722
49	 13	 13	 1	 0.000001	 -1	 0.000000	 7.173580
50	 13	 13	 1	 0.000002	 -1	 0.000000	 7.299339
52	 13	 13	 1	 0.000002	 -1	 0.000000	 6.502692
53	 13	 13	 1	 0.000001	 -1	 0.000000	 7.956734
54	 13	 13	 1	 0.000001	 -1	 0.000000	 7.486369
55	 13	 13	 1	 0.000001	 -1	 0.000000	 7.698939
56	 13	 13	 1	 73.127581	 -1	 0.000000	 14.653706
57	 13	 13	 1	 0.000001	 -1	 0.000000	 6.792425
58	 13	 13	 1	 0.000001	 -1	 0.000000	 8.030361
59	 13	 13	 1	 0.000001	 -1	 0.000000	 7.544072
60	 13	 13	 1	 0.000002	 -1	 0.000000	 7.367146
61	 13	 13	 1	 0.000001	 -1	 0.000000	 8.544406
63	 13	 13	 1	 0.000001	 -1	 0.000000	 8.453043
64	 13	 13	 1	 0.000001	 -1	 0.000000	 7.997901
65	 13	 13	 1	 0.000001	 -1	 0.000000	 6.882509
66	 13	 13	 1	 0.000001	 -1	 0.000000	 8.735872
67	 13	 13	 1	 0.000001	 -1	 0.000000	 7.726708
68	 13	 13	 1	 0.000001	 -1	 0.000000	 7.311733
69	 13	 13	 1	 0.000001	 -1	 0.000000	 6.639647
70	 13	 13	 1	 0.000001	 -1	 0.000000	 6.303004
71	 13	 13	 1	 0.000001	 -1	 0.000000	 6.869644
72	 13	 13	 1	 0.000001	 -1	 0.000000	 7.127090
73	 13	 13	 1	 0.000001	 -1	 0.000000	 7.797505
74	 13	 13	 1	 0.000001	 -1	 0.000000	 6.505365
75	 13	 13	 1	 0.000001	 -1	 0.000000	 6.604419
76	 13	 13	 1	 0.000001	 -1	 0.000000	 7.494275
77	 13	 13	 1	 0.000001	 -1	 0.000000	 7.315841
78	 13	 13	 0	 181.345704	 -1	 0.000000	 11.260810
79	 13	 13	 1	 0.000001	 -1	 0.000000	 7.252750
80	 13	 13	 1	 0.000001	 -1	 0.000000	 6.494512
81	 13	 13	 1	 13.659854	 -1	 0.000000	 6.682744
82	 13	 13	 1	 0.000001	 -1	 0.000000	 6.387749
83	 13	 13	 1	 0.000001	 -1	 0.000000	 7.202931
84	 13	 13	 1	 0.000001	 -1	 0.000000	 7.655040
85	 13	 13	 1	 0.000004	 -1	 0.000000	 7.023146
86	 13	 13	 1	 0.000001	 -1	 0.000000	 6.552527
87	 13	 13	 1	 0.000001	 -1	 0.000000	 7.166572
88	 13	 13	 1	 0.000001	 -1	 0.000000	 6.815007
89	 13	 13	 1	 0.000001	 -1	 0.000000	 7.329906
3660	 13	 13	 0	 366.184630	 -1	 0.000000	 4.395350
90	 13	 13	 1	 0.000001	 -1	 0.000000	 8.080936
91	 13	 13	 1	 0.000003	 -1	 0.000000	 7.497409
92	 13	 13	 1	 0.000001	 -1	 0.000000	 6.727752
93	 13	 13	 1	 0.000001	 -1	 0.000000	 7.350255
94	 13	 13	 1	 0.000001	 -1	 0.000000	 6.991848
95	 13	 13	 1	 0.000001	 -1	 0.000000	 6.346138
96	 13	 13	 1	 0.000001	 -1	 0.000000	 7.378826
97	 13	 13	 1	 0.000001	 -1	 0.000000	 7.233675
98	 13	 13	 1	 0.000001	 -1	 0.000000	 7.349612
99	 13	 13	 1	 0.000001	 -1	 0.000000	 7.621232
100	 13	 13	 1	 0.000001	 -1	 0.000000	 6.642634
101	 13	 13	 1	 0.000001	 -1	 0.000000	 6.750775
102	 13	 13	 1	 0.000001	 -1	 0.000000	 6.860156
103	 13	 13	 1	 0.000001	 -1	 0.000000	 7.624578
105	 13	 13	 1	 0.000001	 -1	 0.000000	 6.256759
106	 13	 13	 1	 0.000001	 -1	 0.000000	 8.463495
107	 13	 13	 1	 0.000001	 -1	 0.000000	 7.030767
108	 13	 13	 1	 0.000001	 -1	 0.000000	 6.373958
109	 13	 13	 1	 0.000001	 -1	 0.000000	 9.555783
110	 13	 13	 1	 0.000001	 -1	 0.000000	 8.011622
111	 13	 13	 1	 0.000001	 -1	 0.000000	 7.225062
112	 13	 13	 1	 0.000001	 -1	 0.000000	 6.455077
113	 13	 13	 1	 0.000001	 -1	 0.000000	 6.982801
114	 13	 13	 1	 0.000002	 -1	 0.000000	 6.915226
115	 13	 13	 1	 0.000001	 -1	 0.000000	 8.202413
116	 13	 13	 1	 0.000001	 -1	 0.000000	 6.887661
117	 13	 13	 1	 0.000001	 -1	 0.000000	 6.740432
118	 13	 13	 1	 0.000001	 -1	 0.000000	 7.636543
119	 13	 13	 1	 0.021369	 -1	 0.000000	 7.829375
120	 13	 13	 1	 0.000001	 -1	 0.000000	 7.808313
121	 13	 13	 1	 0.000002	 -1	 0.000000	 6.819692
122	 13	 13	 1	 0.000001	 -1	 0.000000	 9.168941
123	 13	 13	 1	 0.000001	 -1	 0.000000	 7.821323
124	 13	 13	 1	 0.000001	 -1	 0.000000	 7.479224
125	 13	 13	 1	 0.033344	 -1	 0.000000	 13.686118
126	 13	 13	 1	 0.000001	 -1	 0.000000	 8.967199
127	 13	 13	 1	 0.000001	 -1	 0.000000	 7.121757
128	 13	 13	 1	 0.000001	 -1	 0.000000	 7.753785
129	 13	 13	 1	 0.000000	 -1	 0.000000	 7.763906
130	 13	 13	 1	 0.000001	 -1	 0.000000	 10.519902
131	 13	 13	 1	 0.000002	 -1	 0.000000	 7.604081
132	 13	 13	 1	 0.784804	 -1	 0.000000	 8.809099
133	 13	 13	 1	 0.000001	 -1	 0.000000	 7.337337
3574	 15	 15	 0	 403.767472	 -1	 0.000000	 4.796293
134	 13	 13	 1	 0.000001	 -1	 0.000000	 9.203232
135	 13	 13	 1	 0.000001	 -1	 0.000000	 8.404450
136	 13	 13	 1	 0.000001	 -1	 0.000000	 9.609163
2390	 13	 13	 0	 384.125066	 -1	 0.000000	 13.605700
137	 13	 13	 1	 0.000001	 -1	 0.000000	 6.262168
138	 13	 13	 1	 0.000001	 -1	 0.000000	 11.274888
139	 13	 13	 1	 0.000000	 -1	 0.000000	 11.851032
178	 13	 13	 1	 0.000004	 -1	 0.000000	 8.812304
180	 13	 13	 1	 0.000001	 -1	 0.000000	 7.351391
181	 13	 13	 1	 0.000001	 -1	 0.000000	 8.027293
182	 13	 13	 1	 0.000002	 -1	 0.000000	 7.770009
183	 13	 13	 1	 0.000001	 -1	 0.000000	 7.620225
184	 13	 13	 1	 0.000001	 -1	 0.000000	 7.955396
185	 13	 13	 1	 0.000002	 -1	 0.000000	 7.451923
186	 13	 13	 1	 0.000001	 -1	 0.000000	 7.329397
187	 13	 13	 1	 0.000001	 -1	 0.000000	 8.229841
188	 13	 13	 1	 0.000001	 -1	 0.000000	 7.289933
189	 13	 13	 1	 0.000002	 -1	 0.000000	 7.391298
190	 13	 13	 1	 0.000001	 -1	 0.000000	 8.280741
191	 13	 13	 1	 0.000001	 -1	 0.000000	 8.410524
>>> gr_fir_ccf: using E
>>> gr_fir_fff: using E
gr_buffer::allocate_buffer: warning: tried to allocate
   17 items of size 3696. Due to alignment requirements
   256 were allocated.  If this isn't OK, consider padding
   your structure to a power-of-two bytes.
   On this platform, our allocation granularity is 4096 bytes.
10	 13	 13	 1	 0.000002	 -1	 0.000000	 6.968454
11	 13	 13	 1	 0.000001	 -1	 0.000000	 8.135888
12	 13	 13	 1	 0.000001	 -1	 0.000000	 7.047983
13	 13	 13	 1	 0.000001	 -1	 0.000000	 7.439085
14	 13	 13	 1	 0.000001	 -1	 0.000000	 7.114799
15	 13	 13	 1	 0.000001	 -1	 0.000000	 7.138605
79	 9	 9	 0	 451.192926	 -1	 0.000000	 3.349704
16	 13	 13	 1	 0.000001	 -1	 0.000000	 6.786955
17	 13	 13	 1	 0.000001	 -1	 0.000000	 6.156034
18	 13	 13	 1	 0.000001	 -1	 0.000000	 6.988771
19	 13	 13	 1	 0.000001	 -1	 0.000000	 6.967498
20	 13	 13	 1	 0.000001	 -1	 0.000000	 7.191328
21	 13	 13	 1	 0.000002	 -1	 0.000000	 6.764233
22	 13	 13	 1	 0.000001	 -1	 0.000000	 7.571316
23	 13	 13	 1	 0.000001	 -1	 0.000000	 6.670344
24	 13	 13	 1	 0.000001	 -1	 0.000000	 7.222163
25	 13	 13	 1	 0.000001	 -1	 0.000000	 6.685327
26	 13	 13	 1	 0.000001	 -1	 0.000000	 7.172241
27	 13	 13	 1	 0.000001	 -1	 0.000000	 8.037947
28	 13	 13	 1	 0.000001	 -1	 0.000000	 7.210482
29	 13	 13	 1	 0.000001	 -1	 0.000000	 6.505121
30	 13	 13	 1	 0.000001	 -1	 0.000000	 7.933850
31	 13	 13	 1	 0.000001	 -1	 0.000000	 8.385528
32	 13	 13	 1	 0.000001	 -1	 0.000000	 6.529246
33	 13	 13	 1	 0.000001	 -1	 0.000000	 7.191780
34	 13	 13	 1	 0.000001	 -1	 0.000000	 7.219543
35	 13	 13	 1	 0.000001	 -1	 0.000000	 6.931728
36	 13	 13	 1	 0.000003	 -1	 0.000000	 6.521721
37	 13	 13	 1	 0.000001	 -1	 0.000000	 6.709488
39	 13	 13	 1	 0.000001	 -1	 0.000000	 6.318912
40	 13	 13	 1	 0.000001	 -1	 0.000000	 8.314610
41	 13	 13	 1	 0.000001	 -1	 0.000000	 7.606452
42	 13	 13	 1	 0.000001	 -1	 0.000000	 8.245966
43	 13	 13	 1	 0.000001	 -1	 0.000000	 6.764551
44	 13	 13	 1	 0.000001	 -1	 0.000000	 7.768852
45	 13	 13	 1	 0.000001	 -1	 0.000000	 6.441639
46	 13	 13	 1	 0.000001	 -1	 0.000000	 7.736690
47	 13	 13	 1	 0.000001	 -1	 0.000000	 6.867914
48	 13	 13	 1	 0.000001	 -1	 0.000000	 6.765164
49	 13	 13	 1	 0.000001	 -1	 0.000000	 6.606486
50	 13	 13	 1	 0.000001	 -1	 0.000000	 7.186548
51	 13	 13	 1	 0.000001	 -1	 0.000000	 6.096790
52	 13	 13	 1	 0.000001	 -1	 0.000000	 7.206018
53	 13	 13	 1	 0.000001	 -1	 0.000000	 7.043406
54	 13	 13	 1	 0.000001	 -1	 0.000000	 6.668458
55	 13	 13	 1	 0.000001	 -1	 0.000000	 7.449440
56	 13	 13	 1	 0.000002	 -1	 0.000000	 6.531395
59	 13	 13	 1	 0.000001	 -1	 0.000000	 6.680760
60	 13	 13	 1	 0.000001	 -1	 0.000000	 7.093900
61	 13	 13	 1	 0.000001	 -1	 0.000000	 8.532420
62	 13	 13	 1	 0.000001	 -1	 0.000000	 6.884453
63	 13	 13	 1	 0.000001	 -1	 0.000000	 7.155428
64	 13	 13	 1	 0.000001	 -1	 0.000000	 7.056148
65	 13	 13	 1	 0.000001	 -1	 0.000000	 6.407094
66	 13	 13	 1	 0.000001	 -1	 0.000000	 6.869740
67	 13	 13	 1	 0.000001	 -1	 0.000000	 6.923004
68	 13	 13	 1	 0.000001	 -1	 0.000000	 6.255801
69	 13	 13	 1	 0.000001	 -1	 0.000000	 7.368631
70	 13	 13	 1	 0.000001	 -1	 0.000000	 7.819553
71	 13	 13	 1	 0.000001	 -1	 0.000000	 6.625435
72	 13	 13	 1	 0.000001	 -1	 0.000000	 7.492747
73	 13	 13	 1	 0.000001	 -1	 0.000000	 6.141711
74	 13	 13	 1	 0.000001	 -1	 0.000000	 6.203109
75	 13	 13	 1	 0.000001	 -1	 0.000000	 7.340414
76	 13	 13	 1	 0.000001	 -1	 0.000000	 7.116153
77	 13	 13	 1	 0.000001	 -1	 0.000000	 6.330773
78	 13	 13	 1	 0.000001	 -1	 0.000000	 7.607457
79	 13	 13	 1	 0.000002	 -1	 0.000000	 6.208717
80	 13	 13	 1	 0.000001	 -1	 0.000000	 6.618710
81	 13	 13	 1	 0.059058	 -1	 0.000000	 8.331906
82	 13	 13	 1	 0.000001	 -1	 0.000000	 6.538192
83	 13	 13	 1	 0.000001	 -1	 0.000000	 6.340127
84	 13	 13	 1	 0.000002	 -1	 0.000000	 8.182380
85	 13	 13	 1	 0.000001	 -1	 0.000000	 7.726043
86	 13	 13	 1	 0.000001	 -1	 0.000000	 6.666566
87	 13	 13	 1	 0.000001	 -1	 0.000000	 6.467637
88	 13	 13	 1	 0.000001	 -1	 0.000000	 6.909873
89	 13	 13	 1	 0.000001	 -1	 0.000000	 7.731369
90	 13	 13	 1	 0.000001	 -1	 0.000000	 6.848054
91	 13	 13	 1	 0.000002	 -1	 0.000000	 7.158409
92	 13	 13	 1	 0.000001	 -1	 0.000000	 6.790499
657	 15	 15	 0	 410.622900	 -1	 0.000000	 6.685889
93	 13	 13	 1	 0.000001	 -1	 0.000000	 7.200914
94	 13	 13	 1	 0.000001	 -1	 0.000000	 6.661063
95	 13	 13	 1	 0.000001	 -1	 0.000000	 6.856569
96	 13	 13	 1	 0.000002	 -1	 0.000000	 6.514884
97	 13	 13	 1	 0.000282	 -1	 0.000000	 9.687940
98	 13	 13	 1	 0.000001	 -1	 0.000000	 7.319458
99	 13	 13	 1	 0.000001	 -1	 0.000000	 7.296957
100	 13	 13	 1	 0.000001	 -1	 0.000000	 6.650606
101	 13	 13	 1	 0.000001	 -1	 0.000000	 9.911261
102	 13	 13	 1	 0.000001	 -1	 0.000000	 7.444166
103	 13	 13	 1	 0.000001	 -1	 0.000000	 6.889747
104	 13	 13	 1	 0.000001	 -1	 0.000000	 6.128653
105	 13	 13	 1	 0.000001	 -1	 0.000000	 5.498757
106	 13	 13	 1	 0.000001	 -1	 0.000000	 8.950638
107	 13	 13	 1	 0.000001	 -1	 0.000000	 7.611426
108	 13	 13	 1	 0.000001	 -1	 0.000000	 6.986557
109	 13	 13	 1	 0.000001	 -1	 0.000000	 6.073718
110	 13	 13	 1	 0.000002	 -1	 0.000000	 5.862872
111	 13	 13	 1	 0.000001	 -1	 0.000000	 7.228112
112	 13	 13	 1	 0.004898	 -1	 0.000000	 8.227857
113	 13	 13	 1	 0.000001	 -1	 0.000000	 6.167850
114	 13	 13	 1	 0.000002	 -1	 0.000000	 6.623948
115	 13	 13	 1	 0.000001	 -1	 0.000000	 6.719616
116	 13	 13	 1	 0.000001	 -1	 0.000000	 6.862918
117	 13	 13	 1	 0.000001	 -1	 0.000000	 6.438263
118	 13	 13	 1	 0.000001	 -1	 0.000000	 6.978746
119	 13	 13	 1	 0.000001	 -1	 0.000000	 8.018929
120	 13	 13	 1	 0.000001	 -1	 0.000000	 6.349586
121	 13	 13	 1	 0.000001	 -1	 0.000000	 6.414315
1526	 13	 13	 0	 374.787274	 -1	 0.000000	 1.688304
122	 13	 13	 1	 0.000002	 -1	 0.000000	 6.231170
2032	 11	 11	 0	 460.753881	 -1	 0.000000	 5.226896
123	 13	 13	 1	 0.000001	 -1	 0.000000	 6.425641
124	 13	 13	 1	 0.000001	 -1	 0.000000	 6.685941
125	 13	 13	 1	 0.000001	 -1	 0.000000	 7.015753
126	 13	 13	 1	 0.000001	 -1	 0.000000	 7.126061
127	 13	 13	 1	 0.000001	 -1	 0.000000	 6.510993
128	 13	 13	 1	 0.000001	 -1	 0.000000	 6.936719
129	 13	 13	 1	 0.000001	 -1	 0.000000	 8.648686
130	 13	 13	 1	 0.000001	 -1	 0.000000	 7.052074
131	 13	 13	 1	 0.000002	 -1	 0.000000	 7.032598
132	 13	 13	 1	 0.000001	 -1	 0.000000	 7.103487
134	 13	 13	 1	 0.000001	 -1	 0.000000	 7.294590
135	 13	 13	 1	 0.000001	 -1	 0.000000	 7.249316
136	 13	 13	 1	 0.000001	 -1	 0.000000	 7.146969
137	 13	 13	 1	 0.000000	 -1	 0.000000	 7.506409
138	 13	 13	 1	 0.000001	 -1	 0.000000	 7.449702
139	 13	 13	 1	 0.000001	 -1	 0.000000	 7.367987
140	 13	 13	 1	 0.000001	 -1	 0.000000	 6.836202
141	 13	 13	 1	 0.000001	 -1	 0.000000	 7.037797
142	 13	 13	 1	 0.000001	 -1	 0.000000	 6.872099
143	 13	 13	 1	 0.000001	 -1	 0.000000	 10.123830
144	 13	 13	 1	 0.000001	 -1	 0.000000	 7.554291
145	 13	 13	 1	 0.000001	 -1	 0.000000	 7.452766
146	 13	 13	 1	 0.000001	 -1	 0.000000	 6.565915
147	 13	 13	 1	 0.000001	 -1	 0.000000	 7.016030
148	 13	 13	 1	 0.000001	 -1	 0.000000	 6.511466
149	 13	 13	 1	 0.000001	 -1	 0.000000	 6.996854
150	 13	 13	 1	 0.000001	 -1	 0.000000	 7.133202
151	 13	 13	 1	 0.000001	 -1	 0.000000	 7.317914
152	 13	 13	 1	 0.000001	 -1	 0.000000	 6.239324
153	 13	 13	 1	 0.000001	 -1	 0.000000	 6.887911
154	 13	 13	 1	 0.000001	 -1	 0.000000	 7.935912
155	 13	 13	 1	 0.000001	 -1	 0.000000	 6.547536
157	 13	 13	 1	 0.000002	 -1	 0.000000	 6.585634
158	 13	 13	 1	 0.000001	 -1	 0.000000	 7.355553
159	 13	 13	 1	 0.000001	 -1	 0.000000	 7.789028
160	 13	 13	 1	 0.000001	 -1	 0.000000	 6.849147
161	 13	 13	 1	 0.000001	 -1	 0.000000	 6.913025
162	 13	 13	 1	 0.000001	 -1	 0.000000	 7.596611
163	 13	 13	 1	 0.000001	 -1	 0.000000	 12.453470
164	 13	 13	 1	 0.000001	 -1	 0.000000	 5.942540
955	 11	 11	 0	 452.054750	 -1	 0.000000	 3.046478
165	 13	 13	 1	 11.862113	 -1	 0.000000	 7.066285
166	 13	 13	 1	 0.000001	 -1	 0.000000	 7.780066
167	 13	 13	 1	 0.000642	 -1	 0.000000	 7.098136
168	 13	 13	 1	 0.000001	 -1	 0.000000	 6.599828
169	 13	 13	 1	 0.000001	 -1	 0.000000	 6.920672
170	 13	 13	 1	 0.000001	 -1	 0.000000	 7.008507
171	 13	 13	 1	 0.000001	 -1	 0.000000	 6.187015
172	 13	 13	 1	 0.000001	 -1	 0.000000	 9.088925
173	 13	 13	 1	 0.000002	 -1	 0.000000	 6.767700
174	 13	 13	 1	 0.000001	 -1	 0.000000	 6.391689
175	 13	 13	 1	 0.000001	 -1	 0.000000	 8.918103
176	 13	 13	 1	 0.000001	 -1	 0.000000	 6.846879
177	 13	 13	 1	 0.000001	 -1	 0.000000	 7.080494
178	 13	 13	 1	 0.000001	 -1	 0.000000	 6.993232
179	 13	 13	 1	 0.000001	 -1	 0.000000	 6.701004
180	 13	 13	 1	 0.000001	 -1	 0.000000	 6.784912
181	 13	 13	 0	 387.767858	 -1	 0.000000	 7.354089
183	 13	 13	 1	 0.000001	 -1	 0.000000	 7.662917
184	 13	 13	 1	 0.000001	 -1	 0.000000	 7.210371
185	 13	 13	 1	 0.000003	 -1	 0.000000	 7.617046
186	 13	 13	 1	 0.000001	 -1	 0.000000	 7.332085
187	 13	 13	 1	 0.000001	 -1	 0.000000	 7.109920
188	 13	 13	 1	 0.000001	 -1	 0.000000	 6.904011
189	 13	 13	 1	 0.000001	 -1	 0.000000	 7.451506
190	 13	 13	 1	 0.000001	 -1	 0.000000	 7.997749
191	 13	 13	 1	 0.000001	 -1	 0.000000	 6.764115
192	 13	 13	 1	 0.000001	 -1	 0.000000	 6.844768
193	 13	 13	 1	 0.000001	 -1	 0.000000	 7.073029
194	 13	 13	 1	 0.000001	 -1	 0.000000	 7.353378
195	 13	 13	 1	 0.000001	 -1	 0.000000	 7.427927
196	 13	 13	 1	 0.000003	 -1	 0.000000	 7.670781
197	 13	 13	 1	 0.000001	 -1	 0.000000	 7.398195
199	 13	 13	 1	 0.000001	 -1	 0.000000	 7.229799
200	 13	 13	 1	 178.970059	 -1	 0.000000	 6.995668
208	 13	 13	 1	 0.000001	 -1	 0.000000	 6.463863
209	 13	 13	 1	 0.000001	 -1	 0.000000	 6.888133
210	 13	 13	 1	 9.757637	 -1	 0.000000	 7.802132
211	 13	 13	 0	 280.889087	 -1	 0.000000	 6.784745
213	 13	 13	 1	 0.042210	 -1	 0.000000	 7.430301
215	 13	 13	 1	 0.000001	 -1	 0.000000	 6.806996
216	 13	 13	 1	 0.000001	 -1	 0.000000	 7.037760
217	 13	 13	 1	 0.000001	 -1	 0.000000	 6.580497
218	 13	 13	 1	 0.000001	 -1	 0.000000	 7.930614
219	 13	 13	 1	 0.000001	 -1	 0.000000	 7.376729
222	 13	 13	 1	 4.335698	 -1	 0.000000	 6.431341
223	 13	 13	 1	 0.000001	 -1	 0.000000	 6.579607
225	 13	 13	 1	 0.000001	 -1	 0.000000	 7.721650
227	 13	 13	 0	 348.252515	 -1	 0.000000	 6.904323
232	 13	 13	 0	 266.097006	 -1	 0.000000	 7.684503
233	 13	 13	 0	 277.474358	 -1	 0.000000	 6.856712
234	 13	 13	 1	 0.000001	 -1	 0.000000	 6.432491
235	 13	 13	 1	 0.000001	 -1	 0.000000	 6.986989
236	 13	 13	 1	 0.000001	 -1	 0.000000	 7.174479
260	 13	 13	 1	 0.000148	 -1	 0.000000	 7.600018
3621	 9	 9	 0	 452.457577	 -1	 0.000000	 5.856195
261	 13	 13	 1	 0.000001	 -1	 0.000000	 6.655989
263	 13	 13	 1	 0.000001	 -1	 0.000000	 6.507032
265	 13	 13	 1	 0.000001	 -1	 0.000000	 6.701048
266	 13	 13	 1	 0.000001	 -1	 0.000000	 7.734729
267	 13	 13	 1	 25.867700	 -1	 0.000000	 6.823580
268	 13	 13	 1	 0.000001	 -1	 0.000000	 7.147333
269	 13	 13	 1	 60.239184	 -1	 0.000000	 8.639850
270	 13	 13	 1	 0.000001	 -1	 0.000000	 6.840487
271	 13	 13	 1	 0.000001	 -1	 0.000000	 7.333457
2339	 3	 3	 0	 487.004793	 -1	 0.000000	 0.766196
897	 13	 13	 0	 133.812080	 -1	 0.000000	 7.632882
898	 13	 13	 1	 86.390187	 -1	 0.000000	 8.768774
899	 13	 13	 1	 65.430200	 -1	 0.000000	 7.879673
920	 13	 13	 1	 86.742662	 -1	 0.000000	 6.675861
0	 13	 13	 1	 0.000001	 -1	 0.000000	 6.378427
1	 13	 13	 1	 0.000001	 -1	 0.000000	 6.730233
2	 13	 13	 1	 0.000001	 -1	 0.000000	 7.602230
3	 13	 13	 1	 0.000001	 -1	 0.000000	 7.077986
4	 13	 13	 1	 0.000002	 -1	 0.000000	 6.854260
5	 13	 13	 1	 0.000001	 -1	 0.000000	 5.927555
6	 13	 13	 1	 0.000001	 -1	 0.000000	 7.561510
7	 13	 13	 1	 0.000001	 -1	 0.000000	 8.425967
8	 13	 13	 1	 0.000001	 -1	 0.000000	 6.923182
9	 13	 13	 1	 0.000001	 -1	 0.000000	 6.251925
10	 13	 13	 1	 0.000001	 -1	 0.000000	 7.511335
11	 13	 13	 1	 4.137518	 -1	 0.000000	 6.982244
12	 13	 13	 1	 0.000001	 -1	 0.000000	 7.097024
13	 13	 13	 1	 0.000001	 -1	 0.000000	 7.424166
14	 13	 13	 1	 0.000001	 -1	 0.000000	 6.988611
15	 13	 13	 1	 0.000001	 -1	 0.000000	 7.870731
16	 13	 13	 1	 0.000001	 -1	 0.000000	 6.811739
17	 13	 13	 1	 0.000001	 -1	 0.000000	 8.433823
18	 13	 13	 1	 0.000001	 -1	 0.000000	 6.798436
19	 13	 13	 1	 0.000001	 -1	 0.000000	 7.167332
20	 13	 13	 1	 0.000001	 -1	 0.000000	 7.095194
21	 13	 13	 1	 0.000001	 -1	 0.000000	 6.531935
22	 13	 13	 1	 0.000001	 -1	 0.000000	 6.218281
23	 13	 13	 1	 0.593118	 -1	 0.000000	 7.009905
24	 13	 13	 1	 0.000001	 -1	 0.000000	 6.545215
25	 13	 13	 1	 0.000001	 -1	 0.000000	 8.171819
26	 13	 13	 1	 0.000001	 -1	 0.000000	 7.114145
27	 13	 13	 1	 0.000001	 -1	 0.000000	 7.557552
28	 13	 13	 1	 0.000001	 -1	 0.000000	 7.134920
29	 13	 13	 1	 0.000001	 -1	 0.000000	 6.896381
30	 13	 13	 1	 0.000001	 -1	 0.000000	 6.505198
31	 13	 13	 1	 0.000001	 -1	 0.000000	 7.715866
0	 15	 15	 1	 0.000005	 -1	 0.000000	 8.716209
1	 15	 15	 1	 0.000006	 -1	 0.000000	 7.706677
2	 15	 15	 1	 0.000005	 -1	 0.000000	 7.423104
3	 15	 15	 1	 0.000011	 -1	 0.000000	 7.839190
4	 15	 15	 1	 0.000006	 -1	 0.000000	 7.430135
5	 15	 15	 1	 0.000006	 -1	 0.000000	 7.646283
6	 15	 15	 1	 0.000008	 -1	 0.000000	 7.236680
7	 15	 15	 1	 0.000005	 -1	 0.000000	 7.917252
8	 15	 15	 0	 256.964274	 -1	 0.000000	 7.232070
9	 15	 15	 1	 0.000005	 -1	 0.000000	 7.105912
10	 15	 15	 1	 0.000006	 -1	 0.000000	 7.989641
11	 15	 15	 1	 0.000005	 -1	 0.000000	 8.338001
12	 15	 15	 1	 0.000005	 -1	 0.000000	 7.049908
13	 15	 15	 1	 0.000005	 -1	 0.000000	 8.146392
14	 15	 15	 1	 0.000007	 -1	 0.000000	 6.372057
15	 15	 15	 1	 0.000008	 -1	 0.000000	 7.411551
16	 15	 15	 1	 0.000007	 -1	 0.000000	 6.612617
17	 15	 15	 1	 0.000007	 -1	 0.000000	 6.759949
18	 15	 15	 1	 0.000006	 -1	 0.000000	 7.302191
19	 15	 15	 1	 0.003367	 -1	 0.000000	 7.401881
20	 15	 15	 1	 0.000006	 -1	 0.000000	 7.958508
21	 15	 15	 1	 0.000006	 -1	 0.000000	 7.168632
22	 15	 15	 1	 0.000007	 -1	 0.000000	 7.301939
23	 15	 15	 1	 0.000017	 -1	 0.000000	 7.144558
24	 15	 15	 1	 0.000008	 -1	 0.000000	 6.044212
25	 15	 15	 1	 21.179804	 -1	 0.000000	 6.717787
26	 15	 15	 1	 0.000004	 -1	 0.000000	 9.155770
27	 15	 15	 0	 328.829400	 -1	 0.000000	 8.225060
28	 15	 15	 1	 12.460417	 -1	 0.000000	 6.967625
29	 15	 15	 1	 0.000088	 -1	 0.000000	 10.471313
30	 15	 15	 1	 0.013103	 -1	 0.000000	 8.341833
31	 15	 15	 1	 0.000485	 -1	 0.000000	 8.302659
33	 15	 15	 1	 0.000006	 -1	 0.000000	 7.457428
34	 15	 15	 1	 0.000008	 -1	 0.000000	 6.708986
35	 15	 15	 1	 0.000009	 -1	 0.000000	 6.052133
36	 15	 15	 1	 0.000006	 -1	 0.000000	 6.939631
37	 15	 15	 1	 0.000005	 -1	 0.000000	 8.888227
38	 15	 15	 1	 0.000005	 -1	 0.000000	 7.271787
39	 15	 15	 1	 0.000009	 -1	 0.000000	 5.962274
40	 15	 15	 1	 0.000005	 -1	 0.000000	 7.995371
41	 15	 15	 1	 0.000008	 -1	 0.000000	 6.770427
42	 15	 15	 1	 0.000011	 -1	 0.000000	 6.063022
43	 15	 15	 1	 0.000006	 -1	 0.000000	 6.894973
44	 15	 15	 1	 42.648959	 -1	 0.000000	 7.526141
45	 15	 15	 1	 0.000005	 -1	 0.000000	 6.883771
46	 15	 15	 1	 0.000009	 -1	 0.000000	 6.443309
47	 15	 15	 1	 0.000005	 -1	 0.000000	 9.400145
48	 15	 15	 1	 2.428552	 -1	 0.000000	 6.946980
49	 15	 15	 1	 0.000006	 -1	 0.000000	 7.297709
50	 15	 15	 1	 0.000006	 -1	 0.000000	 6.083238
51	 15	 15	 1	 0.000008	 -1	 0.000000	 7.042210
52	 15	 15	 1	 0.000007	 -1	 0.000000	 6.319961
53	 15	 15	 1	 0.000468	 -1	 0.000000	 9.421616
54	 15	 15	 1	 0.000284	 -1	 0.000000	 8.383974
55	 15	 15	 1	 0.000005	 -1	 0.000000	 7.198800
56	 15	 15	 1	 0.000011	 -1	 0.000000	 8.429331
57	 15	 15	 1	 9.545035	 -1	 0.000000	 6.138518
58	 15	 15	 1	 0.000008	 -1	 0.000000	 6.773251
59	 15	 15	 1	 0.000008	 -1	 0.000000	 6.895712
60	 15	 15	 1	 0.000009	 -1	 0.000000	 7.110091
61	 15	 15	 1	 0.000006	 -1	 0.000000	 7.677076
62	 15	 15	 0	 267.660553	 -1	 0.000000	 15.963825
63	 15	 15	 1	 0.000914	 -1	 0.000000	 8.143078
64	 15	 15	 1	 0.000005	 -1	 0.000000	 7.969105
65	 15	 15	 1	 0.000007	 -1	 0.000000	 7.072026
1907	 11	 11	 0	 457.022478	 -1	 0.000000	 5.390957
66	 15	 15	 1	 0.000006	 -1	 0.000000	 7.195722
67	 15	 15	 1	 0.000007	 -1	 0.000000	 6.354166
68	 15	 15	 1	 0.002326	 -1	 0.000000	 7.255749
69	 15	 15	 0	 184.125278	 -1	 0.000000	 8.134305
70	 15	 15	 1	 0.000009	 -1	 0.000000	 7.162137
71	 15	 15	 1	 0.000005	 -1	 0.000000	 7.124742
72	 15	 15	 1	 0.000008	 -1	 0.000000	 6.241716
73	 15	 15	 1	 0.000088	 -1	 0.000000	 7.103638
74	 15	 15	 1	 0.000005	 -1	 0.000000	 7.419391
75	 15	 15	 0	 230.882674	 -1	 0.000000	 6.512446
76	 15	 15	 1	 0.000006	 -1	 0.000000	 6.644737
77	 15	 15	 1	 0.000011	 -1	 0.000000	 7.422664
78	 15	 15	 1	 0.000007	 -1	 0.000000	 6.420805
79	 15	 15	 1	 0.000009	 -1	 0.000000	 6.394978
80	 15	 15	 1	 11.550892	 -1	 0.000000	 6.683810
81	 15	 15	 1	 0.000007	 -1	 0.000000	 6.341191
82	 15	 15	 1	 0.000007	 -1	 0.000000	 7.103287
83	 15	 15	 1	 0.000006	 -1	 0.000000	 7.805160
85	 15	 15	 1	 0.000007	 -1	 0.000000	 6.616610
86	 15	 15	 1	 0.000007	 -1	 0.000000	 6.627034
87	 15	 15	 1	 0.000011	 -1	 0.000000	 6.738225
88	 15	 15	 1	 0.000049	 -1	 0.000000	 9.083982
89	 15	 15	 1	 0.000006	 -1	 0.000000	 7.852043
90	 15	 15	 1	 0.000006	 -1	 0.000000	 7.247661
91	 15	 15	 1	 0.000006	 -1	 0.000000	 6.810812
92	 15	 15	 1	 1.978673	 -1	 0.000000	 7.135774
93	 15	 15	 1	 0.010779	 -1	 0.000000	 8.471636
94	 15	 15	 0	 294.043211	 -1	 0.000000	 8.818169
95	 15	 15	 1	 0.000005	 -1	 0.000000	 7.638093
96	 15	 15	 1	 0.000006	 -1	 0.000000	 6.679302
97	 15	 15	 1	 0.000006	 -1	 0.000000	 7.638839
98	 15	 15	 1	 0.000006	 -1	 0.000000	 6.211203
99	 15	 15	 1	 3.900184	 -1	 0.000000	 7.278909
100	 15	 15	 1	 0.000005	 -1	 0.000000	 7.571377
101	 15	 15	 1	 0.000007	 -1	 0.000000	 8.119206
102	 15	 15	 1	 0.000007	 -1	 0.000000	 6.606789
103	 15	 15	 0	 247.176888	 -1	 0.000000	 9.445107
104	 15	 15	 1	 36.742707	 -1	 0.000000	 7.312389
3852	 5	 5	 0	 409.535724	 -1	 0.000000	 4.184699
105	 15	 15	 1	 0.000006	 -1	 0.000000	 6.545091
106	 15	 15	 1	 0.000007	 -1	 0.000000	 7.414383
107	 15	 15	 1	 0.000010	 -1	 0.000000	 7.451158
108	 15	 15	 1	 0.000014	 -1	 0.000000	 6.911526
109	 15	 15	 1	 0.000006	 -1	 0.000000	 7.593337
110	 15	 15	 1	 0.000006	 -1	 0.000000	 6.928287
111	 15	 15	 1	 0.000006	 -1	 0.000000	 7.479048
112	 15	 15	 1	 0.000005	 -1	 0.000000	 7.410605
113	 15	 15	 1	 0.000006	 -1	 0.000000	 7.744623
114	 15	 15	 1	 0.000007	 -1	 0.000000	 6.637116
115	 15	 15	 1	 0.000006	 -1	 0.000000	 6.926775
117	 15	 15	 1	 0.000006	 -1	 0.000000	 7.779942
118	 15	 15	 1	 0.000006	 -1	 0.000000	 7.727666
119	 15	 15	 1	 0.000007	 -1	 0.000000	 6.663460
120	 15	 15	 1	 0.000007	 -1	 0.000000	 7.066453
121	 15	 15	 1	 0.000012	 -1	 0.000000	 7.325101
122	 15	 15	 1	 0.000008	 -1	 0.000000	 6.449362
123	 15	 15	 1	 0.000005	 -1	 0.000000	 7.452459
124	 15	 15	 0	 318.037848	 -1	 0.000000	 7.289819
125	 15	 15	 1	 0.000007	 -1	 0.000000	 7.469201
126	 15	 15	 1	 0.000005	 -1	 0.000000	 7.487809
127	 15	 15	 1	 0.000007	 -1	 0.000000	 6.298628
128	 15	 15	 1	 0.000008	 -1	 0.000000	 7.460484
129	 15	 15	 1	 0.000005	 -1	 0.000000	 7.802572
130	 15	 15	 1	 0.000008	 -1	 0.000000	 6.042705
131	 15	 15	 1	 0.000006	 -1	 0.000000	 6.684625
132	 15	 15	 1	 0.000006	 -1	 0.000000	 7.851701
133	 15	 15	 1	 0.013736	 -1	 0.000000	 8.662789
134	 15	 15	 1	 0.000008	 -1	 0.000000	 6.359098
135	 15	 15	 0	 240.042268	 -1	 0.000000	 8.670327
136	 15	 15	 0	 117.877155	 -1	 0.000000	 6.985098
137	 15	 15	 1	 0.000009	 -1	 0.000000	 8.073772
138	 15	 15	 1	 0.000007	 -1	 0.000000	 6.716584
139	 15	 15	 1	 0.000006	 -1	 0.000000	 6.964703
171	 15	 15	 1	 0.000008	 -1	 0.000000	 7.003427
172	 15	 15	 1	 0.000008	 -1	 0.000000	 6.292496
173	 15	 15	 0	 62.180323	 -1	 0.000000	 7.364951
174	 15	 15	 1	 7.211737	 -1	 0.000000	 6.179602
175	 15	 15	 1	 1.390122	 -1	 0.000000	 7.861760
176	 15	 15	 1	 0.000007	 -1	 0.000000	 6.019444
177	 15	 15	 1	 0.000006	 -1	 0.000000	 6.938888
178	 15	 15	 1	 0.000008	 -1	 0.000000	 7.851903
180	 15	 15	 0	 325.656634	 -1	 0.000000	 8.920064
181	 15	 15	 1	 0.000021	 -1	 0.000000	 7.011404
182	 15	 15	 1	 0.000012	 -1	 0.000000	 7.470196
183	 15	 15	 0	 166.686934	 -1	 0.000000	 7.355889
184	 15	 15	 0	 275.394484	 -1	 0.000000	 7.909492
185	 15	 15	 1	 0.000007	 -1	 0.000000	 6.072811
186	 15	 15	 1	 0.000005	 -1	 0.000000	 9.119018
187	 15	 15	 1	 83.491562	 -1	 0.000000	 7.005841
188	 15	 15	 1	 0.000008	 -1	 0.000000	 6.524277
189	 15	 15	 1	 0.000009	 -1	 0.000000	 6.499889
190	 15	 15	 1	 8.053650	 -1	 0.000000	 7.200437
191	 15	 15	 1	 0.000007	 -1	 0.000000	 6.596991
192	 15	 15	 1	 0.000005	 -1	 0.000000	 7.331795
193	 15	 15	 1	 15.466138	 -1	 0.000000	 6.634360
194	 15	 15	 1	 0.000009	 -1	 0.000000	 9.023592
195	 15	 15	 1	 0.000007	 -1	 0.000000	 6.377688
196	 15	 15	 1	 0.000006	 -1	 0.000000	 7.067118
197	 15	 15	 1	 13.779864	 -1	 0.000000	 7.402595
198	 15	 15	 1	 0.000006	 -1	 0.000000	 7.570065
199	 15	 15	 1	 0.000004	 -1	 0.000000	 8.782235
168	 15	 15	 1	 0.031950	 -1	 0.000000	 7.524047
200	 15	 15	 1	 20.594075	 -1	 0.000000	 6.966517
201	 15	 15	 1	 0.000006	 -1	 0.000000	 6.488311
202	 15	 15	 1	 0.000007	 -1	 0.000000	 6.842404
203	 15	 15	 1	 0.000005	 -1	 0.000000	 7.242198
204	 15	 15	 1	 0.000005	 -1	 0.000000	 6.776176
210	 15	 15	 1	 31.358084	 -1	 0.000000	 8.337824
211	 15	 15	 1	 0.000006	 -1	 0.000000	 6.964281
212	 15	 15	 1	 0.000008	 -1	 0.000000	 6.579268
213	 15	 15	 1	 0.216394	 -1	 0.000000	 6.218970
214	 15	 15	 1	 0.001703	 -1	 0.000000	 6.475928
218	 15	 15	 0	 455.629506	 -1	 0.000000	 7.155940
219	 15	 15	 1	 0.000006	 -1	 0.000000	 8.065608
220	 15	 15	 1	 0.000012	 -1	 0.000000	 8.140417
221	 15	 15	 0	 170.319941	 -1	 0.000000	 7.632167
222	 15	 15	 1	 22.554351	 -1	 0.000000	 6.572643
223	 15	 15	 1	 23.602569	 -1	 0.000000	 7.206737
224	 15	 15	 1	 0.000007	 -1	 0.000000	 7.227345
2529	 7	 7	 0	 374.968086	 -1	 0.000000	 12.345671
226	 15	 15	 1	 0.000008	 -1	 0.000000	 6.739666
227	 15	 15	 0	 104.603194	 -1	 0.000000	 7.390788
228	 15	 15	 1	 0.000004	 -1	 0.000000	 7.765661
1138	 11	 11	 0	 451.888505	 -1	 0.000000	 2.075164
229	 15	 15	 1	 0.000007	 -1	 0.000000	 6.560426
230	 15	 15	 1	 0.000006	 -1	 0.000000	 7.837393
231	 15	 15	 1	 0.000009	 -1	 0.000000	 6.964828
232	 15	 15	 1	 0.249503	 -1	 0.000000	 7.206893
233	 15	 15	 1	 0.000011	 -1	 0.000000	 6.423307
234	 15	 15	 0	 144.857139	 -1	 0.000000	 6.803514
235	 15	 15	 1	 0.000004	 -1	 0.000000	 7.759960
236	 15	 15	 1	 0.000008	 -1	 0.000000	 6.590158
237	 15	 15	 1	 19.387657	 -1	 0.000000	 7.076006
238	 15	 15	 1	 27.345475	 -1	 0.000000	 7.466909
241	 15	 15	 1	 0.000006	 -1	 0.000000	 8.228569
242	 15	 15	 1	 0.000006	 -1	 0.000000	 6.554424
243	 15	 15	 1	 0.000007	 -1	 0.000000	 7.085092
244	 15	 15	 1	 0.000008	 -1	 0.000000	 6.694370
245	 15	 15	 1	 40.574436	 -1	 0.000000	 6.878801
246	 15	 15	 1	 0.000006	 -1	 0.000000	 6.760012
247	 15	 15	 1	 0.000005	 -1	 0.000000	 8.811600
248	 15	 15	 1	 0.000009	 -1	 0.000000	 6.781136
249	 15	 15	 1	 0.000008	 -1	 0.000000	 8.169129
250	 15	 15	 1	 0.000006	 -1	 0.000000	 8.254942
251	 15	 15	 1	 23.929914	 -1	 0.000000	 6.951754
252	 15	 15	 1	 0.002892	 -1	 0.000000	 8.898381
253	 15	 15	 1	 0.000006	 -1	 0.000000	 7.336112
254	 15	 15	 1	 1.915656	 -1	 0.000000	 7.689065
>>> gr_fir_ccf: using E
>>> gr_fir_fff: using E
gr_buffer::allocate_buffer: warning: tried to allocate
   17 items of size 3696. Due to alignment requirements
   256 were allocated.  If this isn't OK, consider padding
   your structure to a power-of-two bytes.
   On this platform, our allocation granularity is 4096 bytes.
>>> gr_fir_ccf: using E
>>> gr_fir_fff: using E
terminate called after throwing an instance of 'std::invalid_argument'
  what():  gr_ofdm_demod: Incorrect subcarriers allocated
>>> gr_fir_ccf: using E
>>> gr_fir_fff: using E
terminate called after throwing an instance of 'std::invalid_argument'
  what():  gr_ofdm_demod: Incorrect subcarriers allocated
>>> gr_fir_ccf: using E
>>> gr_fir_fff: using E
gr_buffer::allocate_buffer: warning: tried to allocate
   17 items of size 3696. Due to alignment requirements
   256 were allocated.  If this isn't OK, consider padding
   your structure to a power-of-two bytes.
   On this platform, our allocation granularity is 4096 bytes.
0	 7	 7	 1	 44.622271	 -1	 0.000000	 7.856818
1	 7	 7	 1	 0.003503	 -1	 0.000000	 7.293433
2	 7	 7	 1	 0.003617	 -1	 0.000000	 8.086480
3	 7	 7	 1	 0.002352	 -1	 0.000000	 7.625445
4	 7	 7	 1	 0.003016	 -1	 0.000000	 7.909822
5	 7	 7	 0	 395.694706	 -1	 0.000000	 6.392810
6	 7	 7	 1	 0.003299	 -1	 0.000000	 7.169315
7	 7	 7	 1	 0.004002	 -1	 0.000000	 7.274549
8	 7	 7	 1	 37.735161	 -1	 0.000000	 8.623934
9	 7	 7	 1	 0.004050	 -1	 0.000000	 7.166072
10	 7	 7	 1	 0.004932	 -1	 0.000000	 6.212698
11	 7	 7	 1	 0.005975	 -1	 0.000000	 6.224593
12	 7	 7	 1	 0.004749	 -1	 0.000000	 7.672385
13	 7	 7	 1	 0.003490	 -1	 0.000000	 6.558640
14	 7	 7	 1	 0.003158	 -1	 0.000000	 7.092659
15	 7	 7	 1	 0.413005	 -1	 0.000000	 8.643168
16	 7	 7	 1	 0.004633	 -1	 0.000000	 7.135686
17	 7	 7	 1	 0.005085	 -1	 0.000000	 7.149785
18	 7	 7	 1	 0.003176	 -1	 0.000000	 7.601876
19	 7	 7	 1	 0.092925	 -1	 0.000000	 7.009901
20	 7	 7	 1	 0.002246	 -1	 0.000000	 8.804062
21	 7	 7	 1	 0.075332	 -1	 0.000000	 12.039766
22	 7	 7	 0	 82.032647	 -1	 0.000000	 7.278363
23	 7	 7	 1	 0.003710	 -1	 0.000000	 7.694975
24	 7	 7	 1	 0.002749	 -1	 0.000000	 8.506486
25	 7	 7	 1	 36.766788	 -1	 0.000000	 7.459689
26	 7	 7	 1	 0.002605	 -1	 0.000000	 8.362293
27	 7	 7	 1	 0.003652	 -1	 0.000000	 7.154737
28	 7	 7	 1	 27.767914	 -1	 0.000000	 8.475879
29	 7	 7	 1	 0.005687	 -1	 0.000000	 7.275458
30	 7	 7	 1	 0.006590	 -1	 0.000000	 6.539720
31	 7	 7	 1	 0.004207	 -1	 0.000000	 7.083253
32	 7	 7	 1	 21.971558	 -1	 0.000000	 7.048026
33	 7	 7	 1	 0.003469	 -1	 0.000000	 7.235871
34	 7	 7	 1	 0.002995	 -1	 0.000000	 8.376601
35	 7	 7	 1	 0.650539	 -1	 0.000000	 7.992840
36	 7	 7	 1	 0.004214	 -1	 0.000000	 6.778062
37	 7	 7	 1	 0.002654	 -1	 0.000000	 7.463092
38	 7	 7	 1	 7.686351	 -1	 0.000000	 7.015547
39	 7	 7	 1	 0.008488	 -1	 0.000000	 6.138260
40	 7	 7	 1	 0.005941	 -1	 0.000000	 6.382017
41	 7	 7	 1	 0.006045	 -1	 0.000000	 7.879996
42	 7	 7	 1	 0.003048	 -1	 0.000000	 7.556252
43	 7	 7	 1	 0.004561	 -1	 0.000000	 6.802331
44	 7	 7	 1	 0.002667	 -1	 0.000000	 8.133350
45	 7	 7	 1	 0.002906	 -1	 0.000000	 8.586596
46	 7	 7	 0	 131.921419	 -1	 0.000000	 8.729834
47	 7	 7	 0	 241.318489	 -1	 0.000000	 6.343866
48	 7	 7	 1	 0.004516	 -1	 0.000000	 6.557583
49	 7	 7	 1	 0.003626	 -1	 0.000000	 7.400341
50	 7	 7	 1	 0.005685	 -1	 0.000000	 6.594281
51	 7	 7	 1	 0.004841	 -1	 0.000000	 6.587863
52	 7	 7	 1	 0.003330	 -1	 0.000000	 7.084315
53	 7	 7	 1	 0.003279	 -1	 0.000000	 7.595477
54	 7	 7	 1	 0.002473	 -1	 0.000000	 8.731192
55	 7	 7	 1	 0.005301	 -1	 0.000000	 7.169522
56	 7	 7	 1	 0.003369	 -1	 0.000000	 7.933827
57	 7	 7	 1	 0.005127	 -1	 0.000000	 7.114786
58	 7	 7	 1	 0.017655	 -1	 0.000000	 8.305828
59	 7	 7	 0	 250.897484	 -1	 0.000000	 7.004981
60	 7	 7	 1	 0.006546	 -1	 0.000000	 6.877196
61	 7	 7	 1	 0.002309	 -1	 0.000000	 8.190147
62	 7	 7	 1	 0.002900	 -1	 0.000000	 9.031797
63	 7	 7	 1	 0.006608	 -1	 0.000000	 6.369257
64	 7	 7	 1	 67.104889	 -1	 0.000000	 7.890722
65	 7	 7	 1	 0.002489	 -1	 0.000000	 8.703840
66	 7	 7	 1	 0.018858	 -1	 0.000000	 6.967391
67	 7	 7	 1	 0.007160	 -1	 0.000000	 6.517127
68	 7	 7	 1	 0.005256	 -1	 0.000000	 7.128415
69	 7	 7	 1	 0.006571	 -1	 0.000000	 7.512733
70	 7	 7	 1	 0.003019	 -1	 0.000000	 7.540203
71	 7	 7	 1	 0.004759	 -1	 0.000000	 6.724996
72	 7	 7	 1	 39.187408	 -1	 0.000000	 7.429012
73	 7	 7	 1	 0.003919	 -1	 0.000000	 6.808838
74	 7	 7	 1	 0.037835	 -1	 0.000000	 9.884024
75	 7	 7	 1	 0.168279	 -1	 0.000000	 14.013026
76	 7	 7	 1	 0.004758	 -1	 0.000000	 6.843273
77	 7	 7	 0	 185.890565	 -1	 0.000000	 7.328447
78	 7	 7	 1	 0.010826	 -1	 0.000000	 8.729418
79	 7	 7	 1	 9.480699	 -1	 0.000000	 7.373889
80	 7	 7	 1	 0.003210	 -1	 0.000000	 6.286760
81	 7	 7	 1	 0.003246	 -1	 0.000000	 8.115642
82	 7	 7	 1	 0.021822	 -1	 0.000000	 7.578980
83	 7	 7	 0	 104.222573	 -1	 0.000000	 7.053063
84	 7	 7	 1	 0.005453	 -1	 0.000000	 6.484884
85	 7	 7	 1	 0.005816	 -1	 0.000000	 7.404030
86	 7	 7	 1	 0.025766	 -1	 0.000000	 8.721663
87	 7	 7	 0	 293.717155	 -1	 0.000000	 7.136969
88	 7	 7	 1	 26.235892	 -1	 0.000000	 7.442036
89	 7	 7	 1	 0.003739	 -1	 0.000000	 7.275619
90	 7	 7	 1	 0.039111	 -1	 0.000000	 8.758227
91	 7	 7	 1	 0.004103	 -1	 0.000000	 6.968140
92	 7	 7	 1	 0.003294	 -1	 0.000000	 7.892969
93	 7	 7	 1	 0.004065	 -1	 0.000000	 7.600337
94	 7	 7	 1	 0.005734	 -1	 0.000000	 6.400313
95	 7	 7	 1	 37.185712	 -1	 0.000000	 6.872339
96	 7	 7	 1	 0.004177	 -1	 0.000000	 6.739993
97	 7	 7	 1	 0.003771	 -1	 0.000000	 6.611709
98	 7	 7	 1	 0.003693	 -1	 0.000000	 8.217249
99	 7	 7	 1	 29.789234	 -1	 0.000000	 7.101052
100	 7	 7	 1	 31.065885	 -1	 0.000000	 7.956562
101	 7	 7	 1	 0.007631	 -1	 0.000000	 9.985154
102	 7	 7	 1	 0.004962	 -1	 0.000000	 8.044098
103	 7	 7	 0	 141.901190	 -1	 0.000000	 8.186481
104	 7	 7	 1	 0.002856	 -1	 0.000000	 10.149995
105	 7	 7	 1	 0.004848	 -1	 0.000000	 6.728465
106	 7	 7	 0	 188.802169	 -1	 0.000000	 8.282966
107	 7	 7	 1	 0.004131	 -1	 0.000000	 7.166560
108	 7	 7	 1	 19.494531	 -1	 0.000000	 8.526974
109	 7	 7	 1	 0.003691	 -1	 0.000000	 6.473965
110	 7	 7	 1	 0.003157	 -1	 0.000000	 7.812031
112	 7	 7	 1	 51.146200	 -1	 0.000000	 7.670040
113	 7	 7	 1	 0.003482	 -1	 0.000000	 8.907159
114	 7	 7	 1	 0.003647	 -1	 0.000000	 8.263213
115	 7	 7	 1	 0.004862	 -1	 0.000000	 6.634337
116	 7	 7	 1	 0.002837	 -1	 0.000000	 8.927298
117	 7	 7	 1	 0.005107	 -1	 0.000000	 6.400946
118	 7	 7	 1	 0.003584	 -1	 0.000000	 7.507342
119	 7	 7	 1	 0.002742	 -1	 0.000000	 7.387300
120	 7	 7	 1	 18.981964	 -1	 0.000000	 9.099726
121	 7	 7	 1	 0.003291	 -1	 0.000000	 7.439082
122	 7	 7	 1	 0.024609	 -1	 0.000000	 8.707172
0	 9	 9	 1	 5.209242	 -1	 0.000000	 7.551212
1	 9	 9	 1	 76.597482	 -1	 0.000000	 6.948587
2	 9	 9	 1	 79.590335	 -1	 0.000000	 6.232163
3	 9	 9	 1	 72.330846	 -1	 0.000000	 7.637633
4	 9	 9	 1	 5.412134	 -1	 0.000000	 6.849568
5	 9	 9	 1	 76.203610	 -1	 0.000000	 6.939669
6	 9	 9	 1	 78.576516	 -1	 0.000000	 6.810395
7	 9	 9	 1	 5.307869	 -1	 0.000000	 7.451612
8	 9	 9	 1	 2.603318	 -1	 0.000000	 9.130679
>>> gr_fir_ccf: using E
>>> gr_fir_fff: using E
gr_buffer::allocate_buffer: warning: tried to allocate
   17 items of size 3696. Due to alignment requirements
   256 were allocated.  If this isn't OK, consider padding
   your structure to a power-of-two bytes.
   On this platform, our allocation granularity is 4096 bytes.
5	 9	 9	 1	 2.640222	 -1	 0.000000	 9.127350
6	 9	 9	 1	 74.932797	 -1	 0.000000	 7.922010
7	 9	 9	 1	 76.778180	 -1	 0.000000	 7.231433
8	 9	 9	 1	 4.879727	 -1	 0.000000	 7.221291
9	 9	 9	 1	 3.981331	 -1	 0.000000	 7.662448
10	 9	 9	 1	 73.088541	 -1	 0.000000	 7.180789
11	 9	 9	 1	 4.331565	 -1	 0.000000	 7.229122
12	 9	 9	 1	 82.127090	 -1	 0.000000	 5.920016
13	 9	 9	 1	 6.791564	 -1	 0.000000	 6.795915
15	 9	 9	 1	 4.672230	 -1	 0.000000	 7.511201
16	 9	 9	 1	 74.644554	 -1	 0.000000	 7.113770
17	 9	 9	 1	 5.366823	 -1	 0.000000	 7.028830
18	 9	 9	 1	 79.071860	 -1	 0.000000	 6.451185
19	 9	 9	 1	 71.964679	 -1	 0.000000	 7.274860
20	 9	 9	 1	 68.320918	 -1	 0.000000	 7.150538
21	 9	 9	 1	 76.240841	 -1	 0.000000	 6.225384
22	 9	 9	 1	 74.251686	 -1	 0.000000	 7.136810
23	 9	 9	 1	 4.079850	 -1	 0.000000	 7.788888
24	 9	 9	 1	 84.342179	 -1	 0.000000	 8.413582
25	 9	 9	 1	 5.022858	 -1	 0.000000	 7.367828
26	 9	 9	 1	 79.687610	 -1	 0.000000	 7.305212
27	 9	 9	 1	 3.205274	 -1	 0.000000	 8.549152
28	 9	 9	 1	 4.607560	 -1	 0.000000	 7.331950
29	 9	 9	 1	 5.676185	 -1	 0.000000	 7.334492
30	 9	 9	 1	 4.094840	 -1	 0.000000	 7.270792
31	 9	 9	 1	 4.166854	 -1	 0.000000	 7.740595
32	 9	 9	 1	 78.441714	 -1	 0.000000	 6.751022
33	 9	 9	 1	 5.326598	 -1	 0.000000	 7.085115
34	 9	 9	 1	 6.610638	 -1	 0.000000	 7.091077
35	 9	 9	 1	 5.604164	 -1	 0.000000	 6.983453
>>> gr_fir_ccf: using E
>>> gr_fir_fff: using E
gr_buffer::allocate_buffer: warning: tried to allocate
   17 items of size 3696. Due to alignment requirements
   256 were allocated.  If this isn't OK, consider padding
   your structure to a power-of-two bytes.
   On this platform, our allocation granularity is 4096 bytes.
11	 11	 11	 1	 6.627347	 -1	 0.000000	 9.012008
12	 11	 11	 1	 78.888807	 -1	 0.000000	 6.203664
13	 11	 11	 1	 15.814832	 -1	 0.000000	 6.574578
14	 11	 11	 1	 17.692673	 -1	 0.000000	 6.662630
15	 11	 11	 1	 68.798324	 -1	 0.000000	 6.562881
16	 11	 11	 1	 11.695417	 -1	 0.000000	 7.073289
17	 11	 11	 1	 12.021672	 -1	 0.000000	 7.237322
18	 11	 11	 1	 16.767006	 -1	 0.000000	 6.842702
19	 11	 11	 1	 55.161667	 -1	 0.000000	 5.997333
20	 11	 11	 1	 14.543384	 -1	 0.000000	 7.025836
21	 11	 11	 1	 14.755924	 -1	 0.000000	 6.690906
22	 11	 11	 1	 9.551652	 -1	 0.000000	 8.705658
23	 11	 11	 1	 54.238679	 -1	 0.000000	 6.539677
24	 11	 11	 1	 14.335400	 -1	 0.000000	 6.746265
25	 11	 11	 1	 9.819925	 -1	 0.000000	 8.340193
26	 11	 11	 1	 7.866972	 -1	 0.000000	 7.633792
27	 11	 11	 1	 48.231021	 -1	 0.000000	 7.007332
29	 11	 11	 1	 56.660739	 -1	 0.000000	 6.907859
30	 11	 11	 1	 12.728180	 -1	 0.000000	 7.889292
31	 11	 11	 1	 67.776996	 -1	 0.000000	 6.241308
32	 11	 11	 1	 17.584293	 -1	 0.000000	 6.690055
33	 11	 11	 1	 12.715514	 -1	 0.000000	 7.260729
34	 11	 11	 1	 9.716616	 -1	 0.000000	 8.354866
35	 11	 11	 1	 9.457552	 -1	 0.000000	 8.123567
36	 11	 11	 1	 11.971342	 -1	 0.000000	 7.239608
37	 11	 11	 1	 42.946632	 -1	 0.000000	 6.240855
38	 11	 11	 1	 86.449186	 -1	 0.000000	 5.997581
39	 11	 11	 1	 75.617593	 -1	 0.000000	 6.700795
40	 11	 11	 1	 6.708019	 -1	 0.000000	 8.995217
41	 11	 11	 1	 16.586640	 -1	 0.000000	 6.862899
42	 11	 11	 1	 11.552474	 -1	 0.000000	 7.372767
43	 11	 11	 1	 10.685745	 -1	 0.000000	 7.470422
44	 11	 11	 1	 14.166937	 -1	 0.000000	 6.868398
45	 11	 11	 1	 12.087966	 -1	 0.000000	 7.304702
46	 11	 11	 1	 65.712550	 -1	 0.000000	 8.301189
47	 11	 11	 1	 44.114144	 -1	 0.000000	 7.051108
48	 11	 11	 1	 17.426413	 -1	 0.000000	 6.352666
49	 11	 11	 1	 39.458270	 -1	 0.000000	 8.326208
50	 11	 11	 1	 14.164507	 -1	 0.000000	 7.039537
51	 11	 11	 1	 13.998598	 -1	 0.000000	 8.231379
52	 11	 11	 1	 18.785373	 -1	 0.000000	 6.910435
53	 11	 11	 1	 85.736971	 -1	 0.000000	 7.489232
54	 11	 11	 1	 13.363997	 -1	 0.000000	 7.615535
56	 11	 11	 1	 87.190265	 -1	 0.000000	 6.997787
57	 11	 11	 1	 8.444992	 -1	 0.000000	 9.877449
58	 11	 11	 1	 51.050184	 -1	 0.000000	 6.762467
59	 11	 11	 1	 10.628529	 -1	 0.000000	 7.857311
60	 11	 11	 1	 57.239492	 -1	 0.000000	 7.043101
61	 11	 11	 1	 64.139782	 -1	 0.000000	 6.831369
62	 11	 11	 1	 73.523188	 -1	 0.000000	 6.782647
63	 11	 11	 1	 11.509277	 -1	 0.000000	 8.451415
64	 11	 11	 1	 64.465277	 -1	 0.000000	 6.298890
65	 11	 11	 1	 14.676152	 -1	 0.000000	 6.828450
66	 11	 11	 1	 13.464068	 -1	 0.000000	 6.589577
67	 11	 11	 1	 17.382685	 -1	 0.000000	 6.461972
68	 11	 11	 1	 10.207340	 -1	 0.000000	 8.626411
69	 11	 11	 1	 55.426063	 -1	 0.000000	 6.056776
70	 11	 11	 1	 10.582334	 -1	 0.000000	 8.303123
71	 11	 11	 1	 82.921844	 -1	 0.000000	 7.766985
72	 11	 11	 1	 15.692788	 -1	 0.000000	 7.538017
73	 11	 11	 1	 14.278032	 -1	 0.000000	 6.993667
74	 11	 11	 1	 11.313233	 -1	 0.000000	 7.061500
75	 11	 11	 1	 70.111100	 -1	 0.000000	 6.479208
76	 11	 11	 1	 13.197409	 -1	 0.000000	 7.736839
78	 11	 11	 1	 7.912602	 -1	 0.000000	 8.557424
79	 11	 11	 1	 109.294640	 -1	 0.000000	 6.625323
80	 11	 11	 1	 59.935383	 -1	 0.000000	 6.565364
81	 11	 11	 1	 62.470837	 -1	 0.000000	 7.113404
82	 11	 11	 1	 13.454060	 -1	 0.000000	 6.800961
83	 11	 11	 1	 10.776683	 -1	 0.000000	 8.103891
84	 11	 11	 1	 22.546278	 -1	 0.000000	 6.113684
85	 11	 11	 1	 14.429969	 -1	 0.000000	 7.332600
86	 11	 11	 1	 9.942430	 -1	 0.000000	 8.392860
87	 11	 11	 1	 20.160346	 -1	 0.000000	 6.391652
89	 11	 11	 1	 68.535270	 -1	 0.000000	 6.438394
90	 11	 11	 1	 10.727681	 -1	 0.000000	 7.455398
91	 11	 11	 1	 11.448083	 -1	 0.000000	 7.245555
92	 11	 11	 1	 55.303837	 -1	 0.000000	 6.924570
93	 11	 11	 1	 8.468393	 -1	 0.000000	 9.046525
94	 11	 11	 1	 15.703501	 -1	 0.000000	 6.657643
95	 11	 11	 1	 57.285780	 -1	 0.000000	 7.973574
96	 11	 11	 1	 16.276542	 -1	 0.000000	 6.640692
97	 11	 11	 1	 53.349436	 -1	 0.000000	 6.659231
98	 11	 11	 1	 46.889417	 -1	 0.000000	 7.070651
99	 11	 11	 1	 13.444743	 -1	 0.000000	 6.972452
100	 11	 11	 1	 49.153041	 -1	 0.000000	 7.458094
101	 11	 11	 1	 50.496259	 -1	 0.000000	 7.923795
103	 11	 11	 1	 10.069039	 -1	 0.000000	 7.392642
104	 11	 11	 1	 110.777299	 -1	 0.000000	 6.353460
105	 11	 11	 1	 45.585923	 -1	 0.000000	 6.317179
107	 11	 11	 1	 11.513267	 -1	 0.000000	 7.312846
108	 11	 11	 1	 7.838436	 -1	 0.000000	 9.702447
109	 11	 11	 1	 16.237568	 -1	 0.000000	 7.294364
110	 11	 11	 1	 15.533471	 -1	 0.000000	 6.695528
111	 11	 11	 1	 16.797631	 -1	 0.000000	 6.744612
112	 11	 11	 1	 59.948885	 -1	 0.000000	 8.724349
113	 11	 11	 1	 9.424662	 -1	 0.000000	 8.254220
114	 11	 11	 1	 21.702667	 -1	 0.000000	 6.406529
115	 11	 11	 1	 14.384353	 -1	 0.000000	 7.168593
116	 11	 11	 1	 17.680642	 -1	 0.000000	 6.751011
117	 11	 11	 1	 14.200443	 -1	 0.000000	 6.968552
118	 11	 11	 1	 31.699609	 -1	 0.000000	 6.780425
119	 11	 11	 1	 13.691019	 -1	 0.000000	 6.769245
120	 11	 11	 1	 13.588407	 -1	 0.000000	 6.651904
121	 11	 11	 1	 61.219382	 -1	 0.000000	 6.414249
122	 11	 11	 1	 8.959177	 -1	 0.000000	 7.792903
123	 11	 11	 1	 20.451061	 -1	 0.000000	 6.622918
124	 11	 11	 1	 13.340466	 -1	 0.000000	 7.628322
125	 11	 11	 1	 70.898437	 -1	 0.000000	 7.169835
126	 11	 11	 1	 58.422250	 -1	 0.000000	 7.083692
127	 11	 11	 1	 19.102076	 -1	 0.000000	 6.788256
128	 11	 11	 1	 11.512755	 -1	 0.000000	 7.498597
>>> gr_fir_ccf: using E
>>> gr_fir_fff: using E
gr_buffer::allocate_buffer: warning: tried to allocate
   17 items of size 3696. Due to alignment requirements
   256 were allocated.  If this isn't OK, consider padding
   your structure to a power-of-two bytes.
   On this platform, our allocation granularity is 4096 bytes.
3	 11	 11	 1	 64.891662	 -1	 0.000000	 6.401958
4	 11	 11	 1	 15.171301	 -1	 0.000000	 6.757706
5	 11	 11	 1	 20.475402	 -1	 0.000000	 6.438610
6	 11	 11	 1	 59.428453	 -1	 0.000000	 7.271383
7	 11	 11	 1	 10.043492	 -1	 0.000000	 8.213195
8	 11	 11	 1	 11.103506	 -1	 0.000000	 7.294508
9	 11	 11	 1	 11.454785	 -1	 0.000000	 7.247207
3047	 5	 5	 0	 414.229461	 -1	 0.000000	 6.256335
10	 11	 11	 1	 22.066429	 -1	 0.000000	 7.112505
11	 11	 11	 1	 50.847650	 -1	 0.000000	 9.500504
12	 11	 11	 1	 8.083950	 -1	 0.000000	 9.243398
13	 11	 11	 1	 37.194563	 -1	 0.000000	 7.137620
14	 11	 11	 1	 93.932563	 -1	 0.000000	 8.165696
15	 11	 11	 1	 12.217496	 -1	 0.000000	 7.768445
16	 11	 11	 1	 14.129280	 -1	 0.000000	 6.830618
17	 11	 11	 1	 8.913391	 -1	 0.000000	 9.530555
18	 11	 11	 1	 21.387281	 -1	 0.000000	 6.412739
19	 11	 11	 1	 49.666556	 -1	 0.000000	 6.648368
20	 11	 11	 1	 12.100517	 -1	 0.000000	 7.531929
21	 11	 11	 1	 13.973591	 -1	 0.000000	 6.918676
22	 11	 11	 1	 72.128791	 -1	 0.000000	 6.627392
23	 11	 11	 1	 7.916803	 -1	 0.000000	 8.756693
24	 11	 11	 1	 9.960404	 -1	 0.000000	 7.834795
25	 11	 11	 1	 7.763791	 -1	 0.000000	 8.783599
26	 11	 11	 1	 82.814629	 -1	 0.000000	 7.408500
27	 11	 11	 1	 40.357567	 -1	 0.000000	 7.299035
28	 11	 11	 1	 10.453482	 -1	 0.000000	 7.719410
29	 11	 11	 1	 16.795208	 -1	 0.000000	 6.827914
30	 11	 11	 1	 7.758780	 -1	 0.000000	 8.181627
32	 11	 11	 1	 48.701382	 -1	 0.000000	 6.747721
33	 11	 11	 1	 67.735747	 -1	 0.000000	 8.114871
34	 11	 11	 1	 65.166302	 -1	 0.000000	 6.791133
35	 11	 11	 1	 46.992432	 -1	 0.000000	 6.800811
36	 11	 11	 1	 124.133864	 -1	 0.000000	 6.614336
37	 11	 11	 1	 7.320483	 -1	 0.000000	 9.399063
38	 11	 11	 0	 255.381654	 -1	 0.000000	 7.502095
0	 10	 10	 0	 393.196731	 -1	 0.000000	 7.066894
1	 10	 10	 0	 409.039050	 -1	 0.000000	 8.850924
2	 10	 10	 1	 213.204216	 -1	 0.000000	 9.711650
6	 10	 10	 0	 392.073469	 -1	 0.000000	 6.975267
7	 10	 10	 0	 450.821343	 -1	 0.000000	 6.811770
8	 10	 10	 1	 327.520031	 -1	 0.000000	 7.995138
9	 10	 10	 0	 407.936711	 -1	 0.000000	 6.486500
10	 10	 10	 1	 344.624391	 -1	 0.000000	 7.321514
11	 10	 10	 1	 276.014859	 -1	 0.000000	 7.693694
>>> gr_fir_ccf: using E
>>> gr_fir_fff: using E
gr_buffer::allocate_buffer: warning: tried to allocate
   17 items of size 3696. Due to alignment requirements
   256 were allocated.  If this isn't OK, consider padding
   your structure to a power-of-two bytes.
   On this platform, our allocation granularity is 4096 bytes.
20	 10	 10	 1	 369.149512	 -1	 0.000000	 6.934162
21	 10	 10	 0	 461.616944	 -1	 0.000000	 6.144572
22	 10	 10	 1	 271.284098	 -1	 0.000000	 9.057883
23	 10	 10	 0	 443.737160	 -1	 0.000000	 7.546381
24	 10	 10	 1	 384.687746	 -1	 0.000000	 6.646294
25	 10	 10	 1	 323.271355	 -1	 0.000000	 7.214687
27	 10	 10	 0	 388.026078	 -1	 0.000000	 6.770602
28	 10	 10	 1	 236.851067	 -1	 0.000000	 8.272514
29	 10	 10	 1	 255.996118	 -1	 0.000000	 8.550454
30	 10	 10	 1	 229.334711	 -1	 0.000000	 9.087049
31	 10	 10	 0	 407.779296	 -1	 0.000000	 6.914096
32	 10	 10	 0	 422.016611	 -1	 0.000000	 6.816803
33	 10	 10	 1	 291.416135	 -1	 0.000000	 7.122344
34	 10	 10	 0	 446.313973	 -1	 0.000000	 6.808967
35	 10	 10	 0	 405.227992	 -1	 0.000000	 6.563492
36	 10	 10	 1	 232.089534	 -1	 0.000000	 7.788121
37	 10	 10	 1	 393.315306	 -1	 0.000000	 6.330240
38	 10	 10	 0	 415.347462	 -1	 0.000000	 7.190851
39	 10	 10	 0	 443.834299	 -1	 0.000000	 7.312077
40	 10	 10	 1	 334.570523	 -1	 0.000000	 7.659464
41	 10	 10	 1	 232.825458	 -1	 0.000000	 9.196019
42	 10	 10	 0	 421.679838	 -1	 0.000000	 8.143832
43	 10	 10	 1	 300.495831	 -1	 0.000000	 7.268895
44	 10	 10	 1	 324.776236	 -1	 0.000000	 7.227346
45	 10	 10	 1	 283.089123	 -1	 0.000000	 7.952318
46	 10	 10	 0	 389.756811	 -1	 0.000000	 6.971214
48	 10	 10	 1	 342.765642	 -1	 0.000000	 6.823591
49	 10	 10	 1	 328.662614	 -1	 0.000000	 7.045594
50	 10	 10	 1	 245.105152	 -1	 0.000000	 8.295164
51	 10	 10	 0	 450.202798	 -1	 0.000000	 7.155886
52	 10	 10	 1	 133.817733	 -1	 0.000000	 14.663056
53	 10	 10	 1	 243.247700	 -1	 0.000000	 8.096751
54	 10	 10	 1	 374.363347	 -1	 0.000000	 6.911702
56	 10	 10	 1	 322.491706	 -1	 0.000000	 7.135769
57	 10	 10	 1	 338.563184	 -1	 0.000000	 7.191426
58	 10	 10	 0	 448.229045	 -1	 0.000000	 6.280457
59	 10	 10	 1	 353.271424	 -1	 0.000000	 7.083116
60	 10	 10	 1	 233.374761	 -1	 0.000000	 8.391792
61	 10	 10	 0	 437.006869	 -1	 0.000000	 6.978803
67	 10	 10	 0	 460.520991	 -1	 0.000000	 5.741227
68	 10	 10	 1	 250.888450	 -1	 0.000000	 7.972391
69	 10	 10	 1	 218.159957	 -1	 0.000000	 10.743682
70	 10	 10	 0	 402.488802	 -1	 0.000000	 6.633178
71	 10	 10	 1	 349.295957	 -1	 0.000000	 7.010298
72	 10	 10	 1	 242.518609	 -1	 0.000000	 7.975895
73	 10	 10	 0	 442.498519	 -1	 0.000000	 6.013442
74	 10	 10	 1	 251.274457	 -1	 0.000000	 8.022327
75	 10	 10	 1	 337.816639	 -1	 0.000000	 7.619525
76	 10	 10	 0	 446.419355	 -1	 0.000000	 7.117397
78	 10	 10	 1	 359.389374	 -1	 0.000000	 6.838495
79	 10	 10	 0	 419.241332	 -1	 0.000000	 6.845578
80	 10	 10	 1	 371.659459	 -1	 0.000000	 6.568283
81	 10	 10	 0	 457.733166	 -1	 0.000000	 6.216091
82	 10	 10	 0	 446.370901	 -1	 0.000000	 6.943201
1	 13	 13	 1	 0.000001	 -1	 0.000000	 7.098099
2	 13	 13	 1	 0.000001	 -1	 0.000000	 7.751750
3	 13	 13	 1	 0.000001	 -1	 0.000000	 9.847779
4	 13	 13	 1	 0.000001	 -1	 0.000000	 6.657207
5	 13	 13	 1	 0.000001	 -1	 0.000000	 7.665316
6	 13	 13	 1	 0.000001	 -1	 0.000000	 7.775924
7	 13	 13	 1	 0.000001	 -1	 0.000000	 6.846036
8	 13	 13	 1	 24.973826	 -1	 0.000000	 9.237695
9	 13	 13	 1	 0.000001	 -1	 0.000000	 6.630491
10	 13	 13	 1	 0.000001	 -1	 0.000000	 7.407913
11	 13	 13	 1	 0.000001	 -1	 0.000000	 6.558150
12	 13	 13	 1	 0.000001	 -1	 0.000000	 6.580018
13	 13	 13	 1	 0.000001	 -1	 0.000000	 6.866640
14	 13	 13	 1	 0.000001	 -1	 0.000000	 6.155739
15	 13	 13	 1	 0.000001	 -1	 0.000000	 6.644971
16	 13	 13	 1	 6.449000	 -1	 0.000000	 7.768031
17	 13	 13	 1	 0.000001	 -1	 0.000000	 6.908983
18	 13	 13	 1	 0.000001	 -1	 0.000000	 7.879407
19	 13	 13	 0	 313.648130	 -1	 0.000000	 9.024423
20	 13	 13	 1	 0.000001	 -1	 0.000000	 7.161423
21	 13	 13	 1	 0.000001	 -1	 0.000000	 7.883681
22	 13	 13	 1	 0.000001	 -1	 0.000000	 6.854370
23	 13	 13	 1	 0.000001	 -1	 0.000000	 6.697361
24	 13	 13	 1	 0.000001	 -1	 0.000000	 7.096448
25	 13	 13	 1	 0.000001	 -1	 0.000000	 8.618850
26	 13	 13	 1	 0.000001	 -1	 0.000000	 7.879828
27	 13	 13	 1	 0.000001	 -1	 0.000000	 7.243416
28	 13	 13	 1	 0.000001	 -1	 0.000000	 6.989339
29	 13	 13	 1	 0.000001	 -1	 0.000000	 7.658226
30	 13	 13	 1	 14.902747	 -1	 0.000000	 8.040311
31	 13	 13	 1	 0.000001	 -1	 0.000000	 7.675794
32	 13	 13	 1	 0.000001	 -1	 0.000000	 6.933781
33	 13	 13	 1	 0.000001	 -1	 0.000000	 7.631497
34	 13	 13	 1	 0.001031	 -1	 0.000000	 8.974345
35	 13	 13	 1	 0.000002	 -1	 0.000000	 7.552448
36	 13	 13	 1	 0.000001	 -1	 0.000000	 6.486393
37	 13	 13	 1	 0.000001	 -1	 0.000000	 7.796305
38	 13	 13	 1	 0.000001	 -1	 0.000000	 6.800306
39	 13	 13	 1	 0.000001	 -1	 0.000000	 6.728034
40	 13	 13	 1	 0.000001	 -1	 0.000000	 7.282156
41	 13	 13	 1	 0.000001	 -1	 0.000000	 7.579482
42	 13	 13	 1	 0.000001	 -1	 0.000000	 7.241154
43	 13	 13	 1	 0.000001	 -1	 0.000000	 7.617041
44	 13	 13	 1	 0.000001	 -1	 0.000000	 7.302064
45	 13	 13	 1	 0.000001	 -1	 0.000000	 6.484398
46	 13	 13	 1	 0.000001	 -1	 0.000000	 7.782176
48	 13	 13	 1	 0.000002	 -1	 0.000000	 6.175818
49	 13	 13	 1	 0.085923	 -1	 0.000000	 6.930033
50	 13	 13	 1	 0.000002	 -1	 0.000000	 6.542892
51	 13	 13	 1	 5.239486	 -1	 0.000000	 7.725977
52	 13	 13	 1	 0.000001	 -1	 0.000000	 7.932406
53	 13	 13	 1	 0.000001	 -1	 0.000000	 6.652719
54	 13	 13	 1	 10.692548	 -1	 0.000000	 7.267764
55	 13	 13	 1	 0.000001	 -1	 0.000000	 7.126517
56	 13	 13	 1	 0.000001	 -1	 0.000000	 13.564551
57	 13	 13	 1	 0.000001	 -1	 0.000000	 8.163319
58	 13	 13	 1	 0.000001	 -1	 0.000000	 6.917443
59	 13	 13	 1	 0.000001	 -1	 0.000000	 7.602325
60	 13	 13	 1	 0.000001	 -1	 0.000000	 8.018418
61	 13	 13	 1	 0.000001	 -1	 0.000000	 6.671469
62	 13	 13	 1	 0.000001	 -1	 0.000000	 6.111656
63	 13	 13	 1	 0.000002	 -1	 0.000000	 6.713575
64	 13	 13	 1	 0.000001	 -1	 0.000000	 7.460361
65	 13	 13	 1	 0.000001	 -1	 0.000000	 7.039630
66	 13	 13	 1	 0.000001	 -1	 0.000000	 7.786220
67	 13	 13	 1	 0.000001	 -1	 0.000000	 7.024981
68	 13	 13	 1	 0.000002	 -1	 0.000000	 6.929288
69	 13	 13	 1	 0.000001	 -1	 0.000000	 7.799796
70	 13	 13	 1	 0.000001	 -1	 0.000000	 6.516798
71	 13	 13	 1	 0.000001	 -1	 0.000000	 6.497766
72	 13	 13	 1	 0.000001	 -1	 0.000000	 7.138773
73	 13	 13	 1	 0.000001	 -1	 0.000000	 7.293153
74	 13	 13	 1	 0.000001	 -1	 0.000000	 7.902935
75	 13	 13	 1	 0.000001	 -1	 0.000000	 6.873760
76	 13	 13	 1	 0.000001	 -1	 0.000000	 7.823775
77	 13	 13	 1	 0.000001	 -1	 0.000000	 7.244697
78	 13	 13	 1	 0.000001	 -1	 0.000000	 7.536453
79	 13	 13	 1	 0.000001	 -1	 0.000000	 8.669080
80	 13	 13	 1	 0.000001	 -1	 0.000000	 6.884197
81	 13	 13	 1	 0.000001	 -1	 0.000000	 6.849345
82	 13	 13	 1	 0.000001	 -1	 0.000000	 7.401378
83	 13	 13	 1	 0.000001	 -1	 0.000000	 6.702942
84	 13	 13	 1	 0.124190	 -1	 0.000000	 7.250462
85	 13	 13	 1	 0.000001	 -1	 0.000000	 9.893503
86	 13	 13	 1	 0.000001	 -1	 0.000000	 8.207829
87	 13	 13	 1	 0.000001	 -1	 0.000000	 6.408220
1349	 15	 15	 0	 375.441858	 -1	 0.000000	 2.960084
88	 13	 13	 1	 0.000002	 -1	 0.000000	 6.456447
89	 13	 13	 1	 0.000002	 -1	 0.000000	 5.892138
122	 5	 5	 0	 413.314629	 -1	 0.000000	 2.354358
90	 13	 13	 1	 0.000001	 -1	 0.000000	 7.248987
91	 13	 13	 1	 0.000001	 -1	 0.000000	 9.398275
92	 13	 13	 1	 0.000001	 -1	 0.000000	 7.615571
93	 13	 13	 1	 0.000001	 -1	 0.000000	 6.241079
94	 13	 13	 1	 0.000001	 -1	 0.000000	 7.004167
95	 13	 13	 1	 0.000001	 -1	 0.000000	 8.530580
96	 13	 13	 1	 0.000001	 -1	 0.000000	 7.739935
97	 13	 13	 1	 0.000001	 -1	 0.000000	 6.730324
98	 13	 13	 1	 0.000001	 -1	 0.000000	 6.695195
99	 13	 13	 1	 0.000001	 -1	 0.000000	 7.453737
100	 13	 13	 1	 0.000001	 -1	 0.000000	 8.572909
101	 13	 13	 1	 0.000001	 -1	 0.000000	 6.206750
102	 13	 13	 1	 0.000001	 -1	 0.000000	 6.931440
103	 13	 13	 1	 0.000001	 -1	 0.000000	 7.574532
104	 13	 13	 1	 0.000001	 -1	 0.000000	 7.225686
105	 13	 13	 1	 0.000001	 -1	 0.000000	 6.662056
106	 13	 13	 1	 0.000001	 -1	 0.000000	 7.483947
107	 13	 13	 1	 0.000001	 -1	 0.000000	 5.673204
108	 13	 13	 1	 0.000002	 -1	 0.000000	 6.968049
109	 13	 13	 1	 0.000001	 -1	 0.000000	 7.350700
110	 13	 13	 1	 0.000001	 -1	 0.000000	 7.127585
111	 13	 13	 1	 0.000001	 -1	 0.000000	 7.326025
112	 13	 13	 1	 0.000000	 -1	 0.000000	 8.458992
113	 13	 13	 1	 0.000002	 -1	 0.000000	 7.444911
114	 13	 13	 1	 0.000001	 -1	 0.000000	 7.602608
115	 13	 13	 1	 0.000001	 -1	 0.000000	 7.130472
116	 13	 13	 1	 0.000001	 -1	 0.000000	 6.682160
117	 13	 13	 1	 0.000001	 -1	 0.000000	 6.395246
118	 13	 13	 1	 0.000001	 -1	 0.000000	 6.185899
119	 13	 13	 1	 0.000001	 -1	 0.000000	 7.278415
120	 13	 13	 1	 0.000001	 -1	 0.000000	 6.809190
121	 13	 13	 1	 0.000001	 -1	 0.000000	 7.097347
122	 13	 13	 1	 0.000002	 -1	 0.000000	 6.278409
123	 13	 13	 1	 0.000001	 -1	 0.000000	 7.304620
124	 13	 13	 1	 0.013433	 -1	 0.000000	 6.874105
125	 13	 13	 1	 0.000001	 -1	 0.000000	 6.042338
126	 13	 13	 1	 6.060824	 -1	 0.000000	 6.926415
127	 13	 13	 1	 0.000001	 -1	 0.000000	 6.503069
128	 13	 13	 1	 0.000001	 -1	 0.000000	 6.360605
129	 13	 13	 1	 0.000001	 -1	 0.000000	 6.567742
130	 13	 13	 1	 0.000001	 -1	 0.000000	 6.097290
131	 13	 13	 1	 0.000001	 -1	 0.000000	 6.351745
1483	 9	 9	 0	 453.904239	 -1	 0.000000	 5.191043
133	 13	 13	 1	 36.750199	 -1	 0.000000	 8.424404
134	 13	 13	 1	 0.000001	 -1	 0.000000	 7.114031
135	 13	 13	 1	 0.000001	 -1	 0.000000	 7.126934
136	 13	 13	 1	 0.000001	 -1	 0.000000	 7.022949
137	 13	 13	 1	 0.000001	 -1	 0.000000	 6.271350
138	 13	 13	 1	 0.000001	 -1	 0.000000	 6.507982
139	 13	 13	 1	 0.000001	 -1	 0.000000	 8.303916
140	 13	 13	 1	 0.000001	 -1	 0.000000	 8.362912
141	 13	 13	 1	 0.000001	 -1	 0.000000	 6.942914
142	 13	 13	 1	 0.000001	 -1	 0.000000	 6.873745
143	 13	 13	 1	 0.000001	 -1	 0.000000	 6.830350
144	 13	 13	 1	 0.000001	 -1	 0.000000	 7.213475
145	 13	 13	 1	 0.000001	 -1	 0.000000	 7.193305
146	 13	 13	 1	 0.000001	 -1	 0.000000	 8.867291
147	 13	 13	 1	 0.000001	 -1	 0.000000	 7.190627
148	 13	 13	 1	 0.000001	 -1	 0.000000	 6.260352
149	 13	 13	 1	 0.000001	 -1	 0.000000	 6.438995
150	 13	 13	 1	 0.000001	 -1	 0.000000	 6.363465
151	 13	 13	 1	 0.000001	 -1	 0.000000	 7.339330
152	 13	 13	 1	 0.000000	 -1	 0.000000	 7.822264
153	 13	 13	 1	 0.000001	 -1	 0.000000	 7.160057
154	 13	 13	 1	 0.000001	 -1	 0.000000	 6.747250
155	 13	 13	 1	 0.000001	 -1	 0.000000	 6.423978
156	 13	 13	 1	 0.532595	 -1	 0.000000	 7.277560
157	 13	 13	 1	 0.000001	 -1	 0.000000	 7.018243
158	 13	 13	 1	 0.000001	 -1	 0.000000	 6.431458
159	 13	 13	 1	 0.000001	 -1	 0.000000	 7.808457
160	 13	 13	 1	 0.000001	 -1	 0.000000	 6.843756
161	 13	 13	 1	 0.000001	 -1	 0.000000	 7.302477
162	 13	 13	 1	 0.000001	 -1	 0.000000	 6.293133
163	 13	 13	 1	 0.000001	 -1	 0.000000	 6.569602
164	 13	 13	 1	 0.000003	 -1	 0.000000	 7.051434
165	 13	 13	 1	 0.000001	 -1	 0.000000	 6.013124
167	 13	 13	 1	 0.000001	 -1	 0.000000	 6.945831
168	 13	 13	 1	 0.000001	 -1	 0.000000	 6.471565
169	 13	 13	 1	 0.000001	 -1	 0.000000	 6.739602
170	 13	 13	 1	 0.000002	 -1	 0.000000	 7.080202
171	 13	 13	 1	 0.000001	 -1	 0.000000	 6.602195
172	 13	 13	 1	 0.000001	 -1	 0.000000	 7.308428
174	 13	 13	 1	 0.000001	 -1	 0.000000	 8.332000
175	 13	 13	 1	 0.000001	 -1	 0.000000	 7.242270
176	 13	 13	 1	 0.000001	 -1	 0.000000	 8.636895
178	 13	 13	 1	 0.000001	 -1	 0.000000	 8.851877
179	 13	 13	 1	 0.000001	 -1	 0.000000	 6.296558
180	 13	 13	 1	 3.761611	 -1	 0.000000	 6.651621
181	 13	 13	 0	 302.046963	 -1	 0.000000	 7.133060
182	 13	 13	 1	 0.000001	 -1	 0.000000	 7.385629
183	 13	 13	 1	 0.000001	 -1	 0.000000	 7.178534
184	 13	 13	 1	 0.000001	 -1	 0.000000	 6.943998
185	 13	 13	 1	 0.000001	 -1	 0.000000	 7.124627
186	 13	 13	 0	 224.169314	 -1	 0.000000	 6.223095
187	 13	 13	 1	 0.000001	 -1	 0.000000	 6.556200
188	 13	 13	 1	 0.000001	 -1	 0.000000	 6.302991
190	 13	 13	 1	 0.790382	 -1	 0.000000	 6.842003
191	 13	 13	 1	 0.000001	 -1	 0.000000	 7.021000
192	 13	 13	 1	 4.328527	 -1	 0.000000	 7.482348
193	 13	 13	 0	 308.115132	 -1	 0.000000	 8.290579
194	 13	 13	 1	 0.000001	 -1	 0.000000	 7.219513
195	 13	 13	 1	 0.000001	 -1	 0.000000	 7.101246
196	 13	 13	 1	 0.000002	 -1	 0.000000	 7.619962
197	 13	 13	 1	 0.000001	 -1	 0.000000	 7.789636
198	 13	 13	 1	 0.000001	 -1	 0.000000	 7.164886
199	 13	 13	 1	 0.000002	 -1	 0.000000	 7.989684
202	 13	 13	 1	 0.000001	 -1	 0.000000	 6.994631
204	 13	 13	 0	 331.847789	 -1	 0.000000	 6.950896
206	 13	 13	 1	 65.251504	 -1	 0.000000	 7.378696
207	 13	 13	 0	 364.719654	 -1	 0.000000	 8.608018
208	 13	 13	 1	 27.395744	 -1	 0.000000	 5.751402
210	 13	 13	 1	 0.000001	 -1	 0.000000	 7.485477
212	 13	 13	 1	 0.000001	 -1	 0.000000	 6.380165
213	 13	 13	 1	 0.000001	 -1	 0.000000	 7.755335
214	 13	 13	 1	 0.000001	 -1	 0.000000	 7.525862
215	 13	 13	 1	 0.000001	 -1	 0.000000	 7.081980
216	 13	 13	 1	 0.000001	 -1	 0.000000	 7.023549
217	 13	 13	 1	 0.000001	 -1	 0.000000	 6.723992
218	 13	 13	 1	 0.000001	 -1	 0.000000	 6.771346
219	 13	 13	 1	 0.000001	 -1	 0.000000	 7.398873
220	 13	 13	 1	 168.337199	 -1	 0.000000	 7.018397
221	 13	 13	 1	 117.158053	 -1	 0.000000	 6.714442
224	 13	 13	 1	 0.000001	 -1	 0.000000	 6.688565
225	 13	 13	 1	 0.000001	 -1	 0.000000	 7.675273
226	 13	 13	 1	 0.000001	 -1	 0.000000	 6.645684
230	 13	 13	 1	 0.000002	 -1	 0.000000	 7.576975
231	 13	 13	 1	 0.000001	 -1	 0.000000	 7.557287
232	 13	 13	 1	 0.000001	 -1	 0.000000	 7.134650
233	 13	 13	 0	 297.556585	 -1	 0.000000	 6.804027
236	 13	 13	 1	 0.004952	 -1	 0.000000	 6.236971
237	 13	 13	 1	 0.000001	 -1	 0.000000	 7.068080
238	 13	 13	 1	 0.000001	 -1	 0.000000	 7.999286
239	 13	 13	 1	 0.000001	 -1	 0.000000	 6.593835
241	 13	 13	 1	 0.000001	 -1	 0.000000	 6.910200
244	 13	 13	 1	 0.000006	 -1	 0.000000	 7.450690
246	 13	 13	 1	 0.000001	 -1	 0.000000	 6.677537
247	 13	 13	 1	 0.000001	 -1	 0.000000	 6.515809
248	 13	 13	 1	 0.000001	 -1	 0.000000	 6.870055
250	 13	 13	 1	 97.413030	 -1	 0.000000	 7.212073
251	 13	 13	 1	 0.000001	 -1	 0.000000	 7.082201
252	 13	 13	 1	 0.000001	 -1	 0.000000	 6.518519
253	 13	 13	 1	 0.000001	 -1	 0.000000	 7.195016
254	 13	 13	 1	 0.000001	 -1	 0.000000	 7.885180
256	 13	 13	 1	 0.000001	 -1	 0.000000	 6.773141
257	 13	 13	 1	 0.000001	 -1	 0.000000	 6.792344
259	 13	 13	 1	 0.000001	 -1	 0.000000	 6.699468
0	 13	 13	 1	 0.000002	 -1	 0.000000	 6.091692
1	 13	 13	 1	 0.000001	 -1	 0.000000	 6.902740
2	 13	 13	 1	 0.000001	 -1	 0.000000	 7.767085
3	 13	 13	 1	 0.000001	 -1	 0.000000	 6.655620
4	 13	 13	 1	 0.000001	 -1	 0.000000	 7.680332
5	 13	 13	 1	 0.000001	 -1	 0.000000	 6.807700
6	 13	 13	 1	 25.578311	 -1	 0.000000	 6.621920
7	 13	 13	 1	 0.000001	 -1	 0.000000	 7.272442
8	 13	 13	 1	 0.000001	 -1	 0.000000	 7.829243
9	 13	 13	 1	 0.000001	 -1	 0.000000	 6.480704
10	 13	 13	 1	 0.000001	 -1	 0.000000	 6.959228
11	 13	 13	 1	 0.002240	 -1	 0.000000	 7.193378
12	 13	 13	 1	 0.000001	 -1	 0.000000	 6.684820
13	 13	 13	 1	 0.000001	 -1	 0.000000	 7.344618
14	 13	 13	 1	 0.000001	 -1	 0.000000	 6.655519
15	 13	 13	 1	 0.000001	 -1	 0.000000	 7.172670
16	 13	 13	 1	 0.000001	 -1	 0.000000	 7.423163
17	 13	 13	 1	 0.000001	 -1	 0.000000	 6.621449
18	 13	 13	 1	 0.000001	 -1	 0.000000	 8.180595
19	 13	 13	 1	 0.000001	 -1	 0.000000	 7.932239
20	 13	 13	 1	 0.000001	 -1	 0.000000	 6.818624
21	 13	 13	 1	 0.000001	 -1	 0.000000	 7.723567
22	 13	 13	 1	 0.000001	 -1	 0.000000	 6.713607
23	 13	 13	 1	 0.000001	 -1	 0.000000	 7.788845
24	 13	 13	 1	 0.107142	 -1	 0.000000	 6.612921
25	 13	 13	 1	 0.000001	 -1	 0.000000	 7.181319
26	 13	 13	 1	 1.944707	 -1	 0.000000	 6.324489
27	 13	 13	 1	 0.000002	 -1	 0.000000	 6.352074
28	 13	 13	 1	 0.000001	 -1	 0.000000	 6.796270
29	 13	 13	 1	 0.000001	 -1	 0.000000	 5.858312
30	 13	 13	 1	 0.000002	 -1	 0.000000	 6.785158
31	 13	 13	 1	 0.000001	 -1	 0.000000	 6.384531
32	 13	 13	 1	 0.000001	 -1	 0.000000	 6.800368
33	 13	 13	 1	 0.000001	 -1	 0.000000	 8.312813
34	 13	 13	 1	 0.000001	 -1	 0.000000	 6.553886
35	 13	 13	 1	 0.000002	 -1	 0.000000	 6.657226
36	 13	 13	 1	 0.000002	 -1	 0.000000	 7.241856
37	 13	 13	 1	 0.000001	 -1	 0.000000	 6.500929
38	 13	 13	 1	 0.000001	 -1	 0.000000	 9.036576
39	 13	 13	 1	 0.000001	 -1	 0.000000	 6.596744
40	 13	 13	 1	 0.000001	 -1	 0.000000	 7.717029
41	 13	 13	 1	 0.000001	 -1	 0.000000	 7.594278
>>> gr_fir_ccf: using E
>>> gr_fir_fff: using E
gr_buffer::allocate_buffer: warning: tried to allocate
   17 items of size 3696. Due to alignment requirements
   256 were allocated.  If this isn't OK, consider padding
   your structure to a power-of-two bytes.
   On this platform, our allocation granularity is 4096 bytes.
0	 15	 15	 1	 0.000005	 -1	 0.000000	 7.294896
1	 15	 15	 1	 0.000012	 -1	 0.000000	 7.540510
2	 15	 15	 1	 0.000006	 -1	 0.000000	 6.511074
>>> gr_fir_ccf: using E
>>> gr_fir_fff: using E
terminate called after throwing an instance of 'std::invalid_argument'
  what():  gr_ofdm_demod: Incorrect subcarriers allocated
>>> gr_fir_ccf: using E
>>> gr_fir_fff: using E
gr_buffer::allocate_buffer: warning: tried to allocate
   17 items of size 3696. Due to alignment requirements
   256 were allocated.  If this isn't OK, consider padding
   your structure to a power-of-two bytes.
   On this platform, our allocation granularity is 4096 bytes.
0	 5	 5	 1	 64.346078	 -1	 0.000000	 7.479688
1	 5	 5	 1	 0.005571	 -1	 0.000000	 6.661328
2	 5	 5	 1	 0.005159	 -1	 0.000000	 7.566723
3	 5	 5	 0	 195.052080	 -1	 0.000000	 7.099771
4	 5	 5	 1	 14.756923	 -1	 0.000000	 8.268533
5	 5	 5	 1	 0.001254	 -1	 0.000000	 6.881548
6	 5	 5	 1	 0.001475	 -1	 0.000000	 6.724269
7	 5	 5	 1	 0.035374	 -1	 0.000000	 10.123704
8	 5	 5	 1	 0.007728	 -1	 0.000000	 5.847777
9	 5	 5	 1	 0.009036	 -1	 0.000000	 6.505674
10	 5	 5	 1	 0.006089	 -1	 0.000000	 7.043581
11	 5	 5	 1	 8.922656	 -1	 0.000000	 6.890314
12	 5	 5	 1	 0.007441	 -1	 0.000000	 6.449727
13	 5	 5	 1	 0.003846	 -1	 0.000000	 7.443951
1983	 9	 9	 0	 445.172417	 -1	 0.000000	 -0.022972
14	 5	 5	 1	 46.699835	 -1	 0.000000	 6.544626
15	 5	 5	 1	 4.102881	 -1	 0.000000	 8.515812
16	 5	 5	 1	 0.004576	 -1	 0.000000	 7.484447
17	 5	 5	 1	 0.010982	 -1	 0.000000	 6.874044
18	 5	 5	 1	 0.330948	 -1	 0.000000	 9.821855
19	 5	 5	 1	 0.001824	 -1	 0.000000	 6.659126
20	 5	 5	 1	 34.147078	 -1	 0.000000	 7.341986
21	 5	 5	 1	 0.001854	 -1	 0.000000	 6.680140
22	 5	 5	 1	 0.001051	 -1	 0.000000	 7.385273
23	 5	 5	 1	 0.005728	 -1	 0.000000	 6.985718
24	 5	 5	 1	 33.655220	 -1	 0.000000	 6.475803
25	 5	 5	 1	 0.097884	 -1	 0.000000	 9.154798
26	 5	 5	 1	 0.008371	 -1	 0.000000	 6.623973
27	 5	 5	 1	 0.007076	 -1	 0.000000	 6.580534
28	 5	 5	 1	 0.000971	 -1	 0.000000	 7.600103
29	 5	 5	 1	 0.009618	 -1	 0.000000	 7.800808
30	 5	 5	 1	 0.009801	 -1	 0.000000	 7.992384
31	 5	 5	 1	 25.299893	 -1	 0.000000	 7.245645
32	 5	 5	 1	 12.582572	 -1	 0.000000	 9.219009
33	 5	 5	 1	 0.005204	 -1	 0.000000	 7.292673
34	 5	 5	 1	 0.000878	 -1	 0.000000	 8.149908
35	 5	 5	 0	 146.923482	 -1	 0.000000	 7.427487
36	 5	 5	 1	 13.331769	 -1	 0.000000	 14.517699
37	 5	 5	 1	 0.008040	 -1	 0.000000	 6.299989
38	 5	 5	 1	 0.000846	 -1	 0.000000	 8.653462
>>> gr_fir_ccf: using E
>>> gr_fir_fff: using E
terminate called after throwing an instance of 'std::invalid_argument'
  what():  gr_ofdm_demod: Incorrect subcarriers allocated
>>> gr_fir_ccf: using E
>>> gr_fir_fff: using E
gr_buffer::allocate_buffer: warning: tried to allocate
   17 items of size 3696. Due to alignment requirements
   256 were allocated.  If this isn't OK, consider padding
   your structure to a power-of-two bytes.
   On this platform, our allocation granularity is 4096 bytes.
4	 7	 7	 1	 0.005714	 -1	 0.000000	 6.746856
5	 7	 7	 1	 0.009470	 -1	 0.000000	 6.779301
6	 7	 7	 1	 0.003330	 -1	 0.000000	 7.435800
7	 7	 7	 1	 0.002514	 -1	 0.000000	 8.898639
8	 7	 7	 1	 0.003517	 -1	 0.000000	 7.244020
9	 7	 7	 1	 0.006155	 -1	 0.000000	 6.808693
10	 7	 7	 1	 0.002905	 -1	 0.000000	 9.198573
11	 7	 7	 0	 280.498545	 -1	 0.000000	 6.711976
12	 7	 7	 1	 0.005269	 -1	 0.000000	 6.683456
13	 7	 7	 1	 0.004632	 -1	 0.000000	 6.616920
14	 7	 7	 0	 105.149629	 -1	 0.000000	 8.155635
15	 7	 7	 1	 0.005134	 -1	 0.000000	 7.107841
16	 7	 7	 1	 0.005699	 -1	 0.000000	 6.732935
17	 7	 7	 1	 0.003018	 -1	 0.000000	 7.222363
18	 7	 7	 1	 0.026839	 -1	 0.000000	 9.837718
19	 7	 7	 1	 0.005369	 -1	 0.000000	 6.621677
20	 7	 7	 1	 0.002768	 -1	 0.000000	 6.896167
22	 7	 7	 1	 0.004106	 -1	 0.000000	 6.792806
23	 7	 7	 1	 0.002063	 -1	 0.000000	 9.895494
24	 7	 7	 1	 26.843990	 -1	 0.000000	 7.378878
25	 7	 7	 1	 0.003337	 -1	 0.000000	 8.044121
26	 7	 7	 1	 0.002578	 -1	 0.000000	 9.910552
27	 7	 7	 1	 0.003394	 -1	 0.000000	 7.700207
28	 7	 7	 1	 6.458666	 -1	 0.000000	 8.292195
29	 7	 7	 1	 64.203004	 -1	 0.000000	 6.810514
3442	 10	 10	 0	 482.311506	 -1	 0.000000	 4.431466
30	 7	 7	 1	 0.004627	 -1	 0.000000	 6.768779
31	 7	 7	 1	 0.007049	 -1	 0.000000	 8.527890
32	 7	 7	 1	 0.002984	 -1	 0.000000	 7.901264
33	 7	 7	 1	 0.004867	 -1	 0.000000	 6.484040
34	 7	 7	 0	 235.732679	 -1	 0.000000	 9.725206
35	 7	 7	 1	 0.003009	 -1	 0.000000	 7.252995
36	 7	 7	 1	 7.657557	 -1	 0.000000	 10.083227
37	 7	 7	 1	 0.333958	 -1	 0.000000	 9.428839
38	 7	 7	 1	 0.246236	 -1	 0.000000	 7.468334
39	 7	 7	 1	 6.471083	 -1	 0.000000	 6.818240
40	 7	 7	 1	 0.003730	 -1	 0.000000	 7.031159
42	 7	 7	 1	 0.004759	 -1	 0.000000	 6.947809
43	 7	 7	 1	 0.004189	 -1	 0.000000	 6.635599
3101	 11	 11	 0	 456.168360	 -1	 0.000000	 7.131826
44	 7	 7	 1	 0.010247	 -1	 0.000000	 6.758171
45	 7	 7	 1	 0.002787	 -1	 0.000000	 7.032203
222	 13	 13	 0	 380.685108	 -1	 0.000000	 5.681761
46	 7	 7	 1	 0.008739	 -1	 0.000000	 7.593912
47	 7	 7	 0	 315.259523	 -1	 0.000000	 6.908839
48	 7	 7	 1	 0.004083	 -1	 0.000000	 6.206634
49	 7	 7	 1	 0.002980	 -1	 0.000000	 8.729208
50	 7	 7	 1	 0.002276	 -1	 0.000000	 8.162642
51	 7	 7	 0	 330.598876	 -1	 0.000000	 7.002030
52	 7	 7	 1	 0.003411	 -1	 0.000000	 6.800352
53	 7	 7	 1	 0.002278	 -1	 0.000000	 8.685543
54	 7	 7	 1	 0.009175	 -1	 0.000000	 9.085302
55	 7	 7	 1	 0.005051	 -1	 0.000000	 6.831618
56	 7	 7	 1	 0.003580	 -1	 0.000000	 7.256756
57	 7	 7	 1	 0.141838	 -1	 0.000000	 9.403973
58	 7	 7	 1	 0.002832	 -1	 0.000000	 7.590689
59	 7	 7	 1	 0.003283	 -1	 0.000000	 6.916690
60	 7	 7	 1	 0.005050	 -1	 0.000000	 6.371192
61	 7	 7	 1	 0.003309	 -1	 0.000000	 7.970068
3160	 5	 5	 0	 398.807421	 -1	 0.000000	 7.617421
62	 7	 7	 1	 0.005885	 -1	 0.000000	 6.437683
63	 7	 7	 1	 0.002134	 -1	 0.000000	 10.483087
64	 7	 7	 1	 0.003102	 -1	 0.000000	 7.533700
65	 7	 7	 1	 1.335304	 -1	 0.000000	 11.190605
66	 7	 7	 0	 341.633555	 -1	 0.000000	 7.586929
67	 7	 7	 1	 0.002318	 -1	 0.000000	 10.152192
68	 7	 7	 1	 0.005554	 -1	 0.000000	 6.703681
69	 7	 7	 1	 66.708068	 -1	 0.000000	 6.982269
70	 7	 7	 1	 0.004595	 -1	 0.000000	 6.747947
71	 7	 7	 1	 0.004184	 -1	 0.000000	 7.121964
72	 7	 7	 0	 140.244535	 -1	 0.000000	 8.764190
73	 7	 7	 1	 0.003818	 -1	 0.000000	 7.001289
74	 7	 7	 1	 0.004769	 -1	 0.000000	 6.624807
75	 7	 7	 1	 0.002983	 -1	 0.000000	 7.225326
76	 7	 7	 0	 111.796748	 -1	 0.000000	 6.388781
77	 7	 7	 1	 0.002766	 -1	 0.000000	 8.462513
78	 7	 7	 1	 0.004345	 -1	 0.000000	 6.821557
79	 7	 7	 1	 0.003087	 -1	 0.000000	 8.141815
80	 7	 7	 0	 75.440622	 -1	 0.000000	 7.027572
81	 7	 7	 1	 0.003237	 -1	 0.000000	 8.430606
82	 7	 7	 1	 79.015125	 -1	 0.000000	 6.025591
83	 7	 7	 1	 0.004676	 -1	 0.000000	 7.039055
84	 7	 7	 1	 0.003035	 -1	 0.000000	 7.077528
85	 7	 7	 1	 0.008468	 -1	 0.000000	 6.543349
86	 7	 7	 1	 0.002435	 -1	 0.000000	 8.229600
87	 7	 7	 1	 0.004108	 -1	 0.000000	 6.226477
649	 11	 11	 0	 464.356518	 -1	 0.000000	 6.242537
88	 7	 7	 1	 0.004055	 -1	 0.000000	 7.442817
89	 7	 7	 0	 128.714393	 -1	 0.000000	 6.232149
90	 7	 7	 1	 0.003284	 -1	 0.000000	 7.404292
91	 7	 7	 1	 0.004355	 -1	 0.000000	 6.828308
92	 7	 7	 1	 0.004110	 -1	 0.000000	 8.514812
93	 7	 7	 1	 0.004207	 -1	 0.000000	 7.178464
94	 7	 7	 1	 0.002973	 -1	 0.000000	 7.337123
95	 7	 7	 1	 0.005078	 -1	 0.000000	 6.524412
96	 7	 7	 1	 2.399018	 -1	 0.000000	 7.471278
97	 7	 7	 1	 20.290923	 -1	 0.000000	 8.496963
98	 7	 7	 1	 0.003215	 -1	 0.000000	 7.516276
99	 7	 7	 1	 0.003729	 -1	 0.000000	 6.639246
100	 7	 7	 1	 0.004152	 -1	 0.000000	 7.502138
101	 7	 7	 1	 0.482292	 -1	 0.000000	 10.243299
102	 7	 7	 1	 0.002381	 -1	 0.000000	 8.381455
103	 7	 7	 1	 1.481031	 -1	 0.000000	 8.177488
104	 7	 7	 1	 48.483317	 -1	 0.000000	 9.870233
105	 7	 7	 1	 0.008161	 -1	 0.000000	 6.246668
106	 7	 7	 1	 0.036276	 -1	 0.000000	 9.176119
107	 7	 7	 0	 312.663386	 -1	 0.000000	 6.615455
108	 7	 7	 1	 0.005260	 -1	 0.000000	 6.780640
109	 7	 7	 1	 0.002563	 -1	 0.000000	 8.255253
110	 7	 7	 1	 0.003231	 -1	 0.000000	 7.656591
111	 7	 7	 1	 72.119513	 -1	 0.000000	 6.662781
112	 7	 7	 1	 0.003424	 -1	 0.000000	 7.140199
113	 7	 7	 1	 0.007448	 -1	 0.000000	 6.399988
114	 7	 7	 1	 0.004656	 -1	 0.000000	 6.647083
115	 7	 7	 1	 2.136351	 -1	 0.000000	 10.894289
116	 7	 7	 1	 0.002828	 -1	 0.000000	 7.592669
117	 7	 7	 1	 0.002877	 -1	 0.000000	 8.179544
118	 7	 7	 1	 0.005556	 -1	 0.000000	 6.912431
119	 7	 7	 1	 0.004158	 -1	 0.000000	 6.468634
120	 7	 7	 1	 0.002878	 -1	 0.000000	 8.289821
121	 7	 7	 1	 0.004600	 -1	 0.000000	 6.342622
122	 7	 7	 1	 0.099336	 -1	 0.000000	 13.803535
123	 7	 7	 1	 76.365980	 -1	 0.000000	 6.306993
124	 7	 7	 1	 0.003906	 -1	 0.000000	 6.557733
125	 7	 7	 1	 0.003975	 -1	 0.000000	 7.542698
126	 7	 7	 1	 0.100743	 -1	 0.000000	 10.437003
127	 7	 7	 0	 299.457919	 -1	 0.000000	 6.483230
128	 7	 7	 1	 0.007507	 -1	 0.000000	 6.110105
129	 7	 7	 1	 0.004393	 -1	 0.000000	 6.541351
130	 7	 7	 1	 94.068839	 -1	 0.000000	 7.369796
131	 7	 7	 1	 0.003235	 -1	 0.000000	 8.149941
132	 7	 7	 1	 0.023540	 -1	 0.000000	 7.381963
133	 7	 7	 1	 0.003905	 -1	 0.000000	 6.927416
134	 7	 7	 1	 0.003566	 -1	 0.000000	 6.920585
135	 7	 7	 1	 0.003640	 -1	 0.000000	 8.096846
136	 7	 7	 1	 0.003173	 -1	 0.000000	 7.986998
137	 7	 7	 1	 0.003889	 -1	 0.000000	 6.808396
138	 7	 7	 1	 1.048292	 -1	 0.000000	 7.937181
139	 7	 7	 1	 0.004245	 -1	 0.000000	 6.088981
140	 7	 7	 1	 0.003509	 -1	 0.000000	 8.261183
141	 7	 7	 1	 73.362402	 -1	 0.000000	 8.695206
142	 7	 7	 1	 0.004837	 -1	 0.000000	 6.095468
143	 7	 7	 1	 0.003878	 -1	 0.000000	 6.899393
144	 7	 7	 1	 0.003291	 -1	 0.000000	 6.901619
145	 7	 7	 1	 0.004801	 -1	 0.000000	 7.240317
146	 7	 7	 1	 0.004054	 -1	 0.000000	 8.727858
147	 7	 7	 1	 0.003584	 -1	 0.000000	 7.666960
148	 7	 7	 1	 22.086091	 -1	 0.000000	 7.841117
149	 7	 7	 1	 0.003956	 -1	 0.000000	 6.945762
150	 7	 7	 1	 0.002870	 -1	 0.000000	 7.206428
151	 7	 7	 1	 0.002678	 -1	 0.000000	 7.525635
152	 7	 7	 1	 29.858478	 -1	 0.000000	 8.294207
153	 7	 7	 1	 92.933632	 -1	 0.000000	 6.888864
154	 7	 7	 1	 41.490552	 -1	 0.000000	 7.004799
155	 7	 7	 1	 0.033260	 -1	 0.000000	 7.102353
156	 7	 7	 1	 0.002912	 -1	 0.000000	 7.801270
157	 7	 7	 1	 0.006067	 -1	 0.000000	 6.130867
158	 7	 7	 1	 0.003583	 -1	 0.000000	 7.250594
159	 7	 7	 1	 0.004027	 -1	 0.000000	 6.532819
160	 7	 7	 1	 0.004207	 -1	 0.000000	 7.230597
161	 7	 7	 1	 11.149803	 -1	 0.000000	 7.312282
163	 7	 7	 1	 0.214262	 -1	 0.000000	 7.725363
164	 7	 7	 1	 0.003667	 -1	 0.000000	 7.207598
165	 7	 7	 1	 0.003159	 -1	 0.000000	 7.192184
166	 7	 7	 1	 0.002936	 -1	 0.000000	 7.884607
167	 7	 7	 1	 0.002670	 -1	 0.000000	 8.752216
168	 7	 7	 1	 0.002575	 -1	 0.000000	 8.881449
169	 7	 7	 1	 0.005904	 -1	 0.000000	 6.261420
170	 7	 7	 1	 4.374448	 -1	 0.000000	 7.153335
171	 7	 7	 1	 0.004006	 -1	 0.000000	 6.762681
172	 7	 7	 1	 0.002238	 -1	 0.000000	 10.745056
173	 7	 7	 1	 0.003220	 -1	 0.000000	 7.052611
174	 7	 7	 1	 0.004401	 -1	 0.000000	 7.057911
175	 7	 7	 1	 0.003678	 -1	 0.000000	 7.907513
176	 7	 7	 1	 48.911098	 -1	 0.000000	 7.593858
179	 7	 7	 1	 0.004078	 -1	 0.000000	 7.491425
180	 7	 7	 1	 56.836743	 -1	 0.000000	 6.908350
182	 7	 7	 1	 0.003610	 -1	 0.000000	 7.345902
183	 7	 7	 1	 0.003033	 -1	 0.000000	 7.206705
184	 7	 7	 1	 1.471505	 -1	 0.000000	 9.470661
185	 7	 7	 1	 0.003299	 -1	 0.000000	 7.149328
186	 7	 7	 1	 77.805799	 -1	 0.000000	 7.210753
187	 7	 7	 1	 0.002563	 -1	 0.000000	 7.867075
188	 7	 7	 1	 0.004219	 -1	 0.000000	 6.564506
189	 7	 7	 1	 0.004059	 -1	 0.000000	 6.701798
190	 7	 7	 1	 0.003749	 -1	 0.000000	 7.041409
191	 7	 7	 1	 0.003581	 -1	 0.000000	 8.047260
192	 7	 7	 0	 344.753523	 -1	 0.000000	 7.714360
194	 7	 7	 1	 0.004698	 -1	 0.000000	 7.086537
195	 7	 7	 1	 0.003162	 -1	 0.000000	 7.055809
196	 7	 7	 1	 0.003095	 -1	 0.000000	 8.245546
197	 7	 7	 1	 42.444463	 -1	 0.000000	 8.863279
198	 7	 7	 1	 0.003425	 -1	 0.000000	 7.228125
199	 7	 7	 1	 0.003250	 -1	 0.000000	 7.751567
201	 7	 7	 1	 0.029660	 -1	 0.000000	 7.718052
1995	 7	 7	 0	 458.609048	 -1	 0.000000	 6.402078
204	 7	 7	 1	 2.839495	 -1	 0.000000	 7.289816
205	 7	 7	 1	 0.042215	 -1	 0.000000	 8.846293
206	 7	 7	 1	 0.005821	 -1	 0.000000	 7.545221
2049	 5	 5	 0	 418.235819	 -1	 0.000000	 4.525308
207	 7	 7	 1	 16.994417	 -1	 0.000000	 6.558924
208	 7	 7	 1	 0.003012	 -1	 0.000000	 8.020333
209	 7	 7	 0	 206.405390	 -1	 0.000000	 7.119724
210	 7	 7	 1	 0.007969	 -1	 0.000000	 5.971537
211	 7	 7	 1	 0.095357	 -1	 0.000000	 8.008198
213	 7	 7	 1	 0.021587	 -1	 0.000000	 7.899659
214	 7	 7	 1	 0.005185	 -1	 0.000000	 6.304650
215	 7	 7	 1	 0.002487	 -1	 0.000000	 8.256135
216	 7	 7	 1	 0.005379	 -1	 0.000000	 7.010899
217	 7	 7	 1	 0.002614	 -1	 0.000000	 7.691190
218	 7	 7	 1	 0.005127	 -1	 0.000000	 6.532294
220	 7	 7	 1	 0.002989	 -1	 0.000000	 7.483527
221	 7	 7	 1	 0.003428	 -1	 0.000000	 7.205281
224	 7	 7	 1	 0.004068	 -1	 0.000000	 7.602257
226	 7	 7	 1	 0.176756	 -1	 0.000000	 7.435842
227	 7	 7	 1	 0.002745	 -1	 0.000000	 8.261498
228	 7	 7	 1	 1.083329	 -1	 0.000000	 8.339313
229	 7	 7	 1	 0.004831	 -1	 0.000000	 6.261191
230	 7	 7	 1	 0.009812	 -1	 0.000000	 5.859027
231	 7	 7	 1	 0.003619	 -1	 0.000000	 6.882820
232	 7	 7	 1	 0.004252	 -1	 0.000000	 6.651377
233	 7	 7	 1	 32.289660	 -1	 0.000000	 6.719997
234	 7	 7	 1	 0.003648	 -1	 0.000000	 6.971797
235	 7	 7	 1	 0.014965	 -1	 0.000000	 6.123717
236	 7	 7	 1	 0.002980	 -1	 0.000000	 7.091425
237	 7	 7	 1	 0.002450	 -1	 0.000000	 9.622130
238	 7	 7	 1	 0.003268	 -1	 0.000000	 7.244031
241	 7	 7	 1	 1.013489	 -1	 0.000000	 7.416193
242	 7	 7	 1	 0.002545	 -1	 0.000000	 8.290254
245	 7	 7	 1	 0.053356	 -1	 0.000000	 8.978425
246	 7	 7	 1	 0.006133	 -1	 0.000000	 6.308699
248	 7	 7	 1	 29.601693	 -1	 0.000000	 7.090687
250	 7	 7	 0	 206.248263	 -1	 0.000000	 6.917609
252	 7	 7	 1	 0.003555	 -1	 0.000000	 7.189819
253	 7	 7	 1	 0.003848	 -1	 0.000000	 7.509063
255	 7	 7	 1	 0.002889	 -1	 0.000000	 7.440337
257	 7	 7	 1	 0.004911	 -1	 0.000000	 7.186816
258	 7	 7	 1	 0.003520	 -1	 0.000000	 7.374550
259	 7	 7	 1	 0.002876	 -1	 0.000000	 7.651992
265	 7	 7	 1	 0.003411	 -1	 0.000000	 7.196886
268	 7	 7	 1	 0.004484	 -1	 0.000000	 7.417785
269	 7	 7	 1	 0.006083	 -1	 0.000000	 7.192455
270	 7	 7	 1	 0.002373	 -1	 0.000000	 8.700130
271	 7	 7	 1	 0.727645	 -1	 0.000000	 7.527602
275	 7	 7	 1	 4.412874	 -1	 0.000000	 7.066623
276	 7	 7	 1	 0.004650	 -1	 0.000000	 6.416626
277	 7	 7	 0	 354.095345	 -1	 0.000000	 5.931634
278	 7	 7	 1	 0.005095	 -1	 0.000000	 5.943113
279	 7	 7	 1	 0.004261	 -1	 0.000000	 7.618008
282	 7	 7	 1	 0.003778	 -1	 0.000000	 6.785944
285	 7	 7	 1	 0.002721	 -1	 0.000000	 8.029092
286	 7	 7	 1	 0.003503	 -1	 0.000000	 6.946915
288	 7	 7	 1	 0.008377	 -1	 0.000000	 6.814618
290	 7	 7	 1	 0.003051	 -1	 0.000000	 7.049650
291	 7	 7	 1	 0.002601	 -1	 0.000000	 8.672568
292	 7	 7	 1	 43.341268	 -1	 0.000000	 6.324563
293	 7	 7	 1	 0.003773	 -1	 0.000000	 6.768572
294	 7	 7	 1	 0.003461	 -1	 0.000000	 8.133186
295	 7	 7	 1	 0.685521	 -1	 0.000000	 6.548861
296	 7	 7	 1	 2.716217	 -1	 0.000000	 7.237551
297	 7	 7	 1	 139.207857	 -1	 0.000000	 6.475066
298	 7	 7	 1	 0.003774	 -1	 0.000000	 6.922872
299	 7	 7	 1	 0.003707	 -1	 0.000000	 6.937522
301	 7	 7	 0	 495.638683	 -1	 0.000000	 6.309004
303	 7	 7	 0	 307.762172	 -1	 0.000000	 9.339116
304	 7	 7	 1	 0.006309	 -1	 0.000000	 6.353177
305	 7	 7	 0	 415.949811	 -1	 0.000000	 7.046500
306	 7	 7	 1	 0.004942	 -1	 0.000000	 7.632957
309	 7	 7	 0	 361.905949	 -1	 0.000000	 8.414481
310	 7	 7	 1	 0.612255	 -1	 0.000000	 7.129384
311	 7	 7	 0	 91.145488	 -1	 0.000000	 8.217596
312	 7	 7	 1	 0.003888	 -1	 0.000000	 7.053086
313	 7	 7	 1	 8.733142	 -1	 0.000000	 6.670432
314	 7	 7	 1	 0.002456	 -1	 0.000000	 8.732320
315	 7	 7	 1	 0.003243	 -1	 0.000000	 7.297617
316	 7	 7	 1	 0.006219	 -1	 0.000000	 6.527952
317	 7	 7	 1	 0.028680	 -1	 0.000000	 8.288010
318	 7	 7	 1	 0.004289	 -1	 0.000000	 6.503938
319	 7	 7	 1	 0.002564	 -1	 0.000000	 8.308270
320	 7	 7	 1	 0.005325	 -1	 0.000000	 6.762482
321	 7	 7	 0	 411.178896	 -1	 0.000000	 5.595689
324	 7	 7	 0	 353.783509	 -1	 0.000000	 5.589954
326	 7	 7	 0	 353.448178	 -1	 0.000000	 9.924027
327	 7	 7	 0	 205.154212	 -1	 0.000000	 7.017802
328	 7	 7	 0	 377.475782	 -1	 0.000000	 6.806769
329	 7	 7	 1	 38.629454	 -1	 0.000000	 7.211521
330	 7	 7	 1	 0.005376	 -1	 0.000000	 6.382541
331	 7	 7	 1	 0.009036	 -1	 0.000000	 6.904040
332	 7	 7	 1	 0.004151	 -1	 0.000000	 6.560729
333	 7	 7	 1	 35.308111	 -1	 0.000000	 7.523275
334	 7	 7	 1	 0.003356	 -1	 0.000000	 7.058932
1567	 11	 11	 0	 498.358066	 -1	 0.000000	 8.207581
336	 7	 7	 0	 195.173119	 -1	 0.000000	 7.313168
337	 7	 7	 1	 0.008902	 -1	 0.000000	 6.862351
338	 7	 7	 1	 0.004747	 -1	 0.000000	 7.218143
339	 7	 7	 1	 3.368261	 -1	 0.000000	 8.873631
341	 7	 7	 0	 386.165424	 -1	 0.000000	 6.965522
108	 7	 7	 0	 428.293803	 -1	 0.000000	 5.862323
347	 7	 7	 1	 0.003751	 -1	 0.000000	 7.280644
349	 7	 7	 1	 0.148427	 -1	 0.000000	 8.522157
350	 7	 7	 0	 370.529526	 -1	 0.000000	 7.501878
351	 7	 7	 1	 0.005479	 -1	 0.000000	 6.550491
352	 7	 7	 1	 0.003365	 -1	 0.000000	 7.348633
353	 7	 7	 1	 0.004263	 -1	 0.000000	 7.788260
354	 7	 7	 1	 70.309741	 -1	 0.000000	 7.992206
355	 7	 7	 1	 0.004820	 -1	 0.000000	 6.260370
356	 7	 7	 1	 0.003670	 -1	 0.000000	 7.130748
357	 7	 7	 1	 50.851283	 -1	 0.000000	 7.262186
358	 7	 7	 1	 0.005555	 -1	 0.000000	 6.178280
359	 7	 7	 1	 0.002412	 -1	 0.000000	 7.773259
360	 7	 7	 1	 0.029575	 -1	 0.000000	 8.774425
361	 7	 7	 1	 0.003538	 -1	 0.000000	 8.632999
365	 7	 7	 1	 0.004962	 -1	 0.000000	 7.513467
367	 7	 7	 0	 192.565324	 -1	 0.000000	 11.817335
370	 7	 7	 1	 0.004132	 -1	 0.000000	 7.204163
371	 7	 7	 1	 0.006185	 -1	 0.000000	 6.119100
372	 7	 7	 1	 0.004328	 -1	 0.000000	 6.325828
373	 7	 7	 1	 23.003889	 -1	 0.000000	 6.718069
374	 7	 7	 1	 0.002235	 -1	 0.000000	 7.629535
375	 7	 7	 1	 0.004902	 -1	 0.000000	 6.878771
376	 7	 7	 1	 0.003327	 -1	 0.000000	 7.205176
377	 7	 7	 1	 0.003410	 -1	 0.000000	 6.924184
378	 7	 7	 1	 0.004378	 -1	 0.000000	 6.525999
379	 7	 7	 1	 0.026055	 -1	 0.000000	 8.413750
380	 7	 7	 1	 0.005791	 -1	 0.000000	 6.527100
381	 7	 7	 1	 0.403143	 -1	 0.000000	 7.465193
382	 7	 7	 1	 4.236276	 -1	 0.000000	 7.376681
385	 7	 7	 1	 0.003455	 -1	 0.000000	 6.555631
386	 7	 7	 0	 422.495817	 -1	 0.000000	 7.767766
387	 7	 7	 1	 0.003285	 -1	 0.000000	 7.088043
388	 7	 7	 1	 33.861896	 -1	 0.000000	 10.479294
389	 7	 7	 1	 0.004598	 -1	 0.000000	 7.021003
391	 7	 7	 1	 0.251863	 -1	 0.000000	 8.508859
392	 7	 7	 1	 0.002198	 -1	 0.000000	 8.022953
393	 7	 7	 1	 2.437342	 -1	 0.000000	 7.824749
394	 7	 7	 1	 0.002341	 -1	 0.000000	 8.175858
395	 7	 7	 1	 0.002966	 -1	 0.000000	 7.492001
396	 7	 7	 1	 0.002557	 -1	 0.000000	 8.074255
397	 7	 7	 1	 0.002389	 -1	 0.000000	 8.585770
398	 7	 7	 1	 0.015061	 -1	 0.000000	 6.877165
399	 7	 7	 1	 0.003629	 -1	 0.000000	 6.797450
440	 7	 7	 1	 0.011917	 -1	 0.000000	 6.834106
441	 7	 7	 1	 0.003970	 -1	 0.000000	 6.797688
442	 7	 7	 1	 0.004656	 -1	 0.000000	 6.957381
443	 7	 7	 1	 0.003731	 -1	 0.000000	 7.252793
444	 7	 7	 1	 0.002397	 -1	 0.000000	 9.030869
445	 7	 7	 0	 255.392803	 -1	 0.000000	 7.038725
446	 7	 7	 1	 0.004135	 -1	 0.000000	 6.279812
2453	 11	 11	 0	 460.969336	 -1	 0.000000	 0.952093
452	 7	 7	 1	 0.002231	 -1	 0.000000	 17.941601
453	 7	 7	 0	 178.202224	 -1	 0.000000	 6.845404
454	 7	 7	 1	 0.002804	 -1	 0.000000	 7.725883
455	 7	 7	 1	 0.019187	 -1	 0.000000	 8.966069
456	 7	 7	 1	 0.024068	 -1	 0.000000	 9.060899
457	 7	 7	 0	 144.897871	 -1	 0.000000	 6.788926
458	 7	 7	 1	 0.003709	 -1	 0.000000	 7.029711
459	 7	 7	 1	 0.003838	 -1	 0.000000	 8.843276
465	 7	 7	 1	 0.002484	 -1	 0.000000	 6.519082
467	 7	 7	 1	 0.002855	 -1	 0.000000	 7.232311
468	 7	 7	 1	 0.004576	 -1	 0.000000	 7.063744
469	 7	 7	 1	 6.252625	 -1	 0.000000	 6.673897
470	 7	 7	 1	 0.004637	 -1	 0.000000	 7.115510
471	 7	 7	 1	 0.004133	 -1	 0.000000	 6.775018
472	 7	 7	 1	 0.285017	 -1	 0.000000	 8.060451
473	 7	 7	 1	 0.002993	 -1	 0.000000	 8.866521
474	 7	 7	 1	 0.002528	 -1	 0.000000	 7.763132
475	 7	 7	 1	 0.004669	 -1	 0.000000	 6.759196
476	 7	 7	 1	 0.005940	 -1	 0.000000	 5.979246
>>> gr_fir_ccf: using E
>>> gr_fir_fff: using E
gr_buffer::allocate_buffer: warning: tried to allocate
   17 items of size 3696. Due to alignment requirements
   256 were allocated.  If this isn't OK, consider padding
   your structure to a power-of-two bytes.
   On this platform, our allocation granularity is 4096 bytes.
13	 7	 7	 1	 0.004827	 -1	 0.000000	 6.382455
14	 7	 7	 1	 0.006061	 -1	 0.000000	 7.225089
15	 7	 7	 1	 0.002728	 -1	 0.000000	 8.750883
16	 7	 7	 1	 0.003597	 -1	 0.000000	 7.066991
17	 7	 7	 1	 96.753239	 -1	 0.000000	 6.247396
18	 7	 7	 1	 11.377547	 -1	 0.000000	 10.996701
19	 7	 7	 1	 0.004809	 -1	 0.000000	 6.563256
20	 7	 7	 1	 0.003454	 -1	 0.000000	 7.281819
21	 7	 7	 1	 0.004116	 -1	 0.000000	 7.293092
22	 7	 7	 0	 161.906324	 -1	 0.000000	 6.640379
23	 7	 7	 1	 0.099308	 -1	 0.000000	 7.889102
24	 7	 7	 1	 102.150786	 -1	 0.000000	 7.123971
25	 7	 7	 1	 0.004424	 -1	 0.000000	 6.535318
26	 7	 7	 1	 0.003168	 -1	 0.000000	 7.550010
27	 7	 7	 1	 0.259722	 -1	 0.000000	 7.188931
28	 7	 7	 1	 0.002958	 -1	 0.000000	 7.821280
29	 7	 7	 0	 122.126355	 -1	 0.000000	 7.007850
30	 7	 7	 1	 0.003616	 -1	 0.000000	 8.674073
31	 7	 7	 1	 0.006166	 -1	 0.000000	 6.073095
32	 7	 7	 1	 60.761598	 -1	 0.000000	 6.994187
33	 7	 7	 1	 0.003137	 -1	 0.000000	 7.768517
34	 7	 7	 1	 0.005464	 -1	 0.000000	 5.980889
35	 7	 7	 1	 0.004625	 -1	 0.000000	 7.554531
36	 7	 7	 1	 0.159219	 -1	 0.000000	 8.871139
37	 7	 7	 1	 0.003963	 -1	 0.000000	 7.046526
38	 7	 7	 1	 7.688807	 -1	 0.000000	 8.180362
39	 7	 7	 1	 0.003079	 -1	 0.000000	 7.784653
40	 7	 7	 1	 0.005025	 -1	 0.000000	 7.452505
41	 7	 7	 1	 0.003489	 -1	 0.000000	 7.325735
42	 7	 7	 1	 77.163925	 -1	 0.000000	 6.649771
43	 7	 7	 1	 0.005504	 -1	 0.000000	 7.308235
44	 7	 7	 0	 159.623895	 -1	 0.000000	 6.924926
45	 7	 7	 1	 0.003643	 -1	 0.000000	 7.446304
46	 7	 7	 0	 386.718212	 -1	 0.000000	 6.874154
47	 7	 7	 0	 119.535904	 -1	 0.000000	 7.719204
48	 7	 7	 1	 0.003213	 -1	 0.000000	 7.502570
49	 7	 7	 1	 0.004202	 -1	 0.000000	 6.234713
50	 7	 7	 1	 0.003366	 -1	 0.000000	 7.660769
51	 7	 7	 1	 0.004744	 -1	 0.000000	 6.297184
52	 7	 7	 1	 0.004358	 -1	 0.000000	 7.416262
53	 7	 7	 1	 0.004260	 -1	 0.000000	 7.685414
54	 7	 7	 1	 0.002550	 -1	 0.000000	 7.383893
55	 7	 7	 1	 0.004345	 -1	 0.000000	 9.210785
56	 7	 7	 1	 0.003681	 -1	 0.000000	 7.501346
57	 7	 7	 1	 0.581705	 -1	 0.000000	 8.308352
58	 7	 7	 1	 0.002479	 -1	 0.000000	 9.687905
59	 7	 7	 1	 0.003557	 -1	 0.000000	 6.972666
60	 7	 7	 1	 0.423459	 -1	 0.000000	 7.739454
61	 7	 7	 1	 0.002617	 -1	 0.000000	 7.099006
62	 7	 7	 1	 0.002586	 -1	 0.000000	 9.488385
63	 7	 7	 1	 0.002558	 -1	 0.000000	 9.559828
64	 7	 7	 1	 40.520467	 -1	 0.000000	 7.761353
65	 7	 7	 1	 0.004125	 -1	 0.000000	 7.305179
66	 7	 7	 1	 0.003880	 -1	 0.000000	 6.486937
67	 7	 7	 1	 0.004151	 -1	 0.000000	 6.691533
68	 7	 7	 1	 0.003349	 -1	 0.000000	 6.994433
69	 7	 7	 0	 336.119313	 -1	 0.000000	 8.398834
70	 7	 7	 1	 0.005250	 -1	 0.000000	 7.183865
71	 7	 7	 1	 0.003828	 -1	 0.000000	 6.565235
72	 7	 7	 1	 0.002717	 -1	 0.000000	 8.104073
73	 7	 7	 1	 0.004358	 -1	 0.000000	 6.875230
74	 7	 7	 1	 0.005659	 -1	 0.000000	 6.256999
75	 7	 7	 1	 0.002868	 -1	 0.000000	 8.624010
76	 7	 7	 1	 0.002685	 -1	 0.000000	 7.351311
77	 7	 7	 1	 0.003081	 -1	 0.000000	 7.751509
78	 7	 7	 1	 0.003601	 -1	 0.000000	 6.724137
79	 7	 7	 1	 0.006092	 -1	 0.000000	 6.142725
80	 7	 7	 1	 0.003138	 -1	 0.000000	 7.075197
81	 7	 7	 1	 0.002306	 -1	 0.000000	 8.361038
82	 7	 7	 1	 0.003605	 -1	 0.000000	 7.104187
83	 7	 7	 0	 269.853911	 -1	 0.000000	 7.843022
84	 7	 7	 1	 0.004294	 -1	 0.000000	 8.181916
85	 7	 7	 1	 0.085252	 -1	 0.000000	 7.345452
86	 7	 7	 1	 0.002986	 -1	 0.000000	 8.554831
87	 7	 7	 0	 362.403647	 -1	 0.000000	 7.363658
88	 7	 7	 1	 0.002377	 -1	 0.000000	 8.529565
89	 7	 7	 1	 0.004615	 -1	 0.000000	 6.468524
90	 7	 7	 1	 0.004704	 -1	 0.000000	 6.634875
91	 7	 7	 1	 0.004681	 -1	 0.000000	 6.528795
92	 7	 7	 1	 0.005856	 -1	 0.000000	 6.613575
93	 7	 7	 1	 116.365784	 -1	 0.000000	 7.673279
94	 7	 7	 1	 0.006544	 -1	 0.000000	 6.067552
95	 7	 7	 1	 0.004310	 -1	 0.000000	 6.632950
96	 7	 7	 1	 0.003867	 -1	 0.000000	 7.187570
97	 7	 7	 1	 74.082390	 -1	 0.000000	 7.931153
98	 7	 7	 1	 0.003242	 -1	 0.000000	 7.520396
99	 7	 7	 1	 0.004893	 -1	 0.000000	 6.277871
100	 7	 7	 1	 22.261569	 -1	 0.000000	 7.278049
101	 7	 7	 0	 168.214622	 -1	 0.000000	 6.173725
102	 7	 7	 1	 0.004738	 -1	 0.000000	 6.563493
103	 7	 7	 1	 0.004165	 -1	 0.000000	 6.955662
104	 7	 7	 1	 0.003238	 -1	 0.000000	 8.203372
105	 7	 7	 1	 0.002887	 -1	 0.000000	 7.540292
106	 7	 7	 1	 0.004898	 -1	 0.000000	 6.620966
107	 7	 7	 1	 0.004381	 -1	 0.000000	 7.726106
108	 7	 7	 1	 0.308208	 -1	 0.000000	 10.458829
109	 7	 7	 1	 0.002413	 -1	 0.000000	 8.604900
110	 7	 7	 1	 0.004921	 -1	 0.000000	 6.349393
111	 7	 7	 1	 9.405664	 -1	 0.000000	 8.520586
112	 7	 7	 1	 0.012906	 -1	 0.000000	 6.735125
113	 7	 7	 1	 0.004772	 -1	 0.000000	 6.651513
114	 7	 7	 1	 0.002789	 -1	 0.000000	 7.792336
115	 7	 7	 1	 0.003768	 -1	 0.000000	 7.395726
116	 7	 7	 1	 48.792047	 -1	 0.000000	 7.794008
117	 7	 7	 1	 0.078303	 -1	 0.000000	 8.035810
118	 7	 7	 1	 13.413909	 -1	 0.000000	 9.632311
119	 7	 7	 1	 0.002039	 -1	 0.000000	 9.175159
120	 7	 7	 1	 0.004085	 -1	 0.000000	 6.704657
3020	 13	 13	 0	 346.855789	 -1	 0.000000	 3.966557
121	 7	 7	 1	 16.306785	 -1	 0.000000	 7.559393
122	 7	 7	 1	 0.003949	 -1	 0.000000	 6.834737
123	 7	 7	 1	 0.003606	 -1	 0.000000	 8.670850
124	 7	 7	 1	 0.048813	 -1	 0.000000	 11.405183
125	 7	 7	 1	 0.004261	 -1	 0.000000	 6.323987
126	 7	 7	 1	 0.008490	 -1	 0.000000	 6.408253
127	 7	 7	 1	 0.002752	 -1	 0.000000	 7.516179
128	 7	 7	 1	 0.003350	 -1	 0.000000	 7.762814
129	 7	 7	 1	 0.002692	 -1	 0.000000	 7.797886
130	 7	 7	 1	 0.003502	 -1	 0.000000	 8.200759
131	 7	 7	 1	 0.004461	 -1	 0.000000	 6.780283
132	 7	 7	 1	 0.002020	 -1	 0.000000	 8.470691
133	 7	 7	 1	 0.002794	 -1	 0.000000	 8.607438
134	 7	 7	 1	 0.003286	 -1	 0.000000	 7.027981
135	 7	 7	 1	 65.230324	 -1	 0.000000	 6.561978
136	 7	 7	 1	 0.006983	 -1	 0.000000	 6.191308
20	 9	 9	 1	 71.866169	 -1	 0.000000	 7.272443
21	 9	 9	 1	 3.421266	 -1	 0.000000	 8.623621
22	 9	 9	 1	 79.014177	 -1	 0.000000	 7.203073
23	 9	 9	 1	 5.631263	 -1	 0.000000	 6.988136
24	 9	 9	 1	 3.736146	 -1	 0.000000	 8.328985
25	 9	 9	 1	 3.180372	 -1	 0.000000	 7.838106
26	 9	 9	 1	 77.422720	 -1	 0.000000	 6.614462
27	 9	 9	 1	 81.833858	 -1	 0.000000	 6.331822
28	 9	 9	 1	 72.300823	 -1	 0.000000	 7.089173
29	 9	 9	 1	 4.539696	 -1	 0.000000	 8.191014
30	 9	 9	 1	 4.596218	 -1	 0.000000	 6.915838
31	 9	 9	 1	 56.879274	 -1	 0.000000	 9.048028
32	 9	 9	 1	 3.254418	 -1	 0.000000	 8.950776
33	 9	 9	 1	 3.858296	 -1	 0.000000	 7.122882
34	 9	 9	 1	 7.188227	 -1	 0.000000	 6.934712
35	 9	 9	 1	 74.453284	 -1	 0.000000	 7.236651
36	 9	 9	 1	 7.727151	 -1	 0.000000	 6.376974
37	 9	 9	 1	 5.695823	 -1	 0.000000	 7.293274
38	 9	 9	 1	 3.289474	 -1	 0.000000	 8.222491
39	 9	 9	 1	 88.404780	 -1	 0.000000	 6.980966
40	 9	 9	 1	 3.676269	 -1	 0.000000	 7.391420
41	 9	 9	 1	 5.377235	 -1	 0.000000	 7.010227
42	 9	 9	 1	 77.540617	 -1	 0.000000	 7.104107
44	 9	 9	 1	 4.012033	 -1	 0.000000	 8.238473
45	 9	 9	 1	 67.956942	 -1	 0.000000	 7.263916
>>> gr_fir_ccf: using E
>>> gr_fir_fff: using E
gr_buffer::allocate_buffer: warning: tried to allocate
   17 items of size 3696. Due to alignment requirements
   256 were allocated.  If this isn't OK, consider padding
   your structure to a power-of-two bytes.
   On this platform, our allocation granularity is 4096 bytes.
20	 11	 11	 1	 9.331294	 -1	 0.000000	 8.218115
21	 11	 11	 1	 13.565829	 -1	 0.000000	 6.512449
22	 11	 11	 1	 9.924852	 -1	 0.000000	 7.849091
23	 11	 11	 1	 12.602871	 -1	 0.000000	 6.890716
24	 11	 11	 1	 71.372582	 -1	 0.000000	 6.869425
25	 11	 11	 1	 10.127221	 -1	 0.000000	 7.592877
26	 11	 11	 1	 15.955048	 -1	 0.000000	 6.631792
27	 11	 11	 1	 8.349413	 -1	 0.000000	 7.795960
28	 11	 11	 1	 14.559668	 -1	 0.000000	 6.776415
29	 11	 11	 1	 10.664566	 -1	 0.000000	 7.910619
30	 11	 11	 1	 10.946470	 -1	 0.000000	 7.641904
>>> gr_fir_ccf: using E
>>> gr_fir_fff: using E
terminate called after throwing an instance of 'std::invalid_argument'
  what():  gr_ofdm_demod: Incorrect subcarriers allocated
>>> gr_fir_ccf: using E
>>> gr_fir_fff: using E
terminate called after throwing an instance of 'std::invalid_argument'
  what():  gr_ofdm_demod: Incorrect subcarriers allocated
>>> gr_fir_ccf: using E
>>> gr_fir_fff: using E
terminate called after throwing an instance of 'std::invalid_argument'
  what():  gr_ofdm_demod: Incorrect subcarriers allocated
