>>> gr_fir_ccf: using E
>>> gr_fir_fff: using E
gr_buffer::allocate_buffer: warning: tried to allocate
   17 items of size 3696. Due to alignment requirements
   256 were allocated.  If this isn't OK, consider padding
   your structure to a power-of-two bytes.
   On this platform, our allocation granularity is 4096 bytes.
0	 13	 13	 1	 0.000001	 -1	 0.000000	 9.429200
1	 13	 13	 1	 0.000001	 -1	 0.000000	 11.167163
2	 13	 13	 1	 0.055579	 -1	 0.000000	 13.343241
3	 13	 13	 1	 0.000001	 -1	 0.000000	 7.524474
4	 13	 13	 1	 0.000000	 -1	 0.000000	 14.059500
5	 13	 13	 1	 0.000001	 -1	 0.000000	 10.343506
6	 13	 13	 1	 0.000001	 -1	 0.000000	 8.376864
7	 13	 13	 1	 0.000000	 -1	 0.000000	 8.299101
8	 13	 13	 1	 0.000001	 -1	 0.000000	 7.746546
10	 13	 13	 1	 0.000001	 -1	 0.000000	 8.234653
11	 13	 13	 1	 0.000000	 -1	 0.000000	 10.022807
12	 13	 13	 1	 0.000001	 -1	 0.000000	 8.631880
13	 13	 13	 1	 0.000001	 -1	 0.000000	 19.213428
14	 13	 13	 1	 0.000001	 -1	 0.000000	 8.369377
15	 13	 13	 1	 0.000002	 -1	 0.000000	 9.423577
16	 13	 13	 1	 0.000001	 -1	 0.000000	 8.781310
17	 13	 13	 1	 0.000001	 -1	 0.000000	 10.479867
18	 13	 13	 1	 0.000001	 -1	 0.000000	 10.496864
19	 13	 13	 1	 1.518946	 -1	 0.000000	 8.761922
20	 13	 13	 1	 0.000001	 -1	 0.000000	 8.513590
21	 13	 13	 1	 0.000001	 -1	 0.000000	 8.574090
22	 13	 13	 1	 0.000001	 -1	 0.000000	 9.594925
23	 13	 13	 1	 0.000001	 -1	 0.000000	 8.700381
24	 13	 13	 1	 0.000000	 -1	 0.000000	 10.606398
25	 13	 13	 1	 0.000001	 -1	 0.000000	 10.348037
26	 13	 13	 1	 0.000001	 -1	 0.000000	 8.272798
27	 13	 13	 1	 0.000001	 -1	 0.000000	 10.354585
28	 13	 13	 1	 0.000001	 -1	 0.000000	 10.440501
29	 13	 13	 1	 0.000000	 -1	 0.000000	 8.728436
30	 13	 13	 1	 0.000001	 -1	 0.000000	 11.312011
31	 13	 13	 1	 0.000000	 -1	 0.000000	 10.743212
32	 13	 13	 1	 0.000001	 -1	 0.000000	 11.927863
33	 13	 13	 1	 0.000001	 -1	 0.000000	 8.142882
34	 13	 13	 1	 0.000001	 -1	 0.000000	 9.357052
35	 13	 13	 1	 0.000002	 -1	 0.000000	 8.083232
36	 13	 13	 1	 0.000000	 -1	 0.000000	 8.405851
37	 13	 13	 1	 0.000001	 -1	 0.000000	 7.373315
38	 13	 13	 1	 0.000001	 -1	 0.000000	 10.677143
39	 13	 13	 1	 0.000001	 -1	 0.000000	 10.481384
40	 13	 13	 1	 0.000001	 -1	 0.000000	 18.444885
41	 13	 13	 1	 0.000001	 -1	 0.000000	 7.356365
42	 13	 13	 1	 0.000001	 -1	 0.000000	 9.523400
43	 13	 13	 1	 0.000001	 -1	 0.000000	 12.052853
44	 13	 13	 1	 0.000001	 -1	 0.000000	 8.879810
45	 13	 13	 1	 0.000001	 -1	 0.000000	 10.999138
46	 13	 13	 1	 0.000001	 -1	 0.000000	 12.789054
47	 13	 13	 1	 0.000001	 -1	 0.000000	 9.330201
48	 13	 13	 1	 0.000001	 -1	 0.000000	 7.776648
49	 13	 13	 1	 0.000001	 -1	 0.000000	 13.303663
50	 13	 13	 1	 0.000001	 -1	 0.000000	 10.872524
51	 13	 13	 1	 0.000000	 -1	 0.000000	 12.425866
52	 13	 13	 1	 0.000001	 -1	 0.000000	 11.934965
53	 13	 13	 1	 0.000001	 -1	 0.000000	 10.449221
54	 13	 13	 1	 0.000001	 -1	 0.000000	 10.930094
55	 13	 13	 1	 0.000001	 -1	 0.000000	 9.306866
56	 13	 13	 1	 0.000000	 -1	 0.000000	 11.364185
57	 13	 13	 1	 5.823179	 -1	 0.000000	 8.599033
58	 13	 13	 1	 0.000001	 -1	 0.000000	 8.718307
59	 13	 13	 1	 0.000001	 -1	 0.000000	 9.228018
60	 13	 13	 1	 0.000001	 -1	 0.000000	 9.735102
61	 13	 13	 1	 0.000001	 -1	 0.000000	 9.744396
62	 13	 13	 1	 0.000001	 -1	 0.000000	 9.369279
63	 13	 13	 1	 0.000001	 -1	 0.000000	 11.768613
64	 13	 13	 1	 0.000001	 -1	 0.000000	 10.939846
65	 13	 13	 1	 0.000001	 -1	 0.000000	 9.758607
66	 13	 13	 1	 0.000001	 -1	 0.000000	 12.513267
67	 13	 13	 1	 0.000001	 -1	 0.000000	 6.743371
68	 13	 13	 1	 0.000001	 -1	 0.000000	 10.129977
69	 13	 13	 1	 0.000001	 -1	 0.000000	 8.047074
70	 13	 13	 1	 0.000001	 -1	 0.000000	 8.127350
71	 13	 13	 1	 0.000001	 -1	 0.000000	 8.618502
72	 13	 13	 1	 0.000001	 -1	 0.000000	 8.850347
73	 13	 13	 1	 0.000000	 -1	 0.000000	 12.767209
74	 13	 13	 1	 0.000001	 -1	 0.000000	 16.055313
75	 13	 13	 1	 0.000001	 -1	 0.000000	 13.661570
76	 13	 13	 1	 0.000001	 -1	 0.000000	 7.832363
77	 13	 13	 1	 0.000001	 -1	 0.000000	 9.411765
78	 13	 13	 1	 0.000000	 -1	 0.000000	 10.186431
79	 13	 13	 1	 0.000001	 -1	 0.000000	 8.900496
80	 13	 13	 1	 0.000001	 -1	 0.000000	 10.963680
81	 13	 13	 1	 0.000001	 -1	 0.000000	 7.095217
82	 13	 13	 1	 0.000001	 -1	 0.000000	 8.265268
83	 13	 13	 1	 0.000001	 -1	 0.000000	 10.160680
84	 13	 13	 1	 0.000000	 -1	 0.000000	 17.294992
85	 13	 13	 1	 0.000001	 -1	 0.000000	 9.171168
86	 13	 13	 1	 0.000001	 -1	 0.000000	 8.285266
87	 13	 13	 1	 0.000001	 -1	 0.000000	 8.986306
88	 13	 13	 1	 58.042525	 -1	 0.000000	 8.819399
89	 13	 13	 1	 0.000001	 -1	 0.000000	 10.617385
90	 13	 13	 1	 0.000001	 -1	 0.000000	 10.667595
91	 13	 13	 1	 0.000001	 -1	 0.000000	 9.709714
92	 13	 13	 1	 0.000001	 -1	 0.000000	 9.440051
93	 13	 13	 1	 0.000001	 -1	 0.000000	 8.393056
94	 13	 13	 1	 0.000001	 -1	 0.000000	 8.543861
95	 13	 13	 1	 0.000001	 -1	 0.000000	 11.432279
96	 13	 13	 1	 0.000001	 -1	 0.000000	 7.752220
97	 13	 13	 1	 0.000001	 -1	 0.000000	 8.509092
98	 13	 13	 1	 0.000001	 -1	 0.000000	 7.583997
99	 13	 13	 1	 0.000001	 -1	 0.000000	 8.705873
100	 13	 13	 1	 0.000001	 -1	 0.000000	 9.209683
101	 13	 13	 1	 0.000000	 -1	 0.000000	 10.816551
102	 13	 13	 1	 0.000001	 -1	 0.000000	 7.726672
103	 13	 13	 1	 0.000001	 -1	 0.000000	 7.435177
105	 13	 13	 1	 0.000001	 -1	 0.000000	 12.432081
106	 13	 13	 1	 0.000001	 -1	 0.000000	 7.753112
107	 13	 13	 1	 0.000001	 -1	 0.000000	 13.282582
108	 13	 13	 1	 0.000001	 -1	 0.000000	 9.175001
109	 13	 13	 1	 0.000001	 -1	 0.000000	 8.059120
110	 13	 13	 1	 0.000001	 -1	 0.000000	 13.821016
111	 13	 13	 1	 0.000000	 -1	 0.000000	 14.804460
112	 13	 13	 1	 0.000001	 -1	 0.000000	 9.502536
113	 13	 13	 1	 0.000001	 -1	 0.000000	 15.714449
114	 13	 13	 1	 0.000001	 -1	 0.000000	 12.775119
115	 13	 13	 1	 0.000001	 -1	 0.000000	 12.794712
116	 13	 13	 1	 0.000000	 -1	 0.000000	 9.647613
117	 13	 13	 1	 0.000001	 -1	 0.000000	 8.098248
118	 13	 13	 1	 0.000001	 -1	 0.000000	 10.916853
119	 13	 13	 1	 0.000001	 -1	 0.000000	 11.600405
120	 13	 13	 1	 0.000001	 -1	 0.000000	 7.807066
121	 13	 13	 1	 0.000001	 -1	 0.000000	 8.647841
122	 13	 13	 1	 0.000001	 -1	 0.000000	 11.410812
123	 13	 13	 1	 0.000001	 -1	 0.000000	 7.840567
124	 13	 13	 1	 0.000001	 -1	 0.000000	 9.922136
125	 13	 13	 1	 0.000000	 -1	 0.000000	 9.223025
126	 13	 13	 1	 0.000000	 -1	 0.000000	 9.663831
127	 13	 13	 1	 0.000001	 -1	 0.000000	 10.729658
128	 13	 13	 1	 0.000000	 -1	 0.000000	 9.979795
129	 13	 13	 1	 0.000001	 -1	 0.000000	 12.078179
132	 13	 13	 1	 0.000001	 -1	 0.000000	 8.442827
133	 13	 13	 1	 0.000001	 -1	 0.000000	 11.988433
134	 13	 13	 1	 0.000001	 -1	 0.000000	 8.409662
135	 13	 13	 1	 0.000001	 -1	 0.000000	 10.622059
136	 13	 13	 1	 0.000001	 -1	 0.000000	 13.778963
137	 13	 13	 1	 0.000001	 -1	 0.000000	 11.407140
138	 13	 13	 1	 0.000001	 -1	 0.000000	 9.997262
140	 13	 13	 1	 0.000001	 -1	 0.000000	 9.436406
141	 13	 13	 1	 47.639808	 -1	 0.000000	 13.597015
142	 13	 13	 1	 0.000001	 -1	 0.000000	 7.148914
143	 13	 13	 1	 0.000000	 -1	 0.000000	 11.371512
144	 13	 13	 1	 0.000001	 -1	 0.000000	 11.040527
145	 13	 13	 1	 0.000001	 -1	 0.000000	 10.763914
146	 13	 13	 1	 0.000001	 -1	 0.000000	 8.714856
147	 13	 13	 1	 0.000001	 -1	 0.000000	 10.969637
>>> gr_fir_ccf: using E
>>> gr_fir_fff: using E
gr_buffer::allocate_buffer: warning: tried to allocate
   17 items of size 3696. Due to alignment requirements
   256 were allocated.  If this isn't OK, consider padding
   your structure to a power-of-two bytes.
   On this platform, our allocation granularity is 4096 bytes.
4	 13	 13	 1	 0.000000	 -1	 0.000000	 10.365355
5	 13	 13	 1	 0.000001	 -1	 0.000000	 8.911066
6	 13	 13	 1	 0.000000	 -1	 0.000000	 10.819028
7	 13	 13	 1	 0.000001	 -1	 0.000000	 12.064869
8	 13	 13	 1	 0.000001	 -1	 0.000000	 11.945527
9	 13	 13	 1	 0.000000	 -1	 0.000000	 10.693303
10	 13	 13	 1	 0.000002	 -1	 0.000000	 9.623944
11	 13	 13	 1	 0.000002	 -1	 0.000000	 8.298014
12	 13	 13	 1	 0.000001	 -1	 0.000000	 10.974249
13	 13	 13	 1	 0.000001	 -1	 0.000000	 9.290752
14	 13	 13	 1	 0.000001	 -1	 0.000000	 9.855656
15	 13	 13	 1	 0.000001	 -1	 0.000000	 10.609854
16	 13	 13	 1	 0.000000	 -1	 0.000000	 10.133034
17	 13	 13	 1	 0.000001	 -1	 0.000000	 10.461151
18	 13	 13	 1	 0.000001	 -1	 0.000000	 8.729700
0	 15	 15	 1	 0.000005	 -1	 0.000000	 8.370404
1	 15	 15	 1	 0.000007	 -1	 0.000000	 7.771054
2	 15	 15	 1	 0.000005	 -1	 0.000000	 8.230814
3	 15	 15	 1	 0.000005	 -1	 0.000000	 10.460108
4	 15	 15	 1	 0.000005	 -1	 0.000000	 13.641368
5	 15	 15	 0	 267.547992	 -1	 0.000000	 8.777383
6	 15	 15	 1	 0.000006	 -1	 0.000000	 10.835027
7	 15	 15	 1	 0.000004	 -1	 0.000000	 9.425301
8	 15	 15	 0	 80.042682	 -1	 0.000000	 8.750425
9	 15	 15	 1	 0.000005	 -1	 0.000000	 18.424343
10	 15	 15	 0	 269.928043	 -1	 0.000000	 8.571377
11	 15	 15	 1	 0.000006	 -1	 0.000000	 7.743481
12	 15	 15	 1	 0.000004	 -1	 0.000000	 8.235048
13	 15	 15	 1	 0.000006	 -1	 0.000000	 11.651766
14	 15	 15	 1	 0.000005	 -1	 0.000000	 8.532954
15	 15	 15	 1	 0.000004	 -1	 0.000000	 9.026996
16	 15	 15	 1	 0.000005	 -1	 0.000000	 12.153160
17	 15	 15	 1	 0.000004	 -1	 0.000000	 8.942901
18	 15	 15	 1	 0.000006	 -1	 0.000000	 17.955465
19	 15	 15	 1	 0.000005	 -1	 0.000000	 11.756853
20	 15	 15	 1	 0.000006	 -1	 0.000000	 11.124054
21	 15	 15	 1	 0.000014	 -1	 0.000000	 8.893367
22	 15	 15	 1	 10.234150	 -1	 0.000000	 7.763509
23	 15	 15	 1	 0.000006	 -1	 0.000000	 8.276118
24	 15	 15	 1	 0.000005	 -1	 0.000000	 10.201685
25	 15	 15	 1	 38.703592	 -1	 0.000000	 8.364788
26	 15	 15	 1	 0.000006	 -1	 0.000000	 13.954160
27	 15	 15	 1	 8.345916	 -1	 0.000000	 8.287360
28	 15	 15	 1	 0.000008	 -1	 0.000000	 8.525225
29	 15	 15	 1	 0.000007	 -1	 0.000000	 12.542810
30	 15	 15	 1	 0.000005	 -1	 0.000000	 8.326357
31	 15	 15	 1	 0.000010	 -1	 0.000000	 8.001808
33	 15	 15	 1	 0.000004	 -1	 0.000000	 9.117085
34	 15	 15	 1	 0.000005	 -1	 0.000000	 8.463937
35	 15	 15	 1	 30.573393	 -1	 0.000000	 10.316489
36	 15	 15	 1	 0.000006	 -1	 0.000000	 9.177445
37	 15	 15	 1	 15.530044	 -1	 0.000000	 8.787473
38	 15	 15	 1	 0.000004	 -1	 0.000000	 13.520854
39	 15	 15	 1	 8.010417	 -1	 0.000000	 11.247505
40	 15	 15	 1	 0.000005	 -1	 0.000000	 8.528963
41	 15	 15	 1	 0.000006	 -1	 0.000000	 9.380873
42	 15	 15	 1	 13.196715	 -1	 0.000000	 9.498882
43	 15	 15	 0	 149.244148	 -1	 0.000000	 12.190446
44	 15	 15	 1	 14.261553	 -1	 0.000000	 10.731350
46	 15	 15	 1	 32.239496	 -1	 0.000000	 9.032320
47	 15	 15	 1	 0.000005	 -1	 0.000000	 11.851374
48	 15	 15	 1	 0.000004	 -1	 0.000000	 11.508545
49	 15	 15	 1	 0.000004	 -1	 0.000000	 9.558673
50	 15	 15	 1	 0.000004	 -1	 0.000000	 12.898516
51	 15	 15	 1	 0.000006	 -1	 0.000000	 10.625110
52	 15	 15	 1	 0.000004	 -1	 0.000000	 11.341220
53	 15	 15	 1	 0.000005	 -1	 0.000000	 8.128201
54	 15	 15	 1	 0.000004	 -1	 0.000000	 13.409756
55	 15	 15	 1	 29.651124	 -1	 0.000000	 11.391978
56	 15	 15	 1	 0.000007	 -1	 0.000000	 9.508674
57	 15	 15	 1	 0.000004	 -1	 0.000000	 11.239474
58	 15	 15	 1	 0.000005	 -1	 0.000000	 10.344345
59	 15	 15	 1	 32.938994	 -1	 0.000000	 8.597215
60	 15	 15	 1	 0.000005	 -1	 0.000000	 8.681775
61	 15	 15	 1	 6.299849	 -1	 0.000000	 9.802442
62	 15	 15	 1	 0.000005	 -1	 0.000000	 8.153796
63	 15	 15	 1	 0.000004	 -1	 0.000000	 9.377680
64	 15	 15	 1	 0.000004	 -1	 0.000000	 15.456186
65	 15	 15	 1	 0.000005	 -1	 0.000000	 7.585076
66	 15	 15	 1	 0.000007	 -1	 0.000000	 8.054905
67	 15	 15	 1	 0.000006	 -1	 0.000000	 8.799399
68	 15	 15	 1	 0.000004	 -1	 0.000000	 8.383994
69	 15	 15	 1	 0.000005	 -1	 0.000000	 9.676988
70	 15	 15	 0	 162.028472	 -1	 0.000000	 9.467334
71	 15	 15	 1	 0.000007	 -1	 0.000000	 7.949455
72	 15	 15	 1	 16.789281	 -1	 0.000000	 9.007466
73	 15	 15	 1	 0.000004	 -1	 0.000000	 9.909431
74	 15	 15	 1	 0.000005	 -1	 0.000000	 9.666362
75	 15	 15	 1	 0.000005	 -1	 0.000000	 11.037977
76	 15	 15	 1	 19.514458	 -1	 0.000000	 9.918528
77	 15	 15	 1	 0.000006	 -1	 0.000000	 10.941516
78	 15	 15	 1	 0.000005	 -1	 0.000000	 11.610313
79	 15	 15	 1	 0.000005	 -1	 0.000000	 12.285671
80	 15	 15	 1	 0.000005	 -1	 0.000000	 8.594785
81	 15	 15	 1	 37.031667	 -1	 0.000000	 13.365675
82	 15	 15	 1	 0.000004	 -1	 0.000000	 12.538465
>>> gr_fir_ccf: using E
>>> gr_fir_fff: using E
gr_buffer::allocate_buffer: warning: tried to allocate
   17 items of size 3696. Due to alignment requirements
   256 were allocated.  If this isn't OK, consider padding
   your structure to a power-of-two bytes.
   On this platform, our allocation granularity is 4096 bytes.
6	 15	 15	 0	 303.717527	 -1	 0.000000	 11.400565
7	 15	 15	 1	 17.602476	 -1	 0.000000	 11.052860
8	 15	 15	 1	 8.602551	 -1	 0.000000	 10.441412
9	 15	 15	 0	 294.756056	 -1	 0.000000	 7.782696
10	 15	 15	 0	 197.366906	 -1	 0.000000	 8.435516
11	 15	 15	 1	 0.000005	 -1	 0.000000	 7.397622
12	 15	 15	 1	 0.000004	 -1	 0.000000	 18.545048
13	 15	 15	 0	 299.069153	 -1	 0.000000	 9.888155
14	 15	 15	 1	 0.000008	 -1	 0.000000	 7.758305
15	 15	 15	 0	 184.981169	 -1	 0.000000	 11.883789
16	 15	 15	 1	 0.000004	 -1	 0.000000	 9.741831
17	 15	 15	 0	 305.504486	 -1	 0.000000	 15.538046
18	 15	 15	 1	 37.599661	 -1	 0.000000	 8.177013
19	 15	 15	 1	 0.000007	 -1	 0.000000	 10.154429
20	 15	 15	 1	 21.298565	 -1	 0.000000	 8.874930
21	 15	 15	 1	 14.602353	 -1	 0.000000	 9.177288
22	 15	 15	 1	 0.000806	 -1	 0.000000	 8.498821
23	 15	 15	 1	 0.000005	 -1	 0.000000	 9.841639
24	 15	 15	 1	 0.000007	 -1	 0.000000	 8.249720
25	 15	 15	 1	 0.000005	 -1	 0.000000	 9.270025
26	 15	 15	 1	 0.000004	 -1	 0.000000	 9.550260
27	 15	 15	 1	 0.000005	 -1	 0.000000	 12.563298
28	 15	 15	 1	 1.471320	 -1	 0.000000	 10.664199
29	 15	 15	 0	 120.516036	 -1	 0.000000	 7.400747
30	 15	 15	 1	 0.000005	 -1	 0.000000	 8.148884
31	 15	 15	 1	 0.000007	 -1	 0.000000	 11.914899
32	 15	 15	 1	 0.000007	 -1	 0.000000	 11.753066
33	 15	 15	 1	 0.000010	 -1	 0.000000	 9.318029
34	 15	 15	 1	 0.000006	 -1	 0.000000	 10.206550
35	 15	 15	 1	 35.061202	 -1	 0.000000	 18.578793
36	 15	 15	 1	 20.542425	 -1	 0.000000	 9.592016
37	 15	 15	 0	 112.235495	 -1	 0.000000	 9.825841
38	 15	 15	 1	 31.205915	 -1	 0.000000	 13.367130
39	 15	 15	 1	 0.000006	 -1	 0.000000	 8.809946
40	 15	 15	 1	 20.539197	 -1	 0.000000	 14.340947
41	 15	 15	 1	 0.000004	 -1	 0.000000	 15.359643
42	 15	 15	 1	 0.000005	 -1	 0.000000	 10.929661
43	 15	 15	 1	 0.000004	 -1	 0.000000	 12.364627
44	 15	 15	 1	 21.589132	 -1	 0.000000	 10.854515
45	 15	 15	 1	 0.000005	 -1	 0.000000	 10.371536
46	 15	 15	 1	 0.000005	 -1	 0.000000	 15.243206
3925	 13	 13	 0	 340.652174	 -1	 0.000000	 6.379310
47	 15	 15	 1	 0.000005	 -1	 0.000000	 9.633422
48	 15	 15	 1	 0.000005	 -1	 0.000000	 7.616904
49	 15	 15	 1	 0.000009	 -1	 0.000000	 9.019060
50	 15	 15	 1	 0.000004	 -1	 0.000000	 10.568518
51	 15	 15	 1	 0.000005	 -1	 0.000000	 9.223936
52	 15	 15	 1	 30.064926	 -1	 0.000000	 9.276981
53	 15	 15	 1	 0.000004	 -1	 0.000000	 10.142862
54	 15	 15	 1	 0.000006	 -1	 0.000000	 9.862828
55	 15	 15	 1	 0.000005	 -1	 0.000000	 8.741299
56	 15	 15	 1	 0.000009	 -1	 0.000000	 8.378546
57	 15	 15	 1	 0.000010	 -1	 0.000000	 9.720471
58	 15	 15	 1	 0.000006	 -1	 0.000000	 7.501956
59	 15	 15	 1	 0.000007	 -1	 0.000000	 9.458684
60	 15	 15	 1	 0.000004	 -1	 0.000000	 9.914281
61	 15	 15	 1	 0.000004	 -1	 0.000000	 9.047282
62	 15	 15	 1	 0.000005	 -1	 0.000000	 10.804278
63	 15	 15	 1	 0.000005	 -1	 0.000000	 10.877403
64	 15	 15	 1	 0.000006	 -1	 0.000000	 9.578119
65	 15	 15	 1	 0.000006	 -1	 0.000000	 11.247593
66	 15	 15	 1	 16.283808	 -1	 0.000000	 9.541516
67	 15	 15	 1	 0.000005	 -1	 0.000000	 8.879335
68	 15	 15	 1	 0.003175	 -1	 0.000000	 12.660367
69	 15	 15	 1	 0.000007	 -1	 0.000000	 7.898211
70	 15	 15	 1	 0.000005	 -1	 0.000000	 10.708381
71	 15	 15	 1	 0.000004	 -1	 0.000000	 9.905152
72	 15	 15	 1	 0.000004	 -1	 0.000000	 12.238240
73	 15	 15	 1	 0.000006	 -1	 0.000000	 25.811066
75	 15	 15	 1	 0.000004	 -1	 0.000000	 13.051870
76	 15	 15	 1	 13.973195	 -1	 0.000000	 10.125224
77	 15	 15	 1	 0.000007	 -1	 0.000000	 14.127004
78	 15	 15	 1	 0.000004	 -1	 0.000000	 11.337378
79	 15	 15	 1	 0.000007	 -1	 0.000000	 10.628244
80	 15	 15	 1	 0.000004	 -1	 0.000000	 11.972217
81	 15	 15	 1	 0.000004	 -1	 0.000000	 9.406884
83	 15	 15	 1	 0.000004	 -1	 0.000000	 12.762663
84	 15	 15	 1	 0.000007	 -1	 0.000000	 8.598709
85	 15	 15	 1	 0.000004	 -1	 0.000000	 9.502608
86	 15	 15	 1	 0.000004	 -1	 0.000000	 14.150694
87	 15	 15	 1	 0.000010	 -1	 0.000000	 8.931485
88	 15	 15	 1	 0.000004	 -1	 0.000000	 12.809032
89	 15	 15	 1	 0.030209	 -1	 0.000000	 14.136375
90	 15	 15	 0	 292.191452	 -1	 0.000000	 7.408193
91	 15	 15	 1	 16.700858	 -1	 0.000000	 13.313545
92	 15	 15	 1	 0.000004	 -1	 0.000000	 9.263833
93	 15	 15	 1	 0.000005	 -1	 0.000000	 11.873161
94	 15	 15	 1	 15.978829	 -1	 0.000000	 10.322476
95	 15	 15	 1	 0.237916	 -1	 0.000000	 11.245478
96	 15	 15	 1	 0.000004	 -1	 0.000000	 15.380788
97	 15	 15	 1	 0.000004	 -1	 0.000000	 11.115779
98	 15	 15	 1	 0.000005	 -1	 0.000000	 12.898779
99	 15	 15	 1	 0.000012	 -1	 0.000000	 11.547541
100	 15	 15	 1	 0.000005	 -1	 0.000000	 8.216033
2086	 9	 9	 0	 448.516729	 -1	 0.000000	 5.894122
101	 15	 15	 1	 0.000003	 -1	 0.000000	 9.580617
102	 15	 15	 1	 0.000005	 -1	 0.000000	 12.263515
103	 15	 15	 1	 0.000005	 -1	 0.000000	 7.812652
104	 15	 15	 1	 0.000006	 -1	 0.000000	 8.571354
105	 15	 15	 1	 0.000005	 -1	 0.000000	 9.843386
106	 15	 15	 1	 0.000004	 -1	 0.000000	 7.673866
107	 15	 15	 1	 0.000005	 -1	 0.000000	 12.828803
108	 15	 15	 1	 0.000004	 -1	 0.000000	 9.041421
109	 15	 15	 1	 0.000005	 -1	 0.000000	 10.475793
110	 15	 15	 1	 0.000005	 -1	 0.000000	 7.100604
111	 15	 15	 0	 148.513138	 -1	 0.000000	 9.493451
112	 15	 15	 1	 0.000004	 -1	 0.000000	 9.424606
113	 15	 15	 0	 227.487093	 -1	 0.000000	 14.022536
114	 15	 15	 1	 0.000006	 -1	 0.000000	 11.945657
115	 15	 15	 1	 0.000005	 -1	 0.000000	 8.611627
116	 15	 15	 1	 9.632640	 -1	 0.000000	 7.781365
117	 15	 15	 0	 284.260718	 -1	 0.000000	 11.054152
118	 15	 15	 1	 0.000005	 -1	 0.000000	 8.979397
119	 15	 15	 1	 0.117696	 -1	 0.000000	 12.446161
120	 15	 15	 1	 0.000005	 -1	 0.000000	 11.690384
121	 15	 15	 1	 0.000005	 -1	 0.000000	 10.767077
122	 15	 15	 1	 0.000006	 -1	 0.000000	 9.708075
123	 15	 15	 1	 0.000006	 -1	 0.000000	 12.182944
124	 15	 15	 1	 0.000004	 -1	 0.000000	 9.782924
125	 15	 15	 1	 0.000005	 -1	 0.000000	 9.714385
126	 15	 15	 1	 3.851678	 -1	 0.000000	 10.838367
127	 15	 15	 1	 0.000011	 -1	 0.000000	 11.150723
128	 15	 15	 1	 0.000005	 -1	 0.000000	 10.689418
129	 15	 15	 1	 0.000004	 -1	 0.000000	 9.450868
130	 15	 15	 1	 0.000005	 -1	 0.000000	 9.409041
131	 15	 15	 0	 246.763707	 -1	 0.000000	 10.825154
132	 15	 15	 1	 0.000013	 -1	 0.000000	 10.721238
133	 15	 15	 1	 3.766005	 -1	 0.000000	 9.347667
134	 15	 15	 1	 0.000004	 -1	 0.000000	 8.810694
135	 15	 15	 1	 0.000005	 -1	 0.000000	 12.801850
136	 15	 15	 1	 0.000004	 -1	 0.000000	 10.382779
137	 15	 15	 1	 0.000006	 -1	 0.000000	 7.979671
138	 15	 15	 1	 0.000007	 -1	 0.000000	 9.367202
139	 15	 15	 1	 0.000006	 -1	 0.000000	 8.655524
140	 15	 15	 1	 13.779536	 -1	 0.000000	 13.921956
141	 15	 15	 1	 0.000004	 -1	 0.000000	 11.065488
142	 15	 15	 1	 0.000005	 -1	 0.000000	 12.619230
143	 15	 15	 1	 0.000005	 -1	 0.000000	 10.860481
144	 15	 15	 1	 0.000005	 -1	 0.000000	 15.516356
145	 15	 15	 1	 0.000006	 -1	 0.000000	 8.974996
146	 15	 15	 1	 0.000005	 -1	 0.000000	 8.318399
147	 15	 15	 0	 89.397732	 -1	 0.000000	 13.093339
148	 15	 15	 1	 0.000884	 -1	 0.000000	 10.835087
149	 15	 15	 1	 0.000004	 -1	 0.000000	 10.894518
150	 15	 15	 1	 0.000006	 -1	 0.000000	 12.572399
151	 15	 15	 1	 0.000004	 -1	 0.000000	 9.038563
152	 15	 15	 1	 0.000006	 -1	 0.000000	 7.737597
153	 15	 15	 1	 0.000006	 -1	 0.000000	 8.833876
155	 15	 15	 1	 0.000006	 -1	 0.000000	 9.988971
156	 15	 15	 1	 0.000004	 -1	 0.000000	 9.466897
157	 15	 15	 1	 0.000006	 -1	 0.000000	 13.213506
158	 15	 15	 1	 0.000005	 -1	 0.000000	 7.749099
159	 15	 15	 1	 0.000004	 -1	 0.000000	 8.368185
160	 15	 15	 0	 159.715602	 -1	 0.000000	 13.922465
162	 15	 15	 1	 0.000004	 -1	 0.000000	 10.683419
163	 15	 15	 1	 0.000005	 -1	 0.000000	 10.187490
164	 15	 15	 1	 4.392903	 -1	 0.000000	 12.993639
165	 15	 15	 0	 317.347922	 -1	 0.000000	 10.495306
166	 15	 15	 1	 0.000004	 -1	 0.000000	 9.947266
167	 15	 15	 1	 0.000011	 -1	 0.000000	 8.779908
168	 15	 15	 1	 0.000006	 -1	 0.000000	 7.558915
169	 15	 15	 1	 0.000004	 -1	 0.000000	 9.645920
170	 15	 15	 0	 8.775953	 -1	 0.000000	 9.724360
935	 10	 10	 0	 479.879869	 -1	 0.000000	 8.739101
2497	 5	 5	 0	 409.866521	 -1	 0.000000	 3.908877
1137	 7	 7	 0	 427.307470	 -1	 0.000000	 1.639844
>>> gr_fir_ccf: using E
>>> gr_fir_fff: using E
gr_buffer::allocate_buffer: warning: tried to allocate
   17 items of size 3696. Due to alignment requirements
   256 were allocated.  If this isn't OK, consider padding
   your structure to a power-of-two bytes.
   On this platform, our allocation granularity is 4096 bytes.
13	 5	 5	 1	 0.000545	 -1	 0.000000	 9.947350
14	 5	 5	 1	 0.000549	 -1	 0.000000	 11.563308
15	 5	 5	 1	 0.000734	 -1	 0.000000	 7.987114
16	 5	 5	 1	 0.000551	 -1	 0.000000	 10.884502
17	 5	 5	 1	 0.010126	 -1	 0.000000	 7.741379
18	 5	 5	 1	 0.041144	 -1	 0.000000	 10.278209
19	 5	 5	 1	 0.003236	 -1	 0.000000	 10.558406
20	 5	 5	 1	 0.000709	 -1	 0.000000	 8.815324
21	 5	 5	 1	 0.001626	 -1	 0.000000	 13.815711
22	 5	 5	 1	 0.000715	 -1	 0.000000	 12.899221
23	 5	 5	 1	 0.002913	 -1	 0.000000	 11.423810
24	 5	 5	 1	 0.000504	 -1	 0.000000	 13.766961
25	 5	 5	 1	 0.000525	 -1	 0.000000	 10.291647
>>> gr_fir_ccf: using E
>>> gr_fir_fff: using E
gr_buffer::allocate_buffer: warning: tried to allocate
   17 items of size 3696. Due to alignment requirements
   256 were allocated.  If this isn't OK, consider padding
   your structure to a power-of-two bytes.
   On this platform, our allocation granularity is 4096 bytes.
4	 5	 5	 1	 0.004829	 -1	 0.000000	 13.636480
5	 5	 5	 1	 0.000589	 -1	 0.000000	 9.137897
6	 5	 5	 1	 36.641542	 -1	 0.000000	 8.378613
7	 5	 5	 1	 0.005199	 -1	 0.000000	 12.593642
8	 5	 5	 1	 0.004771	 -1	 0.000000	 7.599997
9	 5	 5	 1	 1.829198	 -1	 0.000000	 9.072357
10	 5	 5	 1	 2.725482	 -1	 0.000000	 11.348461
11	 5	 5	 1	 16.675037	 -1	 0.000000	 20.128107
12	 5	 5	 1	 35.543234	 -1	 0.000000	 7.954509
13	 5	 5	 1	 0.002393	 -1	 0.000000	 16.775711
14	 5	 5	 1	 0.007643	 -1	 0.000000	 7.575480
15	 5	 5	 1	 0.003495	 -1	 0.000000	 11.844074
16	 5	 5	 1	 62.653436	 -1	 0.000000	 8.305773
17	 5	 5	 1	 0.004812	 -1	 0.000000	 9.589178
18	 5	 5	 1	 0.000421	 -1	 0.000000	 12.304738
19	 5	 5	 1	 0.003598	 -1	 0.000000	 16.128555
20	 5	 5	 1	 0.000440	 -1	 0.000000	 10.407845
21	 5	 5	 1	 79.816478	 -1	 0.000000	 8.569596
2444	 9	 9	 0	 457.148486	 -1	 0.000000	 8.001475
22	 5	 5	 1	 0.006687	 -1	 0.000000	 9.315863
3435	 13	 13	 0	 373.698421	 -1	 0.000000	 5.902020
23	 5	 5	 1	 0.003722	 -1	 0.000000	 9.926578
24	 5	 5	 1	 14.173516	 -1	 0.000000	 8.637103
25	 5	 5	 1	 0.000420	 -1	 0.000000	 8.161382
26	 5	 5	 1	 0.004128	 -1	 0.000000	 9.862078
27	 5	 5	 1	 0.004499	 -1	 0.000000	 8.385430
28	 5	 5	 1	 19.430742	 -1	 0.000000	 10.396585
29	 5	 5	 1	 5.367135	 -1	 0.000000	 11.006794
30	 5	 5	 1	 0.000454	 -1	 0.000000	 13.019205
31	 5	 5	 1	 0.000459	 -1	 0.000000	 10.268467
32	 5	 5	 1	 5.044761	 -1	 0.000000	 9.940327
33	 5	 5	 1	 0.000573	 -1	 0.000000	 8.742665
34	 5	 5	 1	 0.001034	 -1	 0.000000	 8.324519
35	 5	 5	 1	 0.002476	 -1	 0.000000	 10.060876
36	 5	 5	 1	 0.002570	 -1	 0.000000	 9.541319
37	 5	 5	 1	 0.007321	 -1	 0.000000	 7.665198
38	 5	 5	 1	 0.005110	 -1	 0.000000	 8.633942
39	 5	 5	 1	 0.440547	 -1	 0.000000	 8.154867
40	 5	 5	 1	 0.003098	 -1	 0.000000	 13.701109
41	 5	 5	 1	 13.402566	 -1	 0.000000	 8.205215
42	 5	 5	 0	 148.528432	 -1	 0.000000	 9.312670
43	 5	 5	 1	 0.000588	 -1	 0.000000	 8.450011
44	 5	 5	 1	 0.008491	 -1	 0.000000	 7.604319
45	 5	 5	 1	 0.000439	 -1	 0.000000	 15.937429
46	 5	 5	 1	 61.280199	 -1	 0.000000	 12.386659
47	 5	 5	 1	 0.000558	 -1	 0.000000	 11.324851
48	 5	 5	 1	 0.002675	 -1	 0.000000	 10.843791
49	 5	 5	 1	 0.004883	 -1	 0.000000	 9.487079
50	 5	 5	 1	 0.000464	 -1	 0.000000	 13.760744
51	 5	 5	 1	 0.100248	 -1	 0.000000	 11.657881
52	 5	 5	 1	 0.000825	 -1	 0.000000	 8.271004
53	 5	 5	 1	 0.003409	 -1	 0.000000	 13.563231
54	 5	 5	 1	 0.584930	 -1	 0.000000	 14.718513
55	 5	 5	 1	 0.000695	 -1	 0.000000	 8.291785
56	 5	 5	 1	 0.000627	 -1	 0.000000	 10.695807
57	 5	 5	 1	 0.000550	 -1	 0.000000	 12.723463
58	 5	 5	 1	 0.002354	 -1	 0.000000	 9.709824
59	 5	 5	 1	 0.004977	 -1	 0.000000	 9.675686
60	 5	 5	 1	 0.000597	 -1	 0.000000	 14.995129
61	 5	 5	 1	 0.015504	 -1	 0.000000	 9.979074
62	 5	 5	 1	 30.406287	 -1	 0.000000	 8.955615
63	 5	 5	 1	 0.002384	 -1	 0.000000	 16.874954
64	 5	 5	 1	 0.003373	 -1	 0.000000	 11.346790
65	 5	 5	 1	 0.000415	 -1	 0.000000	 11.425689
66	 5	 5	 1	 0.002978	 -1	 0.000000	 12.090773
67	 5	 5	 1	 6.734222	 -1	 0.000000	 9.401160
68	 5	 5	 1	 0.002652	 -1	 0.000000	 14.015396
69	 5	 5	 1	 3.475986	 -1	 0.000000	 9.438970
70	 5	 5	 1	 0.004114	 -1	 0.000000	 11.258464
71	 5	 5	 1	 0.001294	 -1	 0.000000	 11.308827
72	 5	 5	 1	 0.005021	 -1	 0.000000	 8.217058
73	 5	 5	 1	 0.003575	 -1	 0.000000	 9.959302
74	 5	 5	 1	 0.006580	 -1	 0.000000	 7.974636
75	 5	 5	 1	 0.000573	 -1	 0.000000	 8.768721
76	 5	 5	 1	 0.000794	 -1	 0.000000	 9.630841
77	 5	 5	 1	 16.881088	 -1	 0.000000	 8.864349
78	 5	 5	 1	 25.589216	 -1	 0.000000	 8.302632
79	 5	 5	 1	 0.004670	 -1	 0.000000	 10.547010
80	 5	 5	 1	 0.000627	 -1	 0.000000	 8.546202
81	 5	 5	 1	 0.000395	 -1	 0.000000	 11.494218
82	 5	 5	 1	 20.070297	 -1	 0.000000	 12.339734
83	 5	 5	 1	 0.003372	 -1	 0.000000	 9.295381
84	 5	 5	 1	 37.093805	 -1	 0.000000	 7.661461
85	 5	 5	 1	 0.002535	 -1	 0.000000	 10.345613
86	 5	 5	 1	 0.000644	 -1	 0.000000	 10.648918
87	 5	 5	 1	 16.494289	 -1	 0.000000	 9.654159
88	 5	 5	 1	 13.962924	 -1	 0.000000	 17.794590
89	 5	 5	 1	 0.008398	 -1	 0.000000	 8.181943
90	 5	 5	 1	 0.000526	 -1	 0.000000	 10.181998
91	 5	 5	 1	 0.000945	 -1	 0.000000	 8.403666
92	 5	 5	 1	 32.377058	 -1	 0.000000	 8.651255
93	 5	 5	 1	 0.002639	 -1	 0.000000	 11.689017
94	 5	 5	 1	 0.003097	 -1	 0.000000	 10.417575
95	 5	 5	 1	 0.003275	 -1	 0.000000	 8.209338
96	 5	 5	 1	 0.000932	 -1	 0.000000	 8.765922
97	 5	 5	 1	 0.000742	 -1	 0.000000	 8.970219
98	 5	 5	 1	 0.000480	 -1	 0.000000	 9.389805
99	 5	 5	 1	 0.003977	 -1	 0.000000	 9.915071
100	 5	 5	 1	 0.000474	 -1	 0.000000	 14.807944
101	 5	 5	 1	 0.008608	 -1	 0.000000	 10.043794
103	 5	 5	 1	 16.826339	 -1	 0.000000	 7.545944
104	 5	 5	 1	 0.000650	 -1	 0.000000	 15.090126
105	 5	 5	 1	 0.000491	 -1	 0.000000	 8.702187
230	 7	 7	 0	 413.156699	 -1	 0.000000	 3.815543
106	 5	 5	 1	 0.000658	 -1	 0.000000	 18.400560
107	 5	 5	 1	 0.000697	 -1	 0.000000	 9.924334
108	 5	 5	 1	 0.000619	 -1	 0.000000	 8.979203
109	 5	 5	 1	 0.006865	 -1	 0.000000	 12.939705
111	 5	 5	 1	 0.000375	 -1	 0.000000	 9.142519
112	 5	 5	 1	 0.004357	 -1	 0.000000	 8.980117
113	 5	 5	 1	 0.000539	 -1	 0.000000	 10.193130
114	 5	 5	 1	 0.000771	 -1	 0.000000	 16.228600
115	 5	 5	 1	 0.000475	 -1	 0.000000	 13.014698
116	 5	 5	 1	 0.003426	 -1	 0.000000	 8.038729
117	 5	 5	 1	 0.000529	 -1	 0.000000	 13.611185
118	 5	 5	 1	 0.599259	 -1	 0.000000	 13.427904
119	 5	 5	 1	 3.758394	 -1	 0.000000	 10.925632
120	 5	 5	 1	 34.051075	 -1	 0.000000	 9.077370
121	 5	 5	 1	 1.151089	 -1	 0.000000	 8.762180
122	 5	 5	 1	 0.008262	 -1	 0.000000	 7.748889
123	 5	 5	 1	 11.048023	 -1	 0.000000	 10.803576
124	 5	 5	 1	 14.697222	 -1	 0.000000	 9.339294
125	 5	 5	 1	 0.003105	 -1	 0.000000	 10.239141
126	 5	 5	 1	 0.003256	 -1	 0.000000	 11.860151
127	 5	 5	 1	 0.000595	 -1	 0.000000	 9.371746
128	 5	 5	 1	 0.000572	 -1	 0.000000	 11.053269
129	 5	 5	 1	 0.000757	 -1	 0.000000	 11.776502
130	 5	 5	 1	 57.683386	 -1	 0.000000	 9.271401
131	 5	 5	 1	 0.004234	 -1	 0.000000	 9.464089
132	 5	 5	 1	 0.000499	 -1	 0.000000	 16.236799
133	 5	 5	 1	 0.008449	 -1	 0.000000	 7.279009
134	 5	 5	 1	 0.000660	 -1	 0.000000	 9.870438
135	 5	 5	 1	 0.002915	 -1	 0.000000	 11.709759
136	 5	 5	 1	 0.002323	 -1	 0.000000	 11.046305
137	 5	 5	 1	 3.104257	 -1	 0.000000	 10.481190
138	 5	 5	 1	 0.227238	 -1	 0.000000	 8.469144
139	 5	 5	 1	 0.004694	 -1	 0.000000	 10.684854
140	 5	 5	 1	 23.529434	 -1	 0.000000	 9.974172
141	 5	 5	 1	 0.002882	 -1	 0.000000	 13.454504
142	 5	 5	 1	 0.004966	 -1	 0.000000	 8.274735
143	 5	 5	 1	 0.000739	 -1	 0.000000	 7.539811
144	 5	 5	 1	 2.048473	 -1	 0.000000	 9.211941
145	 5	 5	 0	 266.751193	 -1	 0.000000	 15.560218
146	 5	 5	 1	 0.001955	 -1	 0.000000	 9.423445
147	 5	 5	 1	 0.000536	 -1	 0.000000	 11.758245
3612	 7	 7	 0	 424.224870	 -1	 0.000000	 5.197502
148	 5	 5	 1	 0.003667	 -1	 0.000000	 10.124942
149	 5	 5	 1	 3.684321	 -1	 0.000000	 10.673594
150	 5	 5	 1	 0.000525	 -1	 0.000000	 9.064236
151	 5	 5	 1	 94.294227	 -1	 0.000000	 11.344843
152	 5	 5	 1	 90.713798	 -1	 0.000000	 16.267548
153	 5	 5	 1	 0.000691	 -1	 0.000000	 8.341484
154	 5	 5	 1	 0.000581	 -1	 0.000000	 17.345461
155	 5	 5	 1	 0.011366	 -1	 0.000000	 8.308149
156	 5	 5	 1	 0.001094	 -1	 0.000000	 9.152955
157	 5	 5	 1	 0.000476	 -1	 0.000000	 8.927402
158	 5	 5	 1	 0.000596	 -1	 0.000000	 9.881667
159	 5	 5	 1	 0.000617	 -1	 0.000000	 11.354506
160	 5	 5	 1	 0.004304	 -1	 0.000000	 11.568316
161	 5	 5	 1	 0.000776	 -1	 0.000000	 10.103351
162	 5	 5	 1	 12.931772	 -1	 0.000000	 12.879454
176	 5	 5	 0	 239.296432	 -1	 0.000000	 9.530326
200	 5	 5	 1	 0.003205	 -1	 0.000000	 8.681551
201	 5	 5	 1	 3.788294	 -1	 0.000000	 9.362188
202	 5	 5	 1	 0.000776	 -1	 0.000000	 9.041386
203	 5	 5	 1	 0.000776	 -1	 0.000000	 8.542618
204	 5	 5	 1	 0.769176	 -1	 0.000000	 8.957300
205	 5	 5	 1	 16.758047	 -1	 0.000000	 10.084123
206	 5	 5	 1	 20.809361	 -1	 0.000000	 11.707213
207	 5	 5	 1	 0.000588	 -1	 0.000000	 13.814592
208	 5	 5	 1	 0.000625	 -1	 0.000000	 10.247150
209	 5	 5	 1	 0.000743	 -1	 0.000000	 8.811363
210	 5	 5	 1	 0.001676	 -1	 0.000000	 9.684851
211	 5	 5	 1	 34.655802	 -1	 0.000000	 8.575866
212	 5	 5	 1	 9.803486	 -1	 0.000000	 13.889939
213	 5	 5	 1	 0.000802	 -1	 0.000000	 9.645947
214	 5	 5	 1	 0.000619	 -1	 0.000000	 11.275460
215	 5	 5	 1	 111.780115	 -1	 0.000000	 8.104245
216	 5	 5	 1	 0.008078	 -1	 0.000000	 9.657257
217	 5	 5	 1	 0.002947	 -1	 0.000000	 10.214319
218	 5	 5	 1	 0.000881	 -1	 0.000000	 11.247281
219	 5	 5	 1	 0.003623	 -1	 0.000000	 9.273444
220	 5	 5	 1	 0.000441	 -1	 0.000000	 11.602007
221	 5	 5	 1	 0.000598	 -1	 0.000000	 18.976927
222	 5	 5	 1	 5.725450	 -1	 0.000000	 12.796310
223	 5	 5	 1	 0.004817	 -1	 0.000000	 8.135463
224	 5	 5	 1	 0.000441	 -1	 0.000000	 8.638285
225	 5	 5	 1	 0.005990	 -1	 0.000000	 6.863150
1583	 5	 5	 0	 405.393209	 -1	 0.000000	 3.967510
226	 5	 5	 1	 0.000520	 -1	 0.000000	 11.179765
227	 5	 5	 1	 0.003015	 -1	 0.000000	 13.465154
228	 5	 5	 1	 46.628971	 -1	 0.000000	 7.638529
229	 5	 5	 1	 0.002795	 -1	 0.000000	 14.030902
230	 5	 5	 1	 6.631564	 -1	 0.000000	 11.917886
231	 5	 5	 1	 0.000657	 -1	 0.000000	 9.482193
232	 5	 5	 1	 0.000405	 -1	 0.000000	 10.158258
53	 7	 7	 0	 482.935226	 -1	 0.000000	 9.487147
54	 7	 7	 1	 0.002226	 -1	 0.000000	 10.990985
55	 7	 7	 1	 0.002496	 -1	 0.000000	 8.383819
56	 7	 7	 0	 154.070285	 -1	 0.000000	 6.977925
57	 7	 7	 1	 0.003401	 -1	 0.000000	 11.536988
58	 7	 7	 1	 0.002105	 -1	 0.000000	 10.917076
59	 7	 7	 1	 0.001954	 -1	 0.000000	 10.819526
60	 7	 7	 1	 0.002588	 -1	 0.000000	 8.220767
61	 7	 7	 1	 57.243777	 -1	 0.000000	 9.760835
62	 7	 7	 1	 0.001918	 -1	 0.000000	 9.389601
63	 7	 7	 1	 1.626319	 -1	 0.000000	 8.799879
64	 7	 7	 1	 0.002326	 -1	 0.000000	 14.000359
65	 7	 7	 1	 0.002179	 -1	 0.000000	 14.585086
66	 7	 7	 1	 0.003184	 -1	 0.000000	 12.602118
67	 7	 7	 1	 0.001611	 -1	 0.000000	 10.428024
68	 7	 7	 1	 0.037281	 -1	 0.000000	 9.574349
69	 7	 7	 1	 69.618909	 -1	 0.000000	 15.172594
70	 7	 7	 1	 0.002218	 -1	 0.000000	 10.683982
71	 7	 7	 1	 0.002207	 -1	 0.000000	 10.347106
72	 7	 7	 1	 0.003032	 -1	 0.000000	 10.007512
73	 7	 7	 1	 0.002602	 -1	 0.000000	 13.701439
74	 7	 7	 1	 0.106881	 -1	 0.000000	 12.087991
75	 7	 7	 1	 0.003110	 -1	 0.000000	 11.434616
76	 7	 7	 1	 0.002218	 -1	 0.000000	 10.267501
77	 7	 7	 1	 0.001858	 -1	 0.000000	 10.719039
78	 7	 7	 1	 0.003115	 -1	 0.000000	 15.055764
79	 7	 7	 1	 0.002529	 -1	 0.000000	 10.805849
80	 7	 7	 1	 0.002676	 -1	 0.000000	 16.835886
81	 7	 7	 1	 24.287428	 -1	 0.000000	 11.461868
82	 7	 7	 1	 0.001685	 -1	 0.000000	 10.221358
83	 7	 7	 1	 0.002436	 -1	 0.000000	 11.177485
84	 7	 7	 1	 18.149954	 -1	 0.000000	 18.042515
85	 7	 7	 1	 3.868092	 -1	 0.000000	 8.600454
86	 7	 7	 1	 0.002250	 -1	 0.000000	 9.424138
87	 7	 7	 1	 0.002171	 -1	 0.000000	 8.268061
88	 7	 7	 1	 0.002923	 -1	 0.000000	 13.876558
89	 7	 7	 1	 0.002174	 -1	 0.000000	 9.445297
90	 7	 7	 1	 0.002727	 -1	 0.000000	 9.520078
91	 7	 7	 1	 0.002222	 -1	 0.000000	 9.534594
92	 7	 7	 1	 1.132439	 -1	 0.000000	 18.741148
93	 7	 7	 1	 0.002017	 -1	 0.000000	 10.179933
94	 7	 7	 1	 0.001954	 -1	 0.000000	 10.840147
95	 7	 7	 1	 0.002586	 -1	 0.000000	 10.509665
96	 7	 7	 1	 0.248145	 -1	 0.000000	 12.785073
97	 7	 7	 1	 62.422739	 -1	 0.000000	 9.313012
98	 7	 7	 1	 0.002451	 -1	 0.000000	 11.076410
99	 7	 7	 1	 0.014730	 -1	 0.000000	 10.371151
100	 7	 7	 0	 253.486501	 -1	 0.000000	 18.233973
101	 7	 7	 1	 0.002073	 -1	 0.000000	 9.257791
102	 7	 7	 1	 0.002022	 -1	 0.000000	 8.122826
103	 7	 7	 1	 0.003006	 -1	 0.000000	 9.278846
104	 7	 7	 1	 0.007012	 -1	 0.000000	 9.087755
105	 7	 7	 1	 0.002673	 -1	 0.000000	 12.485413
106	 7	 7	 1	 0.001825	 -1	 0.000000	 10.238243
109	 7	 7	 0	 472.478176	 -1	 0.000000	 9.882526
110	 7	 7	 0	 477.507204	 -1	 0.000000	 9.669045
111	 7	 7	 1	 0.002613	 -1	 0.000000	 12.401290
3530	 13	 13	 1	 126.861102	 -1	 0.000000	 5.637254
112	 7	 7	 0	 227.813275	 -1	 0.000000	 8.745292
113	 7	 7	 0	 259.283466	 -1	 0.000000	 8.025411
114	 7	 7	 0	 226.067273	 -1	 0.000000	 9.672940
115	 7	 7	 1	 0.002327	 -1	 0.000000	 9.500901
116	 7	 7	 1	 0.003130	 -1	 0.000000	 8.193019
117	 7	 7	 1	 0.001913	 -1	 0.000000	 12.823722
118	 7	 7	 1	 0.002196	 -1	 0.000000	 9.526928
119	 7	 7	 1	 0.002589	 -1	 0.000000	 11.939842
120	 7	 7	 1	 0.002167	 -1	 0.000000	 15.604638
121	 7	 7	 1	 0.002979	 -1	 0.000000	 9.409725
122	 7	 7	 1	 83.511031	 -1	 0.000000	 12.451066
123	 7	 7	 1	 0.001898	 -1	 0.000000	 7.721455
124	 7	 7	 1	 0.002472	 -1	 0.000000	 8.646811
125	 7	 7	 1	 0.003518	 -1	 0.000000	 9.390132
126	 7	 7	 1	 0.002817	 -1	 0.000000	 14.775260
127	 7	 7	 1	 0.002356	 -1	 0.000000	 14.726558
128	 7	 7	 1	 0.001769	 -1	 0.000000	 10.699212
129	 7	 7	 1	 0.001980	 -1	 0.000000	 7.437447
130	 7	 7	 1	 36.730208	 -1	 0.000000	 10.221395
131	 7	 7	 1	 0.005500	 -1	 0.000000	 10.327229
132	 7	 7	 1	 0.437292	 -1	 0.000000	 11.262972
133	 7	 7	 1	 0.001838	 -1	 0.000000	 10.290292
134	 7	 7	 1	 0.001846	 -1	 0.000000	 8.651757
135	 7	 7	 1	 0.002160	 -1	 0.000000	 14.633830
136	 7	 7	 1	 0.002997	 -1	 0.000000	 9.127382
137	 7	 7	 1	 0.001904	 -1	 0.000000	 7.816194
138	 7	 7	 1	 0.002463	 -1	 0.000000	 9.229191
139	 7	 7	 1	 0.004584	 -1	 0.000000	 11.336313
140	 7	 7	 1	 0.004179	 -1	 0.000000	 10.374955
141	 7	 7	 1	 0.002773	 -1	 0.000000	 7.889655
142	 7	 7	 1	 0.001972	 -1	 0.000000	 10.311193
143	 7	 7	 0	 142.255997	 -1	 0.000000	 11.159978
144	 7	 7	 1	 0.002292	 -1	 0.000000	 8.937383
190	 7	 7	 1	 26.740145	 -1	 0.000000	 7.213482
191	 7	 7	 1	 0.003003	 -1	 0.000000	 9.526550
192	 7	 7	 1	 0.003061	 -1	 0.000000	 8.987437
193	 7	 7	 1	 0.002083	 -1	 0.000000	 9.720349
194	 7	 7	 1	 0.002717	 -1	 0.000000	 11.561125
195	 7	 7	 1	 0.002016	 -1	 0.000000	 9.019261
196	 7	 7	 1	 0.002753	 -1	 0.000000	 6.906663
197	 7	 7	 1	 165.357926	 -1	 0.000000	 8.853380
198	 7	 7	 1	 0.002965	 -1	 0.000000	 10.280812
199	 7	 7	 1	 0.018118	 -1	 0.000000	 8.548713
200	 7	 7	 1	 0.002065	 -1	 0.000000	 14.663727
201	 7	 7	 1	 0.003031	 -1	 0.000000	 8.601235
202	 7	 7	 1	 0.002147	 -1	 0.000000	 9.362741
1009	 9	 9	 0	 214.388072	 -1	 0.000000	 2.789623
203	 7	 7	 0	 421.145611	 -1	 0.000000	 9.275422
204	 7	 7	 0	 431.410639	 -1	 0.000000	 7.407909
205	 7	 7	 1	 0.003506	 -1	 0.000000	 11.290344
206	 7	 7	 1	 31.476498	 -1	 0.000000	 7.869711
207	 7	 7	 1	 0.002608	 -1	 0.000000	 9.701148
208	 7	 7	 1	 0.003718	 -1	 0.000000	 9.034046
209	 7	 7	 1	 0.002888	 -1	 0.000000	 8.441100
210	 7	 7	 1	 0.002313	 -1	 0.000000	 8.357460
211	 7	 7	 1	 0.002012	 -1	 0.000000	 9.666451
212	 7	 7	 1	 0.002840	 -1	 0.000000	 9.789078
213	 7	 7	 1	 0.001841	 -1	 0.000000	 9.938977
214	 7	 7	 1	 0.004889	 -1	 0.000000	 10.425652
215	 7	 7	 1	 23.794034	 -1	 0.000000	 14.054552
216	 7	 7	 1	 2.875591	 -1	 0.000000	 11.635091
217	 7	 7	 1	 0.229252	 -1	 0.000000	 10.075092
369	 3	 3	 1	 135.416788	 -1	 0.000000	 10.883359
218	 7	 7	 0	 475.357434	 -1	 0.000000	 10.905968
219	 7	 7	 0	 479.382741	 -1	 0.000000	 9.265923
250	 7	 7	 0	 477.949628	 -1	 0.000000	 8.843854
251	 7	 7	 1	 0.002383	 -1	 0.000000	 13.935040
252	 7	 7	 1	 7.031449	 -1	 0.000000	 10.235567
253	 7	 7	 1	 0.003283	 -1	 0.000000	 9.020120
254	 7	 7	 1	 0.002041	 -1	 0.000000	 9.744557
259	 7	 7	 1	 0.002887	 -1	 0.000000	 9.579152
260	 7	 7	 1	 0.162956	 -1	 0.000000	 10.959252
261	 7	 7	 1	 14.001011	 -1	 0.000000	 21.216122
262	 7	 7	 1	 0.002818	 -1	 0.000000	 8.412279
263	 7	 7	 1	 0.002810	 -1	 0.000000	 15.479483
264	 7	 7	 1	 0.001898	 -1	 0.000000	 9.312574
265	 7	 7	 1	 0.001999	 -1	 0.000000	 9.475579
266	 7	 7	 1	 0.002179	 -1	 0.000000	 10.263873
267	 7	 7	 1	 0.002208	 -1	 0.000000	 11.103737
268	 7	 7	 1	 85.556182	 -1	 0.000000	 12.587973
269	 7	 7	 1	 1.574211	 -1	 0.000000	 9.561172
270	 7	 7	 1	 0.001814	 -1	 0.000000	 12.841841
271	 7	 7	 0	 58.672708	 -1	 0.000000	 14.903922
272	 7	 7	 1	 0.002484	 -1	 0.000000	 9.319384
273	 7	 7	 1	 0.028019	 -1	 0.000000	 9.521181
274	 7	 7	 1	 0.001981	 -1	 0.000000	 10.192275
275	 7	 7	 1	 0.002606	 -1	 0.000000	 10.667612
276	 7	 7	 1	 0.004185	 -1	 0.000000	 9.801140
277	 7	 7	 1	 0.002122	 -1	 0.000000	 8.689977
278	 7	 7	 1	 0.002793	 -1	 0.000000	 10.079141
279	 7	 7	 1	 0.002390	 -1	 0.000000	 9.607887
300	 7	 7	 1	 0.002286	 -1	 0.000000	 7.969646
301	 7	 7	 1	 0.002287	 -1	 0.000000	 8.381433
302	 7	 7	 1	 0.002029	 -1	 0.000000	 7.528123
303	 7	 7	 1	 0.003508	 -1	 0.000000	 8.534864
304	 7	 7	 1	 0.006583	 -1	 0.000000	 16.317410
305	 7	 7	 1	 0.002756	 -1	 0.000000	 9.326243
306	 7	 7	 0	 279.917375	 -1	 0.000000	 9.331972
307	 7	 7	 1	 0.002188	 -1	 0.000000	 10.352088
308	 7	 7	 1	 0.654687	 -1	 0.000000	 9.218104
1615	 5	 5	 1	 103.688553	 -1	 0.000000	 4.260010
309	 7	 7	 0	 266.469819	 -1	 0.000000	 11.160128
310	 7	 7	 0	 311.603138	 -1	 0.000000	 9.927615
>>> gr_fir_ccf: using E
>>> gr_fir_fff: using E
gr_buffer::allocate_buffer: warning: tried to allocate
   17 items of size 3696. Due to alignment requirements
   256 were allocated.  If this isn't OK, consider padding
   your structure to a power-of-two bytes.
   On this platform, our allocation granularity is 4096 bytes.
20	 7	 7	 1	 0.002127	 -1	 0.000000	 10.503579
21	 7	 7	 1	 0.001967	 -1	 0.000000	 9.096744
22	 7	 7	 1	 0.002751	 -1	 0.000000	 9.669641
23	 7	 7	 1	 0.002027	 -1	 0.000000	 8.877058
24	 7	 7	 1	 65.363434	 -1	 0.000000	 10.430939
25	 7	 7	 1	 36.891043	 -1	 0.000000	 8.997471
26	 7	 7	 1	 0.001816	 -1	 0.000000	 11.006026
27	 7	 7	 1	 0.002436	 -1	 0.000000	 9.929474
28	 7	 7	 1	 0.002072	 -1	 0.000000	 8.316499
29	 7	 7	 1	 2.384889	 -1	 0.000000	 9.456386
30	 7	 7	 1	 0.002059	 -1	 0.000000	 12.562944
31	 7	 7	 1	 0.001715	 -1	 0.000000	 12.079979
32	 7	 7	 1	 0.002098	 -1	 0.000000	 14.109198
33	 7	 7	 1	 0.002352	 -1	 0.000000	 8.026537
34	 7	 7	 1	 0.002463	 -1	 0.000000	 13.553463
35	 7	 7	 1	 0.002572	 -1	 0.000000	 8.298225
37	 7	 7	 1	 0.385043	 -1	 0.000000	 11.992685
38	 7	 7	 1	 0.002150	 -1	 0.000000	 10.788526
39	 7	 7	 1	 0.003718	 -1	 0.000000	 7.828381
40	 7	 7	 0	 152.441416	 -1	 0.000000	 8.776546
41	 7	 7	 1	 31.542805	 -1	 0.000000	 8.639597
42	 7	 7	 1	 0.003497	 -1	 0.000000	 8.403204
43	 7	 7	 1	 0.002356	 -1	 0.000000	 9.492341
44	 7	 7	 1	 0.001765	 -1	 0.000000	 18.225636
45	 7	 7	 1	 0.002676	 -1	 0.000000	 10.530949
46	 7	 7	 1	 0.001849	 -1	 0.000000	 11.736232
47	 7	 7	 0	 172.281149	 -1	 0.000000	 8.526891
48	 7	 7	 1	 1.120737	 -1	 0.000000	 6.999492
49	 7	 7	 1	 0.001904	 -1	 0.000000	 9.875521
50	 7	 7	 1	 0.001971	 -1	 0.000000	 11.901566
51	 7	 7	 1	 0.002374	 -1	 0.000000	 8.169832
52	 7	 7	 1	 0.002964	 -1	 0.000000	 8.536011
53	 7	 7	 1	 0.002770	 -1	 0.000000	 15.584664
54	 7	 7	 1	 0.003298	 -1	 0.000000	 12.123116
55	 7	 7	 0	 259.576036	 -1	 0.000000	 7.235179
56	 7	 7	 0	 287.214992	 -1	 0.000000	 17.107710
57	 7	 7	 1	 84.525952	 -1	 0.000000	 11.849770
58	 7	 7	 1	 30.217888	 -1	 0.000000	 7.601038
59	 7	 7	 1	 0.011236	 -1	 0.000000	 10.035132
60	 7	 7	 1	 0.003334	 -1	 0.000000	 7.921772
61	 7	 7	 1	 1.409029	 -1	 0.000000	 13.876245
62	 7	 7	 1	 0.002767	 -1	 0.000000	 10.238039
63	 7	 7	 0	 163.466563	 -1	 0.000000	 12.304942
64	 7	 7	 1	 0.001871	 -1	 0.000000	 9.481303
65	 7	 7	 1	 0.002236	 -1	 0.000000	 11.234527
66	 7	 7	 1	 0.002680	 -1	 0.000000	 8.532259
67	 7	 7	 1	 0.003171	 -1	 0.000000	 7.830646
68	 7	 7	 0	 106.764409	 -1	 0.000000	 8.491381
69	 7	 7	 1	 2.588606	 -1	 0.000000	 17.997023
70	 7	 7	 1	 0.057956	 -1	 0.000000	 12.300093
71	 7	 7	 1	 0.040319	 -1	 0.000000	 9.674101
72	 7	 7	 1	 24.318245	 -1	 0.000000	 10.892058
73	 7	 7	 1	 0.190965	 -1	 0.000000	 9.051266
74	 7	 7	 1	 0.001814	 -1	 0.000000	 10.377242
75	 7	 7	 1	 90.791802	 -1	 0.000000	 7.942422
76	 7	 7	 0	 116.573589	 -1	 0.000000	 8.989688
77	 7	 7	 1	 0.002541	 -1	 0.000000	 11.569242
78	 7	 7	 1	 0.001885	 -1	 0.000000	 15.179548
79	 7	 7	 1	 0.002107	 -1	 0.000000	 10.053916
3173	 3	 3	 0	 486.321138	 -1	 0.000000	 6.082923
80	 7	 7	 0	 473.327744	 -1	 0.000000	 8.732204
81	 7	 7	 1	 2.807201	 -1	 0.000000	 10.981895
82	 7	 7	 1	 0.002346	 -1	 0.000000	 10.984945
83	 7	 7	 1	 0.002240	 -1	 0.000000	 10.053586
84	 7	 7	 0	 92.452359	 -1	 0.000000	 9.223167
85	 7	 7	 1	 0.002102	 -1	 0.000000	 11.113145
86	 7	 7	 1	 3.310349	 -1	 0.000000	 13.826387
87	 7	 7	 1	 0.002201	 -1	 0.000000	 9.978903
88	 7	 7	 0	 219.260568	 -1	 0.000000	 12.787221
89	 7	 7	 1	 0.002265	 -1	 0.000000	 9.808058
90	 7	 7	 1	 103.297040	 -1	 0.000000	 10.544955
91	 7	 7	 1	 0.003009	 -1	 0.000000	 10.321544
92	 7	 7	 1	 3.136576	 -1	 0.000000	 8.123816
93	 7	 7	 1	 69.992576	 -1	 0.000000	 8.926701
94	 7	 7	 1	 0.929258	 -1	 0.000000	 10.940017
95	 7	 7	 1	 0.001694	 -1	 0.000000	 11.367890
96	 7	 7	 1	 0.032004	 -1	 0.000000	 9.397190
97	 7	 7	 1	 0.002227	 -1	 0.000000	 8.563251
98	 7	 7	 1	 0.003094	 -1	 0.000000	 10.132859
99	 7	 7	 1	 0.001898	 -1	 0.000000	 8.701455
100	 7	 7	 1	 0.002370	 -1	 0.000000	 9.378832
101	 7	 7	 1	 0.002662	 -1	 0.000000	 9.440689
390	 15	 15	 1	 182.200817	 -1	 0.000000	 8.010597
102	 7	 7	 0	 376.836331	 -1	 0.000000	 8.208377
103	 7	 7	 1	 0.002291	 -1	 0.000000	 16.167973
104	 7	 7	 1	 0.002026	 -1	 0.000000	 9.616669
105	 7	 7	 1	 0.001759	 -1	 0.000000	 10.947753
106	 7	 7	 1	 0.002909	 -1	 0.000000	 8.145080
107	 7	 7	 1	 2.288079	 -1	 0.000000	 11.385006
108	 7	 7	 1	 0.001894	 -1	 0.000000	 13.493456
109	 7	 7	 1	 0.002106	 -1	 0.000000	 9.368953
110	 7	 7	 1	 0.002323	 -1	 0.000000	 9.702177
111	 7	 7	 1	 0.194067	 -1	 0.000000	 12.239380
112	 7	 7	 1	 0.005153	 -1	 0.000000	 8.840012
113	 7	 7	 0	 225.758510	 -1	 0.000000	 9.893365
19	 9	 9	 1	 3.093899	 -1	 0.000000	 8.964062
20	 9	 9	 1	 2.427619	 -1	 0.000000	 12.951026
21	 9	 9	 1	 2.939113	 -1	 0.000000	 10.889693
22	 9	 9	 1	 76.461084	 -1	 0.000000	 9.337945
23	 9	 9	 1	 67.862809	 -1	 0.000000	 12.056125
24	 9	 9	 1	 77.497717	 -1	 0.000000	 8.767187
25	 9	 9	 1	 2.041187	 -1	 0.000000	 9.289371
26	 9	 9	 1	 2.832029	 -1	 0.000000	 10.273556
27	 9	 9	 1	 64.282808	 -1	 0.000000	 12.019750
29	 9	 9	 1	 1.895787	 -1	 0.000000	 10.496127
30	 9	 9	 1	 1.616849	 -1	 0.000000	 19.974194
31	 9	 9	 1	 3.635363	 -1	 0.000000	 9.026514
32	 9	 9	 1	 2.594305	 -1	 0.000000	 9.127241
34	 9	 9	 1	 3.117605	 -1	 0.000000	 8.245951
35	 9	 9	 1	 66.048585	 -1	 0.000000	 11.513321
36	 9	 9	 1	 72.692749	 -1	 0.000000	 7.961335
37	 9	 9	 1	 67.358544	 -1	 0.000000	 10.140758
38	 9	 9	 1	 3.321150	 -1	 0.000000	 9.432025
>>> gr_fir_ccf: using E
>>> gr_fir_fff: using E
gr_buffer::allocate_buffer: warning: tried to allocate
   17 items of size 3696. Due to alignment requirements
   256 were allocated.  If this isn't OK, consider padding
   your structure to a power-of-two bytes.
   On this platform, our allocation granularity is 4096 bytes.
21	 9	 9	 1	 2.060336	 -1	 0.000000	 13.639034
22	 9	 9	 1	 66.470743	 -1	 0.000000	 12.429422
23	 9	 9	 1	 64.809567	 -1	 0.000000	 9.859885
24	 9	 9	 1	 1.847221	 -1	 0.000000	 13.103829
25	 9	 9	 1	 72.620067	 -1	 0.000000	 18.493706
26	 9	 9	 1	 74.007218	 -1	 0.000000	 8.835112
27	 9	 9	 1	 2.929735	 -1	 0.000000	 10.382493
28	 9	 9	 1	 2.411971	 -1	 0.000000	 9.619046
29	 9	 9	 1	 2.205875	 -1	 0.000000	 12.760046
30	 9	 9	 1	 2.963779	 -1	 0.000000	 11.068610
31	 9	 9	 1	 3.152991	 -1	 0.000000	 8.185123
32	 9	 9	 1	 63.472863	 -1	 0.000000	 12.990431
33	 9	 9	 1	 3.933468	 -1	 0.000000	 7.733237
34	 9	 9	 1	 1.826784	 -1	 0.000000	 11.454904
35	 9	 9	 1	 68.681904	 -1	 0.000000	 12.489244
36	 9	 9	 1	 67.458910	 -1	 0.000000	 8.414351
37	 9	 9	 1	 2.377178	 -1	 0.000000	 9.353375
>>> gr_fir_ccf: using E
>>> gr_fir_fff: using E
terminate called after throwing an instance of 'std::invalid_argument'
  what():  gr_ofdm_demod: Incorrect subcarriers allocated
>>> gr_fir_ccf: using E
>>> gr_fir_fff: using E
terminate called after throwing an instance of 'std::invalid_argument'
  what():  gr_ofdm_demod: Incorrect subcarriers allocated
>>> gr_fir_ccf: using E
>>> gr_fir_fff: using E
gr_buffer::allocate_buffer: warning: tried to allocate
   17 items of size 3696. Due to alignment requirements
   256 were allocated.  If this isn't OK, consider padding
   your structure to a power-of-two bytes.
   On this platform, our allocation granularity is 4096 bytes.
0	 10	 10	 0	 339.456874	 -1	 0.000000	 10.957835
1	 10	 10	 0	 384.905571	 -1	 0.000000	 8.292880
2	 10	 10	 0	 353.806925	 -1	 0.000000	 22.298117
3	 10	 10	 1	 146.267212	 -1	 0.000000	 14.925206
4	 10	 10	 1	 207.317868	 -1	 0.000000	 13.312776
6	 10	 10	 1	 174.486351	 -1	 0.000000	 12.205401
7	 10	 10	 0	 437.408815	 -1	 0.000000	 7.644673
8	 10	 10	 1	 301.971717	 -1	 0.000000	 7.672601
9	 10	 10	 0	 383.159132	 -1	 0.000000	 8.441447
10	 10	 10	 1	 172.856733	 -1	 0.000000	 13.004468
11	 10	 10	 1	 218.362104	 -1	 0.000000	 8.516577
12	 10	 10	 1	 212.669683	 -1	 0.000000	 11.824905
13	 10	 10	 1	 270.616794	 -1	 0.000000	 8.138286
>>> gr_fir_ccf: using E
>>> gr_fir_fff: using E
gr_buffer::allocate_buffer: warning: tried to allocate
   17 items of size 3696. Due to alignment requirements
   256 were allocated.  If this isn't OK, consider padding
   your structure to a power-of-two bytes.
   On this platform, our allocation granularity is 4096 bytes.
20	 10	 10	 1	 352.672590	 -1	 0.000000	 12.680222
21	 10	 10	 1	 189.125098	 -1	 0.000000	 9.739131
22	 10	 10	 0	 393.809780	 -1	 0.000000	 8.212106
23	 10	 10	 1	 206.706832	 -1	 0.000000	 9.449207
24	 10	 10	 1	 190.633089	 -1	 0.000000	 10.690063
25	 10	 10	 1	 356.324469	 -1	 0.000000	 14.630889
26	 10	 10	 1	 316.880362	 -1	 0.000000	 13.951775
27	 10	 10	 1	 186.826082	 -1	 0.000000	 10.524168
28	 10	 10	 1	 194.029862	 -1	 0.000000	 11.454930
29	 10	 10	 1	 303.885737	 -1	 0.000000	 7.777966
30	 10	 10	 0	 376.152502	 -1	 0.000000	 9.295024
31	 10	 10	 1	 201.834493	 -1	 0.000000	 20.870573
32	 10	 10	 1	 243.706183	 -1	 0.000000	 9.432492
33	 10	 10	 0	 383.047788	 -1	 0.000000	 8.563313
34	 10	 10	 1	 203.597045	 -1	 0.000000	 10.548047
35	 10	 10	 1	 198.473027	 -1	 0.000000	 9.993456
38	 10	 10	 1	 230.305255	 -1	 0.000000	 9.280653
39	 10	 10	 0	 414.250870	 -1	 0.000000	 8.011976
40	 10	 10	 1	 113.952498	 -1	 0.000000	 8.397904
41	 10	 10	 0	 430.779891	 -1	 0.000000	 7.910701
42	 10	 10	 1	 225.047575	 -1	 0.000000	 10.563080
43	 10	 10	 0	 405.783706	 -1	 0.000000	 8.836120
44	 10	 10	 1	 154.452585	 -1	 0.000000	 9.279412
45	 10	 10	 0	 378.259506	 -1	 0.000000	 9.840402
46	 10	 10	 1	 199.878959	 -1	 0.000000	 12.057430
47	 10	 10	 1	 254.619847	 -1	 0.000000	 8.992089
48	 10	 10	 0	 430.846685	 -1	 0.000000	 13.791233
49	 10	 10	 1	 137.165822	 -1	 0.000000	 9.910892
50	 10	 10	 1	 222.395132	 -1	 0.000000	 9.422655
51	 10	 10	 1	 294.189151	 -1	 0.000000	 8.563307
52	 10	 10	 1	 142.553113	 -1	 0.000000	 10.629282
53	 10	 10	 0	 394.971418	 -1	 0.000000	 11.364730
54	 10	 10	 0	 377.348990	 -1	 0.000000	 11.068046
55	 10	 10	 1	 278.250740	 -1	 0.000000	 7.817992
56	 10	 10	 0	 452.140500	 -1	 0.000000	 7.429773
57	 10	 10	 1	 152.813363	 -1	 0.000000	 12.789251
58	 10	 10	 0	 414.970874	 -1	 0.000000	 8.092182
59	 10	 10	 1	 265.119813	 -1	 0.000000	 8.519302
60	 10	 10	 1	 188.197998	 -1	 0.000000	 11.246682
61	 10	 10	 1	 169.085911	 -1	 0.000000	 9.559913
62	 10	 10	 0	 421.943552	 -1	 0.000000	 10.249941
63	 10	 10	 1	 311.583796	 -1	 0.000000	 6.845572
65	 10	 10	 1	 272.627908	 -1	 0.000000	 7.804091
66	 10	 10	 0	 399.907917	 -1	 0.000000	 8.027172
67	 10	 10	 1	 240.108750	 -1	 0.000000	 8.409235
68	 10	 10	 1	 237.989887	 -1	 0.000000	 9.116838
69	 10	 10	 0	 375.312688	 -1	 0.000000	 9.791907
70	 10	 10	 0	 406.434330	 -1	 0.000000	 7.858763
72	 10	 10	 0	 425.326048	 -1	 0.000000	 11.641684
73	 10	 10	 1	 186.986463	 -1	 0.000000	 10.979683
74	 10	 10	 0	 399.311996	 -1	 0.000000	 10.996988
75	 10	 10	 1	 212.649603	 -1	 0.000000	 9.030831
76	 10	 10	 0	 422.723585	 -1	 0.000000	 10.830594
77	 10	 10	 1	 197.953264	 -1	 0.000000	 10.728831
78	 10	 10	 1	 348.774656	 -1	 0.000000	 6.723062
79	 10	 10	 0	 369.823110	 -1	 0.000000	 13.187476
80	 10	 10	 0	 451.697984	 -1	 0.000000	 6.775229
81	 10	 10	 1	 183.426848	 -1	 0.000000	 13.507915
82	 10	 10	 1	 399.436797	 -1	 0.000000	 9.205728
83	 10	 10	 0	 425.720043	 -1	 0.000000	 8.154637
84	 10	 10	 0	 432.374760	 -1	 0.000000	 8.735566
85	 10	 10	 1	 191.316127	 -1	 0.000000	 14.310749
86	 10	 10	 1	 304.431614	 -1	 0.000000	 8.493995
87	 10	 10	 0	 395.950264	 -1	 0.000000	 11.625529
88	 10	 10	 1	 176.270031	 -1	 0.000000	 9.804641
89	 10	 10	 1	 186.417024	 -1	 0.000000	 11.504865
90	 10	 10	 1	 407.134682	 -1	 0.000000	 8.280928
91	 10	 10	 0	 425.431043	 -1	 0.000000	 7.581902
92	 10	 10	 1	 206.929669	 -1	 0.000000	 10.606420
93	 10	 10	 1	 377.102041	 -1	 0.000000	 9.842895
94	 10	 10	 1	 123.358632	 -1	 0.000000	 9.838528
95	 10	 10	 0	 359.719688	 -1	 0.000000	 13.349720
96	 10	 10	 0	 411.470960	 -1	 0.000000	 10.521754
97	 10	 10	 1	 158.562360	 -1	 0.000000	 12.803217
98	 10	 10	 0	 359.083080	 -1	 0.000000	 10.966680
99	 10	 10	 1	 223.463258	 -1	 0.000000	 12.148209
100	 10	 10	 1	 263.951465	 -1	 0.000000	 8.835865
101	 10	 10	 0	 431.780689	 -1	 0.000000	 7.492016
102	 10	 10	 1	 197.905093	 -1	 0.000000	 9.479383
103	 10	 10	 1	 152.652126	 -1	 0.000000	 11.372973
104	 10	 10	 0	 402.665579	 -1	 0.000000	 8.917783
105	 10	 10	 0	 401.454959	 -1	 0.000000	 8.472760
106	 10	 10	 1	 159.106892	 -1	 0.000000	 10.706499
107	 10	 10	 1	 147.230220	 -1	 0.000000	 12.189187
108	 10	 10	 0	 410.147444	 -1	 0.000000	 10.409635
109	 10	 10	 0	 365.823243	 -1	 0.000000	 10.843390
110	 10	 10	 0	 384.051294	 -1	 0.000000	 8.321757
111	 10	 10	 1	 231.532043	 -1	 0.000000	 11.197669
112	 10	 10	 1	 146.107193	 -1	 0.000000	 10.338725
113	 10	 10	 1	 148.955446	 -1	 0.000000	 11.520514
114	 10	 10	 1	 309.269211	 -1	 0.000000	 7.684934
115	 10	 10	 1	 186.749326	 -1	 0.000000	 15.477138
116	 10	 10	 0	 400.700586	 -1	 0.000000	 7.773394
117	 10	 10	 1	 120.953218	 -1	 0.000000	 9.389561
118	 10	 10	 0	 382.581784	 -1	 0.000000	 10.665625
119	 10	 10	 1	 175.053372	 -1	 0.000000	 10.071705
120	 10	 10	 0	 391.918903	 -1	 0.000000	 10.363907
121	 10	 10	 1	 251.716168	 -1	 0.000000	 9.315145
122	 10	 10	 0	 424.109109	 -1	 0.000000	 11.679090
123	 10	 10	 1	 172.364873	 -1	 0.000000	 10.031275
124	 10	 10	 1	 211.508020	 -1	 0.000000	 22.077991
125	 10	 10	 0	 396.784765	 -1	 0.000000	 8.232361
126	 10	 10	 1	 245.061826	 -1	 0.000000	 11.193419
127	 10	 10	 1	 361.405918	 -1	 0.000000	 11.989802
128	 10	 10	 1	 171.964356	 -1	 0.000000	 13.840785
129	 10	 10	 0	 408.440483	 -1	 0.000000	 8.602263
130	 10	 10	 1	 253.615470	 -1	 0.000000	 7.912168
131	 10	 10	 0	 416.516559	 -1	 0.000000	 9.160067
132	 10	 10	 1	 187.339201	 -1	 0.000000	 10.911280
133	 10	 10	 0	 405.464884	 -1	 0.000000	 7.980374
134	 10	 10	 1	 185.909383	 -1	 0.000000	 12.572345
135	 10	 10	 0	 331.198871	 -1	 0.000000	 11.257237
136	 10	 10	 0	 399.834936	 -1	 0.000000	 8.287478
137	 10	 10	 1	 148.435177	 -1	 0.000000	 11.284635
138	 10	 10	 1	 238.320553	 -1	 0.000000	 9.435378
