>>> gr_fir_ccf: using E
>>> gr_fir_fff: using E
gr_buffer::allocate_buffer: warning: tried to allocate
   17 items of size 3696. Due to alignment requirements
   256 were allocated.  If this isn't OK, consider padding
   your structure to a power-of-two bytes.
   On this platform, our allocation granularity is 4096 bytes.
>>> gr_fir_ccf: using E
>>> gr_fir_fff: using E
gr_buffer::allocate_buffer: warning: tried to allocate
   17 items of size 3696. Due to alignment requirements
   256 were allocated.  If this isn't OK, consider padding
   your structure to a power-of-two bytes.
   On this platform, our allocation granularity is 4096 bytes.
10	 13	 13	 1	 0.000002	 -1	 0.000000	 2.241935
11	 13	 13	 1	 0.000002	 -1	 0.000000	 2.262219
12	 13	 13	 1	 0.000005	 -1	 0.000000	 2.061975
13	 13	 13	 1	 0.000006	 -1	 0.000000	 2.165092
14	 13	 13	 1	 0.023363	 -1	 0.000000	 2.303349
15	 13	 13	 1	 0.000007	 -1	 0.000000	 2.116651
16	 13	 13	 1	 0.000003	 -1	 0.000000	 2.233969
17	 13	 13	 1	 0.000007	 -1	 0.000000	 2.099333
18	 13	 13	 1	 0.000002	 -1	 0.000000	 2.221591
19	 13	 13	 1	 0.000002	 -1	 0.000000	 2.330904
20	 13	 13	 1	 0.000005	 -1	 0.000000	 2.216000
21	 13	 13	 1	 0.000006	 -1	 0.000000	 2.139049
22	 13	 13	 1	 0.282193	 -1	 0.000000	 2.139341
23	 13	 13	 1	 0.000005	 -1	 0.000000	 2.109013
24	 13	 13	 1	 0.000002	 -1	 0.000000	 2.359846
25	 13	 13	 1	 0.000004	 -1	 0.000000	 2.180566
26	 13	 13	 1	 0.000005	 -1	 0.000000	 2.208780
27	 13	 13	 1	 0.000007	 -1	 0.000000	 2.275449
28	 13	 13	 1	 0.000002	 -1	 0.000000	 2.260731
29	 13	 13	 1	 0.000002	 -1	 0.000000	 2.285242
30	 13	 13	 1	 0.000007	 -1	 0.000000	 2.272758
31	 13	 13	 1	 0.000005	 -1	 0.000000	 2.169148
32	 13	 13	 1	 0.000009	 -1	 0.000000	 2.328414
33	 13	 13	 1	 0.000007	 -1	 0.000000	 2.106826
3202	 13	 13	 0	 335.868546	 -1	 0.000000	 4.914852
34	 13	 13	 1	 0.000007	 -1	 0.000000	 2.140727
35	 13	 13	 1	 0.000006	 -1	 0.000000	 2.236179
36	 13	 13	 1	 0.000006	 -1	 0.000000	 2.141440
37	 13	 13	 1	 0.000007	 -1	 0.000000	 2.094192
38	 13	 13	 1	 0.000008	 -1	 0.000000	 2.110312
39	 13	 13	 1	 0.000002	 -1	 0.000000	 2.154277
40	 13	 13	 1	 0.000005	 -1	 0.000000	 2.243016
41	 13	 13	 1	 24.481179	 -1	 0.000000	 2.088245
42	 13	 13	 1	 0.000007	 -1	 0.000000	 2.240920
43	 13	 13	 1	 0.000003	 -1	 0.000000	 2.161635
44	 13	 13	 1	 4.010614	 -1	 0.000000	 2.028124
45	 13	 13	 1	 0.000005	 -1	 0.000000	 2.312198
46	 13	 13	 1	 0.000006	 -1	 0.000000	 2.322694
47	 13	 13	 1	 0.000002	 -1	 0.000000	 2.251088
48	 13	 13	 1	 0.000006	 -1	 0.000000	 2.236907
50	 13	 13	 1	 0.000006	 -1	 0.000000	 2.018968
51	 13	 13	 1	 0.000008	 -1	 0.000000	 2.103555
52	 13	 13	 1	 0.000009	 -1	 0.000000	 2.308173
53	 13	 13	 1	 0.000002	 -1	 0.000000	 2.371356
54	 13	 13	 1	 6.539528	 -1	 0.000000	 2.023910
55	 13	 13	 1	 0.000004	 -1	 0.000000	 2.113234
57	 13	 13	 1	 0.000002	 -1	 0.000000	 2.215511
58	 13	 13	 1	 0.000005	 -1	 0.000000	 2.105806
59	 13	 13	 1	 0.000006	 -1	 0.000000	 2.265292
60	 13	 13	 1	 0.000190	 -1	 0.000000	 2.589339
61	 13	 13	 1	 0.000007	 -1	 0.000000	 2.180424
62	 13	 13	 1	 0.000006	 -1	 0.000000	 2.222331
63	 13	 13	 1	 0.000007	 -1	 0.000000	 2.086082
64	 13	 13	 1	 0.000003	 -1	 0.000000	 2.101574
65	 13	 13	 1	 0.000002	 -1	 0.000000	 2.257818
66	 13	 13	 1	 1.066930	 -1	 0.000000	 2.125668
67	 13	 13	 1	 0.000007	 -1	 0.000000	 2.028936
68	 13	 13	 1	 0.000008	 -1	 0.000000	 2.094039
69	 13	 13	 1	 0.000006	 -1	 0.000000	 2.181249
70	 13	 13	 1	 0.000003	 -1	 0.000000	 2.239014
71	 13	 13	 1	 0.000006	 -1	 0.000000	 2.130614
72	 13	 13	 1	 0.000006	 -1	 0.000000	 2.187984
73	 13	 13	 1	 0.000007	 -1	 0.000000	 2.090378
74	 13	 13	 1	 0.000006	 -1	 0.000000	 2.315045
75	 13	 13	 1	 0.000003	 -1	 0.000000	 2.092100
76	 13	 13	 1	 0.000006	 -1	 0.000000	 2.100619
77	 13	 13	 1	 0.000002	 -1	 0.000000	 2.408010
78	 13	 13	 1	 1.735168	 -1	 0.000000	 2.281889
79	 13	 13	 1	 0.000006	 -1	 0.000000	 2.128632
81	 13	 13	 1	 0.000008	 -1	 0.000000	 2.328298
82	 13	 13	 1	 0.000006	 -1	 0.000000	 2.194917
83	 13	 13	 1	 0.000008	 -1	 0.000000	 2.088702
84	 13	 13	 1	 0.000006	 -1	 0.000000	 2.025848
85	 13	 13	 1	 0.000007	 -1	 0.000000	 2.207250
86	 13	 13	 1	 0.000007	 -1	 0.000000	 2.295891
87	 13	 13	 1	 0.000003	 -1	 0.000000	 2.114099
88	 13	 13	 1	 0.000039	 -1	 0.000000	 2.400126
89	 13	 13	 1	 0.000005	 -1	 0.000000	 2.142632
90	 13	 13	 1	 0.000008	 -1	 0.000000	 2.143276
91	 13	 13	 1	 0.000007	 -1	 0.000000	 2.113317
92	 13	 13	 1	 0.000006	 -1	 0.000000	 2.214595
93	 13	 13	 1	 0.000006	 -1	 0.000000	 2.268002
94	 13	 13	 1	 0.000052	 -1	 0.000000	 2.250225
95	 13	 13	 1	 0.000006	 -1	 0.000000	 2.293463
96	 13	 13	 1	 13.074251	 -1	 0.000000	 2.077089
97	 13	 13	 1	 0.000008	 -1	 0.000000	 2.090127
98	 13	 13	 1	 0.000006	 -1	 0.000000	 2.224455
99	 13	 13	 1	 0.000005	 -1	 0.000000	 2.138169
100	 13	 13	 1	 0.000007	 -1	 0.000000	 2.120396
101	 13	 13	 1	 0.000005	 -1	 0.000000	 2.247216
102	 13	 13	 1	 0.000002	 -1	 0.000000	 2.281915
103	 13	 13	 1	 0.000004	 -1	 0.000000	 2.121711
104	 13	 13	 1	 6.673069	 -1	 0.000000	 2.144152
105	 13	 13	 1	 0.000007	 -1	 0.000000	 2.183475
106	 13	 13	 1	 0.000005	 -1	 0.000000	 2.208097
107	 13	 13	 1	 0.002605	 -1	 0.000000	 2.138665
108	 13	 13	 1	 0.000005	 -1	 0.000000	 2.045146
110	 13	 13	 1	 0.000007	 -1	 0.000000	 2.251096
111	 13	 13	 1	 0.000006	 -1	 0.000000	 2.180098
112	 13	 13	 1	 0.000002	 -1	 0.000000	 2.226701
113	 13	 13	 1	 0.000005	 -1	 0.000000	 2.204385
114	 13	 13	 1	 0.000007	 -1	 0.000000	 2.210058
115	 13	 13	 1	 0.000006	 -1	 0.000000	 2.132568
116	 13	 13	 1	 0.000004	 -1	 0.000000	 2.058913
117	 13	 13	 1	 0.000005	 -1	 0.000000	 2.029857
118	 13	 13	 1	 0.000004	 -1	 0.000000	 2.110111
119	 13	 13	 1	 0.000008	 -1	 0.000000	 2.145506
120	 13	 13	 1	 0.000006	 -1	 0.000000	 2.108886
121	 13	 13	 1	 0.000002	 -1	 0.000000	 2.248816
122	 13	 13	 1	 0.000007	 -1	 0.000000	 2.216380
123	 13	 13	 1	 0.000005	 -1	 0.000000	 2.044003
124	 13	 13	 1	 0.000006	 -1	 0.000000	 2.088558
125	 13	 13	 1	 0.000002	 -1	 0.000000	 2.329136
127	 13	 13	 1	 0.371275	 -1	 0.000000	 2.080473
128	 13	 13	 1	 0.000007	 -1	 0.000000	 2.230731
129	 13	 13	 1	 0.000007	 -1	 0.000000	 2.207510
130	 13	 13	 1	 0.000001	 -1	 0.000000	 2.096520
131	 13	 13	 1	 0.000008	 -1	 0.000000	 2.117062
132	 13	 13	 1	 0.000006	 -1	 0.000000	 2.183105
133	 13	 13	 1	 0.000007	 -1	 0.000000	 2.169703
134	 13	 13	 1	 0.000007	 -1	 0.000000	 2.108205
135	 13	 13	 1	 0.000005	 -1	 0.000000	 2.151314
136	 13	 13	 1	 0.000006	 -1	 0.000000	 2.310367
137	 13	 13	 1	 0.000006	 -1	 0.000000	 2.209660
138	 13	 13	 1	 0.000007	 -1	 0.000000	 2.162965
139	 13	 13	 1	 0.000005	 -1	 0.000000	 2.231364
140	 13	 13	 1	 0.327877	 -1	 0.000000	 2.346646
141	 13	 13	 1	 0.000006	 -1	 0.000000	 2.081644
142	 13	 13	 1	 0.000005	 -1	 0.000000	 2.262020
143	 13	 13	 1	 0.000016	 -1	 0.000000	 2.489064
144	 13	 13	 1	 0.000333	 -1	 0.000000	 2.168888
145	 13	 13	 1	 0.000003	 -1	 0.000000	 2.182214
146	 13	 13	 1	 0.000006	 -1	 0.000000	 2.314531
147	 13	 13	 1	 0.000362	 -1	 0.000000	 2.405472
148	 13	 13	 1	 0.000007	 -1	 0.000000	 2.264935
149	 13	 13	 1	 0.000006	 -1	 0.000000	 2.073195
150	 13	 13	 1	 0.000007	 -1	 0.000000	 2.055978
151	 13	 13	 1	 0.000006	 -1	 0.000000	 2.161752
152	 13	 13	 1	 0.000002	 -1	 0.000000	 2.237676
153	 13	 13	 1	 0.000002	 -1	 0.000000	 2.252171
154	 13	 13	 1	 0.321822	 -1	 0.000000	 2.237934
155	 13	 13	 1	 0.000008	 -1	 0.000000	 2.170353
156	 13	 13	 1	 0.000005	 -1	 0.000000	 2.277823
157	 13	 13	 1	 0.000007	 -1	 0.000000	 2.141571
158	 13	 13	 1	 0.000002	 -1	 0.000000	 2.406198
160	 13	 13	 1	 0.000007	 -1	 0.000000	 2.176069
161	 13	 13	 1	 0.000005	 -1	 0.000000	 2.152661
162	 13	 13	 1	 0.000009	 -1	 0.000000	 2.173383
163	 13	 13	 1	 0.000002	 -1	 0.000000	 2.405681
165	 13	 13	 1	 0.000007	 -1	 0.000000	 2.189713
166	 13	 13	 1	 0.000005	 -1	 0.000000	 2.184753
168	 13	 13	 1	 0.000005	 -1	 0.000000	 2.182719
169	 13	 13	 1	 0.000002	 -1	 0.000000	 2.279234
170	 13	 13	 1	 0.000005	 -1	 0.000000	 2.390222
171	 13	 13	 1	 0.000004	 -1	 0.000000	 2.116955
172	 13	 13	 1	 0.022166	 -1	 0.000000	 2.097227
173	 13	 13	 1	 0.000002	 -1	 0.000000	 2.438920
174	 13	 13	 1	 0.000008	 -1	 0.000000	 2.142968
175	 13	 13	 1	 0.000002	 -1	 0.000000	 2.386909
176	 13	 13	 1	 0.000002	 -1	 0.000000	 2.063822
177	 13	 13	 1	 8.844543	 -1	 0.000000	 2.154879
178	 13	 13	 1	 0.000005	 -1	 0.000000	 2.274315
179	 13	 13	 1	 0.000003	 -1	 0.000000	 2.221548
206	 13	 13	 1	 0.000007	 -1	 0.000000	 2.237772
207	 13	 13	 1	 0.000005	 -1	 0.000000	 2.087761
208	 13	 13	 1	 0.000003	 -1	 0.000000	 2.029631
209	 13	 13	 1	 0.000006	 -1	 0.000000	 2.269624
210	 13	 13	 1	 0.000004	 -1	 0.000000	 2.164500
211	 13	 13	 1	 0.000007	 -1	 0.000000	 2.221521
212	 13	 13	 1	 0.000006	 -1	 0.000000	 2.310395
213	 13	 13	 1	 0.000006	 -1	 0.000000	 2.149389
214	 13	 13	 1	 0.000005	 -1	 0.000000	 2.030584
215	 13	 13	 1	 0.000003	 -1	 0.000000	 2.133463
216	 13	 13	 1	 0.000006	 -1	 0.000000	 2.033045
220	 13	 13	 1	 0.000002	 -1	 0.000000	 2.438297
221	 13	 13	 1	 0.000006	 -1	 0.000000	 2.280286
222	 13	 13	 1	 0.000008	 -1	 0.000000	 2.122038
223	 13	 13	 1	 0.000006	 -1	 0.000000	 2.241266
224	 13	 13	 1	 0.000006	 -1	 0.000000	 2.304885
225	 13	 13	 1	 0.000006	 -1	 0.000000	 2.193700
226	 13	 13	 1	 0.000003	 -1	 0.000000	 2.332208
227	 13	 13	 1	 0.000002	 -1	 0.000000	 2.304020
228	 13	 13	 1	 0.000005	 -1	 0.000000	 2.041889
229	 13	 13	 1	 0.000008	 -1	 0.000000	 2.183140
230	 13	 13	 1	 0.000006	 -1	 0.000000	 2.225583
231	 13	 13	 1	 0.000003	 -1	 0.000000	 2.249365
232	 13	 13	 1	 0.000006	 -1	 0.000000	 2.202711
233	 13	 13	 1	 0.000004	 -1	 0.000000	 2.117000
234	 13	 13	 1	 0.000007	 -1	 0.000000	 2.242944
235	 13	 13	 1	 0.000005	 -1	 0.000000	 2.055097
236	 13	 13	 1	 0.000002	 -1	 0.000000	 2.301176
237	 13	 13	 1	 0.000007	 -1	 0.000000	 2.149746
238	 13	 13	 1	 0.000005	 -1	 0.000000	 2.254316
281	 13	 13	 1	 0.029937	 -1	 0.000000	 2.103798
282	 13	 13	 1	 0.000004	 -1	 0.000000	 2.167379
283	 13	 13	 1	 0.077108	 -1	 0.000000	 2.221904
284	 13	 13	 1	 0.000004	 -1	 0.000000	 2.223415
285	 13	 13	 1	 0.000005	 -1	 0.000000	 2.187968
286	 13	 13	 1	 0.000002	 -1	 0.000000	 2.159701
287	 13	 13	 1	 0.000005	 -1	 0.000000	 2.096873
288	 13	 13	 1	 0.000004	 -1	 0.000000	 2.382682
289	 13	 13	 1	 0.000007	 -1	 0.000000	 2.150287
291	 13	 13	 1	 0.000002	 -1	 0.000000	 2.268910
292	 13	 13	 1	 1.237317	 -1	 0.000000	 2.343764
293	 13	 13	 1	 0.000006	 -1	 0.000000	 2.101048
294	 13	 13	 1	 0.000002	 -1	 0.000000	 2.247833
296	 13	 13	 1	 0.279932	 -1	 0.000000	 2.232231
297	 13	 13	 1	 0.000006	 -1	 0.000000	 2.273715
298	 13	 13	 1	 0.000006	 -1	 0.000000	 2.258314
299	 13	 13	 1	 0.000005	 -1	 0.000000	 2.116056
320	 13	 13	 1	 0.000003	 -1	 0.000000	 2.239780
321	 13	 13	 1	 0.000006	 -1	 0.000000	 2.034414
322	 13	 13	 1	 0.000002	 -1	 0.000000	 2.099634
323	 13	 13	 1	 0.000006	 -1	 0.000000	 2.219671
324	 13	 13	 1	 0.000007	 -1	 0.000000	 2.288251
325	 13	 13	 1	 4.060911	 -1	 0.000000	 2.172646
326	 13	 13	 1	 0.000005	 -1	 0.000000	 2.161556
327	 13	 13	 1	 0.000005	 -1	 0.000000	 2.096844
329	 13	 13	 1	 0.000001	 -1	 0.000000	 2.124911
330	 13	 13	 1	 0.000008	 -1	 0.000000	 2.237958
331	 13	 13	 1	 0.000004	 -1	 0.000000	 2.420793
332	 13	 13	 1	 0.000007	 -1	 0.000000	 2.273003
333	 13	 13	 1	 0.000005	 -1	 0.000000	 2.153311
334	 13	 13	 1	 0.000002	 -1	 0.000000	 2.099191
335	 13	 13	 1	 0.000003	 -1	 0.000000	 2.143460
336	 13	 13	 1	 0.000008	 -1	 0.000000	 2.053658
337	 13	 13	 1	 0.000007	 -1	 0.000000	 2.180809
338	 13	 13	 1	 0.000005	 -1	 0.000000	 2.166644
339	 13	 13	 1	 0.000007	 -1	 0.000000	 2.252246
368	 13	 13	 1	 0.470164	 -1	 0.000000	 2.355497
369	 13	 13	 1	 0.000007	 -1	 0.000000	 2.258070
370	 13	 13	 1	 0.000002	 -1	 0.000000	 2.143978
371	 13	 13	 1	 0.000002	 -1	 0.000000	 2.169123
1951	 13	 13	 1	 101.023759	 -1	 0.000000	 7.113947
372	 13	 13	 0	 413.905939	 -1	 0.000000	 2.273471
373	 13	 13	 0	 425.905608	 -1	 0.000000	 2.292499
374	 13	 13	 1	 0.000002	 -1	 0.000000	 2.300733
1748	 11	 11	 1	 85.182528	 -1	 0.000000	 4.786624
375	 13	 13	 0	 470.753240	 -1	 0.000000	 2.146527
376	 13	 13	 0	 471.752525	 -1	 0.000000	 2.221129
377	 13	 13	 1	 0.000006	 -1	 0.000000	 2.114458
380	 13	 13	 1	 0.000006	 -1	 0.000000	 2.065701
381	 13	 13	 1	 0.000006	 -1	 0.000000	 2.034650
382	 13	 13	 1	 0.032522	 -1	 0.000000	 2.183438
383	 13	 13	 1	 0.000004	 -1	 0.000000	 2.050225
384	 13	 13	 1	 0.000007	 -1	 0.000000	 2.161609
385	 13	 13	 1	 0.000005	 -1	 0.000000	 2.082852
386	 13	 13	 1	 0.000002	 -1	 0.000000	 2.194491
387	 13	 13	 1	 0.026633	 -1	 0.000000	 2.251288
388	 13	 13	 1	 0.000005	 -1	 0.000000	 2.231265
389	 13	 13	 1	 0.000008	 -1	 0.000000	 2.059298
390	 13	 13	 1	 0.000006	 -1	 0.000000	 2.032228
391	 13	 13	 1	 0.000003	 -1	 0.000000	 2.128695
392	 13	 13	 1	 0.000004	 -1	 0.000000	 2.310764
393	 13	 13	 1	 0.000005	 -1	 0.000000	 2.418591
394	 13	 13	 1	 0.000009	 -1	 0.000000	 2.135878
395	 13	 13	 1	 0.000002	 -1	 0.000000	 2.225438
396	 13	 13	 1	 0.000006	 -1	 0.000000	 2.037404
397	 13	 13	 1	 0.000006	 -1	 0.000000	 2.267817
398	 13	 13	 1	 7.217619	 -1	 0.000000	 2.256572
399	 13	 13	 1	 0.000002	 -1	 0.000000	 2.113626
403	 13	 13	 1	 0.000006	 -1	 0.000000	 2.345313
404	 13	 13	 1	 0.000007	 -1	 0.000000	 2.156307
405	 13	 13	 1	 0.000006	 -1	 0.000000	 2.062765
406	 13	 13	 1	 0.000008	 -1	 0.000000	 2.001614
407	 13	 13	 1	 0.265184	 -1	 0.000000	 2.346219
408	 13	 13	 1	 0.000006	 -1	 0.000000	 2.046751
409	 13	 13	 1	 0.000121	 -1	 0.000000	 2.186409
410	 13	 13	 1	 0.000005	 -1	 0.000000	 2.162360
411	 13	 13	 1	 0.029629	 -1	 0.000000	 2.242934
412	 13	 13	 1	 0.000006	 -1	 0.000000	 2.069001
413	 13	 13	 1	 0.000005	 -1	 0.000000	 2.182108
420	 13	 13	 1	 0.000004	 -1	 0.000000	 2.244081
421	 13	 13	 1	 0.000005	 -1	 0.000000	 2.117673
422	 13	 13	 1	 0.000001	 -1	 0.000000	 2.087843
423	 13	 13	 1	 0.000008	 -1	 0.000000	 2.404084
424	 13	 13	 1	 0.000003	 -1	 0.000000	 2.341579
425	 13	 13	 1	 0.000007	 -1	 0.000000	 2.058525
426	 13	 13	 1	 0.000005	 -1	 0.000000	 2.147306
427	 13	 13	 1	 0.000004	 -1	 0.000000	 2.051208
428	 13	 13	 1	 0.000006	 -1	 0.000000	 2.087058
16	 15	 15	 1	 0.000013	 -1	 0.000000	 2.244746
18	 15	 15	 1	 0.000071	 -1	 0.000000	 2.150306
19	 15	 15	 1	 0.000124	 -1	 0.000000	 2.326465
20	 15	 15	 1	 0.000065	 -1	 0.000000	 2.133281
21	 15	 15	 1	 0.000072	 -1	 0.000000	 2.428095
22	 15	 15	 1	 0.000035	 -1	 0.000000	 2.061206
23	 15	 15	 1	 21.253184	 -1	 0.000000	 2.041345
24	 15	 15	 1	 0.000052	 -1	 0.000000	 2.245532
25	 15	 15	 1	 0.000039	 -1	 0.000000	 2.037765
26	 15	 15	 1	 0.000086	 -1	 0.000000	 2.381640
27	 15	 15	 1	 0.000217	 -1	 0.000000	 2.114911
29	 15	 15	 1	 0.000092	 -1	 0.000000	 2.071619
30	 15	 15	 1	 0.000030	 -1	 0.000000	 2.421992
32	 15	 15	 1	 0.000117	 -1	 0.000000	 2.147605
33	 15	 15	 1	 0.000152	 -1	 0.000000	 2.199339
34	 15	 15	 1	 0.000113	 -1	 0.000000	 2.095733
35	 15	 15	 1	 0.000057	 -1	 0.000000	 2.199398
36	 15	 15	 1	 0.000033	 -1	 0.000000	 2.273507
37	 15	 15	 1	 0.000121	 -1	 0.000000	 2.426282
38	 15	 15	 1	 0.000103	 -1	 0.000000	 2.101699
3868	 15	 15	 0	 379.205720	 -1	 0.000000	 3.616491
39	 15	 15	 1	 0.000058	 -1	 0.000000	 2.163970
40	 15	 15	 1	 0.000043	 -1	 0.000000	 2.273274
41	 15	 15	 1	 0.000105	 -1	 0.000000	 2.063937
42	 15	 15	 1	 0.000373	 -1	 0.000000	 2.153860
43	 15	 15	 1	 0.000078	 -1	 0.000000	 2.180409
44	 15	 15	 1	 0.000183	 -1	 0.000000	 2.260104
2078	 11	 11	 0	 452.537681	 -1	 0.000000	 5.622632
45	 15	 15	 1	 0.000068	 -1	 0.000000	 2.190754
156	 13	 13	 0	 362.031147	 -1	 0.000000	 4.528947
47	 15	 15	 1	 0.000047	 -1	 0.000000	 2.139174
48	 15	 15	 1	 0.000014	 -1	 0.000000	 2.266388
50	 15	 15	 1	 0.000115	 -1	 0.000000	 2.234445
51	 15	 15	 1	 0.000078	 -1	 0.000000	 2.300876
52	 15	 15	 1	 0.000072	 -1	 0.000000	 2.216191
53	 15	 15	 1	 0.000118	 -1	 0.000000	 2.141950
55	 15	 15	 1	 0.000125	 -1	 0.000000	 2.098770
56	 15	 15	 1	 0.000126	 -1	 0.000000	 2.190366
57	 15	 15	 1	 8.662182	 -1	 0.000000	 2.103810
58	 15	 15	 1	 0.000037	 -1	 0.000000	 2.380650
59	 15	 15	 1	 0.000095	 -1	 0.000000	 2.119167
60	 15	 15	 1	 0.000058	 -1	 0.000000	 2.388926
61	 15	 15	 1	 0.000064	 -1	 0.000000	 2.179203
63	 15	 15	 1	 0.000195	 -1	 0.000000	 2.371003
64	 15	 15	 1	 0.000084	 -1	 0.000000	 2.431966
65	 15	 15	 1	 0.000031	 -1	 0.000000	 2.384480
66	 15	 15	 1	 0.000049	 -1	 0.000000	 2.083790
494	 7	 7	 0	 418.575199	 -1	 0.000000	 7.499491
67	 15	 15	 1	 0.000139	 -1	 0.000000	 2.033399
68	 15	 15	 1	 0.000067	 -1	 0.000000	 2.295192
69	 15	 15	 1	 0.000793	 -1	 0.000000	 2.426847
71	 15	 15	 1	 28.352421	 -1	 0.000000	 2.233572
72	 15	 15	 1	 0.000013	 -1	 0.000000	 2.223942
73	 15	 15	 1	 0.260967	 -1	 0.000000	 2.285606
74	 15	 15	 1	 80.394523	 -1	 0.000000	 2.110366
75	 15	 15	 1	 0.000090	 -1	 0.000000	 2.208506
76	 15	 15	 1	 0.000043	 -1	 0.000000	 2.256013
77	 15	 15	 1	 0.000127	 -1	 0.000000	 2.061864
78	 15	 15	 1	 0.000129	 -1	 0.000000	 2.230609
79	 15	 15	 1	 0.000099	 -1	 0.000000	 1.999367
80	 15	 15	 1	 0.000277	 -1	 0.000000	 2.236645
81	 15	 15	 1	 0.000068	 -1	 0.000000	 2.271493
82	 15	 15	 1	 0.000056	 -1	 0.000000	 2.165869
83	 15	 15	 1	 0.000071	 -1	 0.000000	 2.199394
84	 15	 15	 1	 0.000447	 -1	 0.000000	 2.241940
85	 15	 15	 1	 0.000064	 -1	 0.000000	 2.075106
86	 15	 15	 1	 4.585712	 -1	 0.000000	 2.161524
87	 15	 15	 1	 0.000274	 -1	 0.000000	 2.390914
89	 15	 15	 0	 205.130490	 -1	 0.000000	 2.053435
90	 15	 15	 1	 0.000065	 -1	 0.000000	 2.005339
91	 15	 15	 1	 14.578218	 -1	 0.000000	 2.170874
92	 15	 15	 1	 0.000451	 -1	 0.000000	 2.578072
93	 15	 15	 1	 0.000078	 -1	 0.000000	 2.171322
94	 15	 15	 1	 0.000086	 -1	 0.000000	 2.382483
95	 15	 15	 1	 0.000046	 -1	 0.000000	 2.146338
96	 15	 15	 1	 0.000075	 -1	 0.000000	 2.196725
98	 15	 15	 1	 0.000074	 -1	 0.000000	 2.152028
99	 15	 15	 0	 298.851001	 -1	 0.000000	 1.968622
100	 15	 15	 1	 0.001567	 -1	 0.000000	 2.370703
101	 15	 15	 1	 0.000120	 -1	 0.000000	 2.237732
102	 15	 15	 1	 0.000100	 -1	 0.000000	 2.322239
104	 15	 15	 1	 0.000287	 -1	 0.000000	 2.222305
105	 15	 15	 1	 0.000154	 -1	 0.000000	 2.196033
106	 15	 15	 1	 0.000153	 -1	 0.000000	 2.331964
107	 15	 15	 1	 0.000070	 -1	 0.000000	 2.060193
108	 15	 15	 1	 0.000118	 -1	 0.000000	 2.204921
109	 15	 15	 1	 0.000075	 -1	 0.000000	 2.378281
110	 15	 15	 1	 0.000084	 -1	 0.000000	 2.050463
111	 15	 15	 1	 0.000016	 -1	 0.000000	 2.355256
112	 15	 15	 1	 30.384030	 -1	 0.000000	 2.100833
113	 15	 15	 1	 0.000053	 -1	 0.000000	 2.243933
114	 15	 15	 1	 0.000303	 -1	 0.000000	 2.502862
115	 15	 15	 1	 0.000043	 -1	 0.000000	 2.366201
116	 15	 15	 1	 0.000085	 -1	 0.000000	 2.398837
118	 15	 15	 1	 0.000131	 -1	 0.000000	 2.204387
119	 15	 15	 1	 0.000065	 -1	 0.000000	 2.232443
120	 15	 15	 1	 0.000061	 -1	 0.000000	 2.136974
121	 15	 15	 1	 0.000142	 -1	 0.000000	 2.065911
122	 15	 15	 1	 0.000040	 -1	 0.000000	 2.217459
123	 15	 15	 1	 0.000083	 -1	 0.000000	 2.335403
124	 15	 15	 1	 0.000160	 -1	 0.000000	 2.303460
125	 15	 15	 1	 0.494560	 -1	 0.000000	 2.360991
126	 15	 15	 1	 0.000125	 -1	 0.000000	 2.218081
127	 15	 15	 0	 132.249167	 -1	 0.000000	 2.046572
128	 15	 15	 1	 0.000015	 -1	 0.000000	 2.477555
129	 15	 15	 1	 19.338669	 -1	 0.000000	 2.153527
130	 15	 15	 1	 0.000057	 -1	 0.000000	 2.268793
131	 15	 15	 1	 0.000117	 -1	 0.000000	 2.358044
132	 15	 15	 1	 6.606317	 -1	 0.000000	 2.384277
133	 15	 15	 1	 0.000092	 -1	 0.000000	 2.332144
134	 15	 15	 1	 0.000039	 -1	 0.000000	 2.178100
135	 15	 15	 1	 0.000144	 -1	 0.000000	 2.011166
136	 15	 15	 1	 0.000109	 -1	 0.000000	 2.183712
137	 15	 15	 1	 0.000078	 -1	 0.000000	 2.261047
138	 15	 15	 1	 0.000081	 -1	 0.000000	 2.167953
139	 15	 15	 1	 0.000094	 -1	 0.000000	 2.110913
140	 15	 15	 1	 0.000093	 -1	 0.000000	 2.378010
141	 15	 15	 1	 0.000340	 -1	 0.000000	 2.411374
142	 15	 15	 1	 0.000058	 -1	 0.000000	 2.238490
143	 15	 15	 1	 0.000122	 -1	 0.000000	 2.141607
144	 15	 15	 1	 0.000055	 -1	 0.000000	 2.199440
145	 15	 15	 1	 0.000045	 -1	 0.000000	 2.359753
146	 15	 15	 1	 0.000012	 -1	 0.000000	 2.528120
147	 15	 15	 1	 0.000052	 -1	 0.000000	 2.118346
148	 15	 15	 1	 0.000105	 -1	 0.000000	 2.211931
149	 15	 15	 1	 0.000269	 -1	 0.000000	 2.380562
150	 15	 15	 1	 0.000092	 -1	 0.000000	 2.254775
151	 15	 15	 1	 0.000127	 -1	 0.000000	 2.102540
152	 15	 15	 1	 0.000086	 -1	 0.000000	 2.357130
153	 15	 15	 1	 7.435242	 -1	 0.000000	 2.264012
154	 15	 15	 1	 0.000083	 -1	 0.000000	 2.420927
155	 15	 15	 1	 20.965106	 -1	 0.000000	 2.081246
156	 15	 15	 1	 0.000097	 -1	 0.000000	 2.193065
157	 15	 15	 1	 0.000072	 -1	 0.000000	 2.204127
158	 15	 15	 1	 0.000087	 -1	 0.000000	 2.203204
159	 15	 15	 1	 0.000166	 -1	 0.000000	 2.160050
160	 15	 15	 1	 0.000197	 -1	 0.000000	 2.446626
161	 15	 15	 1	 0.000212	 -1	 0.000000	 2.120918
162	 15	 15	 1	 0.000107	 -1	 0.000000	 2.213298
163	 15	 15	 1	 18.941125	 -1	 0.000000	 1.974976
164	 15	 15	 1	 0.000112	 -1	 0.000000	 2.051955
165	 15	 15	 1	 0.000070	 -1	 0.000000	 2.294365
166	 15	 15	 1	 0.000069	 -1	 0.000000	 2.216461
167	 15	 15	 1	 0.620681	 -1	 0.000000	 2.167608
168	 15	 15	 1	 0.000122	 -1	 0.000000	 2.167969
169	 15	 15	 1	 0.000128	 -1	 0.000000	 2.130381
170	 15	 15	 1	 0.000066	 -1	 0.000000	 2.132631
171	 15	 15	 1	 0.000065	 -1	 0.000000	 2.261270
172	 15	 15	 1	 0.000029	 -1	 0.000000	 2.184470
173	 15	 15	 1	 0.000054	 -1	 0.000000	 2.176613
174	 15	 15	 0	 98.093422	 -1	 0.000000	 1.958412
175	 15	 15	 1	 0.000100	 -1	 0.000000	 2.078576
176	 15	 15	 1	 0.000097	 -1	 0.000000	 2.401159
177	 15	 15	 1	 0.000113	 -1	 0.000000	 2.280195
178	 15	 15	 1	 0.000155	 -1	 0.000000	 2.214219
179	 15	 15	 1	 0.000169	 -1	 0.000000	 2.061207
180	 15	 15	 1	 0.000043	 -1	 0.000000	 2.089861
181	 15	 15	 1	 0.000015	 -1	 0.000000	 2.363944
182	 15	 15	 1	 0.000336	 -1	 0.000000	 2.457641
183	 15	 15	 1	 47.401925	 -1	 0.000000	 2.287533
184	 15	 15	 1	 0.000101	 -1	 0.000000	 2.347418
185	 15	 15	 1	 0.000037	 -1	 0.000000	 2.193069
186	 15	 15	 1	 0.000318	 -1	 0.000000	 2.378827
187	 15	 15	 0	 168.510228	 -1	 0.000000	 2.238652
188	 15	 15	 1	 0.000075	 -1	 0.000000	 2.103120
189	 15	 15	 1	 0.000063	 -1	 0.000000	 2.388058
190	 15	 15	 1	 0.000067	 -1	 0.000000	 2.099438
191	 15	 15	 1	 0.000040	 -1	 0.000000	 2.053289
192	 15	 15	 1	 0.000149	 -1	 0.000000	 2.238467
194	 15	 15	 1	 9.000921	 -1	 0.000000	 2.216139
195	 15	 15	 1	 0.000033	 -1	 0.000000	 2.106012
196	 15	 15	 1	 0.000072	 -1	 0.000000	 2.140628
197	 15	 15	 1	 0.000120	 -1	 0.000000	 2.374877
198	 15	 15	 1	 0.000060	 -1	 0.000000	 2.106551
200	 15	 15	 1	 0.000114	 -1	 0.000000	 2.074072
202	 15	 15	 1	 0.000274	 -1	 0.000000	 2.210704
203	 15	 15	 1	 0.000102	 -1	 0.000000	 2.201521
207	 15	 15	 0	 131.841715	 -1	 0.000000	 2.198028
208	 15	 15	 1	 0.000129	 -1	 0.000000	 2.380276
209	 15	 15	 1	 40.151055	 -1	 0.000000	 2.003335
210	 15	 15	 1	 0.000072	 -1	 0.000000	 2.074634
211	 15	 15	 1	 0.000100	 -1	 0.000000	 1.965580
212	 15	 15	 1	 0.000118	 -1	 0.000000	 2.072349
213	 15	 15	 1	 0.000077	 -1	 0.000000	 2.175508
214	 15	 15	 1	 0.000065	 -1	 0.000000	 2.085500
215	 15	 15	 1	 0.000060	 -1	 0.000000	 2.063457
216	 15	 15	 1	 0.000136	 -1	 0.000000	 2.020804
217	 15	 15	 1	 0.000047	 -1	 0.000000	 2.145779
218	 15	 15	 1	 0.000165	 -1	 0.000000	 2.132427
219	 15	 15	 1	 0.000112	 -1	 0.000000	 2.070131
222	 15	 15	 1	 0.000174	 -1	 0.000000	 2.190749
3989	 10	 10	 0	 474.006925	 -1	 0.000000	 4.911177
1696	 10	 10	 0	 478.539912	 -1	 0.000000	 3.971176
1335	 10	 10	 0	 478.950699	 -1	 0.000000	 6.170469
1193	 5	 5	 0	 401.471426	 -1	 0.000000	 5.283461
3124	 15	 15	 0	 407.918796	 -1	 0.000000	 6.074994
0	 15	 15	 1	 0.000063	 -1	 0.000000	 2.067828
1	 15	 15	 1	 0.000221	 -1	 0.000000	 2.333407
2	 15	 15	 1	 0.000054	 -1	 0.000000	 2.154861
3	 15	 15	 1	 0.000071	 -1	 0.000000	 2.095544
4	 15	 15	 0	 356.465383	 -1	 0.000000	 2.235306
5	 15	 15	 0	 169.045787	 -1	 0.000000	 2.068009
6	 15	 15	 1	 0.000199	 -1	 0.000000	 2.337536
7	 15	 15	 1	 0.000162	 -1	 0.000000	 2.194056
>>> gr_fir_ccf: using E
>>> gr_fir_fff: using E
gr_buffer::allocate_buffer: warning: tried to allocate
   17 items of size 3696. Due to alignment requirements
   256 were allocated.  If this isn't OK, consider padding
   your structure to a power-of-two bytes.
   On this platform, our allocation granularity is 4096 bytes.
20	 15	 15	 1	 0.000112	 -1	 0.000000	 2.450379
21	 15	 15	 1	 0.000184	 -1	 0.000000	 2.352568
22	 15	 15	 1	 0.000046	 -1	 0.000000	 2.272990
23	 15	 15	 1	 0.000089	 -1	 0.000000	 2.049366
24	 15	 15	 1	 0.000067	 -1	 0.000000	 2.082743
25	 15	 15	 1	 0.000753	 -1	 0.000000	 2.479958
1216	 15	 15	 0	 396.928518	 -1	 0.000000	 2.429310
26	 15	 15	 1	 0.000075	 -1	 0.000000	 2.181541
27	 15	 15	 1	 0.000090	 -1	 0.000000	 2.181308
28	 15	 15	 1	 0.000075	 -1	 0.000000	 2.270735
29	 15	 15	 1	 0.000142	 -1	 0.000000	 2.141292
30	 15	 15	 1	 0.000040	 -1	 0.000000	 2.006907
31	 15	 15	 1	 0.000120	 -1	 0.000000	 2.228608
32	 15	 15	 1	 0.000047	 -1	 0.000000	 2.263635
33	 15	 15	 1	 0.000218	 -1	 0.000000	 2.128425
34	 15	 15	 1	 0.000081	 -1	 0.000000	 2.131880
36	 15	 15	 1	 0.000067	 -1	 0.000000	 2.131805
37	 15	 15	 0	 305.693533	 -1	 0.000000	 2.287701
38	 15	 15	 1	 18.545599	 -1	 0.000000	 2.265861
39	 15	 15	 1	 0.000059	 -1	 0.000000	 2.047510
40	 15	 15	 1	 0.000126	 -1	 0.000000	 2.162889
41	 15	 15	 1	 0.000202	 -1	 0.000000	 2.335101
42	 15	 15	 1	 20.032413	 -1	 0.000000	 2.145055
43	 15	 15	 1	 0.000593	 -1	 0.000000	 2.368890
44	 15	 15	 1	 0.000126	 -1	 0.000000	 2.061560
45	 15	 15	 1	 0.000109	 -1	 0.000000	 2.249457
46	 15	 15	 1	 0.000101	 -1	 0.000000	 2.211465
47	 15	 15	 1	 0.000056	 -1	 0.000000	 2.212556
48	 15	 15	 1	 0.000097	 -1	 0.000000	 2.090956
49	 15	 15	 1	 0.000077	 -1	 0.000000	 2.164416
50	 15	 15	 0	 220.763482	 -1	 0.000000	 2.003999
51	 15	 15	 1	 0.000068	 -1	 0.000000	 2.177469
52	 15	 15	 1	 0.000073	 -1	 0.000000	 2.157460
53	 15	 15	 1	 0.000243	 -1	 0.000000	 2.450209
54	 15	 15	 1	 0.002644	 -1	 0.000000	 2.176427
55	 15	 15	 1	 0.000089	 -1	 0.000000	 2.202191
56	 15	 15	 1	 0.000245	 -1	 0.000000	 2.218960
57	 15	 15	 1	 0.000069	 -1	 0.000000	 2.088844
58	 15	 15	 1	 0.000139	 -1	 0.000000	 2.289619
59	 15	 15	 1	 0.001174	 -1	 0.000000	 2.425952
60	 15	 15	 1	 27.413886	 -1	 0.000000	 2.096550
61	 15	 15	 1	 0.000048	 -1	 0.000000	 2.079207
62	 15	 15	 0	 112.118460	 -1	 0.000000	 1.945169
63	 15	 15	 1	 0.000133	 -1	 0.000000	 2.014675
64	 15	 15	 1	 15.690379	 -1	 0.000000	 2.289937
65	 15	 15	 1	 0.000067	 -1	 0.000000	 2.441249
66	 15	 15	 1	 10.639777	 -1	 0.000000	 1.990710
2117	 15	 15	 0	 333.176147	 -1	 0.000000	 6.688868
68	 15	 15	 1	 0.001573	 -1	 0.000000	 2.299417
69	 15	 15	 1	 0.000089	 -1	 0.000000	 2.089965
70	 15	 15	 1	 12.591992	 -1	 0.000000	 2.179687
71	 15	 15	 1	 4.225384	 -1	 0.000000	 1.998279
72	 15	 15	 1	 0.000073	 -1	 0.000000	 2.162753
3079	 5	 5	 0	 436.944729	 -1	 0.000000	 5.212692
73	 15	 15	 1	 0.000173	 -1	 0.000000	 2.434229
74	 15	 15	 1	 0.000086	 -1	 0.000000	 2.466530
75	 15	 15	 1	 0.000081	 -1	 0.000000	 2.305415
76	 15	 15	 1	 0.000043	 -1	 0.000000	 2.253383
77	 15	 15	 1	 0.000169	 -1	 0.000000	 2.277550
78	 15	 15	 1	 0.000012	 -1	 0.000000	 2.213738
79	 15	 15	 1	 0.000058	 -1	 0.000000	 1.996271
80	 15	 15	 1	 0.000108	 -1	 0.000000	 2.262113
81	 15	 15	 1	 0.000054	 -1	 0.000000	 2.230357
82	 15	 15	 1	 0.000090	 -1	 0.000000	 2.273382
83	 15	 15	 1	 0.000037	 -1	 0.000000	 2.189805
84	 15	 15	 1	 0.000384	 -1	 0.000000	 2.215228
85	 15	 15	 1	 0.000060	 -1	 0.000000	 2.146963
86	 15	 15	 1	 0.000102	 -1	 0.000000	 2.066220
87	 15	 15	 1	 0.000194	 -1	 0.000000	 2.280978
2136	 13	 13	 0	 380.147797	 -1	 0.000000	 4.807885
88	 15	 15	 1	 9.738654	 -1	 0.000000	 2.239071
89	 15	 15	 1	 0.000236	 -1	 0.000000	 2.216724
90	 15	 15	 1	 0.000064	 -1	 0.000000	 2.070518
91	 15	 15	 1	 25.010513	 -1	 0.000000	 2.208935
92	 15	 15	 1	 0.000098	 -1	 0.000000	 2.430205
93	 15	 15	 1	 28.349281	 -1	 0.000000	 2.231914
94	 15	 15	 1	 0.000084	 -1	 0.000000	 2.417800
95	 15	 15	 1	 0.000073	 -1	 0.000000	 2.259085
96	 15	 15	 1	 0.000095	 -1	 0.000000	 2.166899
97	 15	 15	 1	 0.000149	 -1	 0.000000	 2.203680
99	 15	 15	 1	 0.000662	 -1	 0.000000	 2.545413
100	 15	 15	 1	 0.000059	 -1	 0.000000	 2.319568
101	 15	 15	 1	 0.000197	 -1	 0.000000	 2.259948
102	 15	 15	 1	 0.000247	 -1	 0.000000	 2.361150
104	 15	 15	 1	 0.000044	 -1	 0.000000	 2.385300
105	 15	 15	 1	 0.000222	 -1	 0.000000	 2.290340
106	 15	 15	 1	 0.000078	 -1	 0.000000	 2.097352
107	 15	 15	 1	 25.640258	 -1	 0.000000	 2.201720
108	 15	 15	 1	 0.000234	 -1	 0.000000	 2.207160
109	 15	 15	 1	 0.000079	 -1	 0.000000	 2.146230
110	 15	 15	 1	 0.003050	 -1	 0.000000	 2.165588
111	 15	 15	 1	 0.000064	 -1	 0.000000	 2.270513
112	 15	 15	 1	 0.000196	 -1	 0.000000	 2.172967
2995	 15	 15	 0	 396.833631	 -1	 0.000000	 3.996927
113	 15	 15	 1	 0.031832	 -1	 0.000000	 2.193116
114	 15	 15	 1	 0.000105	 -1	 0.000000	 2.105497
115	 15	 15	 1	 0.000068	 -1	 0.000000	 2.151859
116	 15	 15	 1	 7.545722	 -1	 0.000000	 2.217329
117	 15	 15	 1	 0.000121	 -1	 0.000000	 2.011005
118	 15	 15	 1	 0.000143	 -1	 0.000000	 2.041579
119	 15	 15	 0	 245.242967	 -1	 0.000000	 1.936687
120	 15	 15	 1	 0.001802	 -1	 0.000000	 2.318734
121	 15	 15	 1	 0.000869	 -1	 0.000000	 2.510965
123	 15	 15	 1	 0.000100	 -1	 0.000000	 2.287266
124	 15	 15	 1	 0.000147	 -1	 0.000000	 2.297877
125	 15	 15	 1	 6.651306	 -1	 0.000000	 2.063955
126	 15	 15	 1	 0.017939	 -1	 0.000000	 2.159717
127	 15	 15	 1	 0.000084	 -1	 0.000000	 2.265068
128	 15	 15	 1	 0.000044	 -1	 0.000000	 2.051246
130	 15	 15	 1	 39.445665	 -1	 0.000000	 1.921853
131	 15	 15	 1	 0.000709	 -1	 0.000000	 2.187731
132	 15	 15	 1	 0.000112	 -1	 0.000000	 2.132594
133	 15	 15	 0	 83.150063	 -1	 0.000000	 2.171349
134	 15	 15	 1	 0.000119	 -1	 0.000000	 2.119840
135	 15	 15	 1	 0.000034	 -1	 0.000000	 2.252979
136	 15	 15	 1	 0.003685	 -1	 0.000000	 2.551939
137	 15	 15	 0	 110.960093	 -1	 0.000000	 2.000024
138	 15	 15	 1	 0.000075	 -1	 0.000000	 2.165520
139	 15	 15	 1	 0.000050	 -1	 0.000000	 2.396589
141	 15	 15	 1	 5.150843	 -1	 0.000000	 2.206171
142	 15	 15	 1	 81.909481	 -1	 0.000000	 2.052821
143	 15	 15	 1	 0.000053	 -1	 0.000000	 1.985371
144	 15	 15	 1	 0.000150	 -1	 0.000000	 2.137987
145	 15	 15	 1	 0.000067	 -1	 0.000000	 1.975471
146	 15	 15	 1	 0.000140	 -1	 0.000000	 2.311967
147	 15	 15	 1	 0.000127	 -1	 0.000000	 2.269533
148	 15	 15	 1	 0.000076	 -1	 0.000000	 2.112407
149	 15	 15	 1	 0.000101	 -1	 0.000000	 2.208121
150	 15	 15	 1	 0.000598	 -1	 0.000000	 2.476385
151	 15	 15	 1	 0.000084	 -1	 0.000000	 2.293403
152	 15	 15	 1	 5.046112	 -1	 0.000000	 2.493292
153	 15	 15	 1	 9.785288	 -1	 0.000000	 2.181410
154	 15	 15	 1	 39.140727	 -1	 0.000000	 2.252695
155	 15	 15	 1	 0.000062	 -1	 0.000000	 2.121885
156	 15	 15	 1	 20.805163	 -1	 0.000000	 2.205582
>>> gr_fir_ccf: using E
>>> gr_fir_fff: using E
gr_buffer::allocate_buffer: warning: tried to allocate
   17 items of size 3696. Due to alignment requirements
   256 were allocated.  If this isn't OK, consider padding
   your structure to a power-of-two bytes.
   On this platform, our allocation granularity is 4096 bytes.
13	 5	 5	 1	 0.085917	 -1	 0.000000	 2.241753
14	 5	 5	 1	 0.199994	 -1	 0.000000	 2.258276
15	 5	 5	 1	 0.013969	 -1	 0.000000	 2.431503
16	 5	 5	 1	 0.008273	 -1	 0.000000	 2.352422
17	 5	 5	 1	 0.209638	 -1	 0.000000	 2.251065
18	 5	 5	 1	 0.056441	 -1	 0.000000	 2.103324
19	 5	 5	 1	 13.286835	 -1	 0.000000	 2.015520
20	 5	 5	 1	 0.088880	 -1	 0.000000	 2.141346
21	 5	 5	 1	 0.064054	 -1	 0.000000	 2.137037
22	 5	 5	 1	 0.102981	 -1	 0.000000	 1.949963
23	 5	 5	 1	 0.034141	 -1	 0.000000	 1.968087
24	 5	 5	 1	 0.006169	 -1	 0.000000	 2.239513
25	 5	 5	 1	 0.828579	 -1	 0.000000	 2.656822
26	 5	 5	 1	 0.008504	 -1	 0.000000	 2.467567
27	 5	 5	 1	 43.625944	 -1	 0.000000	 1.928784
28	 5	 5	 1	 0.046245	 -1	 0.000000	 2.010417
29	 5	 5	 1	 0.322012	 -1	 0.000000	 2.056555
30	 5	 5	 1	 0.362931	 -1	 0.000000	 2.087660
31	 5	 5	 1	 26.852104	 -1	 0.000000	 2.366450
32	 5	 5	 1	 0.232322	 -1	 0.000000	 2.108014
33	 5	 5	 1	 0.006146	 -1	 0.000000	 2.218980
34	 5	 5	 1	 25.862830	 -1	 0.000000	 2.068955
35	 5	 5	 1	 0.277838	 -1	 0.000000	 2.003109
36	 5	 5	 1	 0.102163	 -1	 0.000000	 2.157520
37	 5	 5	 1	 0.134226	 -1	 0.000000	 2.282943
38	 5	 5	 1	 0.163666	 -1	 0.000000	 1.991314
39	 5	 5	 1	 0.010833	 -1	 0.000000	 2.500884
40	 5	 5	 1	 14.907551	 -1	 0.000000	 2.290859
41	 5	 5	 1	 0.109799	 -1	 0.000000	 2.015088
42	 5	 5	 1	 0.006185	 -1	 0.000000	 2.428653
43	 5	 5	 1	 0.017463	 -1	 0.000000	 2.265136
44	 5	 5	 1	 17.090471	 -1	 0.000000	 2.255846
45	 5	 5	 1	 0.098845	 -1	 0.000000	 2.177188
46	 5	 5	 1	 0.075794	 -1	 0.000000	 2.000144
47	 5	 5	 1	 0.010664	 -1	 0.000000	 2.450469
48	 5	 5	 1	 0.016943	 -1	 0.000000	 2.329548
49	 5	 5	 1	 14.594782	 -1	 0.000000	 2.303999
50	 5	 5	 1	 0.045602	 -1	 0.000000	 2.376235
51	 5	 5	 1	 0.082498	 -1	 0.000000	 2.155001
52	 5	 5	 1	 0.206445	 -1	 0.000000	 2.256768
53	 5	 5	 1	 65.395287	 -1	 0.000000	 2.049992
54	 5	 5	 1	 0.090047	 -1	 0.000000	 2.284602
55	 5	 5	 1	 0.027945	 -1	 0.000000	 2.112601
56	 5	 5	 1	 0.010992	 -1	 0.000000	 2.407151
57	 5	 5	 1	 0.010474	 -1	 0.000000	 2.470741
58	 5	 5	 1	 0.078163	 -1	 0.000000	 2.048396
59	 5	 5	 1	 0.149795	 -1	 0.000000	 2.159004
60	 5	 5	 1	 0.069583	 -1	 0.000000	 2.221441
61	 5	 5	 1	 0.075215	 -1	 0.000000	 2.096117
62	 5	 5	 1	 0.109577	 -1	 0.000000	 2.189246
63	 5	 5	 1	 0.005857	 -1	 0.000000	 2.375283
64	 5	 5	 1	 0.202274	 -1	 0.000000	 2.233549
65	 5	 5	 1	 0.009530	 -1	 0.000000	 2.235388
66	 5	 5	 1	 0.192800	 -1	 0.000000	 2.179785
67	 5	 5	 1	 0.011463	 -1	 0.000000	 2.446851
69	 5	 5	 1	 10.827407	 -1	 0.000000	 2.194651
>>> gr_fir_ccf: using E
>>> gr_fir_fff: using E
gr_buffer::allocate_buffer: warning: tried to allocate
   17 items of size 3696. Due to alignment requirements
   256 were allocated.  If this isn't OK, consider padding
   your structure to a power-of-two bytes.
   On this platform, our allocation granularity is 4096 bytes.
20	 5	 5	 1	 0.094289	 -1	 0.000000	 2.049795
21	 5	 5	 1	 31.956170	 -1	 0.000000	 2.337969
22	 5	 5	 1	 0.082983	 -1	 0.000000	 2.208064
23	 5	 5	 1	 0.045486	 -1	 0.000000	 2.068220
24	 5	 5	 1	 0.005459	 -1	 0.000000	 2.232857
25	 5	 5	 0	 276.489127	 -1	 0.000000	 2.124648
26	 5	 5	 1	 0.138489	 -1	 0.000000	 2.189921
27	 5	 5	 1	 0.398812	 -1	 0.000000	 2.526756
28	 5	 5	 1	 0.051787	 -1	 0.000000	 2.161609
29	 5	 5	 0	 89.106591	 -1	 0.000000	 2.124515
30	 5	 5	 1	 0.281599	 -1	 0.000000	 2.134903
31	 5	 5	 1	 0.096227	 -1	 0.000000	 2.188156
32	 5	 5	 1	 0.297370	 -1	 0.000000	 2.162473
33	 5	 5	 1	 0.004910	 -1	 0.000000	 2.383641
34	 5	 5	 1	 0.317192	 -1	 0.000000	 2.168517
35	 5	 5	 1	 24.423653	 -1	 0.000000	 2.145732
36	 5	 5	 1	 14.745742	 -1	 0.000000	 2.305107
37	 5	 5	 1	 0.016457	 -1	 0.000000	 2.387566
38	 5	 5	 1	 0.118331	 -1	 0.000000	 2.288590
39	 5	 5	 1	 28.175575	 -1	 0.000000	 2.031299
40	 5	 5	 1	 0.008911	 -1	 0.000000	 2.267273
41	 5	 5	 1	 0.010983	 -1	 0.000000	 2.236530
42	 5	 5	 1	 0.008510	 -1	 0.000000	 2.067390
43	 5	 5	 1	 0.008435	 -1	 0.000000	 2.244004
44	 5	 5	 1	 0.014105	 -1	 0.000000	 2.345858
45	 5	 5	 1	 0.078365	 -1	 0.000000	 2.121897
46	 5	 5	 0	 227.234140	 -1	 0.000000	 2.306794
47	 5	 5	 1	 0.013015	 -1	 0.000000	 2.513856
48	 5	 5	 1	 0.012516	 -1	 0.000000	 2.349658
49	 5	 5	 1	 0.009918	 -1	 0.000000	 2.314266
50	 5	 5	 1	 18.574511	 -1	 0.000000	 2.209269
51	 5	 5	 1	 20.504621	 -1	 0.000000	 2.209668
52	 5	 5	 1	 0.008358	 -1	 0.000000	 2.335535
54	 5	 5	 1	 0.059085	 -1	 0.000000	 2.345356
55	 5	 5	 1	 13.283540	 -1	 0.000000	 2.274302
56	 5	 5	 1	 0.180439	 -1	 0.000000	 2.211167
57	 5	 5	 1	 0.006104	 -1	 0.000000	 2.382083
969	 11	 11	 0	 460.806610	 -1	 0.000000	 6.410611
58	 5	 5	 1	 0.006379	 -1	 0.000000	 2.116630
59	 5	 5	 1	 0.109500	 -1	 0.000000	 2.266889
60	 5	 5	 1	 14.105412	 -1	 0.000000	 2.203210
61	 5	 5	 1	 20.124134	 -1	 0.000000	 2.192024
62	 5	 5	 1	 0.135425	 -1	 0.000000	 2.228654
63	 5	 5	 1	 0.009002	 -1	 0.000000	 2.292022
64	 5	 5	 1	 0.073332	 -1	 0.000000	 2.155482
65	 5	 5	 1	 0.011463	 -1	 0.000000	 2.238905
66	 5	 5	 1	 0.005993	 -1	 0.000000	 2.278935
67	 5	 5	 1	 9.242945	 -1	 0.000000	 2.211161
68	 5	 5	 1	 52.903974	 -1	 0.000000	 2.151365
69	 5	 5	 1	 0.060429	 -1	 0.000000	 2.363251
70	 5	 5	 1	 0.145286	 -1	 0.000000	 2.189617
71	 5	 5	 1	 0.017815	 -1	 0.000000	 2.332929
72	 5	 5	 1	 0.006186	 -1	 0.000000	 2.134870
73	 5	 5	 1	 47.667394	 -1	 0.000000	 1.916495
74	 5	 5	 1	 34.329567	 -1	 0.000000	 2.286620
75	 5	 5	 1	 0.078363	 -1	 0.000000	 2.148122
76	 5	 5	 1	 0.007925	 -1	 0.000000	 2.397476
77	 5	 5	 1	 0.006160	 -1	 0.000000	 2.227364
78	 5	 5	 1	 88.589111	 -1	 0.000000	 2.089920
16	 7	 7	 1	 0.912642	 -1	 0.000000	 2.166040
17	 7	 7	 1	 0.028390	 -1	 0.000000	 2.309162
18	 7	 7	 1	 0.016863	 -1	 0.000000	 2.361929
19	 7	 7	 1	 0.172037	 -1	 0.000000	 2.150000
20	 7	 7	 1	 39.256916	 -1	 0.000000	 2.364066
21	 7	 7	 1	 0.017603	 -1	 0.000000	 2.311092
22	 7	 7	 1	 0.094215	 -1	 0.000000	 2.000897
23	 7	 7	 1	 0.030612	 -1	 0.000000	 2.275765
24	 7	 7	 1	 0.033483	 -1	 0.000000	 2.519566
25	 7	 7	 1	 53.608594	 -1	 0.000000	 2.190041
26	 7	 7	 0	 367.236551	 -1	 0.000000	 2.151759
27	 7	 7	 1	 0.015893	 -1	 0.000000	 2.486029
28	 7	 7	 1	 0.115060	 -1	 0.000000	 2.467131
29	 7	 7	 1	 0.151781	 -1	 0.000000	 2.200347
30	 7	 7	 1	 0.047578	 -1	 0.000000	 2.223829
31	 7	 7	 1	 0.760834	 -1	 0.000000	 2.207230
32	 7	 7	 1	 0.018686	 -1	 0.000000	 2.251634
33	 7	 7	 1	 0.187976	 -1	 0.000000	 2.284361
34	 7	 7	 1	 0.017136	 -1	 0.000000	 2.331990
35	 7	 7	 1	 0.760679	 -1	 0.000000	 2.340382
36	 7	 7	 1	 0.020328	 -1	 0.000000	 2.331472
37	 7	 7	 1	 0.323326	 -1	 0.000000	 2.131875
38	 7	 7	 1	 1.388527	 -1	 0.000000	 2.245179
39	 7	 7	 1	 0.024150	 -1	 0.000000	 2.373519
40	 7	 7	 1	 0.208843	 -1	 0.000000	 2.271481
41	 7	 7	 1	 15.742396	 -1	 0.000000	 2.170483
42	 7	 7	 1	 0.021956	 -1	 0.000000	 2.572713
43	 7	 7	 1	 0.036733	 -1	 0.000000	 2.361874
44	 7	 7	 0	 209.784253	 -1	 0.000000	 2.384428
45	 7	 7	 1	 3.106735	 -1	 0.000000	 2.254493
46	 7	 7	 0	 91.267889	 -1	 0.000000	 2.391847
47	 7	 7	 1	 0.024803	 -1	 0.000000	 2.410781
48	 7	 7	 1	 0.113131	 -1	 0.000000	 2.202121
2141	 5	 5	 0	 400.957531	 -1	 0.000000	 5.458474
49	 7	 7	 1	 0.016684	 -1	 0.000000	 2.283761
50	 7	 7	 1	 0.075021	 -1	 0.000000	 2.392754
51	 7	 7	 1	 0.140052	 -1	 0.000000	 2.516446
52	 7	 7	 1	 103.524731	 -1	 0.000000	 2.055190
53	 7	 7	 1	 0.018947	 -1	 0.000000	 2.318863
54	 7	 7	 1	 0.021562	 -1	 0.000000	 2.369907
55	 7	 7	 1	 4.137190	 -1	 0.000000	 2.134948
56	 7	 7	 1	 0.014944	 -1	 0.000000	 2.323519
57	 7	 7	 1	 0.021627	 -1	 0.000000	 2.385124
58	 7	 7	 1	 0.029325	 -1	 0.000000	 2.450132
59	 7	 7	 1	 0.011713	 -1	 0.000000	 2.305952
60	 7	 7	 1	 18.341919	 -1	 0.000000	 2.432965
61	 7	 7	 1	 0.015439	 -1	 0.000000	 2.337856
62	 7	 7	 1	 0.214824	 -1	 0.000000	 2.157459
63	 7	 7	 1	 9.471716	 -1	 0.000000	 2.316482
64	 7	 7	 1	 0.023863	 -1	 0.000000	 2.199752
65	 7	 7	 1	 0.054034	 -1	 0.000000	 2.237813
66	 7	 7	 1	 0.130074	 -1	 0.000000	 2.006022
67	 7	 7	 1	 1.510922	 -1	 0.000000	 2.158720
68	 7	 7	 1	 0.144517	 -1	 0.000000	 2.099945
69	 7	 7	 1	 5.569545	 -1	 0.000000	 2.105502
21	 9	 9	 1	 234.987148	 -1	 0.000000	 2.285115
22	 9	 9	 1	 13.752628	 -1	 0.000000	 2.320417
23	 9	 9	 1	 16.308377	 -1	 0.000000	 2.357678
24	 9	 9	 1	 14.048914	 -1	 0.000000	 2.466542
25	 9	 9	 1	 12.335778	 -1	 0.000000	 2.319079
26	 9	 9	 1	 184.396903	 -1	 0.000000	 2.040791
27	 9	 9	 1	 20.562287	 -1	 0.000000	 2.336318
28	 9	 9	 1	 201.058073	 -1	 0.000000	 2.217076
30	 9	 9	 1	 15.893182	 -1	 0.000000	 2.177943
31	 9	 9	 1	 15.138746	 -1	 0.000000	 2.407096
32	 9	 9	 1	 20.724449	 -1	 0.000000	 2.522647
33	 9	 9	 1	 16.577932	 -1	 0.000000	 2.250998
3375	 13	 13	 0	 382.684884	 -1	 0.000000	 2.072474
34	 9	 9	 1	 19.813247	 -1	 0.000000	 2.287425
35	 9	 9	 1	 19.611535	 -1	 0.000000	 2.281610
36	 9	 9	 1	 166.382998	 -1	 0.000000	 2.033071
37	 9	 9	 1	 188.141953	 -1	 0.000000	 2.100746
38	 9	 9	 1	 13.704285	 -1	 0.000000	 2.308404
39	 9	 9	 1	 28.312583	 -1	 0.000000	 2.349335
40	 9	 9	 1	 224.820571	 -1	 0.000000	 2.155654
41	 9	 9	 1	 11.814043	 -1	 0.000000	 2.255123
42	 9	 9	 1	 17.149842	 -1	 0.000000	 2.350987
43	 9	 9	 1	 212.387054	 -1	 0.000000	 2.235641
45	 9	 9	 1	 17.658737	 -1	 0.000000	 2.217914
46	 9	 9	 1	 179.015004	 -1	 0.000000	 2.035404
47	 9	 9	 1	 19.545831	 -1	 0.000000	 2.233285
48	 9	 9	 1	 19.517355	 -1	 0.000000	 2.141508
49	 9	 9	 1	 226.595373	 -1	 0.000000	 2.313992
51	 9	 9	 1	 14.912450	 -1	 0.000000	 2.087552
52	 9	 9	 1	 15.479860	 -1	 0.000000	 2.345376
53	 9	 9	 1	 21.943607	 -1	 0.000000	 2.073283
54	 9	 9	 1	 214.608606	 -1	 0.000000	 2.128187
55	 9	 9	 1	 228.971788	 -1	 0.000000	 2.112080
56	 9	 9	 1	 22.284185	 -1	 0.000000	 2.411550
58	 9	 9	 1	 11.718560	 -1	 0.000000	 2.283392
59	 9	 9	 1	 13.784440	 -1	 0.000000	 2.175972
60	 9	 9	 1	 200.561689	 -1	 0.000000	 2.006882
61	 9	 9	 1	 17.313034	 -1	 0.000000	 2.139899
62	 9	 9	 1	 193.442570	 -1	 0.000000	 2.108076
63	 9	 9	 1	 206.586168	 -1	 0.000000	 2.191896
2080	 11	 11	 0	 443.489183	 -1	 0.000000	 9.146216
64	 9	 9	 1	 229.798975	 -1	 0.000000	 2.230873
65	 9	 9	 1	 20.783244	 -1	 0.000000	 2.091126
66	 9	 9	 1	 13.179772	 -1	 0.000000	 2.240059
67	 9	 9	 1	 234.767736	 -1	 0.000000	 2.227075
68	 9	 9	 1	 11.085716	 -1	 0.000000	 2.045764
69	 9	 9	 1	 9.705869	 -1	 0.000000	 2.221974
70	 9	 9	 1	 224.075409	 -1	 0.000000	 2.329360
71	 9	 9	 1	 19.220350	 -1	 0.000000	 2.214840
72	 9	 9	 1	 209.662476	 -1	 0.000000	 2.085802
73	 9	 9	 1	 19.048300	 -1	 0.000000	 2.234355
74	 9	 9	 1	 13.346114	 -1	 0.000000	 2.243237
75	 9	 9	 1	 15.066958	 -1	 0.000000	 2.243145
76	 9	 9	 1	 19.768444	 -1	 0.000000	 2.156371
77	 9	 9	 1	 15.824254	 -1	 0.000000	 2.259808
78	 9	 9	 1	 18.832789	 -1	 0.000000	 2.203433
79	 9	 9	 0	 239.789864	 -1	 0.000000	 2.128281
80	 9	 9	 1	 18.389180	 -1	 0.000000	 2.119871
81	 9	 9	 1	 46.442555	 -1	 0.000000	 2.562225
82	 9	 9	 1	 18.756427	 -1	 0.000000	 2.237740
83	 9	 9	 1	 208.221006	 -1	 0.000000	 2.207478
84	 9	 9	 1	 229.912090	 -1	 0.000000	 2.010676
85	 9	 9	 1	 168.347911	 -1	 0.000000	 2.065035
86	 9	 9	 1	 18.041404	 -1	 0.000000	 2.334303
87	 9	 9	 1	 13.045407	 -1	 0.000000	 2.367327
88	 9	 9	 1	 233.331896	 -1	 0.000000	 2.146386
89	 9	 9	 1	 15.411569	 -1	 0.000000	 2.142620
90	 9	 9	 1	 12.734528	 -1	 0.000000	 2.332371
91	 9	 9	 1	 181.134855	 -1	 0.000000	 2.243274
92	 9	 9	 1	 24.703264	 -1	 0.000000	 2.377694
93	 9	 9	 1	 13.193024	 -1	 0.000000	 2.154364
94	 9	 9	 1	 15.250503	 -1	 0.000000	 2.204492
95	 9	 9	 1	 14.471038	 -1	 0.000000	 2.282953
96	 9	 9	 1	 14.447014	 -1	 0.000000	 2.431031
97	 9	 9	 1	 34.654664	 -1	 0.000000	 2.302163
98	 9	 9	 1	 9.311787	 -1	 0.000000	 2.307313
99	 9	 9	 1	 20.859763	 -1	 0.000000	 2.149112
100	 9	 9	 1	 19.450981	 -1	 0.000000	 2.242172
101	 9	 9	 1	 18.683702	 -1	 0.000000	 2.310101
102	 9	 9	 1	 15.337728	 -1	 0.000000	 2.201544
103	 9	 9	 1	 13.157786	 -1	 0.000000	 2.185765
279	 9	 9	 0	 447.790546	 -1	 0.000000	 4.452277
104	 9	 9	 1	 17.321943	 -1	 0.000000	 2.116347
105	 9	 9	 1	 197.417643	 -1	 0.000000	 2.042885
106	 9	 9	 1	 212.004484	 -1	 0.000000	 2.128514
107	 9	 9	 1	 165.761504	 -1	 0.000000	 2.146764
108	 9	 9	 1	 14.818318	 -1	 0.000000	 2.338030
109	 9	 9	 1	 15.774305	 -1	 0.000000	 2.353460
110	 9	 9	 1	 22.397878	 -1	 0.000000	 2.267487
111	 9	 9	 1	 36.891979	 -1	 0.000000	 2.204473
112	 9	 9	 1	 16.213417	 -1	 0.000000	 2.324613
113	 9	 9	 1	 18.849833	 -1	 0.000000	 2.244235
114	 9	 9	 1	 29.999014	 -1	 0.000000	 2.324054
115	 9	 9	 1	 17.149686	 -1	 0.000000	 2.226433
116	 9	 9	 1	 222.181000	 -1	 0.000000	 2.052213
117	 9	 9	 1	 224.305398	 -1	 0.000000	 2.128680
118	 9	 9	 1	 192.865729	 -1	 0.000000	 2.057537
119	 9	 9	 1	 23.534362	 -1	 0.000000	 2.204183
120	 9	 9	 1	 19.050781	 -1	 0.000000	 2.156979
>>> gr_fir_ccf: using E
>>> gr_fir_fff: using E
gr_buffer::allocate_buffer: warning: tried to allocate
   17 items of size 3696. Due to alignment requirements
   256 were allocated.  If this isn't OK, consider padding
   your structure to a power-of-two bytes.
   On this platform, our allocation granularity is 4096 bytes.
20	 9	 9	 1	 17.653860	 -1	 0.000000	 2.194772
21	 9	 9	 1	 166.708128	 -1	 0.000000	 2.069803
22	 9	 9	 1	 13.666874	 -1	 0.000000	 2.342753
220	 13	 13	 0	 386.691715	 -1	 0.000000	 4.814969
23	 9	 9	 1	 15.938120	 -1	 0.000000	 2.229572
24	 9	 9	 1	 13.765827	 -1	 0.000000	 2.416767
>>> gr_fir_ccf: using E
>>> gr_fir_fff: using E
gr_buffer::allocate_buffer: warning: tried to allocate
   17 items of size 3696. Due to alignment requirements
   256 were allocated.  If this isn't OK, consider padding
   your structure to a power-of-two bytes.
   On this platform, our allocation granularity is 4096 bytes.
8	 11	 11	 1	 84.764798	 -1	 0.000000	 2.360464
9	 11	 11	 1	 262.533083	 -1	 0.000000	 2.291788
10	 11	 11	 1	 79.361444	 -1	 0.000000	 2.135191
11	 11	 11	 1	 24.527242	 -1	 0.000000	 2.496984
12	 11	 11	 1	 40.928145	 -1	 0.000000	 2.191810
13	 11	 11	 1	 54.782773	 -1	 0.000000	 2.291360
14	 11	 11	 1	 65.811580	 -1	 0.000000	 2.278761
15	 11	 11	 0	 289.643335	 -1	 0.000000	 2.212589
16	 11	 11	 1	 79.164016	 -1	 0.000000	 2.278166
17	 11	 11	 1	 85.359576	 -1	 0.000000	 1.994044
18	 11	 11	 1	 67.883492	 -1	 0.000000	 2.096376
19	 11	 11	 1	 29.529723	 -1	 0.000000	 2.331588
20	 11	 11	 1	 24.680697	 -1	 0.000000	 2.284491
21	 11	 11	 1	 112.440367	 -1	 0.000000	 2.181928
22	 11	 11	 1	 105.989417	 -1	 0.000000	 2.145228
23	 11	 11	 1	 126.318919	 -1	 0.000000	 2.193435
24	 11	 11	 1	 54.763695	 -1	 0.000000	 2.118832
25	 11	 11	 1	 108.949688	 -1	 0.000000	 2.078046
26	 11	 11	 1	 40.233106	 -1	 0.000000	 2.115903
27	 11	 11	 1	 33.693049	 -1	 0.000000	 2.347016
28	 11	 11	 1	 81.217596	 -1	 0.000000	 2.121722
29	 11	 11	 1	 83.282483	 -1	 0.000000	 2.145606
30	 11	 11	 1	 261.067472	 -1	 0.000000	 2.226819
31	 11	 11	 1	 34.204121	 -1	 0.000000	 2.386078
32	 11	 11	 1	 110.796805	 -1	 0.000000	 2.129179
>>> gr_fir_ccf: using E
>>> gr_fir_fff: using E
gr_buffer::allocate_buffer: warning: tried to allocate
   17 items of size 3696. Due to alignment requirements
   256 were allocated.  If this isn't OK, consider padding
   your structure to a power-of-two bytes.
   On this platform, our allocation granularity is 4096 bytes.
18	 11	 11	 1	 31.967043	 -1	 0.000000	 2.297482
19	 11	 11	 1	 101.391526	 -1	 0.000000	 2.169820
20	 11	 11	 1	 244.823325	 -1	 0.000000	 2.201331
21	 11	 11	 1	 105.953251	 -1	 0.000000	 2.059331
22	 11	 11	 1	 53.447083	 -1	 0.000000	 2.445375
23	 11	 11	 1	 53.236252	 -1	 0.000000	 2.074711
24	 11	 11	 1	 97.888574	 -1	 0.000000	 2.242030
25	 11	 11	 1	 37.410695	 -1	 0.000000	 2.284472
26	 11	 11	 0	 327.826230	 -1	 0.000000	 2.232442
27	 11	 11	 1	 29.522521	 -1	 0.000000	 2.523320
28	 11	 11	 1	 25.741421	 -1	 0.000000	 2.268433
29	 11	 11	 1	 69.441754	 -1	 0.000000	 2.216003
30	 11	 11	 1	 45.713188	 -1	 0.000000	 2.345731
32	 11	 11	 1	 59.849900	 -1	 0.000000	 2.026425
33	 11	 11	 1	 25.987752	 -1	 0.000000	 2.103268
34	 11	 11	 1	 40.182629	 -1	 0.000000	 2.425301
35	 11	 11	 1	 36.561351	 -1	 0.000000	 2.377724
36	 11	 11	 1	 248.092377	 -1	 0.000000	 2.115921
38	 11	 11	 1	 123.680392	 -1	 0.000000	 2.171367
39	 11	 11	 1	 36.372496	 -1	 0.000000	 2.360878
40	 11	 11	 1	 136.267751	 -1	 0.000000	 2.093386
41	 11	 11	 1	 40.878407	 -1	 0.000000	 2.412911
42	 11	 11	 1	 146.565598	 -1	 0.000000	 2.246784
43	 11	 11	 1	 32.625174	 -1	 0.000000	 2.486672
44	 11	 11	 1	 109.500759	 -1	 0.000000	 2.140702
45	 11	 11	 1	 31.041143	 -1	 0.000000	 2.186743
46	 11	 11	 1	 89.669895	 -1	 0.000000	 2.023131
47	 11	 11	 1	 119.959816	 -1	 0.000000	 2.230367
>>> gr_fir_ccf: using E
>>> gr_fir_fff: using E
gr_buffer::allocate_buffer: warning: tried to allocate
   17 items of size 3696. Due to alignment requirements
   256 were allocated.  If this isn't OK, consider padding
   your structure to a power-of-two bytes.
   On this platform, our allocation granularity is 4096 bytes.
20	 10	 10	 0	 414.632118	 -1	 0.000000	 2.388987
21	 10	 10	 0	 445.485692	 -1	 0.000000	 2.188762
22	 10	 10	 0	 420.374413	 -1	 0.000000	 2.290941
23	 10	 10	 0	 406.804336	 -1	 0.000000	 2.330012
24	 10	 10	 0	 435.541140	 -1	 0.000000	 2.204119
25	 10	 10	 0	 411.066788	 -1	 0.000000	 2.271605
26	 10	 10	 0	 432.451445	 -1	 0.000000	 2.222634
27	 10	 10	 0	 424.282246	 -1	 0.000000	 2.217779
28	 10	 10	 0	 441.058865	 -1	 0.000000	 2.086685
29	 10	 10	 0	 470.662513	 -1	 0.000000	 2.124205
30	 10	 10	 1	 284.770603	 -1	 0.000000	 2.285965
2204	 3	 3	 0	 488.989516	 -1	 0.000000	 7.651059
31	 10	 10	 0	 477.495624	 -1	 0.000000	 2.366231
32	 10	 10	 0	 446.343697	 -1	 0.000000	 2.268085
2714	 10	 10	 0	 470.560668	 -1	 0.000000	 0.659088
33	 10	 10	 0	 474.929429	 -1	 0.000000	 2.415869
34	 10	 10	 0	 426.571928	 -1	 0.000000	 2.119879
35	 10	 10	 0	 457.051694	 -1	 0.000000	 2.167522
36	 10	 10	 0	 453.640238	 -1	 0.000000	 2.133644
37	 10	 10	 0	 451.355105	 -1	 0.000000	 2.348634
38	 10	 10	 0	 467.620366	 -1	 0.000000	 2.215137
39	 10	 10	 0	 447.792642	 -1	 0.000000	 2.161441
40	 10	 10	 0	 442.739308	 -1	 0.000000	 2.202232
41	 10	 10	 0	 457.720210	 -1	 0.000000	 2.408287
42	 10	 10	 0	 440.009065	 -1	 0.000000	 2.039846
43	 10	 10	 0	 394.700448	 -1	 0.000000	 2.171346
44	 10	 10	 0	 467.848880	 -1	 0.000000	 2.242284
45	 10	 10	 0	 456.307679	 -1	 0.000000	 2.451421
46	 10	 10	 0	 444.100887	 -1	 0.000000	 2.039811
47	 10	 10	 0	 471.715877	 -1	 0.000000	 2.329144
48	 10	 10	 0	 407.222748	 -1	 0.000000	 2.184767
49	 10	 10	 0	 461.880886	 -1	 0.000000	 2.435550
50	 10	 10	 0	 453.661947	 -1	 0.000000	 2.375653
51	 10	 10	 0	 470.095049	 -1	 0.000000	 2.095097
52	 10	 10	 0	 459.153246	 -1	 0.000000	 2.256503
53	 10	 10	 0	 445.008597	 -1	 0.000000	 2.355364
54	 10	 10	 0	 445.351727	 -1	 0.000000	 2.298187
55	 10	 10	 0	 442.332153	 -1	 0.000000	 2.347060
56	 10	 10	 0	 448.649750	 -1	 0.000000	 1.951325
57	 10	 10	 0	 457.204695	 -1	 0.000000	 2.345495
58	 10	 10	 0	 425.292014	 -1	 0.000000	 2.270400
59	 10	 10	 0	 467.989372	 -1	 0.000000	 2.279940
60	 10	 10	 0	 470.831428	 -1	 0.000000	 2.162031
61	 10	 10	 0	 464.480917	 -1	 0.000000	 2.172928
62	 10	 10	 0	 467.765441	 -1	 0.000000	 2.330952
63	 10	 10	 0	 458.633005	 -1	 0.000000	 2.199191
64	 10	 10	 0	 458.961533	 -1	 0.000000	 2.145538
65	 10	 10	 0	 472.950836	 -1	 0.000000	 2.159535
66	 10	 10	 0	 458.117913	 -1	 0.000000	 2.079621
67	 10	 10	 0	 472.991340	 -1	 0.000000	 2.210642
68	 10	 10	 0	 459.447324	 -1	 0.000000	 2.546071
69	 10	 10	 0	 459.343140	 -1	 0.000000	 2.196892
70	 10	 10	 0	 472.403711	 -1	 0.000000	 2.028075
71	 10	 10	 0	 476.145360	 -1	 0.000000	 2.051198
72	 10	 10	 0	 460.921374	 -1	 0.000000	 2.238859
73	 10	 10	 0	 459.955941	 -1	 0.000000	 2.097798
74	 10	 10	 0	 475.600578	 -1	 0.000000	 2.172890
75	 10	 10	 0	 452.827562	 -1	 0.000000	 2.409135
76	 10	 10	 0	 456.548003	 -1	 0.000000	 2.130244
77	 10	 10	 0	 467.865520	 -1	 0.000000	 2.383733
78	 10	 10	 0	 435.774921	 -1	 0.000000	 2.101883
79	 10	 10	 0	 466.580570	 -1	 0.000000	 2.223295
80	 10	 10	 0	 444.604588	 -1	 0.000000	 2.293065
82	 10	 10	 0	 459.049513	 -1	 0.000000	 2.006673
83	 10	 10	 0	 461.805274	 -1	 0.000000	 2.313936
84	 10	 10	 0	 431.144923	 -1	 0.000000	 2.101557
85	 10	 10	 0	 470.807649	 -1	 0.000000	 2.375360
86	 10	 10	 0	 447.122699	 -1	 0.000000	 2.126818
87	 10	 10	 0	 474.753488	 -1	 0.000000	 2.155185
88	 10	 10	 0	 463.514457	 -1	 0.000000	 2.241461
89	 10	 10	 0	 472.054218	 -1	 0.000000	 2.295035
90	 10	 10	 0	 439.743113	 -1	 0.000000	 2.159014
91	 10	 10	 0	 473.674145	 -1	 0.000000	 2.191890
92	 10	 10	 0	 470.898446	 -1	 0.000000	 2.126636
93	 10	 10	 0	 427.842485	 -1	 0.000000	 2.543768
94	 10	 10	 0	 466.078973	 -1	 0.000000	 2.138264
95	 10	 10	 0	 398.204980	 -1	 0.000000	 2.220446
96	 10	 10	 0	 478.925843	 -1	 0.000000	 2.183729
97	 10	 10	 0	 464.914440	 -1	 0.000000	 2.448423
98	 10	 10	 0	 459.017428	 -1	 0.000000	 2.066022
99	 10	 10	 0	 467.747980	 -1	 0.000000	 2.240558
100	 10	 10	 0	 453.028857	 -1	 0.000000	 2.205645
101	 10	 10	 0	 455.324441	 -1	 0.000000	 2.274024
102	 10	 10	 0	 444.434156	 -1	 0.000000	 2.171722
103	 10	 10	 0	 456.924840	 -1	 0.000000	 2.295040
104	 10	 10	 0	 456.956305	 -1	 0.000000	 2.262179
105	 10	 10	 0	 436.506818	 -1	 0.000000	 2.330618
106	 10	 10	 0	 467.301141	 -1	 0.000000	 2.189374
107	 10	 10	 0	 461.814963	 -1	 0.000000	 2.190525
108	 10	 10	 0	 471.902321	 -1	 0.000000	 2.119898
109	 10	 10	 0	 419.087467	 -1	 0.000000	 2.087278
110	 10	 10	 0	 463.345068	 -1	 0.000000	 2.307019
111	 10	 10	 0	 466.895970	 -1	 0.000000	 2.170692
112	 10	 10	 0	 449.824375	 -1	 0.000000	 2.016459
113	 10	 10	 0	 473.120562	 -1	 0.000000	 2.188550
114	 10	 10	 0	 474.346295	 -1	 0.000000	 2.181253
115	 10	 10	 0	 445.456674	 -1	 0.000000	 2.150584
116	 10	 10	 0	 450.461958	 -1	 0.000000	 2.084810
117	 10	 10	 0	 446.410014	 -1	 0.000000	 2.326642
118	 10	 10	 0	 432.892294	 -1	 0.000000	 2.279894
119	 10	 10	 0	 443.881165	 -1	 0.000000	 2.297801
120	 10	 10	 0	 476.069949	 -1	 0.000000	 2.212435
121	 10	 10	 0	 470.900270	 -1	 0.000000	 2.155946
122	 10	 10	 0	 479.095430	 -1	 0.000000	 2.446464
123	 10	 10	 0	 438.343772	 -1	 0.000000	 2.288030
124	 10	 10	 0	 456.799457	 -1	 0.000000	 2.339852
125	 10	 10	 0	 472.674124	 -1	 0.000000	 2.151851
126	 10	 10	 0	 473.913764	 -1	 0.000000	 2.167313
127	 10	 10	 0	 463.043973	 -1	 0.000000	 2.180140
128	 10	 10	 0	 473.727066	 -1	 0.000000	 2.243092
130	 10	 10	 0	 474.413772	 -1	 0.000000	 2.376405
131	 10	 10	 0	 449.098557	 -1	 0.000000	 2.299700
132	 10	 10	 0	 465.189578	 -1	 0.000000	 2.271069
133	 10	 10	 0	 440.912590	 -1	 0.000000	 2.205625
134	 10	 10	 0	 444.931912	 -1	 0.000000	 2.144354
136	 10	 10	 0	 450.262113	 -1	 0.000000	 2.435629
137	 10	 10	 0	 460.354687	 -1	 0.000000	 2.446378
138	 10	 10	 0	 461.559776	 -1	 0.000000	 2.063567
140	 10	 10	 0	 466.732086	 -1	 0.000000	 2.203807
141	 10	 10	 0	 473.230951	 -1	 0.000000	 2.257528
142	 10	 10	 0	 425.992795	 -1	 0.000000	 2.120928
143	 10	 10	 0	 470.069150	 -1	 0.000000	 2.397874
144	 10	 10	 0	 474.276344	 -1	 0.000000	 2.252537
145	 10	 10	 0	 467.077732	 -1	 0.000000	 2.216040
146	 10	 10	 0	 471.688643	 -1	 0.000000	 2.266824
147	 10	 10	 0	 469.458993	 -1	 0.000000	 2.124604
149	 10	 10	 0	 463.328169	 -1	 0.000000	 2.289494
150	 10	 10	 0	 463.652718	 -1	 0.000000	 2.111493
151	 10	 10	 0	 386.799220	 -1	 0.000000	 2.223002
152	 10	 10	 0	 473.421043	 -1	 0.000000	 2.306918
153	 10	 10	 0	 465.193698	 -1	 0.000000	 2.108040
154	 10	 10	 0	 401.676525	 -1	 0.000000	 2.214335
3971	 9	 9	 0	 458.948378	 -1	 0.000000	 4.885039
155	 10	 10	 0	 440.912529	 -1	 0.000000	 2.161239
156	 10	 10	 0	 462.205814	 -1	 0.000000	 2.057399
157	 10	 10	 0	 458.236843	 -1	 0.000000	 2.341587
158	 10	 10	 0	 363.709420	 -1	 0.000000	 2.362225
159	 10	 10	 0	 475.343788	 -1	 0.000000	 2.053810
160	 10	 10	 0	 474.216031	 -1	 0.000000	 2.158327
161	 10	 10	 0	 448.619097	 -1	 0.000000	 2.267217
162	 10	 10	 0	 414.066174	 -1	 0.000000	 2.469154
163	 10	 10	 0	 462.178147	 -1	 0.000000	 2.171692
164	 10	 10	 0	 465.340185	 -1	 0.000000	 2.342476
165	 10	 10	 0	 446.429231	 -1	 0.000000	 2.161203
166	 10	 10	 0	 465.925871	 -1	 0.000000	 2.086899
167	 10	 10	 0	 449.897863	 -1	 0.000000	 2.197778
168	 10	 10	 0	 445.458660	 -1	 0.000000	 2.295406
169	 10	 10	 0	 468.961087	 -1	 0.000000	 2.520832
>>> gr_fir_ccf: using E
>>> gr_fir_fff: using E
gr_buffer::allocate_buffer: warning: tried to allocate
   17 items of size 3696. Due to alignment requirements
   256 were allocated.  If this isn't OK, consider padding
   your structure to a power-of-two bytes.
   On this platform, our allocation granularity is 4096 bytes.
16	 10	 10	 0	 350.069887	 -1	 0.000000	 2.167608
17	 10	 10	 0	 420.599137	 -1	 0.000000	 2.362000
18	 10	 10	 0	 440.149087	 -1	 0.000000	 2.217328
19	 10	 10	 0	 425.508170	 -1	 0.000000	 2.251319
20	 10	 10	 0	 458.697589	 -1	 0.000000	 2.208231
21	 10	 10	 0	 449.697799	 -1	 0.000000	 2.290587
22	 10	 10	 0	 357.017148	 -1	 0.000000	 2.385556
23	 10	 10	 0	 422.881421	 -1	 0.000000	 2.247194
24	 10	 10	 0	 446.844848	 -1	 0.000000	 2.140559
25	 10	 10	 0	 412.687739	 -1	 0.000000	 2.455504
26	 10	 10	 0	 411.572301	 -1	 0.000000	 2.240337
27	 10	 10	 0	 445.849428	 -1	 0.000000	 2.106273
28	 10	 10	 0	 404.850404	 -1	 0.000000	 2.028400
29	 10	 10	 0	 467.757047	 -1	 0.000000	 2.228556
30	 10	 10	 0	 375.316562	 -1	 0.000000	 2.316213
31	 10	 10	 0	 454.260898	 -1	 0.000000	 2.145658
32	 10	 10	 0	 469.860904	 -1	 0.000000	 2.253085
33	 10	 10	 0	 419.045962	 -1	 0.000000	 2.208677
34	 10	 10	 0	 457.979182	 -1	 0.000000	 2.037625
35	 10	 10	 0	 421.877025	 -1	 0.000000	 2.244669
36	 10	 10	 0	 348.681578	 -1	 0.000000	 2.531476
37	 10	 10	 0	 424.172378	 -1	 0.000000	 2.413888
38	 10	 10	 0	 460.207994	 -1	 0.000000	 2.189027
39	 10	 10	 0	 469.484781	 -1	 0.000000	 2.163073
40	 10	 10	 0	 451.549130	 -1	 0.000000	 2.256607
41	 10	 10	 0	 380.997869	 -1	 0.000000	 2.295912
1148	 11	 11	 0	 458.650119	 -1	 0.000000	 2.995062
42	 10	 10	 0	 470.472492	 -1	 0.000000	 2.335867
43	 10	 10	 0	 428.806650	 -1	 0.000000	 2.294569
44	 10	 10	 0	 467.346225	 -1	 0.000000	 2.228234
45	 10	 10	 0	 386.610453	 -1	 0.000000	 2.276680
46	 10	 10	 0	 437.571057	 -1	 0.000000	 2.306719
47	 10	 10	 0	 438.523440	 -1	 0.000000	 2.026969
48	 10	 10	 0	 436.736170	 -1	 0.000000	 2.161164
49	 10	 10	 1	 246.560195	 -1	 0.000000	 2.206287
50	 10	 10	 0	 473.425676	 -1	 0.000000	 2.303293
52	 10	 10	 0	 471.201727	 -1	 0.000000	 2.073617
53	 10	 10	 0	 471.697586	 -1	 0.000000	 2.183996
54	 10	 10	 0	 423.199296	 -1	 0.000000	 2.232250
55	 10	 10	 0	 459.429236	 -1	 0.000000	 2.202825
57	 10	 10	 0	 473.668295	 -1	 0.000000	 2.125329
58	 10	 10	 0	 464.151871	 -1	 0.000000	 2.197312
59	 10	 10	 0	 478.539750	 -1	 0.000000	 2.101725
60	 10	 10	 0	 474.026688	 -1	 0.000000	 2.133229
61	 10	 10	 0	 421.048287	 -1	 0.000000	 2.188450
62	 10	 10	 0	 467.928610	 -1	 0.000000	 2.125396
63	 10	 10	 0	 434.655385	 -1	 0.000000	 2.142467
64	 10	 10	 0	 451.325028	 -1	 0.000000	 1.960117
65	 10	 10	 0	 469.699778	 -1	 0.000000	 2.153109
66	 10	 10	 0	 426.130662	 -1	 0.000000	 2.172765
67	 10	 10	 1	 223.200745	 -1	 0.000000	 2.344107
68	 10	 10	 0	 474.818183	 -1	 0.000000	 2.166857
69	 10	 10	 0	 459.394143	 -1	 0.000000	 2.131445
70	 10	 10	 1	 378.814001	 -1	 0.000000	 2.508248
71	 10	 10	 0	 463.983191	 -1	 0.000000	 2.138687
72	 10	 10	 0	 475.687877	 -1	 0.000000	 2.095689
73	 10	 10	 0	 389.531309	 -1	 0.000000	 2.314985
74	 10	 10	 0	 463.422332	 -1	 0.000000	 2.148584
75	 10	 10	 0	 472.084853	 -1	 0.000000	 2.203006
76	 10	 10	 0	 433.206653	 -1	 0.000000	 2.428540
77	 10	 10	 0	 392.042255	 -1	 0.000000	 2.155148
78	 10	 10	 1	 346.355430	 -1	 0.000000	 2.322113
79	 10	 10	 0	 447.909680	 -1	 0.000000	 2.378113
80	 10	 10	 1	 302.835247	 -1	 0.000000	 2.333915
81	 10	 10	 1	 401.623070	 -1	 0.000000	 2.334934
82	 10	 10	 0	 409.577983	 -1	 0.000000	 2.465862
83	 10	 10	 0	 443.782169	 -1	 0.000000	 2.088316
84	 10	 10	 1	 241.439586	 -1	 0.000000	 2.139142
85	 10	 10	 0	 392.376612	 -1	 0.000000	 2.256850
86	 10	 10	 0	 469.027794	 -1	 0.000000	 2.300050
87	 10	 10	 0	 410.485440	 -1	 0.000000	 2.339270
88	 10	 10	 0	 465.490104	 -1	 0.000000	 1.964399
89	 10	 10	 0	 475.556492	 -1	 0.000000	 2.148616
90	 10	 10	 0	 440.869132	 -1	 0.000000	 2.273731
91	 10	 10	 0	 470.439669	 -1	 0.000000	 2.245258
1283	 13	 13	 0	 379.072069	 -1	 0.000000	 2.644955
92	 10	 10	 0	 469.065061	 -1	 0.000000	 2.017121
93	 10	 10	 0	 470.399541	 -1	 0.000000	 2.294144
94	 10	 10	 0	 457.915963	 -1	 0.000000	 2.037508
95	 10	 10	 0	 463.694309	 -1	 0.000000	 2.087709
96	 10	 10	 1	 215.271786	 -1	 0.000000	 2.291950
97	 10	 10	 0	 446.353722	 -1	 0.000000	 2.146804
98	 10	 10	 0	 451.345223	 -1	 0.000000	 2.254014
99	 10	 10	 0	 465.615341	 -1	 0.000000	 2.325673
100	 10	 10	 0	 473.811961	 -1	 0.000000	 2.203367
101	 10	 10	 0	 459.713708	 -1	 0.000000	 2.214615
102	 10	 10	 0	 458.234082	 -1	 0.000000	 2.203163
103	 10	 10	 0	 466.253645	 -1	 0.000000	 2.462435
104	 10	 10	 0	 479.211915	 -1	 0.000000	 2.001156
526	 9	 9	 0	 451.201846	 -1	 0.000000	 4.435524
105	 10	 10	 0	 470.645520	 -1	 0.000000	 1.993469
1901	 5	 5	 0	 413.785891	 -1	 0.000000	 3.110996
106	 10	 10	 0	 454.945404	 -1	 0.000000	 2.068521
107	 10	 10	 1	 385.149189	 -1	 0.000000	 2.340814
108	 10	 10	 0	 475.157395	 -1	 0.000000	 2.107177
109	 10	 10	 0	 389.663036	 -1	 0.000000	 2.057871
110	 10	 10	 0	 470.806240	 -1	 0.000000	 2.182790
111	 10	 10	 0	 414.303781	 -1	 0.000000	 2.102856
112	 10	 10	 0	 468.831750	 -1	 0.000000	 2.130950
113	 10	 10	 0	 390.955755	 -1	 0.000000	 2.356396
114	 10	 10	 0	 470.517750	 -1	 0.000000	 2.090980
115	 10	 10	 1	 223.119144	 -1	 0.000000	 2.099753
116	 10	 10	 0	 422.700080	 -1	 0.000000	 2.317330
117	 10	 10	 0	 373.963247	 -1	 0.000000	 2.351331
118	 10	 10	 0	 467.796570	 -1	 0.000000	 2.184881
119	 10	 10	 0	 471.990785	 -1	 0.000000	 2.051898
120	 10	 10	 0	 421.297898	 -1	 0.000000	 2.283002
121	 10	 10	 0	 465.852069	 -1	 0.000000	 2.091160
122	 10	 10	 0	 472.969530	 -1	 0.000000	 2.330494
123	 10	 10	 0	 418.957267	 -1	 0.000000	 2.141036
124	 10	 10	 1	 315.077866	 -1	 0.000000	 2.434272
125	 10	 10	 0	 406.534837	 -1	 0.000000	 2.113982
126	 10	 10	 0	 406.912675	 -1	 0.000000	 2.276733
127	 10	 10	 0	 475.369364	 -1	 0.000000	 1.993376
128	 10	 10	 0	 456.167808	 -1	 0.000000	 2.285120
130	 10	 10	 0	 450.770515	 -1	 0.000000	 2.062081
