>>> gr_fir_ccf: using E
>>> gr_fir_fff: using E
gr_buffer::allocate_buffer: warning: tried to allocate
   17 items of size 3696. Due to alignment requirements
   256 were allocated.  If this isn't OK, consider padding
   your structure to a power-of-two bytes.
   On this platform, our allocation granularity is 4096 bytes.
>>> gr_fir_ccf: using E
>>> gr_fir_fff: using E
terminate called after throwing an instance of 'std::invalid_argument'
  what():  gr_ofdm_demod: Incorrect subcarriers allocated
>>> gr_fir_ccf: using E
>>> gr_fir_fff: using E
gr_buffer::allocate_buffer: warning: tried to allocate
   17 items of size 3696. Due to alignment requirements
   256 were allocated.  If this isn't OK, consider padding
   your structure to a power-of-two bytes.
   On this platform, our allocation granularity is 4096 bytes.
6	 13	 13	 1	 0.000002	 -1	 0.000000	 4.451923
7	 13	 13	 1	 0.000002	 -1	 0.000000	 4.005219
8	 13	 13	 1	 0.000001	 -1	 0.000000	 4.341484
9	 13	 13	 1	 0.000003	 -1	 0.000000	 4.424775
10	 13	 13	 1	 0.000002	 -1	 0.000000	 4.698583
11	 13	 13	 1	 0.000003	 -1	 0.000000	 4.273537
12	 13	 13	 1	 0.000003	 -1	 0.000000	 4.218367
13	 13	 13	 1	 41.702658	 -1	 0.000000	 4.924333
14	 13	 13	 1	 0.000002	 -1	 0.000000	 4.459566
15	 13	 13	 1	 0.000001	 -1	 0.000000	 4.409380
16	 13	 13	 1	 0.000006	 -1	 0.000000	 4.428372
17	 13	 13	 1	 0.000002	 -1	 0.000000	 4.478018
18	 13	 13	 1	 0.000004	 -1	 0.000000	 4.627668
19	 13	 13	 1	 0.000002	 -1	 0.000000	 4.318189
67	 10	 10	 0	 475.953795	 -1	 0.000000	 1.512840
20	 13	 13	 1	 0.000004	 -1	 0.000000	 4.130472
21	 13	 13	 1	 0.000003	 -1	 0.000000	 4.195150
22	 13	 13	 1	 0.000001	 -1	 0.000000	 4.273654
23	 13	 13	 1	 0.000002	 -1	 0.000000	 4.358684
24	 13	 13	 1	 0.000002	 -1	 0.000000	 4.540796
25	 13	 13	 1	 0.000004	 -1	 0.000000	 4.064750
26	 13	 13	 1	 0.000002	 -1	 0.000000	 4.427195
27	 13	 13	 1	 0.000006	 -1	 0.000000	 4.222171
28	 13	 13	 1	 0.000002	 -1	 0.000000	 4.133833
29	 13	 13	 1	 0.000001	 -1	 0.000000	 4.115909
30	 13	 13	 1	 11.664170	 -1	 0.000000	 4.194401
31	 13	 13	 1	 0.000003	 -1	 0.000000	 4.288297
32	 13	 13	 1	 0.000001	 -1	 0.000000	 4.261109
33	 13	 13	 1	 0.000007	 -1	 0.000000	 4.851294
34	 13	 13	 1	 0.000002	 -1	 0.000000	 4.332294
35	 13	 13	 1	 0.000003	 -1	 0.000000	 4.082343
3200	 5	 5	 0	 415.531595	 -1	 0.000000	 3.536890
36	 13	 13	 1	 0.000002	 -1	 0.000000	 4.683494
37	 13	 13	 1	 0.000001	 -1	 0.000000	 4.137326
38	 13	 13	 1	 0.000002	 -1	 0.000000	 3.897687
39	 13	 13	 1	 26.467776	 -1	 0.000000	 4.847542
40	 13	 13	 1	 0.000001	 -1	 0.000000	 4.486912
41	 13	 13	 1	 0.000002	 -1	 0.000000	 4.915790
4082	 11	 11	 0	 448.524697	 -1	 0.000000	 7.503441
42	 13	 13	 1	 0.000001	 -1	 0.000000	 4.601161
43	 13	 13	 1	 0.290982	 -1	 0.000000	 3.892410
44	 13	 13	 1	 0.000002	 -1	 0.000000	 5.038490
45	 13	 13	 1	 0.000002	 -1	 0.000000	 4.306415
46	 13	 13	 1	 0.000006	 -1	 0.000000	 4.143274
47	 13	 13	 1	 0.000001	 -1	 0.000000	 4.649949
48	 13	 13	 1	 0.000002	 -1	 0.000000	 3.972208
49	 13	 13	 1	 0.000004	 -1	 0.000000	 4.046681
50	 13	 13	 1	 0.000003	 -1	 0.000000	 4.244666
51	 13	 13	 1	 0.000002	 -1	 0.000000	 4.416654
52	 13	 13	 1	 0.000002	 -1	 0.000000	 4.188137
53	 13	 13	 1	 0.000001	 -1	 0.000000	 4.241774
54	 13	 13	 1	 0.000003	 -1	 0.000000	 3.949699
55	 13	 13	 1	 0.000001	 -1	 0.000000	 4.211588
56	 13	 13	 1	 0.000002	 -1	 0.000000	 3.954581
57	 13	 13	 1	 0.000001	 -1	 0.000000	 4.083507
58	 13	 13	 1	 0.000002	 -1	 0.000000	 4.278646
583	 15	 15	 0	 405.420241	 -1	 0.000000	 2.205939
59	 13	 13	 1	 0.000002	 -1	 0.000000	 4.715493
60	 13	 13	 1	 0.000005	 -1	 0.000000	 4.321272
61	 13	 13	 1	 0.000006	 -1	 0.000000	 4.358754
62	 13	 13	 1	 0.000001	 -1	 0.000000	 4.459737
63	 13	 13	 1	 0.000002	 -1	 0.000000	 4.204582
64	 13	 13	 1	 0.000001	 -1	 0.000000	 4.563066
65	 13	 13	 1	 0.000008	 -1	 0.000000	 4.495714
66	 13	 13	 1	 0.000002	 -1	 0.000000	 4.463154
67	 13	 13	 1	 0.000002	 -1	 0.000000	 4.268197
68	 13	 13	 1	 0.000006	 -1	 0.000000	 4.385633
69	 13	 13	 1	 0.000001	 -1	 0.000000	 3.939455
70	 13	 13	 1	 0.000008	 -1	 0.000000	 4.631080
71	 13	 13	 1	 0.000003	 -1	 0.000000	 4.202133
72	 13	 13	 1	 0.000005	 -1	 0.000000	 4.125151
73	 13	 13	 1	 0.000005	 -1	 0.000000	 4.280057
74	 13	 13	 1	 6.683800	 -1	 0.000000	 4.762928
75	 13	 13	 1	 0.000005	 -1	 0.000000	 4.399566
76	 13	 13	 1	 0.000003	 -1	 0.000000	 4.646359
77	 13	 13	 1	 0.000003	 -1	 0.000000	 4.280729
78	 13	 13	 1	 0.000002	 -1	 0.000000	 4.469969
79	 13	 13	 1	 0.000001	 -1	 0.000000	 5.069932
80	 13	 13	 1	 0.000002	 -1	 0.000000	 4.393793
81	 13	 13	 1	 0.000002	 -1	 0.000000	 4.256994
82	 13	 13	 1	 0.037452	 -1	 0.000000	 4.384976
83	 13	 13	 1	 0.000002	 -1	 0.000000	 4.515164
84	 13	 13	 1	 0.000003	 -1	 0.000000	 4.372444
85	 13	 13	 1	 0.000002	 -1	 0.000000	 4.012401
86	 13	 13	 1	 0.000005	 -1	 0.000000	 4.791327
87	 13	 13	 1	 0.000003	 -1	 0.000000	 4.488915
88	 13	 13	 1	 0.000002	 -1	 0.000000	 4.763914
89	 13	 13	 1	 0.000004	 -1	 0.000000	 4.409672
91	 13	 13	 1	 0.000001	 -1	 0.000000	 4.250069
92	 13	 13	 1	 0.000002	 -1	 0.000000	 4.762499
93	 13	 13	 1	 0.000001	 -1	 0.000000	 4.445195
94	 13	 13	 1	 0.000001	 -1	 0.000000	 3.950207
95	 13	 13	 1	 0.000002	 -1	 0.000000	 4.149019
96	 13	 13	 1	 0.000005	 -1	 0.000000	 4.325896
98	 13	 13	 1	 0.000001	 -1	 0.000000	 4.367898
99	 13	 13	 1	 0.000003	 -1	 0.000000	 4.405375
100	 13	 13	 1	 0.000002	 -1	 0.000000	 4.239253
101	 13	 13	 1	 0.000001	 -1	 0.000000	 4.467038
102	 13	 13	 1	 0.000002	 -1	 0.000000	 4.007016
103	 13	 13	 1	 0.000001	 -1	 0.000000	 4.208934
104	 13	 13	 1	 0.000002	 -1	 0.000000	 4.418655
105	 13	 13	 1	 0.000001	 -1	 0.000000	 4.359237
106	 13	 13	 1	 0.000001	 -1	 0.000000	 4.420439
107	 13	 13	 1	 0.000002	 -1	 0.000000	 4.268491
108	 13	 13	 1	 0.000002	 -1	 0.000000	 4.372464
109	 13	 13	 1	 0.000002	 -1	 0.000000	 4.376826
110	 13	 13	 1	 0.000003	 -1	 0.000000	 4.537597
111	 13	 13	 1	 0.000002	 -1	 0.000000	 4.334896
112	 13	 13	 1	 0.000002	 -1	 0.000000	 4.134104
113	 13	 13	 1	 0.000001	 -1	 0.000000	 4.496527
114	 13	 13	 1	 0.000005	 -1	 0.000000	 4.412302
115	 13	 13	 1	 0.000002	 -1	 0.000000	 4.673543
116	 13	 13	 1	 0.000002	 -1	 0.000000	 4.181239
117	 13	 13	 1	 0.000002	 -1	 0.000000	 4.597745
118	 13	 13	 1	 0.000002	 -1	 0.000000	 4.204692
119	 13	 13	 1	 0.129635	 -1	 0.000000	 4.387861
120	 13	 13	 1	 0.000001	 -1	 0.000000	 4.184770
121	 13	 13	 1	 0.000001	 -1	 0.000000	 4.452550
122	 13	 13	 1	 0.000001	 -1	 0.000000	 4.263926
123	 13	 13	 1	 0.000003	 -1	 0.000000	 4.327986
124	 13	 13	 1	 30.334835	 -1	 0.000000	 4.558737
125	 13	 13	 1	 0.000001	 -1	 0.000000	 4.212748
126	 13	 13	 1	 0.000003	 -1	 0.000000	 4.429669
127	 13	 13	 1	 0.000003	 -1	 0.000000	 4.285567
128	 13	 13	 1	 0.000004	 -1	 0.000000	 4.080555
129	 13	 13	 1	 0.000006	 -1	 0.000000	 4.348747
130	 13	 13	 1	 0.000001	 -1	 0.000000	 4.387185
131	 13	 13	 1	 0.000002	 -1	 0.000000	 4.527487
132	 13	 13	 1	 0.000001	 -1	 0.000000	 3.847195
133	 13	 13	 1	 0.000002	 -1	 0.000000	 4.038162
134	 13	 13	 1	 0.006916	 -1	 0.000000	 4.291167
135	 13	 13	 1	 0.000001	 -1	 0.000000	 4.591847
136	 13	 13	 1	 0.000004	 -1	 0.000000	 4.247258
137	 13	 13	 1	 0.000005	 -1	 0.000000	 4.552120
499	 13	 13	 0	 379.081865	 -1	 0.000000	 15.205099
138	 13	 13	 1	 0.000001	 -1	 0.000000	 4.611917
139	 13	 13	 1	 0.000006	 -1	 0.000000	 4.602049
140	 13	 13	 1	 0.000004	 -1	 0.000000	 4.319396
141	 13	 13	 1	 0.000005	 -1	 0.000000	 4.089479
142	 13	 13	 1	 0.000002	 -1	 0.000000	 4.460989
143	 13	 13	 1	 0.000002	 -1	 0.000000	 5.065069
144	 13	 13	 1	 0.000007	 -1	 0.000000	 4.706985
145	 13	 13	 1	 0.000003	 -1	 0.000000	 4.222792
146	 13	 13	 1	 16.831300	 -1	 0.000000	 4.597193
147	 13	 13	 1	 0.000004	 -1	 0.000000	 4.495741
148	 13	 13	 1	 0.000002	 -1	 0.000000	 4.589685
149	 13	 13	 1	 62.968974	 -1	 0.000000	 4.355545
150	 13	 13	 1	 0.000002	 -1	 0.000000	 4.142570
151	 13	 13	 1	 0.000003	 -1	 0.000000	 4.429809
152	 13	 13	 1	 0.000001	 -1	 0.000000	 4.270781
2282	 10	 10	 0	 478.408194	 -1	 0.000000	 7.124228
153	 13	 13	 1	 0.000002	 -1	 0.000000	 4.730581
154	 13	 13	 1	 0.000003	 -1	 0.000000	 4.381841
155	 13	 13	 1	 0.000001	 -1	 0.000000	 4.424509
156	 13	 13	 1	 0.000006	 -1	 0.000000	 4.347706
157	 13	 13	 1	 0.000001	 -1	 0.000000	 5.213991
158	 13	 13	 1	 0.000002	 -1	 0.000000	 4.050619
159	 13	 13	 1	 0.000003	 -1	 0.000000	 4.424142
160	 13	 13	 1	 0.000001	 -1	 0.000000	 4.396088
161	 13	 13	 1	 0.000006	 -1	 0.000000	 4.612442
162	 13	 13	 1	 0.000002	 -1	 0.000000	 4.230431
163	 13	 13	 1	 0.000002	 -1	 0.000000	 4.138562
164	 13	 13	 1	 0.000001	 -1	 0.000000	 4.067811
165	 13	 13	 1	 0.124970	 -1	 0.000000	 4.117517
166	 13	 13	 1	 112.124394	 -1	 0.000000	 5.033321
167	 13	 13	 1	 0.000002	 -1	 0.000000	 4.780443
168	 13	 13	 0	 254.444721	 -1	 0.000000	 3.838488
169	 13	 13	 1	 0.000002	 -1	 0.000000	 4.355030
170	 13	 13	 1	 0.000003	 -1	 0.000000	 4.264249
171	 13	 13	 1	 0.000002	 -1	 0.000000	 4.655361
172	 13	 13	 1	 0.000001	 -1	 0.000000	 4.462883
173	 13	 13	 1	 0.000006	 -1	 0.000000	 4.059626
174	 13	 13	 1	 0.000004	 -1	 0.000000	 4.507731
175	 13	 13	 1	 0.000002	 -1	 0.000000	 4.175002
176	 13	 13	 1	 136.128639	 -1	 0.000000	 4.596426
177	 13	 13	 1	 0.000002	 -1	 0.000000	 4.468015
178	 13	 13	 1	 0.000003	 -1	 0.000000	 4.416653
179	 13	 13	 1	 6.355945	 -1	 0.000000	 4.709715
181	 13	 13	 1	 3.819940	 -1	 0.000000	 4.408566
182	 13	 13	 1	 171.937252	 -1	 0.000000	 4.295394
185	 13	 13	 1	 4.895971	 -1	 0.000000	 4.455695
186	 13	 13	 0	 368.509341	 -1	 0.000000	 4.420725
189	 13	 13	 1	 0.000001	 -1	 0.000000	 4.179715
190	 13	 13	 1	 0.000002	 -1	 0.000000	 4.206384
191	 13	 13	 1	 0.000002	 -1	 0.000000	 4.007351
194	 13	 13	 1	 0.000004	 -1	 0.000000	 4.308774
195	 13	 13	 1	 0.000002	 -1	 0.000000	 4.615801
196	 13	 13	 1	 0.000002	 -1	 0.000000	 3.744269
197	 13	 13	 1	 0.000004	 -1	 0.000000	 4.481618
198	 13	 13	 1	 0.000002	 -1	 0.000000	 4.509639
199	 13	 13	 1	 0.000001	 -1	 0.000000	 4.790837
200	 13	 13	 1	 0.000002	 -1	 0.000000	 4.492766
203	 13	 13	 1	 0.000001	 -1	 0.000000	 4.621590
204	 13	 13	 0	 348.677840	 -1	 0.000000	 4.607486
206	 13	 13	 1	 168.009628	 -1	 0.000000	 4.432996
208	 13	 13	 1	 0.000002	 -1	 0.000000	 4.140022
210	 13	 13	 1	 122.921228	 -1	 0.000000	 4.253606
1326	 9	 9	 0	 455.717423	 -1	 0.000000	 7.450308
211	 13	 13	 1	 0.000001	 -1	 0.000000	 4.659556
212	 13	 13	 1	 0.000002	 -1	 0.000000	 4.602346
214	 13	 13	 0	 286.181457	 -1	 0.000000	 4.384961
215	 13	 13	 1	 0.000003	 -1	 0.000000	 4.514370
14	 15	 15	 1	 0.000021	 -1	 0.000000	 4.550953
15	 15	 15	 0	 125.063050	 -1	 0.000000	 4.516407
16	 15	 15	 1	 0.000026	 -1	 0.000000	 4.579509
17	 15	 15	 0	 127.590218	 -1	 0.000000	 4.335216
18	 15	 15	 0	 317.065360	 -1	 0.000000	 4.689494
19	 15	 15	 1	 0.000024	 -1	 0.000000	 4.459873
20	 15	 15	 1	 0.000024	 -1	 0.000000	 4.094232
21	 15	 15	 1	 0.000012	 -1	 0.000000	 4.315195
22	 15	 15	 1	 0.000021	 -1	 0.000000	 4.598957
23	 15	 15	 1	 0.000017	 -1	 0.000000	 4.498561
24	 15	 15	 1	 17.947074	 -1	 0.000000	 4.170372
25	 15	 15	 1	 0.000034	 -1	 0.000000	 4.323411
2082	 9	 9	 0	 448.018604	 -1	 0.000000	 3.184959
26	 15	 15	 1	 0.000023	 -1	 0.000000	 4.450157
27	 15	 15	 1	 0.000028	 -1	 0.000000	 4.225281
28	 15	 15	 1	 0.000022	 -1	 0.000000	 4.431293
29	 15	 15	 1	 0.000015	 -1	 0.000000	 4.533926
30	 15	 15	 1	 0.000022	 -1	 0.000000	 4.460326
31	 15	 15	 1	 0.000020	 -1	 0.000000	 4.462228
32	 15	 15	 1	 0.000020	 -1	 0.000000	 3.936996
33	 15	 15	 1	 12.725795	 -1	 0.000000	 4.183550
35	 15	 15	 1	 0.000021	 -1	 0.000000	 4.413482
36	 15	 15	 1	 0.000019	 -1	 0.000000	 4.337306
38	 15	 15	 1	 7.919134	 -1	 0.000000	 4.119011
39	 15	 15	 1	 0.000014	 -1	 0.000000	 4.216283
40	 15	 15	 1	 0.000024	 -1	 0.000000	 4.389594
41	 15	 15	 1	 0.000016	 -1	 0.000000	 4.285153
42	 15	 15	 1	 0.021899	 -1	 0.000000	 4.216627
43	 15	 15	 1	 0.000026	 -1	 0.000000	 4.199081
44	 15	 15	 1	 0.000020	 -1	 0.000000	 4.745077
45	 15	 15	 1	 0.000026	 -1	 0.000000	 4.716298
46	 15	 15	 0	 177.854454	 -1	 0.000000	 4.582518
47	 15	 15	 1	 0.000028	 -1	 0.000000	 4.269120
48	 15	 15	 1	 0.028578	 -1	 0.000000	 4.709250
49	 15	 15	 1	 0.000056	 -1	 0.000000	 4.305068
50	 15	 15	 1	 0.000013	 -1	 0.000000	 3.957951
51	 15	 15	 0	 255.383470	 -1	 0.000000	 4.284918
52	 15	 15	 1	 83.978979	 -1	 0.000000	 4.123968
53	 15	 15	 1	 0.000017	 -1	 0.000000	 4.484494
54	 15	 15	 1	 0.000021	 -1	 0.000000	 4.353432
55	 15	 15	 1	 11.527353	 -1	 0.000000	 4.282263
56	 15	 15	 1	 0.000016	 -1	 0.000000	 4.784616
57	 15	 15	 1	 0.000027	 -1	 0.000000	 4.297163
58	 15	 15	 1	 0.000017	 -1	 0.000000	 4.455042
59	 15	 15	 1	 0.000022	 -1	 0.000000	 4.424760
60	 15	 15	 1	 0.001260	 -1	 0.000000	 4.732257
61	 15	 15	 1	 0.000015	 -1	 0.000000	 4.404945
62	 15	 15	 0	 173.600676	 -1	 0.000000	 4.345182
63	 15	 15	 1	 0.000018	 -1	 0.000000	 4.228790
64	 15	 15	 1	 0.000017	 -1	 0.000000	 4.154264
65	 15	 15	 0	 173.740885	 -1	 0.000000	 4.486521
66	 15	 15	 1	 0.000022	 -1	 0.000000	 4.851372
67	 15	 15	 1	 50.934840	 -1	 0.000000	 4.444134
68	 15	 15	 1	 0.000013	 -1	 0.000000	 4.811417
69	 15	 15	 1	 0.000019	 -1	 0.000000	 4.296257
70	 15	 15	 1	 0.000018	 -1	 0.000000	 4.305902
71	 15	 15	 1	 14.720214	 -1	 0.000000	 4.827955
72	 15	 15	 1	 0.000018	 -1	 0.000000	 4.706802
73	 15	 15	 1	 53.515023	 -1	 0.000000	 4.572940
74	 15	 15	 1	 0.000022	 -1	 0.000000	 4.267327
75	 15	 15	 1	 3.443639	 -1	 0.000000	 4.077061
215	 11	 11	 0	 457.363357	 -1	 0.000000	 0.620545
76	 15	 15	 1	 0.000022	 -1	 0.000000	 4.183686
77	 15	 15	 1	 0.000021	 -1	 0.000000	 4.100684
78	 15	 15	 1	 0.000057	 -1	 0.000000	 4.218957
79	 15	 15	 1	 3.372305	 -1	 0.000000	 4.559140
1279	 13	 13	 0	 371.210053	 -1	 0.000000	 5.740992
80	 15	 15	 1	 0.000015	 -1	 0.000000	 4.291317
81	 15	 15	 1	 0.000017	 -1	 0.000000	 4.095595
82	 15	 15	 1	 0.000027	 -1	 0.000000	 4.427991
83	 15	 15	 1	 0.000013	 -1	 0.000000	 4.151369
84	 15	 15	 1	 0.000015	 -1	 0.000000	 4.295885
86	 15	 15	 1	 0.000028	 -1	 0.000000	 4.350198
87	 15	 15	 1	 0.457944	 -1	 0.000000	 4.332617
88	 15	 15	 1	 0.000021	 -1	 0.000000	 4.315759
89	 15	 15	 1	 0.000014	 -1	 0.000000	 4.185932
90	 15	 15	 1	 0.000018	 -1	 0.000000	 4.463783
91	 15	 15	 1	 0.000019	 -1	 0.000000	 3.925192
92	 15	 15	 0	 308.174679	 -1	 0.000000	 4.462111
93	 15	 15	 1	 0.000012	 -1	 0.000000	 4.659999
95	 15	 15	 1	 0.000013	 -1	 0.000000	 4.211139
96	 15	 15	 1	 0.000022	 -1	 0.000000	 4.270973
97	 15	 15	 1	 0.000039	 -1	 0.000000	 4.497265
98	 15	 15	 1	 0.240215	 -1	 0.000000	 4.638586
99	 15	 15	 1	 17.488216	 -1	 0.000000	 4.555590
100	 15	 15	 1	 0.000018	 -1	 0.000000	 4.267306
101	 15	 15	 1	 0.000015	 -1	 0.000000	 4.351953
102	 15	 15	 1	 0.000021	 -1	 0.000000	 4.381697
103	 15	 15	 1	 0.000022	 -1	 0.000000	 4.248217
104	 15	 15	 1	 0.000015	 -1	 0.000000	 4.267857
105	 15	 15	 1	 0.000016	 -1	 0.000000	 4.204241
106	 15	 15	 1	 0.009631	 -1	 0.000000	 4.612098
107	 15	 15	 1	 0.000035	 -1	 0.000000	 4.199833
109	 15	 15	 1	 0.000021	 -1	 0.000000	 4.187010
110	 15	 15	 1	 0.000022	 -1	 0.000000	 4.817508
111	 15	 15	 1	 21.155186	 -1	 0.000000	 4.092909
112	 15	 15	 1	 0.000023	 -1	 0.000000	 4.424250
113	 15	 15	 1	 0.000022	 -1	 0.000000	 4.525568
114	 15	 15	 1	 14.596475	 -1	 0.000000	 4.235013
115	 15	 15	 1	 0.000017	 -1	 0.000000	 4.500798
116	 15	 15	 1	 0.000021	 -1	 0.000000	 4.372875
117	 15	 15	 1	 48.973143	 -1	 0.000000	 4.155309
118	 15	 15	 1	 0.000020	 -1	 0.000000	 4.430361
119	 15	 15	 1	 0.000025	 -1	 0.000000	 4.305414
120	 15	 15	 1	 0.000014	 -1	 0.000000	 4.250550
121	 15	 15	 0	 192.965150	 -1	 0.000000	 4.146342
122	 15	 15	 1	 0.000016	 -1	 0.000000	 4.342086
123	 15	 15	 1	 0.000020	 -1	 0.000000	 4.408882
124	 15	 15	 1	 0.000016	 -1	 0.000000	 4.219682
125	 15	 15	 1	 52.917479	 -1	 0.000000	 4.480479
126	 15	 15	 1	 0.000016	 -1	 0.000000	 4.732902
27	 11	 11	 0	 449.436010	 -1	 0.000000	 4.174388
127	 15	 15	 1	 0.000011	 -1	 0.000000	 4.507926
128	 15	 15	 1	 0.000062	 -1	 0.000000	 4.613314
>>> gr_fir_ccf: using E
>>> gr_fir_fff: using E
gr_buffer::allocate_buffer: warning: tried to allocate
   17 items of size 3696. Due to alignment requirements
   256 were allocated.  If this isn't OK, consider padding
   your structure to a power-of-two bytes.
   On this platform, our allocation granularity is 4096 bytes.
5	 15	 15	 1	 0.000028	 -1	 0.000000	 4.056999
6	 15	 15	 1	 0.000029	 -1	 0.000000	 4.914946
8	 15	 15	 1	 0.000016	 -1	 0.000000	 4.177001
9	 15	 15	 1	 0.000286	 -1	 0.000000	 4.711723
10	 15	 15	 1	 0.000016	 -1	 0.000000	 4.228836
11	 15	 15	 1	 0.000019	 -1	 0.000000	 4.430978
12	 15	 15	 1	 0.000019	 -1	 0.000000	 4.419292
13	 15	 15	 1	 0.000011	 -1	 0.000000	 4.270449
3748	 7	 7	 0	 411.758706	 -1	 0.000000	 2.416683
14	 15	 15	 1	 0.000022	 -1	 0.000000	 4.389664
15	 15	 15	 1	 0.000021	 -1	 0.000000	 4.803185
16	 15	 15	 1	 0.000024	 -1	 0.000000	 4.104531
17	 15	 15	 0	 252.658961	 -1	 0.000000	 4.408762
18	 15	 15	 1	 0.000019	 -1	 0.000000	 4.343962
19	 15	 15	 1	 0.000025	 -1	 0.000000	 4.602463
20	 15	 15	 1	 15.786393	 -1	 0.000000	 4.280519
21	 15	 15	 1	 0.000030	 -1	 0.000000	 4.338376
23	 15	 15	 1	 0.000023	 -1	 0.000000	 4.249680
24	 15	 15	 1	 0.000013	 -1	 0.000000	 4.168054
25	 15	 15	 1	 0.000022	 -1	 0.000000	 4.295590
26	 15	 15	 1	 0.000020	 -1	 0.000000	 4.570725
27	 15	 15	 1	 22.158822	 -1	 0.000000	 4.342845
28	 15	 15	 1	 0.000027	 -1	 0.000000	 4.358219
29	 15	 15	 1	 0.000011	 -1	 0.000000	 4.364934
30	 15	 15	 1	 0.000020	 -1	 0.000000	 5.059750
31	 15	 15	 1	 0.000023	 -1	 0.000000	 4.322379
32	 15	 15	 1	 0.000014	 -1	 0.000000	 4.162593
33	 15	 15	 1	 0.000017	 -1	 0.000000	 4.730232
34	 15	 15	 1	 0.000015	 -1	 0.000000	 3.750834
35	 15	 15	 1	 0.000016	 -1	 0.000000	 4.147970
36	 15	 15	 0	 268.615261	 -1	 0.000000	 4.236435
37	 15	 15	 1	 3.108566	 -1	 0.000000	 4.601495
38	 15	 15	 1	 0.492487	 -1	 0.000000	 4.148188
39	 15	 15	 1	 0.000022	 -1	 0.000000	 4.063437
40	 15	 15	 1	 0.000028	 -1	 0.000000	 4.662495
41	 15	 15	 1	 0.000035	 -1	 0.000000	 4.209736
42	 15	 15	 1	 0.000009	 -1	 0.000000	 4.640711
43	 15	 15	 1	 0.000026	 -1	 0.000000	 4.273450
44	 15	 15	 1	 0.000016	 -1	 0.000000	 4.336167
45	 15	 15	 1	 0.000866	 -1	 0.000000	 5.064595
46	 15	 15	 1	 0.000041	 -1	 0.000000	 4.475580
47	 15	 15	 1	 0.000013	 -1	 0.000000	 4.059698
48	 15	 15	 1	 0.000019	 -1	 0.000000	 4.315824
49	 15	 15	 1	 0.000036	 -1	 0.000000	 4.475581
50	 15	 15	 1	 0.000014	 -1	 0.000000	 5.076022
51	 15	 15	 1	 0.000041	 -1	 0.000000	 4.524279
52	 15	 15	 1	 0.000025	 -1	 0.000000	 4.444875
53	 15	 15	 1	 0.000026	 -1	 0.000000	 4.575814
54	 15	 15	 1	 0.000015	 -1	 0.000000	 4.412304
55	 15	 15	 1	 0.000017	 -1	 0.000000	 4.179400
56	 15	 15	 1	 0.000020	 -1	 0.000000	 4.641914
57	 15	 15	 1	 51.945637	 -1	 0.000000	 4.249279
58	 15	 15	 1	 0.000019	 -1	 0.000000	 4.711842
60	 15	 15	 1	 0.000021	 -1	 0.000000	 4.252021
61	 15	 15	 1	 0.000024	 -1	 0.000000	 4.324675
62	 15	 15	 1	 6.632749	 -1	 0.000000	 4.579463
63	 15	 15	 1	 0.000022	 -1	 0.000000	 4.727662
64	 15	 15	 1	 0.000022	 -1	 0.000000	 4.575309
65	 15	 15	 1	 0.000032	 -1	 0.000000	 4.445480
66	 15	 15	 1	 0.000014	 -1	 0.000000	 4.082276
>>> gr_fir_ccf: using E
>>> gr_fir_fff: using E
gr_buffer::allocate_buffer: warning: tried to allocate
   17 items of size 3696. Due to alignment requirements
   256 were allocated.  If this isn't OK, consider padding
   your structure to a power-of-two bytes.
   On this platform, our allocation granularity is 4096 bytes.
16	 5	 5	 1	 0.006519	 -1	 0.000000	 4.882568
17	 5	 5	 1	 0.120200	 -1	 0.000000	 4.804559
18	 5	 5	 1	 0.051104	 -1	 0.000000	 4.290426
19	 5	 5	 1	 0.063727	 -1	 0.000000	 4.236546
20	 5	 5	 1	 0.004548	 -1	 0.000000	 4.440376
21	 5	 5	 1	 0.068441	 -1	 0.000000	 4.377481
22	 5	 5	 1	 0.032671	 -1	 0.000000	 4.575487
23	 5	 5	 1	 0.046904	 -1	 0.000000	 4.698534
24	 5	 5	 1	 0.003689	 -1	 0.000000	 4.513772
25	 5	 5	 1	 0.037166	 -1	 0.000000	 4.673802
26	 5	 5	 1	 20.274172	 -1	 0.000000	 4.489698
27	 5	 5	 1	 0.004978	 -1	 0.000000	 4.759756
28	 5	 5	 1	 22.552866	 -1	 0.000000	 4.756425
29	 5	 5	 1	 54.614786	 -1	 0.000000	 4.154452
30	 5	 5	 1	 5.585151	 -1	 0.000000	 4.721701
31	 5	 5	 1	 0.005497	 -1	 0.000000	 4.418167
32	 5	 5	 1	 0.039400	 -1	 0.000000	 4.201101
33	 5	 5	 1	 0.035431	 -1	 0.000000	 4.095036
34	 5	 5	 1	 0.094111	 -1	 0.000000	 4.247058
35	 5	 5	 1	 0.035866	 -1	 0.000000	 4.132776
36	 5	 5	 1	 0.004522	 -1	 0.000000	 4.541769
37	 5	 5	 1	 0.003563	 -1	 0.000000	 4.806307
38	 5	 5	 1	 0.799577	 -1	 0.000000	 4.229362
39	 5	 5	 1	 6.335681	 -1	 0.000000	 4.518854
40	 5	 5	 1	 13.667248	 -1	 0.000000	 4.491505
41	 5	 5	 1	 0.003294	 -1	 0.000000	 4.314576
42	 5	 5	 1	 0.324734	 -1	 0.000000	 4.406005
43	 5	 5	 1	 11.930243	 -1	 0.000000	 4.524139
44	 5	 5	 1	 0.049761	 -1	 0.000000	 4.004738
45	 5	 5	 1	 0.003945	 -1	 0.000000	 4.143324
46	 5	 5	 1	 0.005611	 -1	 0.000000	 4.424159
47	 5	 5	 1	 21.657922	 -1	 0.000000	 4.433025
48	 5	 5	 1	 16.906236	 -1	 0.000000	 4.432107
49	 5	 5	 1	 0.032437	 -1	 0.000000	 3.938978
50	 5	 5	 1	 0.007353	 -1	 0.000000	 4.300543
51	 5	 5	 1	 0.035243	 -1	 0.000000	 4.331680
52	 5	 5	 1	 7.717689	 -1	 0.000000	 4.419946
53	 5	 5	 1	 0.004849	 -1	 0.000000	 4.433644
54	 5	 5	 1	 22.592611	 -1	 0.000000	 4.177322
55	 5	 5	 1	 0.027662	 -1	 0.000000	 4.232973
56	 5	 5	 1	 0.004981	 -1	 0.000000	 4.545108
1208	 10	 10	 0	 478.545497	 -1	 0.000000	 3.753287
57	 5	 5	 1	 0.003511	 -1	 0.000000	 4.677159
58	 5	 5	 1	 0.046429	 -1	 0.000000	 4.237106
59	 5	 5	 1	 19.251742	 -1	 0.000000	 4.629151
60	 5	 5	 1	 0.020587	 -1	 0.000000	 4.728307
61	 5	 5	 1	 20.403410	 -1	 0.000000	 4.543051
62	 5	 5	 1	 0.026355	 -1	 0.000000	 4.221416
63	 5	 5	 1	 0.079324	 -1	 0.000000	 4.328690
64	 5	 5	 1	 0.037987	 -1	 0.000000	 4.893712
65	 5	 5	 0	 231.629390	 -1	 0.000000	 4.830941
66	 5	 5	 1	 0.098530	 -1	 0.000000	 5.215349
67	 5	 5	 1	 0.005051	 -1	 0.000000	 4.583466
68	 5	 5	 1	 0.004706	 -1	 0.000000	 4.289195
69	 5	 5	 1	 0.037509	 -1	 0.000000	 4.026919
70	 5	 5	 1	 22.327445	 -1	 0.000000	 4.660903
71	 5	 5	 1	 0.024948	 -1	 0.000000	 4.299944
72	 5	 5	 1	 12.960505	 -1	 0.000000	 4.353813
73	 5	 5	 1	 10.919076	 -1	 0.000000	 4.430230
74	 5	 5	 1	 0.044278	 -1	 0.000000	 4.436351
75	 5	 5	 1	 0.051135	 -1	 0.000000	 4.385178
76	 5	 5	 1	 0.004496	 -1	 0.000000	 4.156076
77	 5	 5	 1	 0.004310	 -1	 0.000000	 4.583656
78	 5	 5	 1	 0.026506	 -1	 0.000000	 3.755889
79	 5	 5	 1	 0.136116	 -1	 0.000000	 4.617236
80	 5	 5	 1	 0.920725	 -1	 0.000000	 5.313890
81	 5	 5	 1	 0.074101	 -1	 0.000000	 4.441816
82	 5	 5	 1	 0.817581	 -1	 0.000000	 4.545884
83	 5	 5	 1	 38.020143	 -1	 0.000000	 3.976550
84	 5	 5	 1	 0.084547	 -1	 0.000000	 4.198499
85	 5	 5	 1	 0.006043	 -1	 0.000000	 4.930428
86	 5	 5	 1	 0.035005	 -1	 0.000000	 4.720212
87	 5	 5	 1	 0.066205	 -1	 0.000000	 4.576006
88	 5	 5	 1	 2.038661	 -1	 0.000000	 4.842227
89	 5	 5	 1	 0.004911	 -1	 0.000000	 4.746439
90	 5	 5	 1	 0.004754	 -1	 0.000000	 4.833825
91	 5	 5	 1	 0.003863	 -1	 0.000000	 4.494579
92	 5	 5	 1	 0.002621	 -1	 0.000000	 4.395870
93	 5	 5	 1	 0.003954	 -1	 0.000000	 4.645546
94	 5	 5	 1	 0.055733	 -1	 0.000000	 4.310219
95	 5	 5	 1	 0.045696	 -1	 0.000000	 4.277031
96	 5	 5	 1	 11.862219	 -1	 0.000000	 4.697762
97	 5	 5	 1	 0.043299	 -1	 0.000000	 4.704385
98	 5	 5	 1	 38.738506	 -1	 0.000000	 4.384503
99	 5	 5	 1	 20.198658	 -1	 0.000000	 4.234484
100	 5	 5	 1	 0.005370	 -1	 0.000000	 4.669330
101	 5	 5	 1	 23.402193	 -1	 0.000000	 4.122162
102	 5	 5	 1	 29.870262	 -1	 0.000000	 4.639931
103	 5	 5	 1	 0.103715	 -1	 0.000000	 4.397165
104	 5	 5	 1	 0.099923	 -1	 0.000000	 3.985054
105	 5	 5	 0	 206.933009	 -1	 0.000000	 4.619340
106	 5	 5	 1	 0.026486	 -1	 0.000000	 4.177756
>>> gr_fir_ccf: using E
>>> gr_fir_fff: using E
gr_buffer::allocate_buffer: warning: tried to allocate
   17 items of size 3696. Due to alignment requirements
   256 were allocated.  If this isn't OK, consider padding
   your structure to a power-of-two bytes.
   On this platform, our allocation granularity is 4096 bytes.
20	 5	 5	 1	 1.951462	 -1	 0.000000	 4.584191
21	 5	 5	 1	 9.257555	 -1	 0.000000	 4.276730
22	 5	 5	 1	 0.054662	 -1	 0.000000	 4.393098
23	 5	 5	 1	 0.006054	 -1	 0.000000	 4.339717
24	 5	 5	 1	 0.024580	 -1	 0.000000	 4.229573
25	 5	 5	 1	 0.003879	 -1	 0.000000	 4.434714
26	 5	 5	 1	 1.879226	 -1	 0.000000	 4.635537
27	 5	 5	 1	 0.004585	 -1	 0.000000	 4.684824
28	 5	 5	 1	 0.004328	 -1	 0.000000	 4.451624
29	 5	 5	 1	 33.978766	 -1	 0.000000	 4.539824
30	 5	 5	 1	 4.446950	 -1	 0.000000	 4.910394
31	 5	 5	 1	 0.004865	 -1	 0.000000	 4.495062
32	 5	 5	 1	 0.026951	 -1	 0.000000	 4.180575
33	 5	 5	 1	 0.053987	 -1	 0.000000	 4.266544
34	 5	 5	 1	 0.005352	 -1	 0.000000	 4.599745
35	 5	 5	 1	 26.281502	 -1	 0.000000	 4.557492
36	 5	 5	 1	 0.043169	 -1	 0.000000	 4.495565
37	 5	 5	 1	 0.004534	 -1	 0.000000	 4.230634
38	 5	 5	 1	 6.922115	 -1	 0.000000	 4.737123
39	 5	 5	 1	 0.052896	 -1	 0.000000	 4.288160
40	 5	 5	 1	 0.002783	 -1	 0.000000	 4.394688
41	 5	 5	 1	 0.051794	 -1	 0.000000	 4.057017
42	 5	 5	 1	 0.064149	 -1	 0.000000	 4.276981
43	 5	 5	 1	 0.005379	 -1	 0.000000	 4.659868
44	 5	 5	 1	 0.071287	 -1	 0.000000	 4.456247
45	 5	 5	 1	 0.406669	 -1	 0.000000	 4.947761
46	 5	 5	 1	 0.268752	 -1	 0.000000	 4.644078
47	 5	 5	 1	 0.012741	 -1	 0.000000	 4.623950
48	 5	 5	 0	 320.951416	 -1	 0.000000	 4.323966
49	 5	 5	 1	 0.036458	 -1	 0.000000	 4.796993
70	 5	 5	 0	 406.910376	 -1	 0.000000	 8.879853
50	 5	 5	 1	 15.739706	 -1	 0.000000	 4.429099
51	 5	 5	 1	 3.028533	 -1	 0.000000	 4.730005
52	 5	 5	 1	 0.007072	 -1	 0.000000	 4.759102
53	 5	 5	 1	 12.406330	 -1	 0.000000	 4.538994
54	 5	 5	 1	 0.019772	 -1	 0.000000	 5.160383
55	 5	 5	 1	 0.026125	 -1	 0.000000	 4.445154
56	 5	 5	 1	 0.043010	 -1	 0.000000	 4.559091
57	 5	 5	 1	 0.002737	 -1	 0.000000	 4.473855
58	 5	 5	 1	 0.004684	 -1	 0.000000	 4.627645
59	 5	 5	 1	 0.041794	 -1	 0.000000	 4.156292
60	 5	 5	 1	 0.003593	 -1	 0.000000	 4.418339
0	 7	 7	 1	 0.041176	 -1	 0.000000	 4.469858
1	 7	 7	 1	 0.040272	 -1	 0.000000	 4.281476
2	 7	 7	 1	 0.028795	 -1	 0.000000	 4.146300
3	 7	 7	 1	 0.025145	 -1	 0.000000	 4.206877
>>> gr_fir_ccf: using E
>>> gr_fir_fff: using E
gr_buffer::allocate_buffer: warning: tried to allocate
   17 items of size 3696. Due to alignment requirements
   256 were allocated.  If this isn't OK, consider padding
   your structure to a power-of-two bytes.
   On this platform, our allocation granularity is 4096 bytes.
20	 7	 7	 0	 58.972043	 -1	 0.000000	 4.879152
21	 7	 7	 1	 0.037623	 -1	 0.000000	 4.384761
22	 7	 7	 1	 0.026892	 -1	 0.000000	 4.680659
23	 7	 7	 1	 0.014395	 -1	 0.000000	 4.758057
24	 7	 7	 1	 51.115704	 -1	 0.000000	 4.292636
25	 7	 7	 1	 0.048296	 -1	 0.000000	 4.361850
26	 7	 7	 1	 0.055632	 -1	 0.000000	 4.557809
27	 7	 7	 1	 0.017548	 -1	 0.000000	 4.538516
28	 7	 7	 1	 0.009025	 -1	 0.000000	 4.444962
29	 7	 7	 1	 0.020818	 -1	 0.000000	 5.052877
30	 7	 7	 1	 102.125028	 -1	 0.000000	 4.053697
3942	 9	 9	 0	 453.026446	 -1	 0.000000	 7.601429
31	 7	 7	 0	 142.388554	 -1	 0.000000	 4.379424
32	 7	 7	 1	 0.015477	 -1	 0.000000	 4.244311
33	 7	 7	 1	 0.013134	 -1	 0.000000	 4.436688
34	 7	 7	 1	 0.011843	 -1	 0.000000	 4.362115
35	 7	 7	 1	 0.023294	 -1	 0.000000	 4.047760
36	 7	 7	 1	 0.026869	 -1	 0.000000	 4.262720
37	 7	 7	 1	 0.469696	 -1	 0.000000	 5.010539
38	 7	 7	 1	 0.027075	 -1	 0.000000	 4.310924
39	 7	 7	 1	 0.702015	 -1	 0.000000	 4.877069
40	 7	 7	 1	 0.019596	 -1	 0.000000	 4.864482
41	 7	 7	 1	 0.042103	 -1	 0.000000	 4.358215
42	 7	 7	 1	 67.495813	 -1	 0.000000	 4.412395
43	 7	 7	 1	 0.773850	 -1	 0.000000	 4.702480
44	 7	 7	 1	 0.026375	 -1	 0.000000	 4.827936
45	 7	 7	 1	 0.026868	 -1	 0.000000	 4.492001
46	 7	 7	 1	 1.335329	 -1	 0.000000	 4.868553
47	 7	 7	 0	 120.875226	 -1	 0.000000	 4.406275
48	 7	 7	 1	 52.274062	 -1	 0.000000	 4.757919
49	 7	 7	 1	 2.359573	 -1	 0.000000	 4.842810
50	 7	 7	 1	 0.015520	 -1	 0.000000	 4.534714
51	 7	 7	 0	 316.777265	 -1	 0.000000	 4.340230
52	 7	 7	 1	 0.040748	 -1	 0.000000	 4.221650
53	 7	 7	 1	 0.018109	 -1	 0.000000	 4.823878
54	 7	 7	 1	 0.022594	 -1	 0.000000	 4.654607
55	 7	 7	 1	 0.159998	 -1	 0.000000	 4.627563
56	 7	 7	 1	 0.117420	 -1	 0.000000	 5.139791
57	 7	 7	 1	 0.030295	 -1	 0.000000	 4.600121
58	 7	 7	 1	 0.019806	 -1	 0.000000	 4.753749
59	 7	 7	 1	 0.033336	 -1	 0.000000	 4.413653
60	 7	 7	 1	 18.889816	 -1	 0.000000	 4.769310
61	 7	 7	 1	 0.048698	 -1	 0.000000	 4.455225
62	 7	 7	 1	 0.041261	 -1	 0.000000	 4.082254
63	 7	 7	 1	 0.013908	 -1	 0.000000	 4.522766
64	 7	 7	 1	 23.817306	 -1	 0.000000	 4.325647
65	 7	 7	 1	 0.020264	 -1	 0.000000	 4.782136
66	 7	 7	 1	 0.008676	 -1	 0.000000	 4.308087
67	 7	 7	 1	 0.036868	 -1	 0.000000	 3.971528
68	 7	 7	 1	 0.114950	 -1	 0.000000	 4.764347
69	 7	 7	 1	 0.295321	 -1	 0.000000	 4.743348
70	 7	 7	 1	 0.040987	 -1	 0.000000	 4.296615
71	 7	 7	 1	 0.014784	 -1	 0.000000	 4.899653
72	 7	 7	 1	 0.021080	 -1	 0.000000	 4.184290
747	 7	 7	 0	 409.223704	 -1	 0.000000	 4.256802
73	 7	 7	 1	 0.017754	 -1	 0.000000	 4.155488
0	 9	 9	 1	 36.893579	 -1	 0.000000	 4.667799
1	 9	 9	 1	 90.176013	 -1	 0.000000	 4.544536
2	 9	 9	 1	 14.963282	 -1	 0.000000	 4.375581
3	 9	 9	 1	 9.575926	 -1	 0.000000	 4.501335
4	 9	 9	 1	 37.448936	 -1	 0.000000	 4.637423
5	 9	 9	 1	 94.899623	 -1	 0.000000	 4.143491
6	 9	 9	 1	 44.186046	 -1	 0.000000	 4.448776
7	 9	 9	 1	 95.709106	 -1	 0.000000	 4.116655
8	 9	 9	 1	 20.067452	 -1	 0.000000	 4.404020
9	 9	 9	 1	 45.941465	 -1	 0.000000	 4.567236
10	 9	 9	 1	 25.616102	 -1	 0.000000	 4.876654
11	 9	 9	 1	 22.080241	 -1	 0.000000	 4.858303
12	 9	 9	 1	 114.241733	 -1	 0.000000	 3.940515
13	 9	 9	 1	 21.119860	 -1	 0.000000	 4.449675
14	 9	 9	 1	 88.371135	 -1	 0.000000	 4.278731
15	 9	 9	 1	 17.671133	 -1	 0.000000	 4.374994
16	 9	 9	 1	 116.534188	 -1	 0.000000	 4.244716
17	 9	 9	 1	 24.469070	 -1	 0.000000	 4.125476
18	 9	 9	 1	 75.952725	 -1	 0.000000	 4.385005
>>> gr_fir_ccf: using E
>>> gr_fir_fff: using E
gr_buffer::allocate_buffer: warning: tried to allocate
   17 items of size 3696. Due to alignment requirements
   256 were allocated.  If this isn't OK, consider padding
   your structure to a power-of-two bytes.
   On this platform, our allocation granularity is 4096 bytes.
23	 9	 9	 1	 89.940843	 -1	 0.000000	 4.286290
24	 9	 9	 1	 24.204823	 -1	 0.000000	 4.149780
25	 9	 9	 1	 113.546544	 -1	 0.000000	 4.066501
26	 9	 9	 1	 19.985522	 -1	 0.000000	 4.344065
27	 9	 9	 1	 90.765000	 -1	 0.000000	 4.281341
28	 9	 9	 1	 17.479912	 -1	 0.000000	 4.499303
29	 9	 9	 1	 31.309259	 -1	 0.000000	 4.572108
30	 9	 9	 1	 97.716879	 -1	 0.000000	 4.462079
31	 9	 9	 1	 19.601830	 -1	 0.000000	 4.382098
32	 9	 9	 1	 88.327051	 -1	 0.000000	 4.374473
33	 9	 9	 1	 19.320671	 -1	 0.000000	 4.252679
34	 9	 9	 1	 22.640051	 -1	 0.000000	 4.853024
35	 9	 9	 1	 19.914795	 -1	 0.000000	 4.396487
36	 9	 9	 1	 130.797075	 -1	 0.000000	 4.216785
37	 9	 9	 1	 25.787323	 -1	 0.000000	 4.907588
38	 9	 9	 1	 23.699698	 -1	 0.000000	 4.769387
>>> gr_fir_ccf: using E
>>> gr_fir_fff: using E
gr_buffer::allocate_buffer: warning: tried to allocate
   17 items of size 3696. Due to alignment requirements
   256 were allocated.  If this isn't OK, consider padding
   your structure to a power-of-two bytes.
   On this platform, our allocation granularity is 4096 bytes.
20	 11	 11	 1	 241.295428	 -1	 0.000000	 4.100034
21	 11	 11	 1	 36.680765	 -1	 0.000000	 4.244613
22	 11	 11	 1	 180.021787	 -1	 0.000000	 4.047657
23	 11	 11	 1	 71.595121	 -1	 0.000000	 4.688320
24	 11	 11	 1	 39.090867	 -1	 0.000000	 4.381829
711	 11	 11	 0	 437.391569	 -1	 0.000000	 2.619352
25	 11	 11	 1	 35.459293	 -1	 0.000000	 4.455215
26	 11	 11	 1	 263.540780	 -1	 0.000000	 4.072216
27	 11	 11	 1	 89.650315	 -1	 0.000000	 4.148083
28	 11	 11	 1	 47.430457	 -1	 0.000000	 4.309834
29	 11	 11	 1	 37.462547	 -1	 0.000000	 4.047436
30	 11	 11	 1	 86.289455	 -1	 0.000000	 4.611475
31	 11	 11	 1	 60.012877	 -1	 0.000000	 4.717295
32	 11	 11	 1	 48.769154	 -1	 0.000000	 4.865446
33	 11	 11	 1	 82.132726	 -1	 0.000000	 4.572204
34	 11	 11	 1	 37.727732	 -1	 0.000000	 4.415320
35	 11	 11	 1	 236.000794	 -1	 0.000000	 4.289464
36	 11	 11	 0	 272.953068	 -1	 0.000000	 4.371197
37	 11	 11	 1	 68.471063	 -1	 0.000000	 4.327441
38	 11	 11	 1	 111.257725	 -1	 0.000000	 4.659401
443	 10	 10	 0	 480.622347	 -1	 0.000000	 6.141545
1762	 15	 15	 0	 382.069237	 -1	 0.000000	 3.934381
1760	 5	 5	 0	 405.231551	 -1	 0.000000	 3.317279
2648	 7	 7	 0	 431.070287	 -1	 0.000000	 9.679531
1393	 13	 13	 0	 388.873180	 -1	 0.000000	 0.672920
2981	 5	 5	 0	 402.956334	 -1	 0.000000	 2.593423
451	 11	 11	 0	 446.614268	 -1	 0.000000	 4.095587
0	 11	 11	 1	 91.588155	 -1	 0.000000	 4.033503
1	 11	 11	 1	 74.044100	 -1	 0.000000	 4.229452
2	 11	 11	 1	 81.048980	 -1	 0.000000	 4.570316
3	 11	 11	 1	 73.846018	 -1	 0.000000	 4.730131
4	 11	 11	 1	 82.556162	 -1	 0.000000	 4.045949
5	 11	 11	 1	 60.457215	 -1	 0.000000	 4.713932
6	 11	 11	 0	 246.649155	 -1	 0.000000	 4.222967
7	 11	 11	 1	 75.132351	 -1	 0.000000	 4.422105
8	 11	 11	 1	 55.273936	 -1	 0.000000	 5.103199
9	 11	 11	 1	 45.906089	 -1	 0.000000	 4.901875
10	 11	 11	 1	 67.262350	 -1	 0.000000	 4.736289
11	 11	 11	 1	 32.011771	 -1	 0.000000	 4.413464
>>> gr_fir_ccf: using E
>>> gr_fir_fff: using E
gr_buffer::allocate_buffer: warning: tried to allocate
   17 items of size 3696. Due to alignment requirements
   256 were allocated.  If this isn't OK, consider padding
   your structure to a power-of-two bytes.
   On this platform, our allocation granularity is 4096 bytes.
20	 11	 11	 0	 292.041104	 -1	 0.000000	 4.124668
21	 11	 11	 1	 110.485066	 -1	 0.000000	 4.177770
22	 11	 11	 1	 36.780814	 -1	 0.000000	 4.371548
23	 11	 11	 1	 185.023180	 -1	 0.000000	 3.995345
24	 11	 11	 1	 119.168215	 -1	 0.000000	 4.154188
25	 11	 11	 1	 35.786806	 -1	 0.000000	 4.529069
26	 11	 11	 1	 75.893918	 -1	 0.000000	 4.603524
27	 11	 11	 1	 42.978314	 -1	 0.000000	 4.042837
28	 11	 11	 1	 46.608610	 -1	 0.000000	 4.478980
29	 11	 11	 1	 37.981805	 -1	 0.000000	 3.931344
30	 11	 11	 1	 94.178030	 -1	 0.000000	 4.604192
32	 11	 11	 1	 154.398212	 -1	 0.000000	 4.513927
33	 11	 11	 1	 76.674908	 -1	 0.000000	 4.609117
34	 11	 11	 1	 35.372706	 -1	 0.000000	 4.348789
36	 11	 11	 1	 30.405101	 -1	 0.000000	 4.512125
37	 11	 11	 1	 57.221977	 -1	 0.000000	 4.581700
38	 11	 11	 1	 113.212974	 -1	 0.000000	 4.350403
2002	 15	 15	 0	 403.755573	 -1	 0.000000	 4.737720
39	 11	 11	 1	 49.494919	 -1	 0.000000	 4.243203
40	 11	 11	 1	 104.338693	 -1	 0.000000	 3.917209
41	 11	 11	 1	 188.880852	 -1	 0.000000	 4.202995
42	 11	 11	 1	 103.518150	 -1	 0.000000	 4.218642
43	 11	 11	 1	 63.652399	 -1	 0.000000	 4.727802
44	 11	 11	 1	 35.366606	 -1	 0.000000	 4.571270
45	 11	 11	 1	 140.017492	 -1	 0.000000	 4.543529
46	 11	 11	 1	 57.798964	 -1	 0.000000	 4.127163
47	 11	 11	 1	 58.795205	 -1	 0.000000	 4.151845
48	 11	 11	 1	 40.407791	 -1	 0.000000	 4.450163
49	 11	 11	 1	 81.856950	 -1	 0.000000	 4.469155
50	 11	 11	 1	 68.652007	 -1	 0.000000	 4.450720
51	 11	 11	 1	 58.929799	 -1	 0.000000	 4.840252
52	 11	 11	 1	 98.408479	 -1	 0.000000	 4.514699
53	 11	 11	 1	 250.546756	 -1	 0.000000	 4.452366
54	 11	 11	 1	 238.739165	 -1	 0.000000	 4.364030
55	 11	 11	 1	 45.364516	 -1	 0.000000	 4.491606
56	 11	 11	 1	 82.793231	 -1	 0.000000	 4.206049
57	 11	 11	 1	 199.733540	 -1	 0.000000	 4.539508
58	 11	 11	 1	 41.987950	 -1	 0.000000	 4.920002
59	 11	 11	 1	 51.784966	 -1	 0.000000	 4.375364
60	 11	 11	 1	 85.315387	 -1	 0.000000	 4.335122
62	 11	 11	 1	 38.082958	 -1	 0.000000	 4.519751
63	 11	 11	 1	 69.817687	 -1	 0.000000	 4.510046
64	 11	 11	 1	 92.558441	 -1	 0.000000	 4.300514
65	 11	 11	 1	 39.923940	 -1	 0.000000	 4.287362
67	 11	 11	 1	 192.303551	 -1	 0.000000	 4.347173
68	 11	 11	 1	 36.494682	 -1	 0.000000	 4.589819
69	 11	 11	 1	 33.386052	 -1	 0.000000	 4.317015
70	 11	 11	 1	 111.508891	 -1	 0.000000	 4.375158
71	 11	 11	 1	 197.826559	 -1	 0.000000	 4.427416
72	 11	 11	 1	 62.015463	 -1	 0.000000	 4.716192
73	 11	 11	 1	 37.425351	 -1	 0.000000	 4.394334
74	 11	 11	 1	 51.232087	 -1	 0.000000	 4.340810
75	 11	 11	 1	 82.162750	 -1	 0.000000	 4.269416
76	 11	 11	 1	 50.561453	 -1	 0.000000	 4.343645
>>> gr_fir_ccf: using E
>>> gr_fir_fff: using E
gr_buffer::allocate_buffer: warning: tried to allocate
   17 items of size 3696. Due to alignment requirements
   256 were allocated.  If this isn't OK, consider padding
   your structure to a power-of-two bytes.
   On this platform, our allocation granularity is 4096 bytes.
20	 10	 10	 0	 474.912023	 -1	 0.000000	 4.445655
21	 10	 10	 0	 471.356313	 -1	 0.000000	 4.162989
22	 10	 10	 0	 463.166890	 -1	 0.000000	 4.764781
23	 10	 10	 0	 471.858222	 -1	 0.000000	 4.727320
24	 10	 10	 0	 463.677625	 -1	 0.000000	 4.261171
25	 10	 10	 0	 474.588135	 -1	 0.000000	 4.160568
26	 10	 10	 0	 454.962486	 -1	 0.000000	 4.342680
27	 10	 10	 0	 432.626970	 -1	 0.000000	 4.478112
28	 10	 10	 0	 458.922205	 -1	 0.000000	 4.271962
29	 10	 10	 0	 476.722651	 -1	 0.000000	 4.626318
30	 10	 10	 0	 461.521808	 -1	 0.000000	 4.208985
31	 10	 10	 0	 477.832373	 -1	 0.000000	 4.598365
32	 10	 10	 0	 453.630072	 -1	 0.000000	 4.478009
33	 10	 10	 0	 443.170055	 -1	 0.000000	 4.401732
34	 10	 10	 0	 454.370054	 -1	 0.000000	 4.324257
35	 10	 10	 0	 466.969506	 -1	 0.000000	 4.314388
36	 10	 10	 0	 473.476418	 -1	 0.000000	 4.578646
37	 10	 10	 0	 458.381975	 -1	 0.000000	 4.906374
38	 10	 10	 0	 400.292200	 -1	 0.000000	 4.083289
39	 10	 10	 0	 468.406308	 -1	 0.000000	 4.084785
40	 10	 10	 0	 464.321871	 -1	 0.000000	 4.623533
41	 10	 10	 0	 473.092033	 -1	 0.000000	 4.151655
42	 10	 10	 0	 476.463340	 -1	 0.000000	 4.696807
44	 10	 10	 0	 468.180054	 -1	 0.000000	 4.092879
45	 10	 10	 0	 437.377561	 -1	 0.000000	 4.313222
46	 10	 10	 0	 446.464727	 -1	 0.000000	 4.468749
47	 10	 10	 0	 468.313461	 -1	 0.000000	 4.254272
48	 10	 10	 0	 466.069154	 -1	 0.000000	 4.817782
49	 10	 10	 0	 476.813426	 -1	 0.000000	 4.495960
50	 10	 10	 0	 463.889821	 -1	 0.000000	 4.741782
51	 10	 10	 0	 472.180454	 -1	 0.000000	 4.273222
52	 10	 10	 0	 475.966897	 -1	 0.000000	 4.812475
53	 10	 10	 0	 438.169739	 -1	 0.000000	 4.499734
54	 10	 10	 0	 478.006916	 -1	 0.000000	 4.247459
55	 10	 10	 0	 442.064579	 -1	 0.000000	 4.513822
56	 10	 10	 0	 463.167276	 -1	 0.000000	 4.332540
57	 10	 10	 0	 466.722846	 -1	 0.000000	 4.601100
58	 10	 10	 0	 463.106546	 -1	 0.000000	 4.316092
59	 10	 10	 0	 477.080784	 -1	 0.000000	 4.213539
60	 10	 10	 0	 448.780750	 -1	 0.000000	 5.092348
61	 10	 10	 0	 413.399240	 -1	 0.000000	 4.516820
62	 10	 10	 0	 479.997525	 -1	 0.000000	 4.214497
63	 10	 10	 0	 479.493628	 -1	 0.000000	 4.181600
64	 10	 10	 0	 399.590403	 -1	 0.000000	 4.090984
65	 10	 10	 0	 468.591301	 -1	 0.000000	 4.286736
66	 10	 10	 0	 471.881145	 -1	 0.000000	 4.067595
67	 10	 10	 0	 485.315360	 -1	 0.000000	 4.260129
68	 10	 10	 0	 453.701642	 -1	 0.000000	 4.182011
69	 10	 10	 0	 469.352764	 -1	 0.000000	 3.937474
70	 10	 10	 0	 474.613042	 -1	 0.000000	 3.958417
71	 10	 10	 0	 467.763537	 -1	 0.000000	 4.894589
72	 10	 10	 0	 472.981122	 -1	 0.000000	 4.126911
73	 10	 10	 0	 447.557835	 -1	 0.000000	 4.206548
74	 10	 10	 0	 472.858075	 -1	 0.000000	 4.209848
75	 10	 10	 0	 469.940501	 -1	 0.000000	 4.120093
76	 10	 10	 0	 469.729282	 -1	 0.000000	 4.591014
77	 10	 10	 0	 469.584107	 -1	 0.000000	 4.578361
78	 10	 10	 0	 439.011440	 -1	 0.000000	 4.450701
79	 10	 10	 0	 435.004052	 -1	 0.000000	 4.479650
80	 10	 10	 0	 418.923404	 -1	 0.000000	 4.415406
81	 10	 10	 0	 472.800737	 -1	 0.000000	 4.683008
82	 10	 10	 0	 462.448364	 -1	 0.000000	 4.277251
83	 10	 10	 0	 471.673457	 -1	 0.000000	 4.583818
84	 10	 10	 0	 463.793029	 -1	 0.000000	 4.842574
85	 10	 10	 0	 481.875426	 -1	 0.000000	 4.074910
86	 10	 10	 0	 478.783223	 -1	 0.000000	 4.630763
88	 10	 10	 0	 447.360414	 -1	 0.000000	 4.304060
89	 10	 10	 0	 471.694071	 -1	 0.000000	 4.581115
90	 10	 10	 0	 448.063499	 -1	 0.000000	 4.176394
91	 10	 10	 0	 473.791515	 -1	 0.000000	 4.487202
92	 10	 10	 0	 448.284195	 -1	 0.000000	 4.577940
93	 10	 10	 0	 471.080926	 -1	 0.000000	 4.770658
94	 10	 10	 0	 452.369524	 -1	 0.000000	 4.240157
95	 10	 10	 0	 461.762599	 -1	 0.000000	 4.860050
96	 10	 10	 0	 434.103694	 -1	 0.000000	 4.617445
97	 10	 10	 0	 467.970511	 -1	 0.000000	 4.309106
98	 10	 10	 0	 458.834011	 -1	 0.000000	 4.281248
99	 10	 10	 0	 464.159960	 -1	 0.000000	 4.569051
100	 10	 10	 0	 473.843526	 -1	 0.000000	 4.610528
101	 10	 10	 0	 435.589540	 -1	 0.000000	 4.438323
102	 10	 10	 0	 460.383572	 -1	 0.000000	 4.865991
103	 10	 10	 0	 469.024392	 -1	 0.000000	 4.683230
104	 10	 10	 0	 474.756577	 -1	 0.000000	 3.965015
105	 10	 10	 0	 441.675965	 -1	 0.000000	 4.258407
106	 10	 10	 0	 435.704147	 -1	 0.000000	 4.347200
107	 10	 10	 0	 473.522908	 -1	 0.000000	 4.758245
108	 10	 10	 0	 415.692250	 -1	 0.000000	 4.565377
109	 10	 10	 0	 454.328558	 -1	 0.000000	 4.299798
110	 10	 10	 0	 458.358247	 -1	 0.000000	 4.274796
111	 10	 10	 0	 437.653805	 -1	 0.000000	 4.189876
112	 10	 10	 0	 471.230786	 -1	 0.000000	 4.379278
113	 10	 10	 0	 465.845677	 -1	 0.000000	 4.599155
114	 10	 10	 0	 475.760306	 -1	 0.000000	 4.371085
115	 10	 10	 0	 465.361212	 -1	 0.000000	 4.591988
116	 10	 10	 0	 470.295092	 -1	 0.000000	 4.268973
117	 10	 10	 0	 430.998694	 -1	 0.000000	 4.489040
118	 10	 10	 0	 456.460686	 -1	 0.000000	 4.254087
119	 10	 10	 0	 471.954126	 -1	 0.000000	 4.493513
120	 10	 10	 0	 458.909641	 -1	 0.000000	 4.220680
121	 10	 10	 0	 480.148311	 -1	 0.000000	 4.363602
122	 10	 10	 0	 480.690742	 -1	 0.000000	 4.048554
123	 10	 10	 0	 443.210419	 -1	 0.000000	 4.263926
124	 10	 10	 0	 473.573847	 -1	 0.000000	 4.067832
125	 10	 10	 0	 469.493802	 -1	 0.000000	 4.621107
126	 10	 10	 0	 479.411994	 -1	 0.000000	 3.986324
127	 10	 10	 0	 441.302032	 -1	 0.000000	 5.023761
128	 10	 10	 0	 468.799146	 -1	 0.000000	 4.036626
129	 10	 10	 0	 436.405653	 -1	 0.000000	 4.436555
130	 10	 10	 0	 444.161124	 -1	 0.000000	 4.378775
131	 10	 10	 0	 467.640704	 -1	 0.000000	 4.826930
132	 10	 10	 0	 472.793637	 -1	 0.000000	 4.357676
133	 10	 10	 0	 454.771734	 -1	 0.000000	 4.321792
134	 10	 10	 0	 470.222479	 -1	 0.000000	 4.276155
135	 10	 10	 0	 398.153638	 -1	 0.000000	 4.222210
136	 10	 10	 0	 468.911660	 -1	 0.000000	 4.903516
137	 10	 10	 0	 457.487535	 -1	 0.000000	 4.979021
138	 10	 10	 0	 451.295291	 -1	 0.000000	 4.384644
139	 10	 10	 0	 459.902336	 -1	 0.000000	 4.182036
140	 10	 10	 0	 466.503137	 -1	 0.000000	 4.305546
141	 10	 10	 0	 473.771952	 -1	 0.000000	 4.397064
142	 10	 10	 0	 471.499551	 -1	 0.000000	 4.581501
143	 10	 10	 0	 464.805494	 -1	 0.000000	 4.607975
144	 10	 10	 0	 441.225385	 -1	 0.000000	 4.323764
145	 10	 10	 0	 461.173462	 -1	 0.000000	 4.427902
146	 10	 10	 0	 440.177613	 -1	 0.000000	 4.469300
147	 10	 10	 0	 458.056558	 -1	 0.000000	 4.115946
148	 10	 10	 0	 457.218105	 -1	 0.000000	 4.594576
149	 10	 10	 0	 472.943848	 -1	 0.000000	 4.487309
150	 10	 10	 0	 439.151638	 -1	 0.000000	 4.566868
151	 10	 10	 0	 462.954421	 -1	 0.000000	 4.235979
152	 10	 10	 0	 475.050823	 -1	 0.000000	 4.344784
153	 10	 10	 0	 473.088135	 -1	 0.000000	 4.429121
154	 10	 10	 0	 440.101085	 -1	 0.000000	 4.490323
155	 10	 10	 0	 473.979365	 -1	 0.000000	 3.887207
156	 10	 10	 0	 474.386189	 -1	 0.000000	 4.569686
157	 10	 10	 0	 463.696876	 -1	 0.000000	 4.740241
158	 10	 10	 0	 477.093546	 -1	 0.000000	 4.679986
159	 10	 10	 0	 475.231221	 -1	 0.000000	 4.529108
192	 10	 10	 0	 458.660657	 -1	 0.000000	 4.303334
193	 10	 10	 0	 478.764088	 -1	 0.000000	 4.314759
195	 10	 10	 0	 439.455227	 -1	 0.000000	 4.379382
196	 10	 10	 0	 467.911781	 -1	 0.000000	 4.288133
197	 10	 10	 0	 450.464729	 -1	 0.000000	 4.453801
198	 10	 10	 0	 469.223238	 -1	 0.000000	 4.800834
199	 10	 10	 0	 462.467984	 -1	 0.000000	 4.303774
172	 10	 10	 0	 471.786748	 -1	 0.000000	 4.179182
173	 10	 10	 0	 495.585497	 -1	 0.000000	 4.882607
200	 10	 10	 0	 446.174339	 -1	 0.000000	 4.352146
201	 10	 10	 0	 468.294515	 -1	 0.000000	 4.655851
202	 10	 10	 0	 473.148591	 -1	 0.000000	 4.163275
203	 10	 10	 0	 455.762559	 -1	 0.000000	 4.367075
204	 10	 10	 0	 470.386736	 -1	 0.000000	 5.009581
205	 10	 10	 0	 462.619877	 -1	 0.000000	 4.700252
206	 10	 10	 0	 473.343145	 -1	 0.000000	 4.358589
207	 10	 10	 0	 471.505716	 -1	 0.000000	 4.423504
208	 10	 10	 0	 467.073425	 -1	 0.000000	 4.656530
209	 10	 10	 0	 457.804224	 -1	 0.000000	 4.190783
210	 10	 10	 0	 472.221984	 -1	 0.000000	 4.533635
211	 10	 10	 0	 471.821525	 -1	 0.000000	 4.237544
212	 10	 10	 0	 477.874883	 -1	 0.000000	 4.174600
449	 3	 3	 0	 487.574113	 -1	 0.000000	 8.418532
213	 10	 10	 0	 477.132449	 -1	 0.000000	 4.391814
214	 10	 10	 0	 473.940186	 -1	 0.000000	 4.224671
215	 10	 10	 0	 470.349987	 -1	 0.000000	 4.798917
3260	 9	 9	 0	 462.110073	 -1	 0.000000	 4.025879
216	 10	 10	 0	 436.019664	 -1	 0.000000	 4.636438
217	 10	 10	 0	 431.915317	 -1	 0.000000	 3.893059
218	 10	 10	 0	 475.042027	 -1	 0.000000	 4.240236
219	 10	 10	 0	 475.557989	 -1	 0.000000	 4.222512
220	 10	 10	 0	 461.429163	 -1	 0.000000	 4.712483
221	 10	 10	 0	 450.347424	 -1	 0.000000	 4.380732
222	 10	 10	 0	 451.670649	 -1	 0.000000	 4.750628
223	 10	 10	 0	 455.447735	 -1	 0.000000	 4.608761
224	 10	 10	 0	 469.298269	 -1	 0.000000	 4.607500
225	 10	 10	 0	 449.774946	 -1	 0.000000	 4.422431
226	 10	 10	 0	 437.566405	 -1	 0.000000	 4.448744
227	 10	 10	 0	 456.851629	 -1	 0.000000	 4.150433
228	 10	 10	 0	 468.212878	 -1	 0.000000	 4.522285
229	 10	 10	 0	 465.873759	 -1	 0.000000	 4.231249
230	 10	 10	 0	 466.653608	 -1	 0.000000	 4.303294
231	 10	 10	 0	 475.461942	 -1	 0.000000	 4.291287
232	 10	 10	 0	 474.535178	 -1	 0.000000	 4.303617
233	 10	 10	 0	 467.018498	 -1	 0.000000	 4.073806
234	 10	 10	 0	 467.817707	 -1	 0.000000	 4.197128
235	 10	 10	 0	 468.042814	 -1	 0.000000	 4.504692
237	 10	 10	 0	 463.177504	 -1	 0.000000	 4.389202
238	 10	 10	 0	 433.639222	 -1	 0.000000	 4.532564
239	 10	 10	 0	 470.108113	 -1	 0.000000	 4.198252
240	 10	 10	 0	 478.480339	 -1	 0.000000	 4.208372
241	 10	 10	 0	 409.670633	 -1	 0.000000	 4.953756
242	 10	 10	 0	 428.466103	 -1	 0.000000	 4.103119
243	 10	 10	 0	 474.400309	 -1	 0.000000	 4.143349
244	 10	 10	 0	 465.019684	 -1	 0.000000	 4.834861
245	 10	 10	 0	 465.208981	 -1	 0.000000	 4.306739
246	 10	 10	 0	 439.842955	 -1	 0.000000	 4.158191
247	 10	 10	 0	 467.314519	 -1	 0.000000	 4.422329
248	 10	 10	 0	 458.161428	 -1	 0.000000	 4.331513
249	 10	 10	 0	 476.161356	 -1	 0.000000	 4.561861
250	 10	 10	 0	 468.417700	 -1	 0.000000	 4.473545
251	 10	 10	 0	 477.245008	 -1	 0.000000	 4.428668
252	 10	 10	 0	 463.969179	 -1	 0.000000	 4.582835
253	 10	 10	 0	 404.788072	 -1	 0.000000	 4.795775
254	 10	 10	 0	 447.738314	 -1	 0.000000	 4.197392
255	 10	 10	 0	 466.977264	 -1	 0.000000	 5.055404
256	 10	 10	 0	 451.500425	 -1	 0.000000	 4.579854
257	 10	 10	 0	 470.419128	 -1	 0.000000	 4.550981
258	 10	 10	 0	 473.968432	 -1	 0.000000	 4.265895
259	 10	 10	 0	 441.659497	 -1	 0.000000	 4.047268
260	 10	 10	 0	 457.112082	 -1	 0.000000	 4.338374
261	 10	 10	 0	 450.610944	 -1	 0.000000	 4.473097
262	 10	 10	 0	 448.730255	 -1	 0.000000	 4.360700
263	 10	 10	 0	 468.034260	 -1	 0.000000	 4.384986
264	 10	 10	 0	 476.676351	 -1	 0.000000	 4.053306
265	 10	 10	 0	 464.170946	 -1	 0.000000	 4.443459
266	 10	 10	 0	 471.373788	 -1	 0.000000	 4.487007
267	 10	 10	 0	 456.694139	 -1	 0.000000	 4.731185
268	 10	 10	 0	 463.683159	 -1	 0.000000	 4.431955
275	 10	 10	 0	 460.945955	 -1	 0.000000	 4.445207
276	 10	 10	 0	 454.677558	 -1	 0.000000	 4.445928
277	 10	 10	 0	 471.021754	 -1	 0.000000	 4.317506
278	 10	 10	 0	 425.066999	 -1	 0.000000	 4.354566
279	 10	 10	 0	 451.751853	 -1	 0.000000	 4.485444
280	 10	 10	 0	 479.572459	 -1	 0.000000	 4.107650
281	 10	 10	 0	 450.363160	 -1	 0.000000	 4.540050
282	 10	 10	 0	 462.029534	 -1	 0.000000	 4.796896
283	 10	 10	 0	 433.845746	 -1	 0.000000	 4.366832
284	 10	 10	 0	 464.294557	 -1	 0.000000	 4.329809
285	 10	 10	 0	 400.259901	 -1	 0.000000	 4.367049
286	 10	 10	 0	 460.159307	 -1	 0.000000	 4.152818
287	 10	 10	 0	 479.629653	 -1	 0.000000	 4.281521
289	 10	 10	 0	 474.469248	 -1	 0.000000	 5.059660
290	 10	 10	 0	 452.022655	 -1	 0.000000	 3.686934
274	 10	 10	 0	 476.057825	 -1	 0.000000	 4.680732
300	 10	 10	 0	 495.279129	 -1	 0.000000	 4.226766
301	 10	 10	 0	 420.087668	 -1	 0.000000	 4.117001
302	 10	 10	 0	 467.548522	 -1	 0.000000	 4.496241
303	 10	 10	 0	 472.469214	 -1	 0.000000	 4.278084
304	 10	 10	 0	 437.506249	 -1	 0.000000	 4.659794
306	 10	 10	 0	 450.942311	 -1	 0.000000	 4.446045
637	 7	 7	 0	 445.926421	 -1	 0.000000	 3.564141
307	 10	 10	 0	 420.537543	 -1	 0.000000	 4.618052
308	 10	 10	 0	 443.118311	 -1	 0.000000	 4.586006
309	 10	 10	 0	 438.789585	 -1	 0.000000	 4.508720
310	 10	 10	 0	 431.103793	 -1	 0.000000	 4.415204
311	 10	 10	 0	 469.179872	 -1	 0.000000	 4.288515
312	 10	 10	 0	 474.126261	 -1	 0.000000	 4.211158
313	 10	 10	 0	 459.824617	 -1	 0.000000	 4.360658
314	 10	 10	 0	 471.327207	 -1	 0.000000	 4.366761
315	 10	 10	 0	 475.577287	 -1	 0.000000	 4.146134
316	 10	 10	 0	 455.282322	 -1	 0.000000	 4.226767
317	 10	 10	 0	 473.117753	 -1	 0.000000	 4.238887
318	 10	 10	 0	 462.121324	 -1	 0.000000	 4.496597
319	 10	 10	 0	 429.173449	 -1	 0.000000	 4.336103
324	 10	 10	 0	 430.241330	 -1	 0.000000	 4.510333
325	 10	 10	 0	 436.578263	 -1	 0.000000	 4.254702
326	 10	 10	 0	 462.405208	 -1	 0.000000	 4.490148
327	 10	 10	 0	 437.755918	 -1	 0.000000	 4.539757
328	 10	 10	 0	 461.180849	 -1	 0.000000	 4.510847
329	 10	 10	 0	 465.128971	 -1	 0.000000	 4.127879
330	 10	 10	 0	 472.463006	 -1	 0.000000	 4.396393
282	 3	 3	 0	 460.352736	 -1	 0.000000	 4.073345
331	 10	 10	 0	 476.714970	 -1	 0.000000	 4.600974
332	 10	 10	 0	 420.800935	 -1	 0.000000	 4.612283
333	 10	 10	 0	 469.030679	 -1	 0.000000	 4.605064
334	 10	 10	 0	 448.045659	 -1	 0.000000	 4.592568
335	 10	 10	 0	 461.706366	 -1	 0.000000	 4.831791
336	 10	 10	 0	 457.014447	 -1	 0.000000	 4.391051
337	 10	 10	 0	 481.107847	 -1	 0.000000	 4.796251
338	 10	 10	 0	 454.296890	 -1	 0.000000	 4.752977
339	 10	 10	 0	 470.612758	 -1	 0.000000	 4.304927
340	 10	 10	 0	 439.692655	 -1	 0.000000	 4.298275
341	 10	 10	 0	 437.978265	 -1	 0.000000	 4.634708
342	 10	 10	 0	 475.019296	 -1	 0.000000	 4.895943
343	 10	 10	 0	 456.506371	 -1	 0.000000	 4.596053
344	 10	 10	 0	 453.027736	 -1	 0.000000	 4.470083
345	 10	 10	 0	 470.882761	 -1	 0.000000	 4.411748
346	 10	 10	 0	 465.149739	 -1	 0.000000	 4.817090
347	 10	 10	 0	 456.680182	 -1	 0.000000	 4.554321
348	 10	 10	 0	 423.702473	 -1	 0.000000	 4.569020
349	 10	 10	 0	 464.296315	 -1	 0.000000	 4.567302
350	 10	 10	 0	 472.702505	 -1	 0.000000	 4.522135
351	 10	 10	 0	 481.091552	 -1	 0.000000	 4.617689
352	 10	 10	 0	 461.171010	 -1	 0.000000	 4.432787
353	 10	 10	 0	 474.110052	 -1	 0.000000	 4.311620
354	 10	 10	 0	 445.252552	 -1	 0.000000	 4.319414
355	 10	 10	 0	 466.597863	 -1	 0.000000	 5.172103
356	 10	 10	 0	 454.380074	 -1	 0.000000	 4.503044
357	 10	 10	 0	 446.001812	 -1	 0.000000	 4.498998
358	 10	 10	 0	 463.994135	 -1	 0.000000	 4.556761
359	 10	 10	 0	 450.674137	 -1	 0.000000	 4.547372
360	 10	 10	 0	 468.324021	 -1	 0.000000	 4.655808
361	 10	 10	 0	 448.764498	 -1	 0.000000	 4.523147
362	 10	 10	 0	 459.649192	 -1	 0.000000	 4.147438
363	 10	 10	 0	 471.220885	 -1	 0.000000	 4.426706
364	 10	 10	 0	 429.747264	 -1	 0.000000	 4.305276
365	 10	 10	 0	 437.924300	 -1	 0.000000	 4.274098
366	 10	 10	 0	 471.208878	 -1	 0.000000	 4.376671
367	 10	 10	 0	 430.953401	 -1	 0.000000	 4.401028
368	 10	 10	 0	 451.339115	 -1	 0.000000	 4.448570
369	 10	 10	 0	 452.887527	 -1	 0.000000	 4.208315
370	 10	 10	 0	 471.141233	 -1	 0.000000	 4.738572
371	 10	 10	 0	 439.918619	 -1	 0.000000	 4.310619
380	 10	 10	 0	 477.918000	 -1	 0.000000	 4.442566
381	 10	 10	 0	 436.362339	 -1	 0.000000	 4.597427
382	 10	 10	 0	 463.432675	 -1	 0.000000	 4.307616
383	 10	 10	 0	 471.260614	 -1	 0.000000	 4.044378
384	 10	 10	 0	 472.989767	 -1	 0.000000	 4.112612
385	 10	 10	 0	 474.300968	 -1	 0.000000	 4.627262
386	 10	 10	 0	 426.309158	 -1	 0.000000	 4.508065
387	 10	 10	 0	 470.188013	 -1	 0.000000	 4.684623
388	 10	 10	 0	 459.505000	 -1	 0.000000	 4.067827
389	 10	 10	 0	 481.352102	 -1	 0.000000	 4.787542
390	 10	 10	 0	 474.436368	 -1	 0.000000	 4.713568
391	 10	 10	 0	 474.817867	 -1	 0.000000	 4.525444
392	 10	 10	 0	 468.316266	 -1	 0.000000	 4.663980
393	 10	 10	 0	 456.366429	 -1	 0.000000	 3.964789
394	 10	 10	 0	 474.419344	 -1	 0.000000	 4.450271
395	 10	 10	 0	 470.976933	 -1	 0.000000	 4.033190
401	 10	 10	 0	 467.449042	 -1	 0.000000	 4.586312
402	 10	 10	 0	 403.227113	 -1	 0.000000	 4.091239
403	 10	 10	 0	 472.978674	 -1	 0.000000	 4.110114
404	 10	 10	 0	 439.230686	 -1	 0.000000	 4.093945
405	 10	 10	 0	 474.092926	 -1	 0.000000	 4.304811
406	 10	 10	 0	 473.413139	 -1	 0.000000	 4.618255
407	 10	 10	 0	 432.878050	 -1	 0.000000	 4.532773
408	 10	 10	 0	 432.708783	 -1	 0.000000	 4.520008
409	 10	 10	 0	 444.816717	 -1	 0.000000	 4.742754
411	 10	 10	 0	 442.490698	 -1	 0.000000	 4.398112
412	 10	 10	 0	 454.754729	 -1	 0.000000	 4.802138
413	 10	 10	 0	 443.262388	 -1	 0.000000	 3.925994
414	 10	 10	 0	 467.010087	 -1	 0.000000	 4.425731
415	 10	 10	 0	 423.754821	 -1	 0.000000	 4.331359
416	 10	 10	 0	 447.755761	 -1	 0.000000	 4.152943
417	 10	 10	 0	 474.432454	 -1	 0.000000	 4.557565
418	 10	 10	 0	 463.421463	 -1	 0.000000	 4.258090
419	 10	 10	 0	 465.266294	 -1	 0.000000	 4.458497
425	 10	 10	 0	 479.025983	 -1	 0.000000	 4.736501
426	 10	 10	 0	 479.890555	 -1	 0.000000	 4.015894
427	 10	 10	 0	 479.606614	 -1	 0.000000	 4.461195
428	 10	 10	 0	 477.398648	 -1	 0.000000	 4.923535
429	 10	 10	 0	 441.891554	 -1	 0.000000	 4.448933
430	 10	 10	 0	 473.239108	 -1	 0.000000	 4.731880
431	 10	 10	 0	 448.957479	 -1	 0.000000	 4.403937
432	 10	 10	 0	 477.369470	 -1	 0.000000	 4.459397
433	 10	 10	 0	 448.437701	 -1	 0.000000	 4.582865
434	 10	 10	 0	 459.018163	 -1	 0.000000	 4.188553
435	 10	 10	 0	 475.508841	 -1	 0.000000	 4.491768
436	 10	 10	 0	 474.515755	 -1	 0.000000	 4.147386
437	 10	 10	 0	 437.348569	 -1	 0.000000	 4.324205
438	 10	 10	 0	 472.782102	 -1	 0.000000	 4.465001
439	 10	 10	 0	 461.224509	 -1	 0.000000	 4.530870
440	 10	 10	 0	 453.539671	 -1	 0.000000	 4.395331
441	 10	 10	 0	 438.489082	 -1	 0.000000	 4.464751
442	 10	 10	 0	 471.531331	 -1	 0.000000	 4.383128
443	 10	 10	 0	 433.042680	 -1	 0.000000	 4.372953
444	 10	 10	 0	 472.146861	 -1	 0.000000	 4.259856
445	 10	 10	 0	 426.333214	 -1	 0.000000	 4.344665
447	 10	 10	 0	 441.634047	 -1	 0.000000	 4.917260
448	 10	 10	 0	 442.976720	 -1	 0.000000	 4.667733
449	 10	 10	 0	 466.735966	 -1	 0.000000	 4.858777
450	 10	 10	 0	 447.647831	 -1	 0.000000	 4.457902
451	 10	 10	 0	 431.187665	 -1	 0.000000	 4.736666
452	 10	 10	 0	 469.234639	 -1	 0.000000	 4.910962
453	 10	 10	 0	 428.540663	 -1	 0.000000	 4.393886
454	 10	 10	 0	 452.794082	 -1	 0.000000	 4.004935
455	 10	 10	 0	 480.806801	 -1	 0.000000	 4.086090
456	 10	 10	 0	 442.024550	 -1	 0.000000	 4.528004
457	 10	 10	 0	 464.738330	 -1	 0.000000	 4.555090
458	 10	 10	 0	 459.247072	 -1	 0.000000	 4.208570
459	 10	 10	 0	 475.766877	 -1	 0.000000	 4.194688
461	 10	 10	 0	 472.841365	 -1	 0.000000	 4.192099
462	 10	 10	 0	 477.006654	 -1	 0.000000	 4.459748
463	 10	 10	 0	 443.563023	 -1	 0.000000	 4.148592
465	 10	 10	 0	 467.613575	 -1	 0.000000	 4.236865
466	 10	 10	 0	 472.810862	 -1	 0.000000	 4.988327
467	 10	 10	 0	 467.106183	 -1	 0.000000	 4.325325
>>> gr_fir_ccf: using E
>>> gr_fir_fff: using E
gr_buffer::allocate_buffer: warning: tried to allocate
   17 items of size 3696. Due to alignment requirements
   256 were allocated.  If this isn't OK, consider padding
   your structure to a power-of-two bytes.
   On this platform, our allocation granularity is 4096 bytes.
